12815013419,
178172008,
165367336,
166142969,
166542812,
168428475,
169432356,
170898759,
171620883,
161945712,
162887803,
164198198,
165545128,
166087112,
168528514,
169068812,
169907762,
161216279,
171774666,
162395181,
172401900,
163561509,
163996247,
165672822,
166913343,
167210698,
168521091,
170125337,
171511937,
172220327,
161752257,
162305814,
163494701,
163754707,
165620359,
166509553,
167530020,
168899961,
169168800,
159383677,
159664471,
159899076,
160670659,
161973864,
163625862,
164621496,
166150475,
167674544,
169575474,
170535698,
171459860,
172180594,
162290060,
162874355,
164415941,
165229901,
167260219,
168734597,
169496975,
170126795,
160986989,
161841049,
162608470,
164065790,
165644280,
166723855,
168785835,
170248204,
170487732,
161367094,
162367076,
163441476,
164678948,
166141971,
166929267,
168268935,
169871759,
171630438,
161316179,
161824622,
162786267,
163933579,
165378118,
166091941,
167193472,
168187408,
168853085,
170342412,
170415766,
160388841,
162121169,
161977388,
163839921,
154042763,
164717476,
166943356,
168686897,
169860635,
170173166,
160821920,
162719663,
163346826,
165175817,
165731694,
167319705,
168533883,
168425702,
158641690,
160099770,
161774036,
162687806,
164638081,
166900841,
168675866,
168305942,
170177260,
170957478,
161127479,
162160253,
162554266,
163631811,
165013423,
167404926,
168380464,
170250666,
170318419,
160966869,
162171472,
164049239,
165398817,
166703346,
167572830,
169592831,
171228669,
161459713,
162663297,
164191273,
164574592,
165590450,
166697887,
167334321,
168927523,
170711762,
171752644,
161636672,
163360377,
165378117,
166110719,
167502420,
178438778,
179794393,
171944430,
162350096,
173078300,
162717265,
164281012,
165216906,
166644143,
167511297,
168919056,
169757384,
171066488,
161196066,
162331221,
164700505,
165735746,
167213311,
169195589,
169581962,
171794794,
161494633,
163621125,
165118925,
165857885,
165970377,
167772766,
169320715,
169137205,
169574133,
160265412,
170921311,
161432424,
172805206,
162726071,
163985695,
165650820,
165869928,
167555371,
168489267,
169346493,
158914356,
160244759,
160823311,
161528941,
163434251,
164000568,
165189554,
167179982,
168970999,
170095572,
160811260,
171877109,
162468510,
163883262,
165323432,
164964919,
167286722,
167804931,
169220456,
170508563,
159712722,
160911621,
162134044,
163871189,
165271838,
167417138,
167682700,
170093119,
171127026,
160830433,
161894341,
163004917,
164563106,
165437260,
166862738,
167200825,
167990017,
168518149,
169954644,
171419151,
162062132,
164232247,
164857691,
166038504,
166446017,
167000356,
169008040,
171197761,
171755068,
161888406,
162926782,
164256973,
165320807,
165620340,
166721006,
167989956,
169331294,
169995827,
160200102,
161943838,
162772142,
163484883,
165471113,
166351507,
167885094,
169264868,
161601047,
162582138,
164837081,
167075845,
168536236,
170016394,
170815600,
160452363,
161878746,
162635638,
163920988,
165040655,
166387489,
167834033,
168848646,
170095662,
161201017,
164072923,
165302587,
166836613,
168143887,
169542421,
170157162,
171698211,
161547734,
162681843,
164142921,
164742081,
166238452,
166908876,
168702511,
168302217,
170511569,
170901018,
161687516,
171610278,
162129132,
163134928,
164761985,
165913977,
166779903,
168963849,
169265739,
170040462,
160590299,
161622965,
163098246,
164431752,
166163401,
167094059,
167873696,
168660212,
158627509,
159808685,
150134922,
162194686,
163742102,
165499759,
167386455,
168725586,
160242185,
171600855,
160971460,
162319257,
163727926,
165287960,
166705368,
167856410,
169647937,
169981631,
160045870,
161614472,
163478659,
165550101,
166356282,
167187812,
169288633,
171121528,
172050402,
161779348,
163821517,
165334127,
166080782,
167706410,
168955751,
169596228,
159726116,
160458761,
161425935,
163034718,
163676658,
164943980,
165423009,
166219081,
167346866,
157594641,
158648198,
159044721,
159763270,
161532844,
162192162,
164184031,
165276556,
156332197,
146515064,
159689863,
149906748,
161656775,
162953882,
163978536,
154481345,
155913891,
167459391,
169643630,
170031426,
160971553,
162095676,
164571722,
166094156,
166761792,
167834669,
169096464,
169747362,
160407281,
162248301,
163241920,
165310632,
165746799,
167639820,
168635509,
170161322,
159400268,
161080462,
161614425,
163947143,
165710410,
166307191,
168659766,
171255681,
172398181,
162635557,
164479054,
165572410,
167344751,
168315256,
169364851,
159973539,
160539524,
162623541,
164536021,
166169789,
168007827,
169751805,
171272603,
161653213,
163756518,
165294454,
166538838,
168107858,
169628609,
171734645,
161152699,
162920289,
164288024,
165030458,
165407452,
167219701,
169209050,
170953888,
171055031,
161859087,
172927187,
162507242,
163173769,
163495165,
164081503,
165640909,
166808010,
168072589,
169101693,
170639553,
160814249,
163005260,
163400820,
165062952,
166270437,
167656761,
167976853,
170406911,
171604481,
161740657,
162391082,
163457217,
164419047,
166227121,
168413452,
169154905,
169899378,
160697754,
162035590,
163774254,
165435849,
166990059,
168437830,
169070116,
159845874,
170807714,
160463727,
161655837,
162560717,
165260335,
166567818,
167674882,
169046936,
169692943,
160078999,
161629652,
162314327,
163878730,
165104828,
166332147,
168382949,
169191074,
170493997,
160668204,
162724449,
164320722,
164115180,
165940966,
167774871,
168830503,
170010228,
170920438,
161318193,
162920972,
164814487,
165219634,
166895945,
167680757,
169121756,
170209550,
161752034,
173109490,
162771164,
164115192,
165439227,
166759340,
168032131,
168822299,
170041871,
170915610,
162127958,
163332646,
165112203,
166274066,
168185677,
169520607,
169956839,
172360135,
162523211,
164010808,
165348332,
166482877,
168111054,
168258629,
169823349,
170923946,
160741476,
162399492,
165196155,
167038043,
168168856,
169076693,
170609325,
172075523,
162263841,
163085326,
164423046,
165313568,
166840059,
167912144,
169806393,
171277079,
161828068,
162381001,
163747281,
165297534,
167512432,
168682815,
169477367,
170420682,
171098503,
160809399,
161832760,
163244461,
164987514,
166079411,
167499560,
168766700,
170865370,
161051815,
162307213,
164108505,
165063388,
166252428,
166925359,
168143635,
169128949,
160279287,
161804678,
163694551,
164736482,
165416386,
167411226,
168708275,
169771866,
170411523,
171830677,
161476621,
173102076,
162915300,
164386030,
165436841,
166598613,
167858747,
168393023,
169479807,
169467273,
170612819,
171178453,
162256267,
163875985,
165656284,
167618275,
168481895,
168879535,
169576152,
161206958,
162339760,
163808910,
165432434,
166827313,
167862638,
168392436,
157883644,
158730231,
160201173,
161363771,
163369733,
164121145,
166291587,
167407848,
167928847,
158211306,
160341697,
161992286,
164391755,
165597358,
166983576,
167546872,
169254730,
171075106,
171856026,
163143994,
164418883,
165905364,
167232183,
169479087,
169942146,
160633729,
172081440,
161846300,
162871775,
164651765,
166513889,
167382631,
167968641,
169519232,
170127884,
172081521,
162688140,
163973961,
165919214,
167750460,
167865935,
168899031,
170294643,
170998759,
161279919,
162274517,
163956941,
165063741,
166231286,
166857597,
167825678,
157974651,
159483454,
161442205,
162413839,
164339493,
165449753,
167133381,
168383992,
169976718,
170617316,
161541974,
162771130,
164383175,
165571524,
165894730,
167553364,
169023266,
169400739,
160007963,
161237386,
163154402,
165889817,
167107798,
167964197,
169100543,
170216014,
171055317,
161356559,
163146857,
164452419,
165781047,
166408655,
167428292,
168292640,
168003504,
158264860,
160231255,
161501425,
163882420,
165213796,
167147735,
168114775,
168099934,
159009107,
160497324,
161702515,
163234851,
164522012,
166513350,
167545503,
167697890,
168461972,
170781263,
161430266,
162131360,
163157204,
165512579,
167331737,
168897116,
169896664,
170130551,
160460576,
160845410,
162665095,
164730905,
165582418,
166702069,
168143545,
170312113,
171455528,
160964494,
161987756,
163129433,
164383858,
165180757,
167502241,
169045621,
169659976,
159503049,
160463298,
162161031,
163730639,
165606182,
166540367,
167338644,
168943093,
168684723,
159478290,
159758221,
161747293,
163228796,
165751799,
167187492,
168852448,
169323221,
170974430,
171126539,
161603140,
162757130,
164556652,
165565505,
166677356,
167597865,
169066746,
169514980,
160230967,
162185176,
163194535,
164584696,
166954287,
168236351,
169449126,
170443671,
166591789,
167709457,
168469310,
170275103,
171893843,
171891396,
161883323,
163495995,
164725514,
165543403,
167109113,
167900827,
168230079,
169213443,
158906967,
160210011,
162534030,
164291854,
165114602,
166037390,
168606917,
170055945,
160258987,
172189631,
162888233,
164301536,
164837863,
165572500,
168139875,
169873268,
170317870,
170833866,
161012648,
163098886,
165218498,
166903030,
168353217,
168973649,
169758164,
160137989,
171098586,
151637762,
142069685,
144043354,
144775766,
146941682,
148952576,
139398156,
140651564,
142107647,
144121408,
145802302,
136013431,
137546831,
138692146,
140010236,
141337969,
142989002,
133986778,
134895473,
136234403,
137062232,
138523326,
139877639,
140548957,
141105186,
161631534,
161645956,
163183175,
164087957,
165635529,
165630406,
166985480,
168594179,
169479637,
160188519,
161886270,
162566540,
163119091,
165706107,
166195111,
168080179,
169174238,
159483669,
161050440,
162013742,
163309006,
165041247,
166009721,
167425452,
168525040,
158571629,
159990775,
161896802,
163152200,
164376335,
165583792,
167369761,
168310448,
158772403,
160429878,
161765153,
163168717,
163848000,
165469807,
167038051,
168380774,
168950780,
159956800,
170229579,
160982575,
172575558,
163012582,
164270317,
165513179,
166108930,
168119707,
169030885,
169715722,
160107291,
161680561,
163161261,
165620291,
166116950,
166524784,
168324096,
169177156,
170913536,
172183683,
162572661,
163460196,
163748621,
166039771,
166119785,
167050362,
169082626,
169649297,
159651281,
161274669,
162007387,
163881520,
165693611,
166266659,
166648718,
167204618,
147784201,
149329056,
160433434,
161812353,
162847595,
163784261,
164206700,
166174700,
167877548,
169019917,
149448332,
141114221,
132100741,
132995991,
134432022,
135745770,
138381273,
140515237,
140978369,
132776026,
134121704,
135824088,
155193602,
147464201,
167058791,
168004716,
169894084,
160021131,
170279016,
160751522,
162270658,
163674745,
164857941,
166660912,
168086719,
168817956,
158553648,
159727004,
161504869,
163527373,
163911632,
165844627,
167999949,
170224353,
171557587,
161781826,
161849741,
164006422,
165004381,
166074483,
167498809,
168857457,
170556788,
171085564,
161230918,
172413404,
163016960,
164404332,
165582607,
166480268,
167987740,
169206302,
160328116,
161519487,
163555217,
166344356,
167271031,
168780901,
170899824,
172101527,
162940965,
163987733,
164962943,
167203024,
168094706,
169224564,
169684259,
159561807,
160805612,
160887703,
162866059,
163523168,
164770686,
167039780,
167989928,
169520625,
160219799,
161865805,
164442464,
166443617,
168233762,
169139418,
170588638,
161057344,
162320081,
163899078,
165540879,
167168815,
168634049,
169271836,
160187779,
161198361,
162546056,
164253530,
165290676,
165859963,
167100717,
157790782,
159833628,
161226564,
163211500,
166142005,
167715615,
168800137,
170564731,
171423737,
162039022,
163104153,
164569275,
166290227,
167668232,
169250112,
171079524,
162299185,
162886538,
164302054,
165426119,
165964272,
167466252,
168813066,
169756181,
159860381,
161960669,
163534989,
165485509,
166560562,
167365637,
169186148,
169854297,
160378702,
160580339,
151992138,
143819381,
136047808,
146276432,
137665206,
138306042,
149737784,
141147749,
131450404,
152440523,
162766752,
163718689,
164451946,
165529317,
166782404,
168624137,
159217390,
160288547,
161635727,
163464644,
165690606,
166757252,
167259351,
168494441,
169528887,
160068766,
161589322,
162728344,
163524230,
165599377,
166333062,
167696601,
169479263,
170180625,
160513479,
160902254,
163449059,
165472059,
167154461,
167946210,
169312071,
170849487,
161757779,
162440370,
163234509,
164930658,
166378395,
168294920,
170244260,
171647174,
171720268,
162133931,
164213357,
165653103,
166627442,
168366538,
158591972,
158911421,
161336413,
163260868,
164837536,
166222311,
168527771,
169583931,
170704139,
161106251,
162411254,
163749939,
164597627,
166146400,
167668839,
168482813,
159129341,
161157091,
162845226,
164799186,
166526919,
167603527,
168794512,
170422897,
170500714,
161458919,
161755293,
163356607,
164723271,
166782507,
168052562,
169215767,
159820897,
161653808,
162575552,
163775970,
166303748,
166892025,
167180452,
157761578,
158086407,
159841755,
160987871,
163457905,
164889896,
165948961,
167200689,
168286238,
169119330,
159741902,
161313136,
162329727,
163917244,
164861263,
166355135,
168149099,
169563357,
169568576,
159790476,
170708559,
161713384,
162531716,
164223417,
165403186,
167267194,
168698776,
169907775,
170419881,
160666378,
161620342,
163810270,
165414349,
167805707,
169319127,
171194025,
161950815,
162966424,
164119494,
166028674,
167260683,
168939143,
170524114,
171633551,
162070717,
163817874,
164564271,
166099501,
168236167,
169683011,
170199662,
162603872,
162709181,
163956421,
165051002,
166090605,
166870237,
168481067,
168734573,
158948433,
160473566,
162423370,
163663114,
165915700,
167925283,
170173903,
170502150,
161468423,
161997335,
163460940,
165480915,
166410191,
168558667,
168989214,
170326995,
171124147,
161875418,
163003314,
164005343,
164851536,
166587906,
168664385,
169782621,
171375221,
161510153,
162761158,
163687767,
164450196,
165028213,
166537272,
168125561,
169949223,
170993397,
171678967,
162295816,
162412777,
163815449,
165017643,
165737006,
167481279,
169329770,
170225823,
160124417,
161138815,
163364971,
164339516,
166075173,
167461065,
168004178,
158737035,
159672120,
160499859,
162230373,
163748033,
164897348,
166358933,
167627681,
167574840,
157995054,
159207037,
160624390,
162066625,
163104141,
164886216,
165430184,
168253143,
169873442,
160241535,
161016489,
162992143,
165168702,
166650029,
167887598,
168144588,
158077044,
158529218,
160004123,
161323288,
162067108,
162359382,
164216993,
165355113,
167149058,
167703714,
167998382,
168625097,
159141214,
160187803,
161833032,
163547441,
164042706,
165923172,
167340340,
167418509,
157473273,
158444926,
160153811,
162161817,
162762586,
164366801,
165586294,
166837132,
166972866,
157749880,
157620309,
159592002,
161632058,
163522728,
164888730,
166376170,
167079419,
156762697,
157866537,
159555812,
161265884,
162545322,
163216857,
164517701,
166088593,
167612528,
169797296,
171169218,
161108432,
162399586,
163491326,
164419782,
165396525,
167151747,
168826249,
169608314,
171564789,
161486504,
162795658,
164466429,
166060939,
167665636,
169582184,
170949660,
161270982,
161550300,
162441566,
162913860,
164941340,
166318039,
167462840,
169240885,
170085837,
160961289,
163321010,
164720930,
166126257,
167690234,
170100268,
171439581,
162301850,
164249689,
165045283,
166595810,
167917662,
169796037,
169963437,
171723317,
162937241,
164920894,
165439181,
166108235,
166828616,
168134502,
169699574,
160381831,
162052367,
163992750,
165559598,
166718928,
167510426,
168390933,
158888736,
161471963,
162967410,
163547896,
165293995,
167142722,
169007993,
169606957,
160814638,
162168812,
163652276,
165115605,
166674906,
168195963,
169487182,
170362630,
161356320,
162185585,
163098250,
165020446,
166627894,
167631154,
169499104,
170136262,
161116360,
162616105,
163675954,
164571476,
167012336,
168837285,
170068367,
160655688,
162047990,
162960585,
164577759,
165991134,
167557478,
168581652,
169138367,
159280454,
160102497,
161182998,
162983257,
164902872,
166232421,
167569242,
157813118,
159489615,
159965734,
161851262,
163204064,
164837684,
164910397,
166036515,
166386171,
156360629,
157969946,
159187687,
160469709,
163067150,
164949520,
166074902,
167764826,
168865064,
170161111,
160062656,
171263134,
162429822,
163266777,
165318728,
166476373,
167321722,
168749475,
169539817,
160139027,
161237564,
162307145,
164567567,
164567803,
164973721,
165803295,
146678173,
148016780,
139091167,
141455952,
143117236,
143781363,
135606358,
137445435,
138574830,
149131082,
149774228,
141940529,
143687043,
145712211,
155490890,
157515369,
168900417,
158386071,
150017871,
140738550,
133318875,
134672365,
136086131,
137433455,
139175753,
160772540,
172365376,
162819467,
164515903,
165404750,
166911599,
168407595,
169581461,
170386839,
161053559,
162038684,
163260206,
164057256,
165140347,
166319961,
167756880,
168509431,
159746151,
160719320,
162826145,
164280701,
165309943,
166196108,
168388301,
169608365,
159899288,
161458614,
162743814,
163731182,
164677957,
166071162,
167725025,
169213694,
170307204,
161084264,
163003441,
164202885,
165682451,
166986913,
168378465,
170572387,
171486710,
162556628,
163627595,
164999058,
165790525,
167634092,
169513110,
170611978,
161357858,
163418106,
164610898,
165795621,
166650281,
168775299,
169140357,
170522814,
161026499,
161416981,
163019901,
164187750,
165975076,
167516752,
168095668,
157995567,
169441037,
160242639,
161648692,
163015679,
165777837,
166058881,
167928399,
168323744,
158846242,
160763976,
162022499,
163855949,
164955367,
167226861,
168992951,
170020391,
160242934,
161025174,
161910631,
162650692,
163731453,
153265265,
164619028,
165053743,
166283091,
166924740,
167539193,
158011596,
160237150,
162493438,
162828038,
164755868,
167349701,
169132532,
171137297,
171112599,
161724091,
163179271,
164818562,
166497780,
168637299,
169393406,
169856448,
159676363,
161318496,
163103932,
164220856,
165967482,
166966125,
167946607,
158704935,
159319404,
160917471,
162438547,
163457000,
164744154,
167335862,
168115095,
158075306,
159057096,
160185982,
161833072,
163820209,
165182231,
166327921,
168535119,
159502953,
160870345,
161869759,
163800911,
165770645,
168136714,
169151924,
171117196,
171978451,
162573799,
163290077,
164996204,
165865902,
167196477,
168579364,
170396304,
170810572,
161443310,
161964072,
162590331,
163466094,
165297136,
166353159,
168134900,
169811440,
171217061,
161599115,
163556552,
163959233,
166060695,
166940711,
168473504,
169279849,
170297775,
170225599,
160342649,
161424184,
162469998,
163705270,
166258987,
167901554,
169088364,
170364194,
160628932,
161705102,
162535477,
164055351,
165382025,
166962504,
168319767,
169239752,
161488299,
160378263,
171787585,
165104053,
165742535,
166546034,
167604684,
157753854,
158572985,
160371014,
161263308,
162583550,
163969074,
165160615,
166728813,
167211670,
157804909,
158338839,
160543948,
161564971,
163279170,
165068582,
167277575,
168174220,
169862645,
171014530,
161254232,
162315363,
164343391,
166097378,
167847842,
168929758,
169702762,
171815406,
162457208,
172596438,
163599720,
163545156,
166011339,
166879652,
168297714,
169042337,
160096087,
160651593,
162171161,
163178540,
164290000,
165956784,
167965148,
168175114,
158668240,
159818207,
161135169,
162195890,
162951398,
164542830,
165478638,
165416465,
167216511,
158433014,
159992446,
161723676,
162128400,
163257972,
164510459,
164237528,
166791484,
168704213,
169702868,
160288142,
162308650,
162826894,
163540250,
164717325,
166568483,
167920818,
169430800,
170387381,
161041353,
163162677,
164347181,
165374096,
166619661,
168229279,
169766360,
170212920,
161393805,
162797850,
163810545,
165520933,
166268736,
167692012,
157773095,
159965024,
161959380,
163763095,
164996567,
166204404,
167305278,
169320833,
170011109,
170012264,
171859917,
171898351,
162374182,
163996250,
165645831,
166070515,
166982984,
167819167,
169016029,
170360574,
160170358,
160623903,
162335455,
163723730,
164310001,
165322521,
166700302,
167233823,
169287682,
160209349,
170557773,
160961823,
163098809,
164333872,
165291219,
166925319,
168413441,
169574852,
169721782,
160265520,
161081810,
161867400,
173183293,
163329262,
165166807,
166094718,
167286159,
168378240,
169816710,
171061551,
161744155,
162591585,
163734936,
166016125,
167747137,
168833175,
169501049,
171344005,
160991172,
162928038,
163591954,
164815149,
166310831,
167703940,
168428255,
158777928,
160528501,
162670633,
162999484,
173329797,
164908683,
166689339,
168612033,
170837081,
170722124,
161998056,
163398441,
164726054,
165688074,
167621572,
169522986,
170582314,
160898524,
162324442,
163299442,
164374910,
165573161,
167209421,
169069906,
170931565,
171950886,
161659485,
162519728,
163349152,
165111913,
166522157,
167408688,
169590636,
170419839,
160802379,
161650179,
163319178,
164581918,
166565205,
168036815,
169103431,
169455403,
170296476,
171915399,
161447550,
162728377,
163513628,
164805946,
165481312,
166667297,
168205678,
158483825,
159172480,
161122358,
162763609,
164117348,
166857177,
167901220,
169331093,
170564286,
162212388,
163453342,
165137219,
166936784,
168577325,
170896889,
171711368,
162624832,
163755969,
165639966,
166509791,
167904518,
168914258,
169964424,
171958552,
172842802,
162467840,
163243004,
164957864,
166554858,
168610759,
170350644,
170745247,
162135190,
172453614,
162302321,
163678818,
164412561,
165608519,
167661898,
169540372,
170516924,
161553555,
162692968,
163196138,
164436294,
165939729,
167119206,
167999895,
169485826,
159152658,
160829974,
163092143,
165341916,
165720754,
166847340,
168473875,
169442609,
170585228,
160629918,
161328577,
162923414,
164603686,
166089012,
167208748,
169333597,
170042697,
171030000,
160634455,
161695538,
162956994,
163747803,
165003854,
166824050,
168940649,
169232922,
160824442,
162056624,
163269309,
164311294,
166168436,
169275382,
170362172,
172068283,
162784503,
163444663,
165716667,
166215348,
167495088,
168860266,
169431202,
159129292,
159902267,
161854130,
163348729,
164022676,
165904657,
167859245,
169704355,
170335503,
160903710,
162679747,
163506193,
165343955,
166303790,
167642055,
168871947,
159507294,
160777076,
160842951,
162451926,
163173961,
165154077,
166456429,
167988086,
169445586,
170911077,
171853281,
162642536,
163230398,
164091039,
164624906,
165875356,
166414003,
