11702000876,
54421819,
45441846,
45745930,
44320189,
44216946,
44246175,
45084370,
45303346,
44131441,
45872346,
45480241,
42954315,
44288343,
44071422,
43358935,
45433268,
45718041,
44527119,
44966749,
45287820,
44435216,
46656997,
43135345,
43701097,
44208136,
46133446,
45065986,
45281639,
44200561,
46632816,
45226136,
42717883,
46313697,
45179255,
44605882,
42991600,
45090156,
43444579,
44772091,
44037170,
46539110,
44038448,
45466735,
46144980,
43505801,
44930525,
44509839,
44848513,
45106575,
44833705,
46203928,
43475942,
44790796,
44297181,
43394489,
44182049,
44933608,
46685565,
44814537,
44786664,
45028797,
43571574,
46557674,
45129743,
46329713,
44048152,
46187005,
42320307,
46250192,
42744023,
41186029,
45515632,
45753881,
44975268,
41936410,
43837978,
45081713,
42546892,
44282725,
41573795,
45348648,
45894622,
44640447,
46310510,
43259846,
46777021,
44556599,
45143751,
43918144,
43150417,
46241621,
42921477,
43304940,
45001016,
42781741,
43118797,
45279186,
46439117,
41336106,
44894573,
44632036,
43061580,
46108495,
43948729,
42605466,
46415322,
43253485,
45442990,
43083828,
43248909,
45136481,
45425635,
44722515,
43459924,
45406855,
45000439,
42894439,
44713158,
45211288,
44139267,
43930838,
44243769,
45474474,
44568349,
45995566,
45039949,
45152167,
44595870,
43558212,
45010459,
44207361,
43617540,
42904586,
44870823,
44116799,
45234343,
45328630,
45061579,
44152602,
43153001,
45099739,
44598887,
44258416,
44472360,
43948175,
45142920,
45369292,
45461519,
52802185,
54770257,
45857469,
46052342,
43021478,
45940002,
45347863,
41900872,
43786751,
40615578,
44415244,
44920731,
74636558,
49398455,
43925602,
44988748,
43845650,
46696083,
44994480,
45040559,
43025165,
45016277,
45009578,
45139104,
43798713,
45291111,
43103454,
44633224,
43006508,
43829439,
45341886,
45998042,
45150655,
45092458,
42515855,
43943307,
45115898,
45402671,
44676936,
42792764,
46299622,
44198450,
44836351,
44166386,
42228795,
45067261,
41042981,
68217661,
45870678,
40787248,
43891174,
44543330,
44548909,
45298755,
45146577,
45228483,
46124070,
45271841,
43674241,
39815459,
44811369,
43346961,
44199802,
43684273,
43545984,
44787577,
44216582,
44078604,
44925769,
44084566,
45907375,
44402565,
46148435,
46684494,
43749285,
43039843,
45318476,
44514870,
45507627,
45267204,
43802089,
43571292,
45999668,
40873954,
43986754,
45738351,
44324999,
45121482,
45315733,
45046907,
42311331,
43885948,
55252782,
44090772,
46081096,
44322488,
42527591,
44197961,
43269878,
43890454,
42571285,
45017559,
43292235,
43738600,
45940869,
42950717,
44918841,
44087285,
45135799,
43407253,
46352841,
47152458,
44398668,
44423824,
46802146,
46113977,
41003075,
44218534,
44369601,
45208865,
44837025,
44331365,
44277380,
44857902,
45490351,
44594239,
44990259,
42725622,
44240717,
44294069,
42205382,
43856007,
44260322,
46772642,
44687897,
44974256,
42743677,
46464293,
44328099,
45961633,
43546993,
44004229,
43988524,
43186491,
42035578,
45763553,
42444405,
43692441,
40762916,
42838325,
45185008,
45207437,
45218572,
43837438,
45605454,
44823418,
43947436,
44135125,
44532437,
46018750,
43881236,
39403385,
42624082,
44954426,
44777273,
46230549,
43463174,
44035668,
42882934,
42765369,
44705368,
41972167,
44539220,
45092135,
43293845,
42665774,
44208557,
44187820,
43779849,
44133787,
45705730,
43138922,
43648143,
43854952,
45885261,
42782187,
45055717,
43851367,
44631198,
42346292,
46598526,
43176405,
43827394,
44023673,
44449111,
42935864,
43620026,
45163282,
41020719,
41889399,
45317443,
44550734,
41737722,
44109191,
44324420,
45866074,
45107098,
45164710,
43707285,
45376051,
43894612,
44980472,
43756071,
45007838,
42636233,
44627172,
46787299,
44312451,
45107484,
44952467,
43558696,
46471517,
44657932,
45461373,
44999625,
44900999,
45252655,
45609176,
46170943,
44819018,
42429909,
42684212,
43638232,
43495457,
44917566,
45011047,
43664213,
45059459,
44318746,
46020138,
40967323,
43530172,
43584498,
44896027,
43762119,
45046433,
44282646,
46127991,
43888880,
40926574,
44583353,
45165526,
42991027,
42611125,
40623938,
44671352,
42838625,
45121208,
43612647,
42932761,
42964561,
43694435,
45127588,
46374519,
44629366,
42111303,
44152307,
43056447,
44848395,
45901407,
45014946,
41002785,
43564975,
46238521,
44739486,
43719701,
45164114,
44840355,
44966928,
45292741,
44931063,
43566313,
43906271,
42268556,
46268289,
45184016,
45319763,
44290207,
43032418,
46131803,
43977951,
44133613,
43454832,
44895258,
43146872,
41900174,
45741781,
43958982,
45062094,
43976075,
43837161,
43833494,
42211612,
43131232,
44194656,
43081664,
41920498,
43466553,
42926647,
43238883,
45039764,
43954968,
42120935,
45127682,
43002637,
44920721,
46313231,
45001210,
44339814,
43971635,
44322884,
44184117,
45339486,
44139877,
42781888,
45177363,
44189797,
42478174,
43886402,
45370592,
44508138,
43716852,
41627478,
42509834,
43892395,
43852477,
46126884,
44139412,
43692322,
43794778,
43510095,
43615986,
43147576,
42187751,
45061040,
53716370,
45313538,
42852950,
44983759,
46367560,
44791007,
44615220,
43790766,
43791946,
42478216,
44651840,
43016523,
44254474,
43822387,
44728695,
44526556,
46896644,
45409844,
45253668,
43715015,
45024244,
43806526,
42482367,
44713354,
45064825,
41854272,
43928428,
43740540,
42812566,
43882052,
44105719,
45194951,
42742033,
44423596,
40749182,
43912490,
44370045,
45692070,
44482955,
43926889,
43762353,
43324881,
44498987,
44894100,
43621029,
45731790,
44039603,
44828473,
43208380,
43589945,
56421076,
42694571,
43594156,
40610927,
43780815,
43710008,
41600195,
42873810,
42911988,
45273485,
44156245,
43923045,
45445760,
44720468,
45107303,
46245378,
45134575,
42758486,
44949154,
44808146,
42651431,
45838204,
44098759,
44059226,
43040063,
45953800,
45072363,
43955765,
40745377,
45970496,
41615998,
43599438,
44804127,
42489788,
43462972,
45126777,
45876496,
41573026,
44065161,
43959609,
41105410,
45069036,
42288193,
45035557,
45270354,
43783540,
41138134,
44349262,
44369809,
44475680,
42935400,
43138516,
44285636,
43832193,
44955913,
42919694,
44905126,
44617775,
42761119,
44956174,
44015155,
45004673,
43511041,
42504882,
42198394,
44077075,
45072878,
43776531,
43791675,
45777006,
44363473,
44428720,
44583801,
46023909,
39830517,
45228932,
44153215,
43975199,
43847132,
44950171,
43671404,
42455213,
42953141,
42915318,
41186759,
45444362,
45310339,
44727096,
42697574,
43757379,
44870402,
44284762,
53364073,
42986733,
41221080,
52624201,
45345760,
44106936,
42645584,
44706737,
42671544,
40957519,
41872521,
44174059,
45146115,
42741305,
44722844,
42789733,
42963330,
43711383,
43948176,
44255887,
45144308,
44952773,
42134152,
42617627,
42607255,
42010746,
43532609,
44577917,
48807601,
46320650,
43241859,
42210331,
43816002,
44839900,
42774885,
45188406,
44083490,
43779544,
42064234,
44768374,
43158896,
44862875,
42697427,
44320150,
43612373,
44664260,
43838833,
41010626,
44751231,
43409154,
44172031,
44613583,
46122989,
39715577,
43902674,
42970966,
54624108,
41698619,
43202268,
44650618,
42510358,
45332638,
45131166,
44663624,
43610245,
42657913,
42746327,
44590304,
42000472,
45017147,
42867963,
45488834,
45980430,
42596301,
42712174,
44948968,
42289557,
44965573,
43299976,
44479003,
46268008,
44543367,
42834983,
44379674,
43393159,
44496950,
44198302,
43080430,
40827816,
45801974,
44780169,
43144502,
40929919,
44333362,
44816761,
43764930,
42186592,
42048607,
45094805,
43768632,
45197971,
43867435,
44365699,
45150073,
39552101,
44020332,
45197629,
42548435,
44854304,
41689499,
44005111,
41254621,
44854005,
72640253,
47363808,
44768750,
45269277,
43794209,
43765194,
43694251,
44923755,
44970031,
45109665,
44838575,
43914963,
44913142,
43015506,
43621987,
44136846,
45730133,
40722151,
43420623,
43003851,
43914391,
43545386,
46423269,
45254359,
45084902,
45878872,
44447148,
44849967,
42881514,
44094659,
45677287,
42412559,
43641187,
43916849,
43768017,
43212282,
45049396,
44961182,
45175556,
43675016,
44026264,
43727645,
43510169,
44699243,
43667894,
42670126,
40677499,
44886187,
42616453,
43959642,
44235476,
45700331,
45085654,
43678964,
44347173,
43509314,
45855419,
44388963,
43638142,
44232726,
44976911,
44632881,
44242585,
44989544,
46417108,
46286083,
43682615,
43917034,
46103944,
44760128,
41732282,
43631909,
43622170,
46247701,
44741642,
43033164,
43916294,
44014669,
40019474,
44001532,
43441362,
44345517,
43332620,
44777894,
44403250,
42666530,
44942908,
45154870,
44521345,
43800754,
43932774,
41926971,
43993479,
44699435,
44694626,
42408023,
41670623,
46061520,
43978127,
43875453,
41826909,
45294020,
42989693,
44032139,
39863254,
43695395,
46301160,
44027388,
43819969,
44568744,
42455922,
43037914,
46182689,
43964883,
43696206,
40886008,
45019216,
44171740,
42513780,
43610812,
43550050,
52699734,
43187212,
45866448,
41347589,
44514143,
44027037,
42609646,
42878935,
44275288,
43027127,
45023915,
44701990,
44094362,
45620980,
44862416,
44080189,
43102443,
43830239,
43860333,
43837479,
42670426,
44918342,
46517898,
42894495,
43796094,
44118365,
44355559,
43333048,
43805659,
46460887,
43348559,
45494290,
44906856,
44744250,
46250646,
46195690,
42918164,
45020430,
44156296,
45594625,
44903679,
43606130,
42487059,
45265166,
45799342,
41790646,
45703156,
42359056,
43447876,
42139797,
45051018,
42807262,
42088875,
44987133,
44628084,
43901741,
42635666,
41060480,
44718463,
44043081,
43943837,
43559850,
41769066,
45828513,
43648706,
44758946,
44067301,
45813952,
43973245,
45117874,
44199367,
46170341,
43627850,
43913490,
43243566,
44005453,
43843057,
40873563,
43327134,
44037396,
44992104,
43067461,
44872237,
43934168,
43140666,
43960194,
43880678,
45100241,
44866338,
44719165,
41064496,
40485697,
44807272,
40769346,
43439810,
44673020,
40395139,
44279519,
44866891,
41058962,
44048126,
45887350,
55508988,
41075247,
42458921,
42407687,
43693422,
43614391,
41977344,
45485171,
44871252,
42433904,
43760806,
43389695,
45413434,
44147254,
45038155,
45447849,
42929092,
43734925,
43413860,
45982402,
42848005,
50534353,
44082579,
54553149,
46195445,
40064839,
45142107,
43961270,
45710139,
44977480,
45250413,
45182004,
39638650,
46177025,
46040764,
43201524,
44688895,
45776166,
44669364,
43509929,
44731983,
39752515,
44157019,
45398006,
44836966,
46260320,
43272823,
43954124,
45809173,
45655357,
43549262,
42991483,
41023093,
43694673,
44866437,
44888524,
44926112,
41171997,
42687510,
42529596,
42940756,
53107950,
43061880,
45022143,
42716729,
43109425,
44657770,
43549209,
43460415,
45418771,
44848850,
44133362,
45655657,
46211690,
43816975,
43618264,
45104732,
44458331,
45112269,
42867944,
42791666,
41481796,
41604981,
45974776,
40088021,
42339559,
43580259,
43501025,
44250791,
44616187,
44157948,
42816192,
43465122,
44223568,
43268608,
44878058,
43628141,
41798515,
39020419,
70447116,
45078021,
42770517,
44661872,
42315371,
45332309,
44692259,
43910533,
42883302,
43987570,
43807709,
43367015,
44967674,
41277585,
45780087,
41695651,
46426659,
42859044,
43713255,
51557658,
55394359,
58737659,
39536274,
43749185,
42046627,
44678936,
44795742,
40659359,
46075196,
42270498,
42625654,
43930475,
44920988,
43743888,
43768530,
46076396,
44843139,
43017265,
43046557,
45879526,
43730847,
42627179,
42833314,
46121139,
45132832,
43423662,
43908984,
42812286,
46011690,
44905560,
42634399,
44539731,
43593860,
42125453,
45101018,
45492748,
42583870,
45074022,
43023817,
42181465,
43899934,
43140116,
43854769,
44363779,
45112285,
42333957,
44248012,
42949100,
44776118,
40697196,
44250283,
44246061,
70450451,
45194568,
43318725,
44154091,
43727179,
42405564,
43860469,
46318434,
44930305,
44784453,
44025411,
45608912,
44129886,
44663077,
42713241,
43149671,
44565680,
41970261,
43819473,
42317557,
41659662,
45694556,
45422832,
44808604,
44491792,
44815984,
43633734,
44900656,
43809687,
43012165,
39721622,
43913843,
42918618,
43034426,
44581272,
44051524,
42669831,
44050375,
43391651,
42775410,
43830185,
43787518,
43753279,
44064959,
43726965,
43816577,
42272403,
40712298,
44655223,
44693260,
39779377,
45250308,
43323897,
44048131,
42872882,
43705226,
45110483,
44464059,
42970872,
45213972,
43331791,
45448770,
44265815,
43102649,
43979763,
41114609,
43614553,
44061428,
45218129,
46271914,
44651968,
43130397,
46137003,
43400984,
43937503,
41933055,
44101586,
40021247,
44851479,
43805498,
40785492,
42755418,
42383781,
44976099,
42785079,
43433420,
45188708,
43028308,
44029212,
44207952,
41220896,
42705885,
44324467,
45066311,
42029208,
43991873,
53505641,
40740464,
45043895,
41932366,
42067179,
43707171,
44042015,
45195568,
44144235,
44019261,
43746322,
42940759,
44014152,
44081912,
43963282,
45057179,
43147958,
45072023,
45169500,
46148556,
44362519,
45366941,
42056970,
43390200,
44021756,
45006140,
42976543,
45147305,
45296786,
44149646,
44818560,
42946076,
45154756,
42552739,
42683769,
43369793,
43693215,
44817053,
44153321,
40934927,
44921122,
43944860,
44056732,
40898092,
45972358,
45571740,
46136664,
42234458,
44672739,
44116713,
45094276,
41015508,
43712011,
43900972,
44646230,
54459510,
39330192,
42138117,
42186190,
41896223,
53637489,
41245747,
70724449,
45342756,
45774925,
43276518,
45739421,
46357853,
46103486,
44968972,
41795202,
44124500,
43832489,
43962218,
43121254,
45051438,
44149201,
42758528,
44747619,
44319457,
44870038,
42053886,
43882822,
44408796,
41191503,
44286517,
46072297,
45852229,
45208669,
45071139,
44628407,
44305244,
45292523,
46504445,
45238565,
45431486,
46219860,
45293817,
43975226,
44557275,
43752046,
40802077,
46129827,
43214408,
44037899,
44278144,
44130571,
44257122,
45331892,
46606475,
44684226,
43948194,
46448854,
42865292,
43926142,
42469022,
42971007,
45944508,
42151429,
45203721,
43778812,
47128453,
42949750,
42687736,
44886486,
44963161,
48333235,
40022849,
44791491,
46261540,
43554969,
43111898,
44780855,
43552828,
44817678,
43745482,
45370481,
54075924,
42905115,
42584487,
43024444,
37870344,
44809834,
42530549,
45288769,
45880235,
44751964,
42525653,
44308209,
45195272,
44377211,
43266902,
44852711,
43874025,
45080313,
42893784,
44934492,
42260142,
46001503,
44991758,
45208611,
42695496,
44696053,
42038361,
44276994,
41933456,
45913746,
44240765,
45211697,
43445463,
43030432,
45773726,
46227335,
44107504,
41761883,
44252900,
44705993,
42774472,
44921326,
42130382,
43028908,
43864556,
44671845,
45389505,
44613372,
40775329,
45110987,
43992337,
40704441,
44608950,
48490037,
45612787,
43817232,
44865219,
43586755,
42603725,
44631145,
45024532,
44201256,
42494938,
45241798,
44980831,
46369330,
45978437,
42553427,
44626063,
42834687,
41356001,
43825718,
44899249,
42588074,
39139187,
43995576,
44223565,
44025256,
45912789,
42293574,
45111716,
45161689,
44698356,
43579648,
41012847,
42581718,
44921084,
42747870,
43748170,
41996199,
44819443,
43643916,
44475745,
38380058,
45668809,
44901657,
40696379,
45219754,
44245695,
44955340,
43651845,
42833898,
45860255,
42361167,
45072299,
44524952,
43603421,
44035512,
45046765,
42770484,
44982723,
43974187,
46307998,
42677044,
40126158,
43830323,
49195063,
45083585,
40835602,
45781658,
41273803,
43644532,
44974990,
44255845,
45335715,
45071802,
43950075,
42692343,
44865777,
44248500,
39313528,
45211044,
43734595,
45485990,
44829677,
42647384,
43114873,
46074229,
42035930,
44375078,
45618404,
43820519,
39119948,
45200846,
44232363,
44819608,
44974701,
43947698,
44216979,
45063704,
43895546,
44542907,
45144041,
45253623,
44580718,
43376364,
71276011,
45904599,
45157060,
45071824,
42852943,
44226138,
45992010,
42744123,
42354291,
45302185,
43146815,
45176733,
45288164,
45083167,
45341743,
41140481,
45304459,
44144895,
39141047,
55889957,
43829236,
43971413,
41961084,
44831487,
41822992,
45915400,
43715032,
45100715,
44118052,
44248847,
42896319,
44743103,
42952325,
44903820,
42947959,
44910409,
41943424,
45929297,
46139849,
46301745,
41941724,
45039547,
44271747,
44475367,
41290921,
43668769,
42514480,
40618223,
46166573,
44774724,
41450655,
42914080,
54522896,
46370423,
43825902,
43596297,
42625375,
45837480,
43227274,
43892228,
42770265,
45188115,
43830885,
42908016,
46162806,
41258148,
44106406,
46048299,
42159406,
45456432,
44529164,
45416677,
44822647,
43123767,
46229389,
46185935,
43728214,
43630734,
43028787,
42722072,
41208351,
42948337,
42934738,
46104042,
44227752,
43934302,
42893602,
44918484,
44711673,
45015114,
45783031,
45120396,
45300273,
44900870,
40047092,
45012755,
44212181,
46604591,
45013617,
40207834,
45979835,
45036190,
42946518,
43735586,
40036566,
44764724,
45083369,
42841614,
42075768,
46204890,
45585918,
42955067,
46193233,
44959923,
43053814,
44741749,
45410955,
45942150,
44013666,
51871455,
41067031,
43709638,
43651592,
45474545,
45195730,
45037679,
41033666,
45181203,
44029847,
44987682,
46191096,
44728392,
43411829,
41696011,
45250652,
45106626,
44542429,
42730506,
45916888,
44260777,
44085995,
42047571,
44049656,
45122425,
45223778,
46018908,
45499622,
43344812,
43894546,
44852477,
41380830,
45367045,
42746836,
42052474,
45953963,
42762324,
45120144,
45338456,
45379736,
43719814,
43810784,
43286447,
45398912,
45042952,
45001647,
44032547,
41160547,
44148866,
44299378,
45138681,
43797537,
43680831,
46259827,
43982203,
44615838,
42758140,
43814780,
44158295,
44204907,
42809616,
43876538,
45679628,
46652537,
45314134,
45106731,
42841216,
43914848,
45101374,
44975940,
44925073,
45604741,
44994120,
46109134,
42613726,
43696653,
53371638,
42722769,
42863637,
43062474,
44845870,
43066246,
44052638,
45271636,
44819293,
42850282,
45154419,
43762529,
43639723,
42813505,
42281118,
42905939,
44997996,
45057225,
43014060,
44864847,
45111703,
41972903,
45319083,
43869458,
44042595,
44790837,
41656531,
45021089,
43057029,
45569082,
44896094,
42429664,
42558026,
43133877,
45016429,
43997787,
45044946,
42900213,
45059276,
40589868,
41129634,
41875841,
42534239,
43115426,
43523225,
44408763,
43838505,
43973482,
45534015,
54681063,
52032804,
51506855,
44148552,
41823624,
45028987,
41253125,
43520270,
42221925,
44202584,
44108279,
43701470,
44096275,
45155619,
45821905,
45166724,
45087084,
43705168,
44862071,
42600260,
43211907,
42227568,
43850502,
43868293,
45361213,
41074303,
45200314,
44395898,
44919538,
43959610,
45206360,
45647283,
42682103,
46008260,
42942820,
43012978,
44027766,
42902120,
42268638,
43908855,
43898493,
43684282,
42816109,
45241849,
42979406,
44284583,
45887143,
40015415,
42829880,
43823364,
41950355,
44998786,
44155375,
46430003,
43911679,
44088168,
44269309,
45512616,
44516706,
45035633,
45788557,
46622116,
45609858,
42408498,
43106917,
45322270,
45143463,
44707009,
43728966,
42532729,
42550745,
45369799,
40264941,
44220837,
45959744,
45289665,
43929338,
45407165,
42990570,
45519598,
40857647,
44064205,
44136355,
43751814,
40790402,
43794406,
43080173,
41691427,
42356358,
44090806,
42141936,
42456511,
45372280,
45008929,
44976576,
44129205,
45728724,
45143361,
43423726,
46295728,
44553676,
45154151,
40338712,
44326017,
46058813,
44660924,
44130749,
42344306,
41158267,
44869945,
44421735,
43750064,
43434006,
42693412,
43657645,
43612436,
42400464,
44847761,
44945359,
44002737,
42719489,
44876315,
45860039,
45555967,
45106184,
43912710,
45193432,
45459844,
40462462,
44904856,
39904727,
40884784,
43657400,
43290728,
40858926,
44006575,
46031149,
44142796,
42985282,
42804149,
44056316,
45156751,
43828608,
44722483,
44880833,
43738151,
44789913,
45193330,
44965258,
42423258,
44003061,
43970942,
44922335,
46500792,
42173980,
41688545,
42287841,
43457648,
45043517,
43437622,
42989996,
45414533,
45250634,
42922323,
43723450,
43432218,
44722360,
43628292,
41525741,
43856876,
45091620,
43664200,
44915877,
45724468,
43675696,
41757690,
40794415,
44972743,
42630557,
43962326,
43946670,
43074524,
43801868,
42945198,
45732824,
45041266,
45157951,
42165002,
46275063,
43916335,
42612479,
44070432,
43990656,
44555651,
42448954,
44588057,
43727399,
43812623,
46044743,
43699830,
43074811,
42540241,
42946406,
40464005,
43810588,
41108832,
44059934,
43808048,
42945018,
44857398,
45114778,
43561023,
44789251,
43176536,
45017933,
45158962,
43884705,
42336530,
42322483,
42766702,
46380047,
44422427,
45070820,
45091578,
46347206,
43743319,
44206740,
43605610,
44760535,
45187975,
45135927,
40993624,
44851350,
39825491,
40855477,
41902130,
44086020,
43768621,
45091123,
43952366,
45791292,
42549910,
43760677,
41938939,
45006528,
45550686,
43941536,
42044772,
43965230,
45002021,
45040897,
42095228,
43964735,
45288229,
46081177,
45275354,
45997031,
42107459,
41267400,
45332350,
43757751,
41299102,
42805254,
46236631,
43063847,
44988153,
45144307,
39084955,
44549368,
44790390,
40886505,
44867039,
44139385,
41810876,
43887245,
43074046,
44074753,
45401997,
43851858,
43004781,
44775694,
42636935,
44514500,
42800429,
45105527,
44723887,
46258040,
44820253,
38133192,
40101779,
42348795,
45904644,
43023982,
45875161,
42579454,
41831558,
45206949,
43818188,
44846781,
42375568,
43926012,
44173640,
43812301,
44242627,
44349262,
44964905,
42635441,
42282234,
43634772,
44286811,
42969709,
46186755,
45185114,
44638216,
45194775,
45381156,
42933925,
45946038,
42988108,
45212813,
45246278,
43124638,
44658105,
42207429,
45901141,
43033019,
45837763,
45215268,
43764987,
43166411,
46380165,
44881348,
43853388,
44242717,
45178327,
44041762,
45216497,
44951596,
44494145,
44167043,
45432358,
43851371,
45072337,
43945793,
43979565,
45003477,
43059486,
43749793,
43871729,
43760299,
44529514,
44075679,
45331556,
44688132,
43787561,
43747789,
43914826,
46021317,
46191894,
42631899,
45816636,
41660085,
43848243,
40983410,
42189571,
43863368,
42754538,
41055611,
45070904,
45549402,
42086845,
46228002,
43586416,
44375339,
46088488,
45949297,
44118236,
46261759,
37845057,
42373323,
43788668,
43922429,
45507924,
45517786,
44029159,
44908260,
43622762,
44735973,
43964032,
43852812,
44137251,
45227431,
39205902,
43949855,
41808798,
45106307,
45021385,
44873784,
43312297,
43400958,
43068501,
49818369,
43397255,
52165527,
44632691,
42462234,
44163933,
41079326,
44445785,
38914611,
44837615,
44524273,
42134144,
44667276,
43408137,
45322395,
38793888,
44088824,
44865835,
44500168,
43943921,
43769816,
42539088,
45347756,
42747779,
40718157,
44709714,
44341491,
42375445,
41833946,
45108066,
42639799,
46402351,
44079934,
42759295,
40131398,
43773075,
44962991,
44868376,
42063226,
44615766,
44808401,
44406889,
43916034,
43089881,
43867356,
44084837,
45645665,
44494848,
44046834,
43839130,
42311558,
42504628,
43933594,
44647021,
44008704,
42288860,
43885568,
41246126,
42408500,
44289945,
41977862,
40649788,
43618400,
45433035,
44299515,
42994421,
42414870,
42321854,
44993865,
42751156,
40030811,
44680447,
43494469,
43835882,
43866334,
44810269,
42804768,
43217462,
40228919,
43293984,
45844317,
42951795,
44774488,
44998184,
44827023,
43581635,
42258019,
44923717,
42967157,
44314758,
44029903,
44185242,
45332625,
45658248,
45184088,
40516757,
45731563,
42573430,
42744976,
42496307,
44197941,
45950696,
44962928,
43226511,
43472388,
43691733,
42429756,
42298316,
44925422,
42999758,
43532411,
44928729,
43843115,
45866576,
43790387,
45675762,
43718961,
43676868,
42746759,
44713220,
40765060,
45266452,
44312579,
44127302,
45320940,
45068500,
45026485,
44806440,
42851614,
44592291,
42573606,
45061715,
43788309,
41031236,
43386916,
41049680,
43993242,
45298405,
43005312,
45124797,
44432886,
45310337,
46210399,
46027453,
41245400,
43908494,
42639701,
43993104,
43641212,
43816740,
42776762,
43791384,
45648399,
45778802,
45302682,
43272874,
43781783,
43455797,
43873958,
41506266,
43771607,
44768870,
43881523,
41806147,
45800229,
42903520,
44843396,
42668794,
44632411,
41131916,
44912295,
43041091,
44781612,
43835759,
41894991,
46140797,
43578757,
45000630,
44171626,
42037541,
44535392,
42795304,
43991730,
44942500,
43822736,
44804662,
44650630,
44870489,
43025970,
45931881,
44173149,
44398589,
44791354,
43600971,
43882356,
43740902,
42554875,
43573992,
44839766,
43167924,
45164254,
46030687,
43632575,
43217685,
44672117,
43982419,
44134216,
47046982,
42659529,
44303630,
44475195,
42306109,
41989291,
46735994,
46282673,
44278982,
43119382,
44074056,
46039013,
42724435,
41742242,
43567952,
44865913,
44387618,
44939314,
44121787,
45382390,
43704485,
45175282,
42138485,
43856361,
44491704,
44952898,
45789050,
44315191,
39578001,
44495722,
43673209,
41750650,
43455100,
46134453,
43701109,
43965056,
45149053,
43935770,
43514692,
44011944,
44840840,
41981019,
43292203,
42560544,
43801655,
43676469,
45575945,
43899968,
45277148,
44680317,
46001141,
43889762,
43462315,
42470296,
42435515,
42405294,
42397114,
43770711,
43448738,
43457739,
40739880,
41088534,
43744869,
42567867,
45529923,
44890109,
43103896,
43987500,
44224459,
43238343,
45232341,
43636546,
44870783,
42754361,
42222701,
43606757,
45919868,
42663794,
42118979,
46605592,
44917183,
42175497,
45597806,
41860501,
44916467,
44636843,
44072232,
46025122,
39519649,
41135033,
43568843,
41933808,
44025731,
44207920,
45076567,
43992408,
46197417,
44053639,
43808654,
44902432,
40983372,
45297715,
43747598,
43343396,
46317086,
43593169,
45137306,
43102487,
45879299,
44055353,
44434638,
43893440,
43043608,
45076756,
43207723,
43994027,
44953688,
45961088,
45253532,
45575133,
44064326,
44726370,
44863280,
45272742,
43926655,
46330147,
42879766,
47272704,
41819702,
43194888,
43919610,
44405938,
44159839,
45626724,
44838116,
43768621,
42768354,
46410613,
43855250,
43834295,
40707183,
45823554,
44172201,
45781854,
52116455,
45093380,
39581938,
42465833,
40513086,
44133432,
43468502,
43735847,
44771723,
46048297,
44853951,
43042661,
44961774,
40084907,
42675214,
42848938,
45445258,
43381240,
45535403,
43769797,
43855808,
43743685,
44126539,
44674241,
44404323,
43836346,
44950931,
42237679,
43922708,
44923514,
45189657,
44667617,
44335345,
44890374,
44730650,
42864933,
42985466,
39707147,
43252767,
44955448,
43992037,
43983171,
42900494,
44946592,
43696016,
43054166,
43946778,
46606639,
41865589,
42866631,
45652402,
45017927,
41057150,
43855505,
45015236,
44700866,
40684465,
43530659,
42013879,
42791470,
45984298,
42138882,
44657777,
42454517,
42539189,
42848764,
44726436,
43909522,
42151918,
42629964,
42732650,
44994671,
43385076,
43533497,
42013752,
45374034,
44437077,
54791961,
43188645,
41285223,
42005894,
42286086,
44019526,
43290967,
44697331,
43909407,
40984462,
45256826,
46288082,
44627229,
53372593,
43974370,
42524836,
44715007,
45410336,
46425313,
44655915,
43653252,
44934486,
45715427,
44916904,
44833262,
43866546,
44750287,
43266311,
42442471,
44521358,
45112023,
44435194,
43129534,
43739221,
42747497,
46264696,
43024510,
44639577,
45204072,
44803752,
46015573,
43927897,
42374562,
44698491,
43667501,
43699578,
41457307,
43745076,
44943683,
41617938,
44658691,
43810141,
46381496,
44823351,
44953184,
44500061,
44127031,
43683524,
43581504,
43524463,
44653319,
44658210,
43832333,
43316277,
65475284,
45291663,
42450896,
44721974,
45079653,
43531194,
42735969,
44390260,
44353418,
44774481,
42897408,
43500521,
42459292,
43614239,
43312724,
45109784,
46000176,
42576569,
43498234,
43413593,
42635578,
44688397,
46023060,
44523076,
43785548,
44743570,
44968219,
42346622,
42506912,
42490320,
43930510,
42488660,
43620505,
42728804,
44473726,
43315642,
41657025,
43711360,
46269909,
44044625,
43719825,
43573312,
44565985,
44982830,
42983990,
45846965,
43747362,
42856514,
43903995,
42524023,
42458676,
43556132,
43583762,
40396803,
44669844,
42823164,
43419942,
43353265,
43533465,
45150847,
44443078,
43987413,
43721542,
44637689,
41574104,
42652977,
46183489,
43805893,
43908571,
42655394,
43678094,
41992161,
53280555,
44943055,
45766370,
43694937,
42923553,
38505256,
46258860,
43615825,
42359876,
42721617,
43958330,
42004485,
44798629,
45221803,
45188662,
44700894,
43031976,
44261121,
43152435,
43320842,
44513677,
45526524,
44168711,
43015161,
45556841,
43557247,
44618471,
43555898,
43774892,
41980757,
44489782,
43565408,
45048736,
46297822,
45942359,
70845199,
48431521,
42963500,
44593590,
46413731,
43495333,
43607149,
42444457,
42702469,
43581846,
43642258,
42762558,
43579833,
43013834,
42866317,
44926335,
41124106,
43132610,
42811882,
41737258,
42585455,
42460927,
45059140,
44009757,
45148374,
44588139,
42546321,
44960709,
46354071,
43345660,
45115994,
43752487,
42895658,
43079669,
43984181,
43958022,
44172495,
43590459,
43604360,
44776867,
44840302,
44150378,
43324908,
44774797,
42623799,
45218586,
43508379,
44822762,
44577750,
42751226,
43429669,
44258607,
45227568,
44275057,
44800858,
40714290,
44026995,
45073427,
45182985,
41590800,
42584090,
44067063,
44841087,
43044213,
42807740,
45024246,
44872951,
43734575,
44889318,
43421486,
44013994,
46059367,
42362555,
45769734,
43763642,
44155793,
44209319,
41800425,
43068251,
44574524,
45185636,
43850554,
43278920,
44719188,
43667284,
44524101,
45664212,
45877583,
44841338,
43569840,
42473905,
42710886,
44507956,
45433225,
42554368,
42787591,
42885602,
43704034,
42634417,
42776117,
45062816,
45963250,
44809977,
45196027,
42674939,
44883558,
45590232,
43498467,
44011468,
42964402,
43823024,
44905446,
39467766,
46225513,
45143964,
67279841,
45259727,
42686749,
44085136,
45532254,
44928539,
44933068,
45612283,
45091780,
44284782,
44320853,
43456174,
43904022,
43651630,
44200844,
42550190,
46018806,
41101561,
45681593,
44779817,
43878221,
44555594,
44087249,
45330101,
44334791,
44771167,
43400550,
45119922,
43105377,
43409581,
43644672,
43884521,
43592469,
42537361,
42923570,
43715329,
42271377,
44818648,
44220004,
44557161,
42325157,
56184308,
41375232,
43443193,
44898843,
43846732,
42439032,
43948545,
44749818,
42876067,
41644188,
43597125,
43385552,
45014753,
45177133,
39557858,
43788452,
44173711,
44032011,
42301929,
43815847,
45841481,
42513034,
43590010,
43635725,
43816298,
40827154,
43924432,
44849309,
41614251,
42258127,
43908489,
44833016,
41747776,
42248646,
45676309,
44167600,
45148469,
44026377,
45333995,
44759888,
43958427,
45278279,
46474896,
43138120,
44751267,
43817220,
42889728,
45316144,
44480486,
44812148,
42334814,
42807136,
45006837,
43634152,
45193898,
42877165,
43686140,
42464241,
43475273,
44711876,
40432277,
44647760,
43678808,
44841888,
45229798,
42995574,
44561895,
45044448,
42753645,
43704363,
46091341,
44938130,
45907125,
46070787,
42935242,
43877344,
42598681,
44877994,
43682898,
46546741,
44976864,
44535632,
42421454,
42700829,
43327872,
45846811,
42891358,
44272166,
43694012,
43994554,
42380376,
43716386,
43738530,
45439788,
44495453,
43507761,
42588397,
43077508,
44599163,
41867248,
40733601,
44600193,
43724193,
43979348,
42504521,
45024477,
43488667,
43816758,
43654172,
44187189,
44820901,
43789853,
45814554,
45700227,
45887621,
45810850,
44752350,
44429087,
42032125,
43493419,
43624362,
44806130,
42803399,
43975034,
44373192,
44509699,
45424288,
44056413,
44802718,
43771707,
46079132,
55004497,
46802569,
43888526,
44143615,
44944584,
42447305,
43536581,
43734290,
43844449,
44994527,
44670704,
44060537,
44823548,
45494091,
41686744,
45139505,
44313878,
44446240,
41684843,
42303316,
42301011,
46163477,
44817622,
43244002,
45581553,
43260295,
44939551,
44125435,
44777739,
44728487,
42413830,
42743052,
45232605,
46786882,
44126020,
44022326,
46057541,
42690237,
43994221,
43583150,
41586238,
45108917,
44707579,
42068433,
45880590,
44924294,
41868970,
44825369,
43475270,
46270031,
43783521,
44429540,
44762405,
43765897,
43413624,
46314243,
40894968,
42680345,
44477733,
45716084,
45247706,
44823222,
42886856,
45105379,
44921508,
46278840,
41064935,
45881894,
42736436,
41878296,
43468258,
43747454,
43788329,
42524816,
45124945,
44178657,
42925983,
45880112,
42738946,
43351901,
44275205,
45983433,
44966558,
44893828,
44805076,
42926761,
44987572,
43500703,
44338608,
44989112,
38775520,
45472354,
44212066,
45005803,
43796934,
43389027,
43409504,
43997978,
45941225,
43619106,
44002029,
41352726,
43867064,
43941863,
43812691,
44771545,
41911650,
45692611,
46483224,
44651988,
45232401,
43568965,
41097950,
44647220,
42973196,
43076342,
44209223,
44695723,
42570185,
41450991,
46327301,
42803747,
40008868,
42897255,
42955148,
44119472,
44328980,
42301804,
44176230,
52417316,
42687662,
44497377,
44846134,
41599494,
43581553,
44969293,
43878124,
43643349,
43766747,
42192251,
42869062,
45251079,
46632989,
44989654,
44839245,
43052852,
45280642,
44036845,
44479684,
42482326,
43001578,
43867892,
44371796,
45096347,
45762492,
43668675,
43920960,
40424814,
43030531,
45201095,
44936046,
45186024,
44020443,
42795648,
44866466,
45135793,
45091269,
43482155,
45201216,
46090598,
44847972,
43068296,
45989953,
45016676,
43386743,
44846389,
43966655,
44941964,
41987013,
43954582,
44992413,
44639228,
42981634,
46278340,
43052106,
43968220,
44287068,
44447347,
43820649,
43845562,
41848727,
43029968,
44669326,
41794616,
41149077,
41777800,
44934861,
42677777,
45185734,
43348773,
45850533,
42559664,
43492420,
46151860,
44801079,
46269807,
44053698,
44744598,
43836558,
43047919,
42338414,
45949461,
45112569,
46108415,
44621779,
43736283,
42450098,
45835328,
44576604,
42195178,
44686451,
46253363,
44864911,
43755471,
45498263,
44953511,
44215960,
45185131,
43764381,
43587763,
44200722,
43175824,
45261745,
44776436,
44869844,
42865250,
44076664,
42889299,
46500969,
44577233,
43724922,
44727195,
44845171,
42832223,
44779153,
55862928,
41995322,
44469494,
45977154,
44171556,
46303859,
42780449,
45137059,
45107837,
43718620,
44198779,
45851229,
43509304,
43729038,
44815832,
40687742,
46028173,
42970302,
44987927,
41898707,
44797050,
42804035,
44107257,
45133131,
44892367,
44918219,
42740761,
44733232,
46504973,
44876317,
44865867,
44934257,
42536085,
42990649,
46164196,
45753789,
46351092,
44410908,
43740776,
45327353,
43799862,
44908404,
45026358,
46449706,
43793066,
44564078,
41520022,
43661688,
42409077,
45521427,
43046484,
44114109,
44076192,
43810063,
44191021,
46222035,
42098853,
42382157,
42657454,
42840494,
44989515,
44216618,
45095002,
46170428,
45046759,
42866558,
45108091,
44492134,
45307834,
44834912,
44883177,
45014137,
40090800,
45235787,
44062686,
45063434,
42176416,
44748389,
42139834,
46232257,
46090059,
43699480,
42836261,
42153988,
43811816,
43898668,
43712622,
45921117,
43711087,
45888359,
44055309,
45182111,
40226884,
43213354,
41037438,
44860259,
44267489,
44959988,
39947832,
45197919,
45274450,
44128041,
44131765,
45027899,
46425269,
43956608,
44807937,
45106975,
44806824,
44126151,
43686606,
44911266,
44609752,
43019427,
40983019,
44758117,
44261054,
44932520,
44986664,
43136459,
43744704,
43157922,
43929074,
41312001,
44414678,
43122455,
50980400,
45649278,
46507364,
41674236,
43980810,
44778948,
45059409,
43938934,
45036739,
45735130,
43631672,
42585029,
43771008,
42584689,
46015285,
43751489,
43179773,
42640685,
44722492,
45083222,
44853998,
43609874,
43846706,
48360642,
45042884,
43592212,
42039359,
42915392,
44391978,
45854641,
48733929,
47212579,
44020076,
44980004,
43602117,
42549157,
44120936,
43261077,
44102763,
43849083,
44715461,
42818725,
45712438,
43932132,
44757456,
45110642,
44480631,
43705129,
44761102,
44620084,
44684308,
41841146,
44081617,
45149178,
45675165,
44608852,
45182026,
44979610,
47021432,
44338987,
44286790,
44431832,
43638715,
43290666,
45442126,
44666988,
42992574,
46117321,
43875056,
43093381,
43405394,
44762591,
44547102,
41640605,
44654495,
43786835,
42730107,
45017635,
43974590,
42889919,
43076585,
45151953,
45300640,
44019942,
44745789,
44948047,
43050550,
44636261,
44843018,
45318431,
45222160,
42692855,
45048257,
42817491,
44850097,
45150507,
43780652,
44820199,
42669292,
41157151,
42756797,
44865495,
43656969,
41074320,
43778558,
55593469,
42009164,
45109813,
43879601,
46274156,
45090104,
44946491,
43850479,
42707678,
44779190,
40811714,
44108563,
45205402,
43333957,
43714133,
42560465,
42434347,
41605067,
45884864,
41879741,
43561273,
45175157,
42164539,
44978910,
44648923,
45118453,
44918733,
41963992,
46137627,
43785730,
43883880,
44807176,
42219445,
42708702,
45066071,
43993160,
46074639,
46084503,
44173942,
41359767,
43961572,
44898385,
43892898,
45418729,
45388886,
46110964,
43647890,
45204599,
43730197,
42004470,
46005194,
43758235,
44981787,
45305591,
43538285,
43857839,
42506905,
44980862,
43898132,
44057771,
45288809,
42991079,
45387798,
43873191,
45084780,
42839145,
44129905,
44887519,
39557559,
45029062,
44059705,
44133990,
43839157,
41006586,
43248470,
44725234,
44289733,
44105092,
46238215,
43007622,
44869241,
42807257,
44519803,
44869030,
41193835,
45432483,
44831208,
41754271,
43175129,
43937174,
45217095,
44855083,
40296801,
44884341,
44681521,
45291301,
42536998,
44174478,
44679291,
43122394,
44658702,
44051081,
39933963,
42885922,
43837563,
42830362,
44990674,
45905511,
39259648,
46021224,
56361535,
46933466,
43631067,
43830361,
44996512,
42273166,
42358779,
39912069,
42115988,
43702089,
44883031,
42489559,
43727449,
45187395,
43507564,
43573997,
42330339,
43859972,
41856534,
45839469,
42010757,
44913361,
43883972,
43783840,
43735973,
43056123,
44952525,
45162752,
39246620,
43217441,
44770525,
46400375,
39983010,
44970639,
41903485,
42581442,
43282586,
43899468,
40640645,
39920672,
40132382,
43873406,
46674339,
43332003,
44501236,
43134157,
43270914,
42243122,
41307375,
44236195,
40811446,
42703942,
43744203,
44172537,
45740873,
40930254,
40128236,
44900842,
46223958,
45060587,
46835552,
46075619,
43215367,
46288910,
47296917,
45291839,
44130685,
43984946,
42528558,
41966111,
44776252,
40684545,
43678054,
42812954,
43779132,
44225307,
45556593,
44025170,
44221148,
40749617,
44962979,
46058976,
41155544,
43088919,
43385824,
42248671,
44679060,
45027156,
44549350,
44980650,
45682108,
43225921,
46231042,
45124704,
38950786,
45800426,
71293014,
45918355,
44200706,
44216610,
43260319,
39306367,
43530654,
42368728,
46246953,
45231566,
46302489,
43912625,
45279116,
46082842,
45350975,
42975892,
42996807,
42711215,
43175495,
45090560,
42747802,
43930944,
42111395,
43072422,
42986455,
43235681,
42048704,
41925389,
45177923,
45164584,
43082717,
42253018,
41432207,
42796698,
42168648,
44446439,
45046496,
43773425,
43775106,
45096215,
44803933,
39245028,
45019261,
45041432,
43081873,
45720282,
43325856,
42449343,
44293344,
41903357,
44035155,
42910463,
43990736,
40704010,
44388097,
45496431,
44897207,
44730119,
41831121,
44740406,
44062029,
43647110,
43028154,
44725562,
42010944,
44848159,
44585513,
45958453,
43147468,
45023802,
46191709,
40870997,
41239378,
42698226,
41670225,
45396054,
42898001,
43221153,
44741375,
42710896,
43910578,
41023763,
43250422,
40693073,
39979675,
44270900,
45589851,
44287548,
44147517,
45061287,
43948106,
45908214,
44941715,
45147096,
43938823,
43921415,
45115869,
43655646,
43804487,
44608251,
43571257,
43753991,
44194052,
41753104,
43238858,
43816672,
43853457,
43172789,
44034998,
42499684,
46577260,
45592891,
45416779,
40146326,
45130140,
45141824,
45740675,
45591052,
45479196,
42623464,
43444196,
43695363,
44109957,
45278110,
45026809,
43756030,
44009147,
44198174,
43125614,
44888281,
42994116,
40889411,
41649299,
42596604,
43984964,
40967131,
42468125,
43383311,
42265150,
45090270,
44028300,
45121997,
42699951,
43027146,
45302822,
41839527,
43706658,
44093281,
45480881,
42590410,
42676960,
44834867,
39992743,
43179678,
43873545,
41842683,
40465504,
46087757,
43041114,
41994014,
44060050,
43862611,
44594026,
43964879,
44708342,
43844552,
42991326,
45020388,
43102141,
43852295,
43630599,
43898617,
45609063,
44540412,
41927380,
45004520,
43957250,
41282419,
43912565,
43955188,
43205723,
43776008,
39886614,
43885912,
43794013,
44947048,
46302281,
44788810,
42238389,
46099172,
43928670,
38735101,
43286174,
44656417,
43458192,
44796378,
43913918,
44191941,
45260978,
44961841,
45106648,
45887264,
42320336,
43536275,
43563889,
43056942,
46116182,
43109608,
44523111,
44399304,
45435212,
42952941,
42104432,
45544984,
43802081,
43927737,
44878685,
46408109,
46198523,
45317751,
44198921,
41791855,
45023499,
43765950,
41472053,
46223822,
43158324,
43652856,
41570511,
40324706,
41939714,
44078404,
42325857,
44890179,
46375665,
44218525,
44199084,
45016223,
44421132,
40940677,
45528751,
46316508,
42094151,
44330746,
44557385,
44904991,
44054379,
44016909,
44035399,
45431989,
45432341,
44445159,
45286489,
44174147,
43910580,
