11687000302,
50727222,
43001691,
43658358,
43829054,
40114815,
41640412,
42986179,
43767241,
41445201,
43469912,
40197863,
42314031,
41276560,
42151200,
40259000,
38979797,
39951750,
37863145,
42490822,
41109004,
40036288,
38843184,
41124410,
41125681,
43555446,
42256339,
41143321,
39802733,
40959686,
40171069,
41204571,
39694186,
40526063,
42454626,
48237301,
41059862,
41176582,
39268060,
43708575,
41398846,
41250066,
41154750,
41593535,
40461406,
42544761,
42482997,
42521203,
41185048,
42352106,
40051085,
40418501,
40403616,
42464925,
42466055,
43585366,
41107388,
41561250,
40169696,
40226259,
40154072,
39224278,
39196867,
41279704,
40042134,
39127113,
43644524,
41393301,
40313283,
43580565,
43625491,
42440113,
41425994,
42420484,
42570988,
41087688,
41279074,
41451120,
43741057,
43578408,
42547537,
42403357,
42539425,
41470577,
42634737,
41542007,
42505063,
42544620,
42574405,
39213641,
41492405,
40138364,
42155777,
39084818,
40241926,
41514094,
39123773,
40180805,
40229832,
41166005,
39042345,
41585211,
39993447,
40167766,
39957785,
39041196,
40097965,
40259780,
41818808,
40123072,
43536447,
42516447,
40165483,
41423339,
40134019,
42239758,
41173794,
39047183,
40071052,
39210829,
38976767,
40403594,
42604431,
41342810,
40037534,
41201810,
41260021,
41457160,
39032477,
40043069,
41287402,
41318632,
40022512,
42420206,
39778800,
42433012,
42477721,
41304347,
40046331,
40135679,
42327602,
41402968,
43302339,
42307839,
43376420,
42374524,
42480326,
41425679,
40249560,
52668305,
48023397,
43748152,
42318936,
41388754,
42474862,
43981386,
40486445,
42511230,
42628129,
42531403,
41514675,
41431491,
42748746,
40145640,
42429828,
42625680,
42631511,
41406856,
51160446,
41019855,
42580465,
41266287,
42474792,
40126834,
40300784,
42630592,
41420267,
41567275,
42321961,
41407920,
41408003,
41357172,
41684866,
42524789,
51266474,
41402536,
43670380,
40392828,
41742972,
43483273,
41651928,
41664970,
41266233,
40216315,
41504566,
41694486,
42502567,
42463423,
42647528,
41507450,
41428832,
41302291,
43930567,
41461415,
41894232,
41691815,
42943051,
41371856,
42851827,
40543758,
42396830,
41404876,
41778123,
43500154,
43767829,
40642170,
41616706,
41570259,
41490127,
41445850,
41678524,
41686121,
41402844,
41275033,
41301951,
41395696,
40290079,
41590595,
40169505,
41308472,
40138580,
39949372,
42237234,
40423165,
41633730,
42442682,
42807462,
41537524,
41380610,
42648119,
41375437,
43697893,
42589445,
37403250,
40828005,
42083339,
42324335,
41463836,
41728461,
43231387,
41254078,
41044293,
41977013,
40958062,
39775488,
38435035,
39562155,
43485063,
42267360,
41429701,
41479113,
38809996,
41138153,
42404150,
40180222,
38353208,
41295066,
37278068,
39381335,
42517802,
39950751,
38317968,
39452340,
43311852,
41336555,
41738905,
40081373,
41112566,
41945827,
41125915,
42408784,
40175696,
41062372,
37299017,
41898227,
43703811,
40263337,
41648974,
41598395,
42345508,
42824683,
42227201,
41380070,
43378592,
39794817,
40753896,
40023636,
43550773,
41098915,
42213418,
41094891,
42378855,
41295486,
40992334,
41090807,
41079162,
42310924,
39865119,
42235833,
43506837,
42871072,
41103693,
41934971,
42245125,
41229410,
39683487,
41254741,
40106888,
42350631,
41149560,
42217395,
42415439,
40075817,
43319182,
42040208,
42222382,
41391419,
40171755,
40166681,
41332133,
41125300,
41103521,
40068255,
42248300,
40841816,
42460974,
41364449,
41104137,
39981556,
41114831,
40992477,
42391741,
39937027,
42494646,
40668969,
42389756,
40781148,
50910655,
42159360,
41674897,
40405067,
41199789,
42254585,
43604697,
42239644,
42337569,
42299848,
38393722,
42175176,
42438872,
41197503,
40034425,
41113783,
43711932,
42578303,
40895397,
41265547,
41206127,
43659022,
39952161,
42306898,
39979526,
41060637,
42431841,
42486789,
42248661,
42518710,
40150722,
41134177,
42254962,
42366834,
41169013,
43392742,
43714392,
41436828,
41372760,
43552797,
39989101,
42254887,
43426029,
42376627,
40072993,
40020373,
41213327,
41266017,
41307594,
40352166,
40191806,
42056460,
43545923,
42518591,
38824288,
40880539,
43287689,
43178839,
42121960,
42652170,
44111957,
42429460,
39743587,
40827166,
42004200,
42168553,
42006982,
38804817,
39985531,
42301119,
40975642,
42312828,
39854138,
42119909,
42256395,
42228546,
41178047,
39902424,
42328138,
42346403,
42210033,
42382310,
42093911,
42341816,
39996485,
42437669,
40067770,
40999641,
43497057,
40227729,
41194458,
40093276,
42348275,
40816582,
43556318,
41225330,
41379967,
40182007,
38934230,
42406069,
41233346,
42598499,
41138562,
43792350,
41239920,
41254349,
41423272,
41368078,
42425571,
40193706,
41594197,
40996724,
41161054,
42051420,
42614394,
41371366,
41239204,
41617936,
41913156,
39980980,
43476466,
42565061,
42357913,
40210657,
41848888,
43319544,
43383570,
40006621,
41367950,
41453384,
42661284,
41173906,
43476083,
40052638,
43511923,
41065808,
43425267,
42263572,
42245530,
38664427,
40815497,
42044971,
42275205,
41007983,
41187302,
43322982,
42335126,
41120317,
42339524,
42304409,
40967874,
42159714,
42420346,
41151061,
40865525,
42053356,
41165191,
41051995,
42204114,
39841488,
42019468,
42182013,
39736800,
42228297,
41274956,
43329198,
41155778,
42381981,
42286077,
42098743,
42384551,
41315492,
40942187,
42072770,
42287755,
43241257,
42186914,
41145666,
42514534,
39865070,
42170311,
43208477,
42314073,
43360150,
42197827,
41979486,
42216367,
43201775,
42227092,
42120723,
42307224,
41201813,
42309993,
42223772,
43350530,
38706751,
42523969,
40970360,
38750490,
40961863,
42378286,
40867138,
38585139,
43428051,
43329458,
42266813,
41335051,
40937995,
41344952,
41109691,
41124670,
42180127,
41219207,
43346049,
41170014,
42140558,
42326611,
40902300,
42083777,
43533595,
41633672,
38870510,
42046782,
40999414,
40869065,
42004314,
41157938,
40995353,
38389577,
42197085,
43594553,
41024249,
39962147,
42197966,
42221560,
41123350,
41174582,
39854515,
43091770,
40971524,
38587447,
42044439,
40932101,
39752229,
40900720,
41147411,
38457281,
43168612,
43545376,
41013883,
41106952,
43411883,
40889721,
39875430,
37363846,
43110912,
41030111,
42233999,
40963596,
42257752,
42111825,
42417469,
39742073,
43394154,
39724161,
42098433,
42061385,
42035310,
40892463,
42180190,
41723242,
38760525,
41063326,
41887035,
40776454,
42241846,
41930600,
40698905,
40923356,
43207410,
39865347,
41932502,
43255741,
40940095,
42056771,
43336094,
42010703,
39638840,
41877113,
42105261,
40939180,
42143187,
50832665,
42442675,
39760526,
42466230,
39696043,
39886938,
39810752,
42185450,
40854264,
41135829,
40990611,
41091420,
39938450,
39829227,
40878760,
41023999,
42097778,
41051110,
41110029,
42027133,
39845843,
41328233,
40037833,
42285788,
40827895,
38316717,
42243979,
39858438,
43420850,
39853608,
42210500,
39771341,
42239451,
39801040,
40713213,
43090875,
41877165,
38264119,
42059273,
41819268,
65539857,
42228134,
40941967,
39996048,
38346881,
39659018,
42337879,
42428620,
39642299,
40147932,
39547984,
43254891,
39841726,
42072177,
39880981,
39794689,
39853586,
42055286,
40108497,
42129034,
39959373,
36790295,
39212826,
40730635,
41141427,
39817110,
39766384,
41945151,
40968598,
40933148,
40043404,
40959658,
42197011,
40128124,
40880087,
42162419,
39932445,
38813806,
41939691,
40773419,
39344974,
41942819,
39415723,
38070300,
40928071,
40777312,
40896838,
42053006,
41086593,
41084746,
40906522,
42143311,
41002691,
42312236,
39879926,
39752644,
41000649,
41029414,
40093448,
39993735,
39957839,
38782018,
41076918,
42257141,
41034874,
41080416,
41111166,
39931592,
42311384,
41138452,
39899844,
40033962,
41035346,
40002572,
41170157,
41144273,
39888074,
39564681,
40733744,
39467118,
41892058,
40209355,
38803584,
39980122,
37793769,
39776733,
39835226,
40165954,
41089618,
40020419,
37535030,
41128550,
39742445,
41451840,
40227722,
41068271,
37650024,
39759409,
39953649,
39995699,
40097277,
40120584,
40196700,
40151990,
41362573,
40191371,
41525352,
41116118,
43753606,
40106459,
41432874,
43018008,
43559475,
42404127,
40107238,
40039457,
42503023,
41454420,
40169666,
41350595,
42643607,
41430914,
40366150,
41459385,
42208413,
42914949,
43214704,
42341931,
42473702,
41409030,
40074842,
41156372,
40202763,
41394094,
41539812,
40349451,
40276793,
41209764,
41130168,
42481824,
41001108,
42610979,
41122618,
42376619,
40263016,
40336914,
41248752,
43808964,
41121810,
43695083,
40400820,
41278952,
42600873,
42457041,
42392513,
41274692,
42643408,
41319615,
42606603,
41574911,
41459043,
42524781,
42480529,
42078389,
41380763,
41465354,
41330793,
41362829,
42688596,
41296064,
42658552,
42475622,
42567522,
41644942,
41640579,
41110313,
41815765,
41287269,
41397094,
42693053,
41360869,
41333558,
41138576,
41534952,
41645027,
43377880,
42747078,
42713218,
41394111,
41607517,
42472357,
41700072,
41689229,
41470286,
41382473,
40460249,
41344188,
40382039,
41526788,
42269007,
42489192,
41736263,
42629356,
42317413,
41429152,
39960248,
40306668,
40489004,
41380806,
41677800,
42594136,
42620103,
41197850,
42694182,
41336288,
40507952,
41431841,
41542956,
42223615,
41462992,
41402101,
41276897,
43692593,
38386740,
42551987,
41149263,
53039786,
40382521,
42355219,
42756143,
40960636,
40290089,
41342203,
41438431,
42364253,
42723475,
42494295,
42636171,
40139502,
40251885,
41411495,
42442927,
42357925,
41817352,
41297673,
42662661,
41232743,
41374247,
41499440,
42623022,
41699085,
42376429,
40310714,
42192612,
42469231,
41361226,
40827683,
42224104,
42652468,
42509698,
41664970,
42375849,
42374809,
41234755,
41567119,
40213650,
41555400,
41478508,
41381140,
40464250,
41271795,
41442381,
41440866,
43150388,
42366372,
41488193,
42406079,
41489653,
41265960,
43269443,
42254220,
41187371,
41136966,
43086468,
42433422,
41182073,
41151406,
41254841,
39879159,
41165407,
41093510,
40021765,
42012541,
41233693,
38713356,
40948287,
41248364,
44792768,
40353060,
42118440,
42001570,
42252705,
42298262,
42432093,
42511395,
42146078,
42319668,
42563641,
42793638,
41025745,
42388861,
42193983,
42413982,
42628046,
40196678,
41235247,
41270571,
42651337,
41776490,
41104596,
39962135,
43378048,
42590805,
41215223,
42470663,
42478815,
42737461,
40014719,
42484338,
41292043,
42501147,
41260741,
42471058,
41106461,
42384609,
42417763,
42623299,
41238370,
42220767,
42292170,
42375476,
41535927,
40316453,
41287591,
42366011,
43163330,
42306653,
41092409,
42433445,
42425660,
40466967,
41190478,
43282019,
40791052,
36928466,
40620335,
38434251,
40889702,
36006746,
39716205,
37145970,
36559956,
38404476,
40876131,
39593093,
41063061,
39887900,
36194491,
39673173,
38452193,
37331778,
35738819,
36659229,
41676425,
40813574,
38600451,
37413330,
38447364,
38355452,
38245483,
47331945,
40776121,
38310400,
41821187,
41961225,
40720203,
39720894,
37297558,
38404279,
38161708,
43066411,
42122591,
41771030,
38071825,
40722978,
41573112,
41522302,
40489264,
40577092,
41089708,
39726608,
39716220,
40950594,
40862918,
40956864,
37231159,
40986197,
43531469,
42740798,
41128300,
43370019,
38862875,
40024965,
42702270,
43377073,
41555116,
39911541,
41470374,
41351459,
38935408,
41354535,
41496637,
41274425,
44005382,
41484820,
42733024,
42153307,
42578313,
40856113,
41525049,
40465910,
40340159,
42404185,
42772605,
41274392,
41552309,
41273492,
41484851,
42349759,
41414912,
41156086,
43645179,
42052293,
38296001,
38245572,
38603815,
36081672,
38320457,
37023660,
38507180,
38124058,
39290677,
39233775,
39386890,
39469551,
37051342,
39475906,
37351807,
38317696,
39563810,
39268563,
35726551,
42258377,
40072139,
39990162,
40237528,
40154855,
41835922,
40240670,
39985499,
38327059,
42720305,
39974359,
41475339,
41498705,
46661252,
41335643,
41354657,
39082450,
38905623,
42613548,
40128010,
42528218,
37637009,
43778175,
40666619,
41566117,
41160234,
42487124,
40994214,
43308412,
38833740,
36452561,
40501650,
41267155,
40505767,
41450053,
39167737,
41266337,
40151725,
39938758,
41806511,
41498759,
40300662,
37904641,
42721600,
40573837,
41673730,
39012480,
42900191,
40873967,
42731172,
42588827,
40600441,
40587989,
41589483,
40457971,
41718757,
41953420,
42537216,
41487525,
41888755,
41561247,
40356846,
38600080,
42615579,
41457987,
40350004,
41401844,
40489796,
42249872,
38847724,
41049498,
41602792,
40327995,
40846939,
40216234,
41905674,
40158460,
41914327,
40554687,
43823712,
40328755,
39065631,
42400073,
38942350,
40228489,
41643571,
41334463,
41358214,
42806744,
41562135,
40282213,
40482032,
39231793,
42533668,
37883228,
41499920,
39162360,
40890119,
41002214,
42538470,
40039481,
40476288,
36638911,
38864977,
42294448,
42763285,
41030929,
40318848,
41364483,
41389990,
40205256,
40103890,
42374481,
39555778,
41203012,
41615241,
41458662,
41693246,
41711272,
41302898,
41456025,
44002177,
41504105,
41435705,
41544243,
42984052,
41635693,
41530797,
41688208,
40434620,
40264872,
40436417,
41475898,
41427089,
40055230,
36604076,
41540972,
41525527,
41389145,
41769183,
42136594,
41476997,
40072700,
42132424,
37387970,
38637858,
42600006,
42710574,
39995203,
40223135,
42338172,
40141138,
42437262,
41426441,
41120113,
41563243,
40021414,
39445703,
41129547,
40470980,
41189281,
42670865,
42391800,
41620528,
41303876,
42485854,
41409768,
40243595,
40057323,
41520729,
42222980,
41276869,
39662706,
42525456,
41024202,
41256956,
42221572,
39990015,
41111628,
38282467,
40783532,
41513698,
42303521,
40764464,
42127257,
38866255,
42411755,
41358960,
40005300,
42249480,
42012864,
41281179,
41128687,
41442837,
40110844,
41576621,
42423931,
42489187,
41422507,
42531701,
40276574,
42787498,
38845407,
40363652,
42087032,
41299517,
39881703,
42516056,
41162055,
42261595,
38500760,
41485118,
41497731,
42443784,
41191780,
38746246,
41308465,
42502361,
42151075,
42405831,
40094561,
43441109,
40105083,
42245518,
42166564,
41226451,
39638174,
42225122,
42126251,
41406553,
42226977,
42329610,
39994633,
43296025,
39897085,
42233620,
41157810,
41441228,
42088667,
41123110,
42019948,
42002497,
41087642,
41066119,
39904191,
39946893,
43509509,
40566648,
40328248,
41476333,
42493756,
40301929,
43285677,
39028667,
41243055,
42548232,
41367913,
41610264,
42752066,
41348524,
42302939,
41328284,
43584114,
42218884,
41130167,
39893893,
41241690,
42456664,
42721321,
41055939,
38135450,
43581992,
42653206,
37792811,
42593657,
42680616,
41217956,
41659433,
42080647,
42624634,
41158764,
39858987,
42674076,
40244143,
41256715,
42356207,
41162155,
39848277,
41164050,
41420823,
41152016,
42446712,
41469792,
42542815,
41094427,
41542309,
42121629,
41610074,
42134246,
40411223,
41239052,
42417135,
42148044,
42487118,
41053402,
41561435,
41485752,
43960190,
42568696,
37340782,
38602462,
38747161,
42283064,
40156278,
41176324,
40413483,
38913141,
41633179,
39082224,
41712825,
39959722,
40208210,
41442090,
40918082,
42466980,
37993180,
41358232,
41795691,
41496892,
37964534,
40372572,
41557046,
42398659,
41449465,
40265769,
41582771,
41939327,
42194997,
41417468,
41756089,
42401774,
41182981,
41296746,
40366982,
42296755,
41510999,
41177066,
41240777,
42555203,
41452720,
40959501,
41427523,
40993484,
41628533,
42491568,
42612674,
42584470,
40366483,
41281273,
41630138,
41316716,
40461980,
41085745,
40495396,
42281146,
41704420,
40679638,
42722248,
42538211,
42697994,
42338594,
42680870,
41338880,
41609282,
41572069,
42406319,
41302655,
41572356,
42201453,
42693645,
41170407,
41327736,
41406400,
42600110,
39996882,
41619918,
42171526,
42586812,
42335236,
41271513,
41139344,
41098005,
42426958,
43163086,
42293670,
42528251,
42216952,
42479088,
40705604,
41503659,
42305409,
41378793,
51954693,
42309149,
41018342,
41311334,
42487194,
42371269,
41304158,
39958040,
42474944,
44158287,
41288705,
41512596,
39923111,
49742075,
41779810,
42069492,
41056235,
42468288,
41307123,
41256527,
41053345,
42347215,
51747397,
41163028,
41360957,
41447483,
41067302,
41402121,
41416247,
41588868,
40313939,
42477258,
41078115,
52469763,
41334373,
42334656,
39855912,
43825661,
42549608,
41589346,
40447277,
41671472,
40144802,
42376623,
40295447,
41384956,
41487588,
42619203,
42551777,
40149349,
40522508,
41520284,
40379187,
42523555,
42588197,
40488230,
41384497,
40184057,
41360591,
41591867,
42114854,
43500026,
40126204,
41186363,
50805440,
43105128,
42607740,
42736965,
40064120,
42449434,
41789128,
41271335,
41357759,
40449256,
40172396,
41380817,
42562829,
40487989,
40440054,
40478214,
40169494,
40991125,
41105831,
42496274,
41144340,
42743686,
40335847,
41409808,
40236553,
41472079,
41395216,
40330288,
49454778,
42739424,
40280034,
41007294,
50739797,
42187872,
40575925,
43455129,
41213037,
40226917,
51727579,
43344040,
41097392,
41484197,
41144782,
51857914,
42358950,
42479950,
40251537,
41840163,
40411269,
42907597,
41489605,
41462782,
40247200,
41753897,
41331693,
41542038,
40304364,
41508147,
41569737,
40438432,
39970759,
42996513,
40055098,
42607838,
40029093,
42786305,
41353601,
40386951,
42363295,
41567275,
40231028,
41504969,
41351841,
41687100,
40154789,
42506007,
42330523,
42593375,
40166204,
43620516,
41190546,
41469114,
40313120,
39875923,
43454205,
42779459,
40229481,
41697164,
40116307,
40043100,
41239575,
40218380,
41588953,
41481270,
39199943,
42748176,
40047994,
42694648,
40213660,
40990221,
33891077,
40326133,
40250328,
41294417,
41245514,
42199858,
41009403,
51570174,
41010543,
42334366,
42413001,
40873245,
42147952,
43542466,
43358745,
43608952,
42348660,
41472343,
42408182,
43812151,
40883924,
52287212,
39992403,
43611804,
49638792,
43123990,
42538982,
41435861,
42335250,
43608059,
40939200,
41245882,
42260235,
40801357,
41068296,
40875537,
41569632,
41290112,
42127301,
42678943,
39883620,
42170844,
51376773,
41289839,
40840101,
41282274,
42145487,
42321850,
39846401,
38693489,
42016241,
43286881,
42084897,
41246929,
42228379,
39783077,
40784789,
43080928,
41293550,
42270156,
41073166,
41596626,
40921213,
42068621,
41162480,
42034622,
41222191,
41337103,
41283057,
42461111,
41032596,
42503733,
40861324,
43677428,
41142568,
41069464,
41815518,
42151955,
40149257,
40206948,
43458988,
43713630,
39798138,
42435423,
41066337,
42584120,
43661580,
40953189,
42329620,
41265980,
43426501,
42601566,
40958550,
42435959,
43196073,
41293721,
43642494,
41094822,
42365377,
41221061,
42378434,
42807302,
41168105,
43800067,
41357866,
40979797,
42299547,
43734516,
42722783,
41663365,
40340834,
43510462,
41586353,
42070564,
39880693,
41257199,
38958239,
41278362,
39873442,
42199798,
39509026,
41287246,
39810300,
40317038,
37240884,
40274932,
38965606,
37823757,
39833881,
40244656,
39942389,
41488583,
39790857,
40488286,
41568911,
42767895,
40361740,
40710068,
41210367,
38564541,
35955228,
39965965,
38944136,
39109251,
40036203,
40039976,
39061219,
40042909,
39820639,
39995923,
38849806,
40303041,
39363946,
39914789,
38154569,
41077614,
39628730,
37608071,
39588948,
38274188,
34640875,
39209989,
39103398,
40219527,
40364372,
40636770,
39377863,
39819063,
38842359,
39063281,
39774195,
37711134,
37596222,
37770453,
39749852,
37639874,
38726882,
38411702,
39427588,
39727848,
39943419,
39833112,
37284747,
38791526,
40665389,
38757007,
38339877,
39969852,
39735130,
38862638,
39576048,
37434609,
39733549,
39075636,
38516229,
37130634,
38521556,
50969871,
38383123,
38613217,
37493017,
38933880,
38735419,
37779483,
38666444,
38829551,
38521067,
36660294,
37563844,
37716334,
38661871,
37787896,
39640042,
38990164,
39830366,
37554993,
37536369,
40007187,
40218454,
39625911,
36151182,
39865510,
38292780,
40970058,
38677470,
38907735,
37500839,
41106616,
37712784,
37472658,
39706910,
38769504,
42364560,
40213648,
41277281,
40078198,
41143741,
38572893,
43593735,
41551492,
42397798,
40245898,
39872775,
42434562,
39787912,
41584958,
39856087,
38692492,
42094214,
42334072,
38820708,
43792586,
39805306,
40046556,
40068881,
42244668,
39584347,
42291795,
39615742,
41082228,
40957969,
40166588,
42148075,
39986654,
51170067,
41165889,
42356077,
40035419,
40937050,
42300145,
40942157,
39936858,
39884295,
41120011,
41044145,
41233355,
41196615,
42459537,
40034800,
40078500,
42195941,
43797392,
39642696,
42250156,
40836155,
41168278,
38747416,
40958969,
42104930,
42058899,
42231796,
42336337,
40926693,
42144713,
42205696,
36446911,
42286348,
40972986,
41143833,
42397870,
40942793,
40968821,
39895349,
41256121,
40875364,
38818870,
39814768,
41172592,
42206991,
41426584,
38366769,
41238685,
41081496,
42445592,
38792188,
40017753,
38724463,
40032343,
39910968,
40256802,
40857725,
41246395,
39923233,
41105921,
37299870,
42190786,
40865309,
38852711,
39889895,
39831562,
39908301,
40322167,
37519928,
41316337,
40919507,
41283789,
41448263,
38655637,
40723011,
42447126,
37468414,
42468532,
38550564,
39833169,
43326369,
38982558,
38730315,
40156159,
41081293,
40151277,
40991551,
38667129,
39916648,
41348650,
40042741,
39837524,
39735603,
41434272,
38803757,
41290161,
41379417,
39223266,
41290059,
42330036,
42496015,
40313196,
42842204,
41602207,
38740229,
41437846,
41302073,
42364652,
40795572,
41395254,
39814315,
42522842,
41199187,
41192630,
41095507,
42230902,
40900028,
41133780,
42341764,
41724010,
40120444,
41148928,
39674160,
42433553,
42129918,
40275168,
41002258,
41195608,
41716762,
41834806,
42218722,
43270813,
39827379,
42613972,
41963480,
40205626,
42259327,
41381855,
40192372,
40984111,
41122477,
42643196,
40887981,
38834652,
42591879,
42320841,
38692709,
51439878,
40161590,
41351940,
40931305,
40225760,
42464620,
41607212,
41410208,
41423650,
41662478,
42427438,
39930816,
42493388,
44136683,
40572791,
40268394,
39028487,
41031870,
51117218,
40975133,
40334217,
39986067,
41449357,
42220897,
41471179,
41370486,
40374001,
40966983,
41453419,
41072419,
41572806,
42276111,
40521651,
40069563,
41316204,
40998220,
41642139,
41348332,
40239131,
40937508,
41383872,
41236575,
41572082,
39724359,
41561350,
41119357,
41444605,
39846563,
40286098,
39773295,
41386102,
41168759,
42811729,
40988560,
39679049,
39547564,
40627247,
40615905,
40658669,
43477141,
42562240,
38994593,
40409289,
42355889,
40284068,
39939704,
41415440,
42205929,
39890572,
41063644,
41064456,
41416373,
40389125,
40089656,
40080364,
39695677,
43495554,
41095847,
41525773,
41190828,
41111091,
41108149,
40353334,
39980996,
43998440,
42382349,
39978341,
43590315,
41367560,
41255676,
40416058,
42478812,
41405153,
42793091,
37993640,
38837172,
41275062,
42445515,
40143002,
41066457,
39964735,
40053312,
40263348,
38826815,
40145827,
41235638,
40190367,
38963808,
41300928,
40189419,
40105944,
41260205,
40103651,
42175855,
38743678,
40970493,
40237941,
38994817,
40902152,
39893077,
41468696,
40182320,
41521596,
41204645,
40358573,
40372304,
41564722,
42541647,
42617303,
42974453,
42562226,
41529315,
40800842,
40144872,
42784293,
41547916,
41451898,
42414466,
42321142,
41712364,
42236828,
42425441,
41699848,
42055376,
42312723,
41229343,
42204965,
42615557,
40013303,
43676622,
40376052,
42185575,
41260496,
43560265,
41515949,
43700083,
40448479,
39869818,
41208906,
40982292,
42424674,
42132838,
40261772,
42421879,
41160262,
42313650,
38990711,
42457915,
41332195,
42615935,
40586002,
40283663,
41798465,
41483387,
40192284,
40444921,
41760937,
40581130,
41709265,
41566236,
41225210,
42613620,
41496917,
40404056,
41774100,
42725333,
40207095,
43686892,
42765712,
40290152,
41567019,
40077082,
42628431,
40102405,
43751612,
40041391,
41162680,
41300286,
42632595,
41554284,
40516169,
41684756,
39365477,
42571037,
40518134,
41610428,
40215863,
42587859,
41605674,
40275955,
41570320,
41609444,
41593135,
40442204,
41309985,
41123834,
42706114,
41619449,
40426911,
41502152,
40185547,
41618658,
40078815,
41348123,
41760187,
40398065,
40480376,
41543179,
40499269,
40370251,
42838045,
40248861,
40525128,
41466674,
40407495,
41501916,
41118378,
42526571,
40081928,
38807334,
42551891,
40128671,
41413285,
40100519,
41569535,
42861926,
40398169,
40079057,
41309062,
39814422,
50866646,
42175737,
44049146,
41226253,
41433634,
40182272,
40336772,
52427467,
40120009,
43451252,
41389192,
41243340,
42994949,
39018597,
40364456,
39889559,
41261880,
42299479,
42758625,
40119064,
41462984,
42152256,
42571954,
41012012,
42450399,
42356795,
41466474,
42590981,
42325738,
43549186,
41484292,
42343011,
42593566,
42355101,
41479483,
41287121,
41066019,
42575110,
40226574,
42349278,
40223334,
42282538,
42548728,
40089139,
42602266,
40244526,
41291024,
42339810,
42849852,
42273601,
42373873,
42739606,
40434495,
42762428,
40106982,
39909954,
42480142,
40008639,
41302966,
38626716,
42314300,
40992634,
42496551,
42620817,
40404749,
40343568,
41645975,
41272378,
41467547,
40190287,
41069139,
43661543,
42688985,
41503999,
41635438,
40237599,
41882550,
40100670,
41646624,
41674287,
40586685,
41395274,
42588412,
42288462,
41071598,
43060299,
43692741,
41264886,
41320101,
42429743,
39842728,
42396710,
42197502,
41190535,
42357003,
42453835,
41273852,
42253758,
41296907,
43502851,
41456644,
41066094,
41007057,
42197711,
41355041,
41368913,
42439000,
51890732,
42335602,
42369963,
42502955,
43853755,
42466724,
42224652,
41612916,
41203965,
42609108,
41182751,
41370578,
42432797,
41230285,
41302998,
42890851,
39031226,
39861784,
43600750,
42511717,
41279536,
42633113,
42315398,
42914483,
42595487,
42765234,
41024311,
42686547,
41336526,
41378146,
42257170,
42494138,
42198900,
41784495,
41424236,
41445666,
41402983,
41372418,
42265971,
43536757,
42075034,
42421159,
43485332,
42527279,
40912838,
42672581,
41008173,
42753520,
41066951,
42236334,
42243198,
41097370,
41005184,
42274689,
42094514,
39697368,
41847160,
43286934,
42316068,
44074313,
41192408,
41211949,
43375760,
41564621,
41348918,
41402899,
41104979,
42545410,
41060417,
42594240,
42522799,
41391909,
42404689,
42641143,
41259222,
43719404,
41098161,
43372891,
42177790,
42400206,
42265614,
40061673,
42398950,
40274991,
41542868,
41562278,
41114542,
43462474,
43293616,
41649854,
42482524,
42349736,
42529669,
41562220,
35881650,
40630425,
41109379,
43793834,
41052702,
41485765,
41567053,
40277125,
42651793,
41679584,
41567205,
41621221,
41128999,
42751935,
40547100,
42450956,
42355212,
41011915,
40444392,
40365352,
40436367,
41516219,
41105676,
42499467,
42601521,
41685476,
42909973,
40522006,
42711741,
40302706,
41607532,
42595380,
40453895,
41607979,
40329126,
40583310,
40543503,
43881018,
40429527,
41903031,
41358771,
42027861,
41950306,
51336891,
43509960,
41249011,
41142003,
40978568,
42250020,
41265461,
42361445,
41269063,
41114958,
42319335,
40843619,
42305617,
42305456,
41379337,
40110195,
41193892,
39951509,
41154482,
40929216,
40950814,
40886164,
42394008,
39632345,
41138892,
42259037,
42430913,
40191727,
40350746,
39967462,
41300911,
39812357,
40159454,
40850218,
42436517,
41587281,
40219893,
49609177,
42491656,
43667268,
40036725,
43021277,
42533005,
41340548,
39921058,
41970868,
41349450,
41726946,
42063220,
43908826,
41180136,
42865053,
38926191,
42639729,
40254227,
40339581,
41243357,
42848717,
40383894,
41259100,
42171904,
41528859,
41131099,
44093127,
41857479,
42436385,
41121047,
42689668,
40099238,
41105820,
41178479,
41495162,
41374553,
41120796,
39513739,
40183736,
41027706,
42271344,
43442681,
41385305,
42248218,
42945713,
42211155,
43719756,
41026069,
42431248,
42546955,
40496228,
39983889,
40050734,
42441980,
41708105,
40281729,
41301801,
42226028,
42646332,
41507931,
41666823,
41274020,
43942644,
42428545,
40226057,
41476389,
41734353,
42196853,
41418708,
41140849,
41488342,
42362145,
42217927,
42292334,
40361105,
40180840,
41123785,
42162408,
41633450,
41374708,
40513249,
41408291,
41643601,
42579895,
40237153,
42361712,
40278534,
42469763,
40167065,
41198681,
50272445,
42175325,
40148369,
42281688,
42677841,
41249741,
41610251,
41226281,
40432261,
42399780,
42660423,
40167705,
40414186,
41283232,
41633338,
42560958,
40217452,
42357149,
41470932,
41257955,
43081961,
41304748,
40459548,
41685505,
42487976,
41304862,
41430444,
39837546,
40041630,
40993137,
43909698,
40881346,
41402553,
42337995,
40234694,
43429002,
40321803,
40070547,
42613807,
42414384,
41512999,
41135459,
41523433,
42422619,
42038822,
37351556,
37481934,
39365216,
39848325,
38303899,
39814974,
37240963,
39928370,
39779156,
38771049,
38514770,
38515964,
39667633,
39840782,
40756188,
36069267,
39588116,
38616359,
39814733,
36375414,
39473807,
42499229,
41229945,
41746442,
40180007,
40142468,
40931783,
38972983,
41164950,
42443769,
41362039,
42498149,
40964259,
41144983,
43457545,
42471100,
41055262,
42482529,
42557256,
41507918,
41272685,
41434551,
38790718,
42801420,
40019008,
42401147,
42451530,
40311273,
42300652,
42571450,
42489090,
42763787,
41048255,
42524624,
41123188,
42624068,
41171404,
42589382,
41361381,
41190393,
39999752,
41205535,
41438307,
42689702,
38864175,
42539075,
41003326,
41266850,
38624815,
40900531,
38172971,
37617244,
37180641,
39957894,
39563083,
41100282,
38404254,
40897124,
38336989,
42773362,
41523310,
41650599,
41258587,
43859560,
41341468,
41702163,
40485524,
40228093,
40556892,
41573282,
42450393,
40471077,
40069464,
41571419,
42299142,
42694931,
41177984,
41353040,
40170192,
42770268,
42323853,
43079800,
51768560,
41872737,
40108724,
42372999,
42787663,
42456023,
42307981,
40506980,
41255611,
41227352,
42197930,
42686812,
41332896,
40258407,
52200739,
42383353,
43582108,
40649748,
40144792,
41714626,
40020903,
41689058,
42412434,
41725941,
42456858,
40651860,
40244808,
40242916,
42447422,
41614576,
41375836,
41972170,
40359352,
40645480,
42451291,
40699450,
40393253,
40708485,
41156231,
41463530,
40230671,
41486750,
43451252,
40592567,
42543230,
40325875,
43518558,
43029242,
40347841,
40549739,
42366175,
42858483,
40386631,
41817688,
40466993,
41622731,
42711353,
41701106,
41145918,
41751719,
40202286,
44202731,
42623521,
40537887,
41394302,
40159892,
42599957,
40447504,
40174892,
41586684,
40048361,
43849043,
41659740,
40566050,
41528962,
40361035,
42454979,
40455429,
42608833,
39240509,
41273705,
42565611,
42537163,
41449338,
42568424,
41613761,
40189076,
41588239,
41423845,
40520194,
41236036,
41517331,
40192775,
42575071,
42476092,
41115323,
42533458,
40281036,
41466521,
41467225,
41512169,
40539062,
40286558,
40786901,
39147226,
42342431,
42364149,
41803757,
41353387,
41851138,
37880426,
41306277,
41410663,
41674422,
40351699,
42622214,
41336253,
42630199,
41402183,
41521882,
41225948,
40424600,
38959198,
42473398,
40993857,
41054183,
41080257,
42173246,
43136700,
41277320,
39966840,
42477808,
41127325,
41453210,
40988224,
42470173,
41247514,
41707152,
41289189,
42531376,
42227205,
42604528,
39915308,
42457264,
42156584,
41306600,
42039015,
42448131,
41024727,
41119285,
42286515,
40229636,
42326610,
40144400,
39716304,
39488084,
42121204,
42119982,
39660996,
39869053,
41629136,
39794746,
41884425,
44728433,
40140540,
40801142,
42243766,
41268458,
42198911,
39638360,
42037787,
41092912,
40614139,
42337741,
39577688,
39940577,
40919011,
42541631,
40869348,
41229055,
39845945,
40049859,
40985461,
38777636,
42323129,
42569368,
43979629,
43501447,
42423049,
41487453,
41172137,
42702444,
42387902,
44032630,
41006026,
41397202,
42186424,
41496652,
42558884,
43348007,
43138729,
41571441,
41391462,
39279141,
41144114,
40344349,
42178278,
41330003,
43417590,
41556661,
42523053,
40410194,
41203385,
42723782,
41353404,
40245293,
43649524,
40434329,
43679596,
40634802,
40003217,
40241486,
41083171,
42385284,
41344667,
41369391,
42424926,
42581165,
42199046,
41639540,
40954884,
42041196,
40243412,
41678499,
41165175,
42499953,
41164360,
42579235,
41386987,
41610607,
41080099,
41594752,
40267316,
39960200,
41353347,
42552540,
38846279,
41270764,
40696889,
42464133,
41182916,
41436501,
42434680,
40306259,
40078445,
41329026,
42199274,
43007985,
42404234,
40231966,
41512519,
41495100,
42561806,
40305106,
41337193,
41626520,
41623899,
43120625,
41378592,
41197245,
40820196,
40139688,
40187204,
42543291,
42279858,
40594357,
41282292,
40608004,
41281926,
41329301,
41468294,
41292456,
43621784,
40490345,
41233009,
41339221,
42278016,
40288347,
41275065,
41804546,
41380155,
41246317,
40216365,
40487261,
41306725,
41216769,
42338619,
40421833,
41163273,
41251858,
42444499,
41451098,
41454085,
40392729,
41287117,
40634287,
41447001,
41446496,
40831571,
42830288,
41188741,
43960882,
40240891,
41719914,
40347079,
41630143,
41509548,
41680274,
40165016,
41465666,
40308901,
41558383,
41463018,
41852008,
41373874,
41558933,
42330654,
42530551,
41160924,
43984914,
40167733,
41790922,
41141102,
41304843,
41443257,
41534181,
40235128,
42678305,
40256600,
41611057,
41576367,
41123732,
43896992,
40220574,
41558282,
41865297,
42489477,
41908066,
41808353,
41552792,
40354068,
40098248,
40551169,
40937271,
40343674,
41720784,
41495880,
40724342,
40241568,
41553373,
40063668,
43379510,
40467161,
41815974,
41755455,
43680843,
43259829,
42537932,
38904023,
40070390,
41117210,
40243586,
41117290,
38825305,
41470731,
43332932,
43491975,
41534129,
40326830,
41336803,
40938406,
44611940,
38449369,
42340479,
41467646,
42583417,
41418117,
40495829,
40065215,
40325975,
41212722,
41825157,
40270241,
41501655,
41316831,
41592793,
42184203,
38983617,
41382195,
41435484,
41281249,
41604244,
40975958,
41298989,
42337234,
42984287,
41307017,
40390686,
42258517,
41481556,
41088120,
40148380,
42109097,
40356535,
43509623,
40283827,
42454367,
40240630,
41112759,
41740982,
41173457,
41563185,
42333769,
40310816,
41132719,
41611023,
40189534,
40378829,
42135436,
41562361,
41318599,
41555716,
40012851,
41679717,
41163622,
40308614,
41363019,
40190302,
42300025,
40232616,
42370383,
41456740,
41029169,
40175698,
42192991,
41319159,
52164176,
42527344,
41319599,
40530008,
42543763,
40354513,
41271270,
40492486,
41519796,
41575955,
41327836,
41531142,
41126992,
40566288,
42382853,
40604681,
41326986,
42072182,
41216196,
41736158,
40366482,
41640240,
39936399,
42841828,
40157196,
41811940,
44005327,
43738331,
40197994,
41668318,
40159981,
40426370,
39859645,
41310807,
40870352,
42144603,
41121341,
42920623,
42247028,
41314629,
41074018,
42822251,
40207859,
40433247,
40276903,
41872986,
41371225,
40538398,
42220034,
42728827,
41121641,
44108025,
40222155,
41489682,
41410386,
41623529,
40138465,
41240145,
42629567,
40376003,
42172010,
42850016,
40284590,
41514898,
41349212,
42135943,
38872000,
40341273,
40014309,
40137556,
38549335,
42252580,
38979790,
41356656,
38922972,
41426207,
42148093,
40067865,
39774976,
41097892,
42000360,
40052604,
42141751,
43533254,
39841710,
41353144,
40900995,
40203403,
42127556,
41272427,
40969756,
41439508,
41163188,
39931984,
39002988,
40018306,
41059455,
40013756,
42426051,
39791192,
50151490,
38622023,
41446620,
41112193,
42023993,
41153930,
40410166,
37768585,
37393094,
38798176,
37644649,
40217432,
38824961,
40266997,
41028364,
42718999,
41113008,
40207067,
40013863,
43817617,
40254369,
40441849,
40025713,
42956886,
41120012,
43796024,
40017261,
40093449,
43478796,
40285795,
41131189,
40406283,
41324436,
42140630,
43420628,
42857470,
40401790,
40250940,
41243044,
40320985,
40125612,
41293446,
42515527,
40237671,
42029589,
40225562,
39823720,
38634691,
39969771,
41244949,
41024654,
38876139,
41088253,
37864714,
41962637,
37790312,
38696994,
39989263,
39903596,
39030319,
38646210,
40181323,
39918063,
37790094,
39827884,
38957915,
41045921,
37768220,
37508756,
41078334,
39904671,
40230544,
38851353,
38897462,
39920735,
39244778,
42399001,
42610540,
41234636,
39192471,
39750997,
41428924,
40919277,
40041000,
40061745,
42550360,
37383669,
41629391,
41218841,
42322653,
37767995,
41014018,
39866124,
41314540,
38743604,
40317376,
40018897,
41533404,
42120977,
40424715,
42177407,
41274402,
41143716,
40232639,
39964038,
40204401,
39984330,
39217546,
37689621,
39047576,
42423884,
40461781,
38076194,
42543400,
40163748,
43493159,
41419602,
41218091,
41325943,
42697614,
40356605,
40108730,
41260633,
41261148,
42538818,
41488094,
41163981,
40264798,
39127097,
39397021,
41148486,
40273181,
40899993,
39925738,
41206981,
40169374,
40693912,
39017787,
41206796,
42420052,
42342274,
39109652,
39042393,
40229174,
40044904,
39255029,
39060342,
41038631,
36508422,
39114979,
41239401,
40120242,
38822710,
40066666,
38934693,
42687670,
42189233,
41392187,
39864595,
40729272,
38884647,
40342634,
40152785,
37716287,
42427755,
42493748,
38800767,
41574566,
40965491,
40010769,
40182234,
43640621,
41067377,
40146535,
41506027,
40411951,
39826832,
40072849,
40062051,
41231844,
39275792,
40033060,
39044489,
40177825,
40189780,
41657891,
43114586,
39302143,
39869993,
38880626,
40099135,
40202423,
41586926,
40087294,
39992982,
41421433,
38650240,
41167814,
37847728,
41393300,
37806632,
42524433,
39891676,
40436384,
42390151,
40099898,
38943268,
40045529,
37611684,
41102206,
40159239,
39953214,
39858580,
42567676,
40104995,
41392634,
42297680,
42432850,
40905325,
41557862,
40242938,
39244339,
39855502,
37968652,
39881323,
41528068,
39970674,
41311484,
41086063,
41573191,
42004239,
42622235,
39989538,
41472350,
41405881,
39105134,
39913201,
40356041,
41126314,
41500589,
41243210,
41634053,
39658393,
42684851,
42334964,
40251144,
43475254,
42588619,
40227314,
41478409,
41168875,
41665758,
42360840,
41742225,
42443332,
42360945,
41249416,
41557318,
40472265,
42653064,
40988462,
38136915,
41077526,
41568515,
39924210,
39712688,
42381919,
40402455,
42436587,
41835880,
41408308,
42901993,
42480404,
41528079,
41316574,
41525813,
42160271,
40398342,
40321595,
39133914,
41173985,
41276400,
41128447,
43766084,
39170212,
41673730,
40061040,
40523952,
42645820,
42772048,
41210839,
38786856,
41441653,
41416002,
40436233,
38975905,
41112453,
41528825,
41112111,
40212815,
42359132,
40490868,
42085247,
39473691,
42359695,
42658430,
38901000,
41648271,
42326275,
40355380,
42407080,
40496257,
40997546,
40557216,
43418100,
40470659,
41554647,
41617753,
41178039,
40667274,
40111224,
39321296,
37891040,
35490939,
40198147,
38364318,
37979918,
39532684,
39232677,
38326729,
38098094,
40715651,
37944598,
39107499,
37938531,
38302723,
38182845,
43711887,
39868307,
42396883,
41242549,
41410432,
41333563,
42565389,
40070864,
41563962,
41675856,
39949161,
39897812,
39862919,
38649565,
39796619,
39886729,
40196804,
38645665,
37612502,
39988073,
50570164,
40997216,
40384098,
42166292,
41408986,
39830986,
41319734,
37671162,
40217313,
37653752,
37776083,
39751900,
41076345,
38239381,
37325127,
40890104,
39744385,
40173336,
41137869,
38751716,
40665761,
43295632,
41043195,
40235906,
41395396,
39850011,
40095946,
40115317,
40205033,
40088744,
40346424,
38869358,
42492937,
40170703,
42440652,
38840312,
39525934,
40758737,
49872127,
39762321,
39071965,
40013209,
40142735,
39603425,
39877924,
50980713,
40981227,
38510720,
39488774,
40574155,
38477698,
39433125,
38744313,
38571468,
39408168,
41065846,
37520020,
39769986,
41074619,
39848472,
39673805,
40915109,
39534411,
40441382,
39938386,
39546481,
39283534,
39750989,
39483485,
39472289,
48717553,
38562504,
41102741,
39736786,
42534996,
38945833,
39904554,
37249363,
38521071,
38435320,
39837549,
41908529,
39988053,
39694293,
40714558,
39710588,
38675430,
40598224,
39809860,
41068349,
39029656,
37499519,
40046830,
38624822,
38697892,
38631569,
41041020,
40720116,
38847616,
40800907,
40021468,
38594522,
39841159,
39819782,
41040043,
40731034,
39806151,
39745105,
41220717,
39606206,
38732612,
39715104,
41074776,
48065777,
39858654,
39613018,
39662238,
39627243,
38860482,
40946865,
38748699,
39451769,
41123700,
39703138,
41264728,
37495791,
39790494,
39652702,
38510114,
50270320,
38770259,
38577497,
39033279,
39926668,
39865412,
38502145,
41106298,
40965008,
39827372,
49962762,
39696443,
40122107,
40143018,
40742991,
38996786,
40918924,
38955510,
39731146,
38968138,
42195623,
38945562,
38659175,
41357979,
40271601,
41036428,
38841350,
38819201,
39643894,
37776687,
38419751,
40187004,
39890489,
40263801,
39790700,
38907182,
41069647,
40031275,
41098680,
40315408,
39986483,
38727115,
41102846,
38814471,
40926676,
38666892,
37539991,
39891848,
39746329,
38725640,
37589797,
39789377,
39868290,
41085658,
38925631,
38852915,
38662121,
39905132,
39775263,
39066506,
38988991,
38904131,
37831044,
39959663,
39679842,
38808078,
40721970,
38787248,
38804310,
38424767,
41010168,
39911328,
41010628,
42245660,
42075954,
42649864,
40906140,
40178524,
42024541,
40387826,
40034037,
42173423,
