11692288719,
75645283,
51411216,
51568131,
50380762,
51835726,
50686850,
49467407,
48627683,
52264232,
49329002,
49016618,
48548778,
50784652,
48793407,
50638716,
49054077,
48767238,
48480193,
48537639,
49881430,
48747049,
48455861,
48726319,
48699021,
48277026,
48567269,
48955474,
53400320,
54021555,
48565159,
60151003,
48507840,
48973063,
48903965,
49253881,
48992914,
47625945,
48183487,
48500940,
52912399,
48589806,
48873040,
51449731,
47969818,
48096922,
47453622,
48850594,
48040718,
47553501,
47545118,
47623333,
47849458,
48000794,
47300337,
47657811,
47781442,
48129274,
47065990,
47458788,
48159582,
46570804,
47838817,
46290149,
47967617,
46664700,
47633132,
49034812,
47363941,
48065840,
46322094,
47687698,
49305994,
46853820,
46369872,
47335640,
47779589,
46990217,
48883892,
49068930,
48880852,
46480040,
47448039,
46518791,
49258637,
48114637,
50823995,
47595120,
47821994,
48345965,
47603111,
47392624,
48066568,
49333802,
47429989,
47482405,
48081050,
47922375,
47397689,
47145524,
47328445,
46750067,
47388650,
46333573,
48132770,
49148171,
46140738,
47315208,
47966837,
48438699,
48131275,
47449710,
47671670,
50645183,
47214957,
48412421,
47852403,
47848226,
49053216,
50084550,
47475713,
50154652,
48500848,
47143277,
48688228,
47440794,
48895838,
48457514,
47327445,
48507264,
48446553,
49872039,
48621087,
48562104,
48769884,
48756475,
48998623,
48440111,
48138819,
48054618,
47522378,
47605222,
48569757,
48180496,
48610527,
48551454,
48519099,
47240274,
49178258,
58826286,
56499146,
47356001,
47640679,
48697773,
48523068,
49180057,
50709064,
47745685,
46692374,
48213021,
48694241,
49464841,
48317178,
50957975,
52564284,
48715955,
59455605,
50436858,
48841700,
47522764,
48212288,
48280745,
48291345,
48782155,
48368090,
52292480,
50215763,
52627999,
48304694,
48246555,
49163701,
48376283,
48698328,
47073216,
48837037,
47548965,
48502058,
47002201,
51706258,
48581459,
47166097,
48398512,
48531933,
47016908,
48283918,
47216560,
49255634,
48597783,
47840821,
48056850,
48374462,
48959666,
48205228,
49717676,
47029741,
47633396,
48486617,
46788428,
46734887,
47763506,
48291326,
48693942,
48805148,
50383572,
48516030,
52347008,
48798768,
48524803,
49426148,
48543552,
49706412,
48749942,
49153949,
48194514,
48735517,
50002884,
48716792,
47781859,
49002982,
49047888,
47292520,
48644172,
49519574,
48509141,
48466907,
48014611,
50028164,
48729423,
48643748,
48463873,
48481609,
51417514,
48987916,
47781019,
48900374,
49110585,
48332715,
49772557,
47713033,
46616503,
47145593,
48616089,
48948269,
48773382,
48480855,
48615612,
49135282,
49145299,
48385172,
48299797,
48889441,
47964095,
47733248,
49935185,
50265395,
48149715,
48240675,
48483112,
50310523,
51741673,
49779281,
47964354,
48862306,
49436313,
49137652,
48469705,
48673123,
50501594,
48766566,
48292154,
48865311,
48614317,
47297566,
48448016,
48762515,
48502216,
48458779,
48881200,
49270761,
49039949,
49226197,
48318589,
48711855,
48983419,
49956846,
48507355,
48825292,
48699713,
48405787,
57526240,
57431146,
51210219,
48376045,
48578628,
48635249,
48491365,
46911163,
48433539,
47226701,
48062163,
52608035,
49985270,
48136972,
53662318,
47555755,
47986672,
48247165,
48990679,
47594545,
49819749,
47342116,
48665166,
48631622,
46166939,
48641995,
48945917,
47269364,
48341950,
48555956,
48993574,
46925808,
48678259,
48982909,
48664327,
48350932,
48683892,
47547112,
48822657,
47282920,
48133120,
48416852,
48777005,
48299342,
50062140,
48373177,
48423368,
48510768,
50093616,
46999845,
48937980,
48949317,
50030971,
48226356,
48408841,
48742181,
47499571,
48489783,
48639569,
47126650,
48253335,
48594870,
48921253,
48439758,
48345464,
49073650,
49197630,
48846757,
47079334,
48216891,
48729674,
48684144,
48470831,
48571870,
48938284,
50571009,
48722750,
48087909,
49747768,
48551529,
48063904,
48997078,
48780968,
48928409,
47584171,
48255870,
48913860,
48985219,
47519404,
48683540,
48536208,
48462700,
48512530,
48470362,
49162474,
50130628,
49190539,
48274719,
48872960,
48574985,
48721657,
47145578,
48757700,
49082441,
50172145,
48348015,
48378396,
48456369,
48010601,
48430088,
50295773,
49081492,
48745512,
47689326,
48916418,
48123542,
48550035,
48503077,
48584268,
49785960,
48130440,
48473043,
49515718,
49079340,
48781445,
48238060,
48766016,
49036952,
47304970,
48241322,
48270737,
48782914,
48450114,
47241765,
52428182,
56541312,
52112722,
51841611,
48712574,
50049792,
48607597,
50939733,
48157233,
48600151,
48116909,
48172231,
52380350,
52315297,
48099576,
48465596,
48395837,
48969606,
47262128,
47117138,
48150399,
48500601,
48526084,
46879166,
48670262,
46727244,
47116010,
48425869,
48803881,
47654384,
48447451,
47462456,
48351596,
48587368,
48377487,
49057369,
50275833,
48629715,
48089610,
48456283,
46900283,
48713911,
48183708,
49301186,
49789443,
50233344,
50087435,
48103791,
51154631,
48874668,
48288126,
48957158,
48051902,
48907024,
48319409,
47819373,
46987887,
48771151,
49861450,
48408091,
48600938,
49980392,
49834019,
49521413,
49222488,
49914813,
49849876,
48116305,
49218999,
49508674,
49784205,
48197695,
46537183,
49867245,
48395994,
49264281,
49397469,
49886442,
58648727,
49590439,
49443133,
49721193,
48858055,
49396190,
49448416,
49863034,
48402987,
48915356,
49162405,
49534337,
49962563,
48218165,
49369761,
49934351,
49642784,
48058810,
49337170,
49410240,
49797427,
49472327,
49792691,
50024210,
51347955,
50210870,
52379630,
50006452,
50016085,
48425671,
47429734,
49846710,
49632300,
50809387,
49403715,
49265097,
47239467,
47847496,
48429136,
49307418,
48308083,
48580053,
48141917,
46901035,
48524305,
47425958,
48445037,
48204796,
48063921,
50841061,
48157246,
50068510,
48526391,
46964077,
50420094,
48906510,
49489691,
49422267,
58400821,
52243145,
48808415,
51880634,
50546970,
49838785,
50348451,
50482254,
49553194,
48545713,
48548582,
51054394,
48325335,
52119008,
48609248,
50662507,
49874155,
49877706,
48526124,
49628197,
47995894,
48481047,
48585387,
47252978,
47041092,
48441137,
48382584,
48140197,
48099254,
48050987,
47896816,
47805089,
48084948,
48230775,
48536706,
48259014,
48179226,
48120573,
48341304,
46916312,
49561952,
47117179,
47339138,
47962118,
48340854,
48122675,
47233409,
47056405,
47049641,
45804580,
47175248,
46861661,
46892839,
46764157,
47371449,
48334516,
48136892,
48187832,
49706736,
46056090,
46820236,
47923358,
47252969,
47578479,
48157440,
49348780,
48336777,
47048219,
46867912,
46877556,
47168616,
48397382,
46910668,
47101722,
47531762,
47317604,
48224113,
49183277,
48158665,
47343700,
47949102,
48044703,
47116942,
47208851,
47055107,
46798651,
47686837,
47271920,
47635286,
46099588,
48012760,
47614202,
46733133,
47147765,
46857927,
47162530,
46915510,
50256796,
47250047,
47882070,
50522617,
47939606,
46102571,
47232676,
46712705,
47922123,
48038766,
47337358,
49000358,
47475250,
47972304,
49517816,
49121337,
48323863,
46863560,
48422053,
45978276,
47825599,
48653935,
47902036,
46179764,
47023687,
46861480,
48606123,
47569598,
47352923,
48126324,
48287041,
48141754,
48976608,
47025408,
47448289,
47360854,
48100498,
51899501,
56462721,
52237854,
50817208,
49305675,
47407025,
48373608,
48312911,
45877629,
47550370,
48753187,
45866165,
51853209,
45910052,
53563880,
48012094,
46932768,
47433107,
48392008,
47906477,
47055014,
47597504,
48336705,
48475181,
46039014,
48502670,
48296910,
48016669,
46840787,
47005517,
48066522,
47364325,
47232152,
48589633,
47552066,
45754911,
46992982,
46798372,
47463413,
48603484,
46671352,
48026030,
47628827,
48045765,
47070541,
48058376,
47174188,
48773300,
45864902,
47186371,
47114619,
47899292,
48279587,
48532932,
47776835,
45890312,
47001968,
46951422,
47111113,
52501951,
48417581,
48267581,
48534234,
48065245,
48244549,
46655400,
47088977,
48333091,
47612261,
47932509,
49688569,
46450165,
47237082,
47314084,
47640820,
47722332,
49002822,
47043469,
51358542,
50525577,
48707984,
48483474,
49120760,
47967117,
47560156,
47277144,
47381337,
47974671,
47498561,
47307241,
47542216,
47480196,
46564556,
48701864,
46311206,
47267127,
47187180,
46916419,
47585644,
46243346,
48290191,
53109424,
52830409,
47038570,
47412226,
47720034,
47169077,
47796721,
47530789,
47258002,
47118913,
47001136,
47573721,
45991418,
47703789,
47312006,
47904479,
47164961,
47286527,
45912192,
47571832,
46315961,
47243068,
47685120,
47385599,
47567506,
47248828,
46402915,
47319966,
48232150,
47006309,
46799479,
47397447,
47279844,
46146393,
51551207,
59100260,
52201479,
47352851,
52036514,
50011143,
47371462,
48975546,
47376655,
49829120,
47404770,
47017836,
47561520,
55245902,
46637879,
48295180,
48707816,
47372578,
47095655,
48232403,
48849791,
47401218,
48444846,
47186928,
49262012,
48581577,
47157203,
46996348,
48105898,
49797533,
47277261,
46901423,
48040259,
48471939,
48139912,
48017619,
48182585,
46884452,
49370058,
47518017,
47486507,
48295557,
48199649,
47041804,
47248006,
46008334,
47048213,
46793682,
48108938,
48071959,
47030093,
47246769,
48387614,
51488198,
48702011,
48047703,
48315130,
48101294,
47515271,
48373112,
46951869,
47388931,
47760701,
47098071,
48489211,
47480713,
46357992,
48720074,
46588500,
47305684,
46965669,
46670724,
46950789,
47311987,
47761868,
50550656,
47999621,
49725144,
47780828,
47486315,
47969330,
48268375,
45752353,
48327227,
49706775,
48775794,
48312528,
47244303,
46900101,
48766656,
48414553,
48518622,
49135230,
48569133,
47597620,
46941403,
47401345,
48235346,
47417916,
47000917,
48578352,
46879634,
47926122,
47133298,
48485222,
47672987,
47342648,
46861509,
47995092,
47883472,
47185698,
48190176,
48193557,
47374806,
47555045,
47061626,
48192580,
48118437,
47152824,
48210329,
47045571,
47762529,
47112400,
46069987,
47487906,
50499495,
47578438,
46995824,
45972737,
47317953,
48552942,
47332844,
47792501,
47554909,
46299576,
48365738,
55492740,
52283137,
47528988,
51121559,
47111646,
47366568,
46618275,
47075590,
47646263,
48568556,
48250354,
50739904,
50992917,
47267136,
50220189,
46748214,
48832638,
47437071,
46632017,
47158380,
48568534,
47014030,
46826666,
46949458,
46698910,
47018009,
46631057,
46831728,
46966064,
47424531,
46898691,
47153852,
45730082,
47095588,
49104534,
47329106,
46816806,
46995489,
47141224,
46959505,
47564446,
46978817,
47172576,
46903162,
47003544,
47401217,
45855365,
46844239,
47390731,
48362430,
47119816,
47170509,
48285623,
48275433,
48332108,
48007290,
47409849,
48744591,
49393132,
47231482,
48527789,
46652338,
46703627,
46958462,
47068973,
46078696,
47149535,
50398525,
47072068,
47090494,
47117018,
46825580,
47147468,
47085650,
47008612,
45604377,
46558428,
47270138,
49697863,
46771996,
48418242,
48517266,
48127465,
48278006,
48075161,
49756324,
47804892,
47144057,
47269197,
48677717,
45966757,
46856493,
48534754,
47933014,
49028812,
47180487,
47622910,
45518798,
46740789,
48693194,
47317949,
47835923,
48442379,
46731531,
46943203,
47048225,
47254489,
47472694,
46011547,
47298199,
47393832,
47279340,
47650120,
46846809,
47117373,
47355063,
46848870,
47206306,
47110241,
47266598,
48549197,
49049175,
49909160,
48893261,
48663909,
49058146,
48855166,
49085694,
49273090,
48467676,
49137468,
49272260,
49119642,
49035754,
53297359,
52854297,
46008185,
51277347,
52265452,
47469820,
47009803,
45861944,
47276502,
49822201,
47280308,
53347089,
50544833,
48270039,
47902214,
48399940,
48175591,
47344039,
48273568,
47053907,
48537860,
47123596,
48452014,
47291428,
48300565,
48943070,
48178859,
50192805,
47877477,
47342583,
48826415,
48360151,
47177588,
48471557,
48365688,
49123317,
49177541,
49701731,
46310188,
48635592,
47328041,
47125210,
48330403,
48841326,
48248338,
47451064,
49320045,
48438872,
48594887,
47222924,
46936730,
48542848,
48432378,
49961755,
48546125,
48010330,
47534155,
47251036,
47704239,
48696461,
47454570,
49677710,
47453442,
49178351,
47724037,
48095879,
47922245,
48811346,
47455538,
47233063,
48566512,
48208088,
46998828,
47711855,
47119640,
47448220,
47145020,
47095110,
47473881,
47295294,
49090445,
47919833,
50162831,
47664167,
47776322,
47581446,
48376137,
48511112,
47499156,
48109198,
46962115,
47388431,
48587968,
46209579,
47361223,
47482944,
48811150,
48887519,
48304294,
49688929,
49442495,
47291986,
46916041,
48085500,
49124226,
47422840,
47393875,
47073701,
47711669,
47803900,
47415475,
46351826,
47822222,
50021461,
49127713,
47566459,
47312232,
47333713,
47229497,
47455001,
47232771,
47214442,
47348720,
49595486,
49298941,
49880879,
47144076,
46245027,
48800788,
50670092,
47786785,
48035381,
47983509,
47583213,
47740003,
49974913,
54998263,
53301217,
48679189,
51032816,
53275381,
48475190,
49688477,
46752063,
48330876,
49657548,
51430127,
46781182,
51893706,
50131350,
48544205,
48006507,
47382748,
47668218,
48370417,
48152349,
48176141,
47832951,
48300762,
48278014,
48349187,
50548531,
47142583,
47552744,
47400163,
48567973,
46890959,
47892299,
50384235,
48278448,
48171777,
47300656,
47275238,
48155110,
47740489,
48504818,
51307147,
48753623,
49734170,
49049182,
47098577,
47790092,
49927831,
48654875,
46119948,
52324810,
47360291,
49000968,
49232783,
47183840,
49908663,
47149453,
48030731,
48596386,
50995081,
48848346,
49663936,
48104602,
48158828,
50658010,
47422597,
49187910,
49926719,
48305645,
49925868,
47831264,
50288636,
48241677,
49941829,
48281198,
50160604,
49499607,
48709419,
48000819,
50531631,
47914297,
50606774,
48266019,
49516128,
50830105,
48033343,
49832808,
48459514,
48411254,
48456434,
48239009,
49085905,
50049236,
48000376,
49894767,
48745890,
47097906,
47191074,
50422209,
51821004,
49929200,
50924620,
48201929,
49123744,
48348344,
47204004,
47412661,
47536735,
49983939,
49584664,
47607581,
47485765,
47563305,
46149447,
47257306,
47436704,
45990578,
47146832,
47335160,
47003483,
47209488,
47147484,
47424518,
47196749,
47191005,
48511229,
47078304,
47149710,
48038975,
47519388,
47288569,
47455343,
47111767,
46813630,
47731333,
46909759,
57089124,
48153390,
51411229,
52165891,
48596789,
48269576,
47426201,
47201531,
47299769,
47402686,
56024731,
46317182,
46158194,
47348072,
49043343,
47028671,
47434352,
47469253,
47465776,
47293691,
47131353,
47202608,
48494731,
48514789,
47305817,
48957284,
47177988,
47735720,
47107198,
48936375,
47311573,
47528011,
46443382,
47203392,
47060308,
47361727,
46071895,
47253905,
47278425,
47195365,
47256915,
47009075,
49991548,
48701178,
47173194,
46955138,
47392027,
46364948,
48589529,
48853829,
47128298,
47642469,
48922296,
47372755,
47773302,
49821747,
47486108,
47368056,
50195327,
47591068,
47178382,
47441165,
46084006,
46199981,
47378923,
47098164,
47211047,
49086238,
47104599,
47800249,
47317974,
47180934,
47500322,
48507968,
47053572,
47041656,
47433207,
47266434,
46979017,
46934317,
46762822,
47425792,
46119277,
47260450,
47484194,
47564914,
47472511,
51327868,
47099799,
47498135,
48899713,
47222464,
48474725,
47113801,
46115468,
47349828,
47237679,
47320509,
47102921,
47206425,
49111621,
47151176,
47249862,
48777556,
47390587,
48022946,
47043782,
46069696,
47271823,
47443382,
46476024,
47426276,
46039980,
45734000,
46988160,
47058792,
47027238,
47454321,
47113766,
47364555,
47074263,
47057153,
47614047,
46623710,
47972710,
46936109,
47266367,
46949579,
46811808,
46954547,
47065385,
47936749,
46615448,
48366490,
50497051,
49648212,
55325550,
49656684,
47430227,
49682529,
47140461,
47592070,
48559880,
47509602,
55544824,
47133166,
47290907,
46805211,
49590094,
47245007,
47012396,
46807333,
47042563,
46926281,
48308548,
48145556,
46963039,
47175986,
46897679,
46648828,
47448647,
45958996,
47068815,
47214251,
46361330,
47110206,
47023927,
47013721,
47230267,
46414900,
48137181,
47198503,
47426782,
47167167,
47321259,
46675352,
47144748,
47339621,
48752631,
47232421,
47274283,
47381977,
47647034,
46198225,
47278852,
48509233,
46523097,
49776658,
46301118,
45979314,
48646865,
47256591,
47530451,
46090956,
47692066,
47164384,
47257156,
47263962,
47049485,
47484616,
46457254,
47460544,
47018443,
47279426,
47247397,
47113727,
47470658,
46022803,
47826410,
47453160,
45712239,
47271804,
47789707,
48882754,
47038855,
47332319,
47238389,
47132461,
46581592,
48659159,
47167738,
48723478,
47310068,
47475484,
46843889,
47176939,
47537729,
45879701,
47187004,
47140711,
47381163,
47102489,
47367617,
47270105,
47320469,
45346857,
47101333,
46789655,
47520266,
46925311,
47259011,
47002389,
47225120,
47319133,
47020374,
47281666,
47213854,
47247083,
47321454,
47356731,
47469217,
45900506,
47130564,
48864118,
48906773,
48979174,
47668310,
47383590,
47241842,
47448251,
48939717,
50146207,
47524407,
47257861,
47398608,
47486021,
48561087,
47565281,
48274778,
47254723,
58844106,
50887300,
47129977,
51097225,
47272762,
48859036,
47784374,
47373708,
55884522,
47094419,
47004527,
46980530,
51749088,
47591654,
47355163,
46989438,
47247369,
47946629,
47384955,
47029398,
47361266,
47482393,
47383520,
47393456,
46049496,
46819507,
47414744,
49084860,
47450525,
46345652,
48837896,
47471035,
46893692,
47097915,
47470978,
48440851,
47378192,
47113566,
47061080,
47893867,
48618737,
53826244,
53270659,
48032244,
48470366,
48134764,
47923395,
48059675,
48043770,
48007271,
48467940,
48394608,
51310424,
48624850,
47360173,
48097689,
48191586,
48189212,
46468650,
48353066,
48071290,
48287857,
48347070,
46851481,
48187242,
45478536,
48228120,
48326529,
48461689,
47331004,
47219804,
46975132,
48226326,
49735993,
48064896,
47984025,
48144809,
50100351,
50574905,
50374572,
50317940,
50930621,
48582716,
47507915,
47760450,
48073286,
48198190,
49963157,
48370119,
48024842,
47811773,
48781145,
48045412,
48401305,
48155752,
48030772,
48225151,
47324049,
47207960,
47020164,
47027794,
47079223,
46955395,
47454900,
47317072,
48267801,
47074180,
47120024,
47390670,
47157628,
47096700,
47100089,
47168190,
46655044,
47128993,
47337338,
47255638,
47205411,
47802469,
47435870,
48231468,
48300890,
48212229,
48852251,
48898739,
49766992,
48301258,
47058414,
48319886,
48172998,
49097450,
48213463,
48067822,
48314706,
53778760,
48346898,
59725038,
48127097,
53288243,
48333715,
47487283,
49704323,
52178514,
57356222,
48928566,
50621390,
49417840,
49503192,
48071392,
49653642,
48415355,
47672860,
47464176,
47122739,
50441967,
49104221,
49070000,
49107102,
47874599,
48113009,
49098982,
49228820,
49128140,
47986858,
49661086,
49570754,
49801562,
48410429,
49953445,
49870227,
48179615,
48256268,
49655631,
49443565,
48101207,
49209990,
48281967,
47886974,
49073002,
49510805,
48983454,
49277768,
49590429,
49481628,
49089150,
48973430,
49625475,
49365151,
48023007,
49407315,
47930654,
48527298,
47865613,
49646595,
46937038,
47808491,
47836072,
48521074,
48733490,
48256886,
47640615,
48370301,
48173078,
48363564,
47869710,
48172695,
48258007,
48943979,
48711209,
48253833,
48005448,
47358160,
49609950,
48412374,
48345968,
49329661,
47862438,
48391316,
49174146,
48061891,
47888459,
47300261,
48494515,
49500669,
49633853,
46897033,
49059045,
48038002,
48316336,
48457751,
46985329,
48044192,
48246520,
47974898,
48374020,
48110197,
50489035,
48456952,
47256794,
47515216,
48167673,
48012769,
48313722,
48173834,
48748553,
48007394,
48248508,
48080722,
48230298,
48062502,
47840563,
47942149,
51210461,
48047846,
49342037,
48270622,
48386042,
48796819,
48536932,
48717065,
48235073,
48095476,
48322954,
49509789,
46912743,
48295713,
48246927,
49234170,
48293763,
51790183,
57510383,
46955632,
51889129,
47411281,
48318769,
48545328,
47171377,
54397069,
52657687,
50172674,
51076185,
48196512,
48450255,
48213792,
48220211,
47861234,
48106058,
48053490,
47806583,
48828029,
48097020,
48385720,
48530333,
47152453,
48304294,
47318064,
49324138,
48420020,
48063983,
48382170,
49759925,
49212835,
48860203,
49590122,
48093551,
48248095,
48175162,
48260653,
48028412,
48064484,
48178569,
47923097,
48147155,
48330425,
49381199,
49079853,
48459187,
48170870,
48426045,
48783297,
48377709,
48402642,
48254919,
50977655,
49769623,
48377038,
48196795,
48861861,
48407504,
48066083,
48537517,
48225644,
50073465,
48285620,
48035916,
50119385,
48512197,
47036653,
48228478,
48379787,
48185939,
48094780,
48157350,
49604613,
47013680,
48171912,
48406608,
47295251,
50669319,
48352183,
48037014,
49025079,
48102405,
48435236,
50140022,
49760311,
50996366,
52078308,
50229829,
51625469,
51325303,
52041614,
51279735,
52341472,
50984619,
50141058,
51185929,
50876587,
53720548,
48720969,
51382651,
50836555,
49685419,
48640391,
48862863,
50053542,
51196448,
51136225,
48334405,
48482077,
48019998,
48402362,
47118307,
48408642,
48378676,
48587337,
48508403,
48704909,
48508594,
48566363,
48422086,
48199076,
48344345,
48372553,
48166867,
48228044,
49962615,
48270874,
49907801,
48729014,
48254915,
48839802,
46891409,
49745212,
52385966,
51903505,
54360354,
52281742,
48561023,
48728073,
48457089,
47207980,
54416476,
48491542,
48401766,
48258196,
49419737,
49060628,
49080355,
48144097,
48264402,
49585832,
48587343,
48813526,
49499070,
49342643,
49323576,
48254415,
48259498,
48161128,
49460428,
49655464,
49851358,
49630873,
49633067,
49916526,
48488630,
49859206,
49833321,
49297023,
49473672,
48375597,
48289656,
49433077,
48650388,
49804212,
51184302,
49799111,
49493508,
48069173,
50749406,
49648109,
50391198,
48171889,
48333931,
49715013,
49839680,
49442661,
49443161,
49567967,
47322924,
51157196,
49329565,
48267163,
48039921,
48397511,
50135586,
48194736,
47886461,
48014230,
48374649,
49220583,
47847505,
49045952,
48492833,
47975805,
48131073,
48580579,
47304807,
46853415,
47483319,
48245167,
48030147,
48300564,
46714542,
47455314,
49594983,
49102505,
48737066,
46820331,
48150658,
50135514,
48879694,
49457952,
48194719,
48266507,
49220968,
48189686,
48007710,
48323895,
48690336,
48949049,
49975280,
47063785,
48891062,
49315292,
48026431,
49132312,
47928890,
49131230,
48131384,
48500109,
47820850,
48330836,
48382578,
48343028,
49226772,
48920009,
48477221,
47001218,
48248820,
48029376,
48524178,
47141114,
48281213,
48586018,
47200342,
48351886,
48415493,
48360627,
48291872,
48331056,
47039089,
49668405,
48639127,
49001145,
48157885,
48366776,
48147054,
51985114,
53316226,
51645580,
52194759,
51813658,
49881877,
49489811,
52601443,
52446946,
49453032,
50469591,
50374353,
48095695,
51179982,
50809217,
49171924,
48062727,
49204532,
50516283,
50436252,
49563837,
48719712,
48828869,
48892159,
48903966,
48410211,
48391705,
47626296,
49043125,
48512324,
47172989,
48148666,
48173747,
48398717,
47324150,
47603354,
47378656,
48160399,
48316585,
48586411,
50073859,
51225735,
50891375,
50010424,
49990475,
50158366,
49141093,
49572749,
48771092,
48597813,
47266719,
50317298,
48464021,
48639852,
51945953,
48431938,
48085316,
48240872,
48560104,
46913833,
47065008,
47288869,
48277214,
48708079,
48538418,
48111900,
47764430,
48385746,
48574085,
48329022,
48221054,
48469086,
47044150,
48276533,
48241091,
47210199,
48815649,
48561995,
49558141,
48135213,
48331477,
48449630,
48579152,
49929422,
48574676,
48455130,
48211977,
48892904,
48230365,
48401830,
48177585,
50816837,
48838432,
49885997,
49787029,
49694958,
47666684,
48937945,
48461583,
47323074,
47961985,
47425122,
48582387,
48153431,
48067775,
46853436,
48022843,
47975237,
47893006,
48354058,
48486092,
47841753,
48519069,
47163043,
49484104,
48236829,
47423567,
52220279,
47703866,
49612062,
48295592,
46575489,
48075422,
48286954,
48180815,
47221985,
48447082,
48708707,
48449511,
48464416,
48402748,
48429775,
49607236,
49552339,
49826067,
54439445,
53287830,
52137679,
52109946,
47978872,
47989482,
48019126,
57039120,
47879348,
47859028,
47984182,
48308064,
51568222,
48145573,
49221451,
48109398,
48970490,
48963653,
48073653,
49579509,
48197094,
48255592,
48045779,
48293261,
48265589,
47170732,
48067710,
48293886,
47266169,
47209464,
48045280,
47921892,
48000275,
49710211,
48201728,
48029059,
48143980,
46881391,
48242516,
48046173,
48051138,
48515222,
46908491,
49363464,
47957495,
48306055,
48257647,
46990642,
48185042,
48154808,
48494655,
48206979,
48666007,
48459300,
50038021,
47931387,
48147887,
47691988,
48314724,
47129289,
48105797,
47979623,
48534628,
47519479,
48217767,
48631334,
48176547,
47708829,
48055560,
48685658,
48135874,
48355242,
48164204,
48025418,
47975036,
48175645,
47298314,
48066939,
48089267,
48491499,
47134744,
47204327,
47293445,
48194279,
48547025,
48236645,
48029407,
48118885,
47883751,
48092805,
48256260,
47303303,
46985327,
48027718,
48115299,
48002545,
48405269,
48510810,
48048467,
48158966,
48113839,
47928864,
47802788,
47747207,
48190897,
48083142,
47944089,
48119104,
48087598,
46931620,
48561287,
48181128,
46910187,
47313344,
47353839,
50176276,
47786691,
49897229,
49457669,
50584970,
47945516,
49976722,
48652219,
51149319,
49930491,
47439926,
51057163,
50889729,
48000116,
48567721,
47934024,
49423697,
47973656,
49276808,
50051655,
53193634,
57133114,
48045475,
53533698,
48124014,
49223064,
52164822,
53508014,
48118868,
51830942,
48485639,
48224531,
47215218,
48465520,
47864572,
47867365,
48417949,
48452391,
48838659,
48207103,
47932441,
48308606,
48274712,
48123121,
48026546,
48050090,
48269652,
47906968,
49689095,
46899346,
48165383,
48482065,
48058290,
48059348,
48533791,
47429832,
48685521,
48928006,
47224648,
45889535,
47084556,
46768367,
46955082,
48698695,
47267664,
45808833,
47103616,
47325657,
47337102,
47914453,
46422863,
46082992,
48956282,
46678641,
47113858,
47339807,
46280701,
47652967,
47123278,
47345276,
47264838,
46907818,
46685336,
50588549,
46030687,
49026271,
46739016,
48204119,
46990945,
47090585,
47132351,
46714623,
46340574,
47261322,
45875394,
50414899,
48538234,
46374654,
47366124,
48566360,
48010082,
46644871,
47155743,
46467055,
47410177,
47163581,
48187155,
47249193,
47541441,
47284582,
46977218,
47296642,
47546528,
47395486,
47274138,
48937379,
47156345,
47443379,
48611447,
46910304,
47164756,
47471319,
49675202,
46266334,
48827778,
46183501,
47321231,
47346207,
47115538,
47259490,
47375821,
47296826,
47116567,
46772025,
47143864,
47339812,
47291301,
47154379,
47486898,
45962758,
48493404,
46027072,
46764015,
47405276,
47442445,
48860078,
47191822,
47478584,
47154329,
47013705,
47267687,
47259238,
48712609,
50950258,
50725883,
50909438,
52475203,
51088639,
46719905,
47134280,
50726565,
50910779,
47806240,
46662125,
46996212,
46958484,
47797624,
47542256,
45920100,
46495480,
46451106,
46823889,
47480449,
47548595,
47162201,
47609581,
48668972,
47181647,
46869863,
46701186,
51304159,
53291886,
49064716,
47875034,
45823406,
47148703,
47337290,
48013916,
47147254,
46936109,
47169140,
46979626,
46953480,
47030585,
47197484,
47359324,
48597461,
47263165,
47116307,
47266762,
47889692,
49568559,
45971094,
48352259,
47214930,
48044307,
47230420,
47542675,
46577939,
47158741,
47161134,
47313509,
47133121,
46963747,
47099397,
47175022,
48279648,
47125330,
47045069,
47081825,
47161804,
47244627,
47214036,
47016765,
47534657,
47694657,
46988001,
47186829,
46726697,
47258513,
47462902,
47336303,
47138149,
47247937,
48793755,
47108486,
49977402,
47058423,
48609059,
47141742,
47055673,
47733028,
47263344,
48318943,
47439681,
46072287,
47369684,
48224307,
47598519,
48903350,
50118741,
47653698,
51412997,
47640830,
46827994,
47267176,
47204567,
47585553,
45936737,
47502438,
47253848,
47566440,
47277756,
47380245,
47532930,
48121829,
48745356,
47304733,
47507010,
47740709,
49038307,
47495267,
45767277,
47397404,
47411550,
48811410,
47333552,
46310256,
45892023,
47428607,
49426834,
48166594,
47539305,
47348822,
47157010,
47583266,
47315269,
47389607,
52471850,
57278022,
47282888,
53428591,
47051522,
47191359,
50014280,
51016880,
52411824,
47069881,
47364537,
47117567,
47252110,
47477958,
46198064,
47109757,
47473347,
46119503,
47641976,
47565419,
47668668,
47585921,
48146143,
47267137,
47270685,
46257633,
49193955,
49323941,
49350924,
49900257,
47611474,
49004888,
47510972,
48030768,
47398625,
46094320,
46200504,
47641477,
45960700,
47182212,
47317165,
47534621,
46089569,
47283182,
47210012,
47906639,
47229665,
47461400,
47192459,
47261417,
47476421,
46377058,
46142258,
47438013,
47587021,
47626085,
48553675,
47414365,
46086407,
50322910,
47556101,
47575940,
46900090,
46976876,
47587526,
47532265,
47339197,
47478617,
46530339,
47864357,
47311944,
47598151,
47362235,
47614526,
46070625,
47213132,
48845788,
47436714,
47422638,
46759771,
47162951,
48992512,
47466141,
46262008,
47040560,
46922551,
47313286,
47218539,
47332025,
46023298,
46852201,
47484467,
46795156,
48887118,
47463744,
46770836,
47554146,
46032949,
46005546,
46381288,
46924356,
47248511,
47939796,
47575481,
47059633,
47834202,
48498890,
48505905,
47519286,
48466262,
46816977,
49163011,
49717503,
48642053,
47702984,
48487050,
48494335,
49998606,
48734249,
49896980,
48340977,
48502718,
48240333,
49824287,
48715757,
49650376,
50519042,
48570820,
48392776,
47196259,
47111936,
48362658,
48978843,
47745760,
48584070,
53720754,
49701820,
51027110,
52248773,
51405543,
47196955,
48071442,
48240848,
52398704,
52239517,
46788606,
47233274,
49035225,
48388247,
48403482,
50730908,
49280115,
48612540,
48318373,
48005699,
48048221,
47834226,
48193054,
48312071,
46920373,
48045380,
49346317,
47193555,
48429384,
48133693,
49735818,
46319306,
47987666,
47956447,
47635405,
50836437,
48016055,
49789560,
48322392,
47691236,
47921982,
50304185,
48050551,
47891492,
45619980,
48017424,
47981936,
47785840,
48492566,
48016856,
49494153,
47023308,
48047909,
48246597,
48561803,
49485331,
48093773,
48275761,
48158290,
47824411,
47854998,
48128985,
48575896,
48100895,
48342777,
46573575,
48133336,
48185946,
48126199,
48100695,
48001052,
48257869,
47906155,
48150869,
49773437,
49621162,
45722418,
48296948,
48028877,
48057548,
48293850,
46859916,
48283527,
46821675,
48162663,
48367504,
47190464,
48209971,
48997160,
48174909,
49513449,
49277778,
48368574,
47004090,
48728270,
48753938,
48568779,
47097001,
47250374,
47892235,
47096316,
46678791,
46974094,
46688002,
48249882,
47153218,
47653381,
47445344,
47028572,
46717253,
47148150,
46953237,
47200351,
46912134,
46960456,
48291692,
48650975,
46586249,
46776626,
48315472,
47046030,
47190978,
46980813,
48096591,
46933510,
47065674,
47124573,
47020749,
46803292,
47245997,
47162473,
46998215,
46713391,
46905565,
46701997,
52118159,
46879424,
52639948,
57260985,
45666276,
47527126,
47563810,
49664369,
53227747,
47008203,
47245644,
46031950,
47246639,
46712775,
49277600,
47340847,
45903358,
48381920,
46868487,
48497195,
47203475,
47319495,
46893264,
47038518,
46775706,
47806246,
46845052,
47191430,
47306918,
48351220,
46718079,
46979848,
46522461,
47266047,
47056383,
46740434,
47182951,
50898530,
48966356,
46930031,
46581667,
46791179,
47222418,
46797134,
46487354,
47907643,
47149237,
47017137,
47271700,
45524592,
47961078,
47080151,
48901482,
47303848,
47061979,
47211604,
46832799,
48368992,
47377056,
46090435,
47049213,
48589742,
47149972,
46050658,
46864514,
46935932,
48549290,
46904768,
46874993,
46907571,
46390492,
47173282,
46803423,
47282198,
47358630,
46749262,
47185058,
47036542,
47281349,
49770511,
47244697,
47331610,
46880305,
47107613,
47110181,
47665959,
46902936,
47317074,
47167955,
48219741,
46801672,
47260550,
47097937,
47491451,
45854580,
47163665,
47094635,
47431948,
46566797,
48337992,
47374417,
46610700,
46853109,
46767798,
46715865,
47032434,
46862645,
46741576,
46525590,
47097417,
46989437,
46869086,
46979005,
47249745,
46583247,
47310296,
47178049,
47588127,
46035795,
47231553,
47032569,
47311412,
48704844,
47107623,
47251404,
47025020,
45689461,
47177944,
46943820,
47189850,
46251554,
48409318,
47845876,
47071080,
52278491,
48354904,
47413489,
58351879,
48448396,
50918072,
47275672,
50803538,
47186712,
53244370,
47462097,
46113617,
47613156,
47467364,
47106813,
47252794,
47177574,
47277482,
47341237,
46008341,
47116401,
47149937,
47139095,
46266724,
48377177,
45678888,
47253356,
46932033,
47069854,
47342306,
48154423,
47001118,
47145692,
47190834,
46205538,
47085037,
47254056,
45950306,
47197170,
47187639,
46983116,
48538608,
45794778,
46642477,
46846000,
47147270,
47214769,
47373674,
46748605,
46718953,
47113860,
47370549,
47404549,
47296976,
47578545,
46740568,
47087205,
46063756,
47242695,
46106604,
47238894,
47183004,
47601153,
47448545,
46813993,
47608408,
47923158,
47500150,
47142125,
46044773,
48722067,
47046109,
47076015,
47087226,
47120355,
46135044,
47283374,
45696926,
47459114,
47429167,
47155905,
47200686,
47861299,
47274389,
47183248,
47453010,
46850364,
47389933,
46994905,
47442547,
47142780,
46077647,
46833450,
47404351,
46009291,
46968943,
47028968,
47328337,
48343695,
46843884,
47467510,
45895794,
47657878,
47365629,
47908317,
50377909,
48722906,
47438206,
48452127,
47011232,
47386979,
46251285,
47448960,
46073020,
47201239,
47317617,
47096114,
47727679,
47268977,
47315339,
46027420,
46193154,
47264652,
47021780,
46934595,
47315046,
47239044,
48274207,
48320688,
48547875,
45896739,
47393448,
47366488,
47034525,
51814810,
47479540,
46191192,
50889303,
55559441,
47073868,
50694847,
51078821,
46491578,
47089265,
52050400,
47205549,
45626145,
47437303,
51148926,
47347712,
50898857,
47078836,
50710917,
47165354,
46967651,
51215576,
47166464,
47193140,
46550878,
47786922,
47149518,
47535901,
47210604,
48485204,
47036374,
48198631,
48178247,
48074933,
48103023,
48270123,
48206161,
47175211,
48027480,
48150106,
48164933,
48198979,
47916954,
48580733,
46631483,
48502687,
46988719,
48238289,
48406716,
47110276,
48086936,
48869056,
49859652,
48454044,
47022257,
48555948,
49206056,
48516466,
48200057,
46965372,
48217189,
48417431,
48059288,
48073322,
48243642,
47962486,
48515110,
47605512,
47987618,
48476455,
46493829,
47969633,
48148973,
48102063,
48492235,
48157755,
48532135,
48703138,
50113108,
49103229,
47422586,
47362402,
48952419,
48653734,
47283616,
48918517,
46721259,
46919836,
47359263,
47891687,
48421652,
47202776,
47387290,
50018659,
47092608,
46303239,
49048246,
47032037,
47036707,
47417373,
50284061,
46144683,
46283208,
46181117,
48779294,
47253334,
48666191,
46877540,
48557449,
46946708,
47177785,
47263209,
47196515,
47444445,
47602023,
47112211,
47634733,
47136182,
47598296,
46863832,
47512990,
47382785,
47364423,
47310355,
45939924,
48547735,
47243557,
47330878,
47557132,
47602679,
47229452,
46349161,
47236708,
47375841,
47417638,
53630158,
47363300,
51194893,
53609367,
47305796,
51177133,
53249377,
49914777,
47122843,
47186224,
51817526,
46819985,
49204037,
49489058,
46783227,
48697010,
47401314,
47400535,
47309178,
47091569,
48195251,
47908925,
47214886,
46461770,
47316224,
47018656,
47267648,
48793237,
47308817,
46557918,
48383415,
47671380,
47479720,
47733630,
47149123,
47311069,
46865820,
47697926,
48371681,
48741564,
47730419,
47297991,
48352995,
46940427,
46850409,
47364069,
47058836,
47596034,
48491621,
45832449,
47107611,
47109904,
47371291,
50067160,
47229928,
47302866,
45932434,
46888470,
46869583,
47068782,
47213351,
49395468,
46896657,
48519745,
47284953,
46239161,
47241777,
47086779,
46922931,
47069389,
49902447,
45893584,
47182341,
47397507,
46960781,
46925296,
47115973,
51014080,
45942427,
46936309,
46838604,
46685112,
46900230,
52160399,
47436467,
46710745,
47070396,
47189235,
47373025,
48609765,
47387064,
46278617,
47552221,
48777540,
46429442,
47169773,
48058854,
48498219,
47792599,
47445188,
46170765,
47638725,
48408221,
46011495,
47455442,
47419035,
47326425,
47227301,
47685867,
47535124,
46343204,
52739591,
49161989,
47021308,
47141057,
47281399,
46280058,
47331859,
47500215,
46953755,
47249430,
47218538,
46951166,
47290607,
47454224,
47375293,
47103553,
46716448,
47166673,
47448710,
49801163,
47042538,
47032633,
47398807,
52033881,
47688987,
47277660,
54990729,
48276570,
51825141,
50031865,
54059961,
50940215,
47057087,
48344852,
50154185,
47706198,
48365271,
48489859,
46691526,
47547708,
46163178,
47480738,
47438146,
46988715,
49600752,
46968766,
46997270,
49836689,
49986737,
48341999,
45918658,
46941339,
46957340,
47315547,
47202249,
46234939,
47100139,
47078145,
46782910,
47474790,
45963847,
47858921,
48844986,
48990445,
47200488,
46610964,
47244543,
47394073,
46563966,
47506999,
47217671,
46160289,
49285454,
50308425,
49228876,
47801650,
47438685,
47261552,
50257360,
47319235,
46267650,
51115492,
50816642,
49368058,
48035899,
48321943,
48562463,
48092107,
47923225,
48271372,
48307364,
48583269,
48007862,
48286165,
49746788,
49277093,
47916422,
48351384,
47958121,
48090432,
48290355,
48349616,
48154276,
48337213,
48233556,
48466967,
48300373,
49313888,
48213252,
47395596,
49835413,
48429292,
48694960,
48533496,
48570617,
48198050,
48488049,
48233281,
48589054,
48161839,
48211710,
47889372,
48282627,
49887138,
50503236,
49495735,
48298295,
48582302,
47051078,
47377648,
46316665,
47816784,
47425453,
47551665,
46275725,
47587836,
47356804,
48147949,
48079752,
48001379,
48793342,
47753077,
47362422,
48021202,
50218427,
47541151,
47140103,
47159652,
47494567,
49549301,
47914583,
48188449,
47348060,
45984252,
47314160,
47058452,
47168383,
47557220,
51083739,
47611504,
51873729,
48542568,
51398205,
49105892,
47047743,
47102801,
55849299,
47627091,
48571417,
52027272,
46991632,
48367094,
47316771,
48308709,
47565548,
50410423,
47368553,
50156877,
48803309,
47492037,
46235754,
47229067,
47456711,
48754928,
46991116,
49573057,
48333657,
48160711,
47658160,
47250042,
45285369,
48179088,
46871631,
48372337,
46814624,
47890696,
48012028,
46887524,
46914589,
48153357,
48005116,
47201447,
45936500,
48441140,
47147453,
47965849,
47004940,
46083280,
48190743,
48439827,
48763615,
47291861,
48783295,
48908497,
49849754,
47316333,
47596981,
49038236,
48640049,
48358388,
47396891,
47282862,
47148389,
48478195,
46824929,
47080005,
46862230,
48472742,
47298460,
45974855,
47445641,
48719920,
48343272,
47614238,
47413570,
46296602,
48356722,
47622396,
47654388,
47513361,
47725452,
47212321,
45870790,
47595785,
47958459,
48261051,
48042360,
48292874,
48168633,
47027136,
47433453,
48295034,
47335708,
47181570,
46457839,
46501043,
46387373,
46562558,
47698266,
47714864,
46590940,
47995465,
46777800,
47916006,
49240750,
48378281,
47185845,
47942383,
49759108,
46164273,
48273333,
48098002,
48390889,
48360079,
49400185,
48176545,
47084680,
47142320,
47013088,
47236386,
47368425,
46977710,
47774852,
47015021,
47052608,
47659615,
47309438,
48468847,
48327512,
47147070,
50125084,
48713068,
53828369,
48655417,
50823485,
46835014,
51347780,
49082090,
51873897,
46496890,
54240844,
52630654,
47205142,
49959000,
55853634,
47367420,
47790930,
48521701,
48059533,
49184253,
46945863,
48092843,
48213992,
48127529,
47048763,
47290361,
47075885,
46854464,
47054003,
47291118,
48363434,
46133823,
48498935,
48377784,
48125381,
47072007,
48711563,
47123472,
47904008,
47941960,
48097169,
48318162,
48004251,
49345827,
49880645,
48225088,
46906396,
48191168,
46687385,
49208831,
48297991,
46909269,
47932521,
46946975,
48374721,
48188885,
46970804,
48331673,
50637674,
46023498,
46856154,
47450383,
46982759,
48215356,
47681017,
47786838,
49635544,
45892042,
48104040,
48046839,
48270025,
46945768,
46991721,
46848433,
48933805,
46791511,
46752292,
47983668,
46850368,
47452199,
47883016,
46878592,
47028304,
48242100,
47291547,
45978944,
48718275,
49460379,
49183346,
47113086,
47168070,
48113312,
49689827,
48331886,
48212180,
47366811,
48113092,
47877802,
47882720,
46922108,
47028929,
48256622,
47155226,
46908129,
46840947,
48366028,
47279604,
48115254,
48386027,
46771461,
50967278,
48038827,
48453200,
46958734,
48436512,
46931133,
48517345,
48226995,
47138177,
48026790,
48090638,
47921602,
48078004,
47006484,
48088562,
48224260,
48261959,
47132545,
47538110,
47474340,
46777750,
48212201,
48449239,
48427438,
49942119,
48153970,
47853805,
51384180,
46194569,
52220869,
49769015,
47077306,
47585563,
47534130,
53110671,
45946401,
51040119,
46933146,
47375235,
53000541,
47311465,
46025056,
47183564,
46847921,
46873702,
48728529,
47275877,
46970407,
47418070,
47412584,
47043290,
46152401,
47152396,
47903227,
47553258,
47435799,
47312870,
47476922,
45707974,
48844948,
47024867,
47031237,
48228745,
47249234,
48313629,
49000564,
48764077,
48760612,
48291882,
48733398,
48305318,
48307940,
48498126,
47172026,
48515772,
48142853,
48165116,
47654209,
48555456,
49286040,
47497799,
47786676,
48682285,
48386496,
48305269,
47170978,
48587925,
48415053,
48243043,
48196482,
