12768499868,
136267539,
126214707,
115708794,
114750989,
114208465,
113644414,
113122818,
112542374,
112014434,
111635515,
111109046,
110522725,
110051100,
109536496,
108894011,
108386403,
107848154,
117271418,
116701711,
116149116,
115724481,
115189684,
114582664,
114172012,
113693074,
113171396,
112677975,
112153955,
111597200,
111205863,
110782789,
110260150,
109641251,
109149121,
108545487,
107998576,
107474559,
116911234,
116523420,
115957253,
115400903,
114916389,
114386521,
113922393,
113347877,
112884551,
112383485,
112020383,
111445221,
111049860,
110527440,
110069574,
109571629,
109064674,
108597021,
108083649,
107600803,
117092979,
116574547,
116141625,
115719828,
115314918,
114798901,
114318473,
113852358,
113429752,
113052492,
112644111,
112179404,
111688942,
111280847,
110778514,
110320867,
109829891,
109351865,
109010115,
108573745,
108093048,
107608810,
117083203,
116656218,
116171965,
115781649,
115404806,
115005891,
114508022,
114034460,
113595943,
113158967,
112688971,
112275528,
111909836,
111522261,
111080996,
110578493,
110112841,
109671378,
109202385,
108786425,
108355459,
107862286,
107382153,
117093723,
116549956,
116045463,
115596274,
115232080,
114664492,
114317120,
113847321,
113377509,
112963311,
112502477,
112035868,
111571238,
111147348,
110756014,
110257248,
109887056,
109339769,
108897034,
108349126,
107876076,
107446735,
116989933,
116588393,
116155329,
115583663,
115202146,
114785518,
114408344,
113932039,
113452129,
113009643,
112612399,
112219051,
111829210,
111369359,
110971789,
110585516,
110137534,
109690794,
109261801,
108798395,
108382859,
107967473,
107642905,
107268338,
116887867,
116450425,
107091320,
116638552,
116206876,
115755356,
115317122,
114913800,
114496517,
114048404,
113633129,
113207812,
112788062,
112411493,
112017663,
111560658,
111316280,
111003467,
110639493,
110212936,
109764344,
109415201,
109112592,
108795819,
108308011,
107940770,
107477731,
107031717,
116720130,
116348347,
115956916,
115605090,
115154436,
114840490,
114074333,
113696033,
113236091,
112855804,
112566779,
112168668,
111951956,
111852986,
111088662,
110656721,
110294040,
109857363,
109399611,
108959392,
108630127,
108285006,
107906147,
107658254,
107541082,
107127683,
106788004,
116489021,
116190151,
115871913,
115519815,
115160338,
114876970,
114573742,
114272009,
113938029,
113624238,
113331788,
113091088,
112778768,
112476655,
112308069,
111802421,
111376268,
111081803,
110797169,
110551258,
110211591,
109888251,
109601663,
109321397,
108957922,
108639701,
108269967,
108018056,
107678800,
127391915,
106984607,
116671348,
116500995,
116025107,
115686589,
115311241,
114944396,
114704369,
114371824,
114048353,
113737202,
113397817,
113091254,
112787654,
112433440,
112199161,
111859321,
111580749,
111254669,
110967252,
110702669,
110473494,
110044931,
109583512,
109302603,
109003315,
108690740,
108354203,
108049132,
107791055,
107460983,
107166175,
106867138,
116624894,
116274302,
115985662,
115650806,
115353068,
115036487,
124751815,
114457579,
124151652,
113838149,
113530438,
113236067,
112939572,
112624350,
112299391,
111967221,
111644785,
111362715,
111053386,
110721822,
110479235,
110150908,
109882010,
109863542,
109290869,
109026375,
108618328,
108363710,
108062486,
107741461,
107417450,
107172468,
106832459,
116565888,
116236857,
115969733,
115597042,
115374986,
115078078,
114785228,
114481967,
114213922,
113877333,
113563054,
113239102,
112927179,
112600485,
112305475,
112009782,
111774378,
111470707,
111181214,
110881085,
110565697,
110326345,
110033601,
109695594,
109425630,
109176081,
108864101,
108600296,
108223878,
107995085,
107645172,
107367431,
107078599,
106748411,
116470677,
116159529,
115890243,
115638490,
115248119,
114993496,
114672171,
114410549,
114148047,
113832021,
113582518,
113279611,
112990050,
112648613,
112313614,
112075631,
111731248,
111465783,
111167280,
110976642,
110803711,
110573839,
110342033,
110091872,
109804056,
109550984,
109264969,
108976728,
108708742,
108515612,
108180451,
107816649,
107577826,
107269535,
106937570,
106677624,
116436233,
116148109,
115921669,
115634004,
115447912,
115035820,
114772753,
114566020,
114237974,
114000678,
113689379,
113445641,
113174415,
112900606,
112671695,
112175961,
111781898,
111499512,
111185634,
110893789,
110783079,
110591591,
110397373,
110212326,
110019356,
109759504,
109523376,
109319956,
109043456,
108892377,
108599352,
108332068,
108056867,
107779020,
107541019,
107304190,
107078986,
106874225,
106589187,
136328988,
116000171,
115791632,
115500501,
115207060,
114926824,
114638218,
114367678,
114068883,
113760242,
113508886,
113227784,
112938296,
112696387,
112416496,
112189934,
111962037,
111656136,
111517139,
111139539,
110865194,
110563089,
110415507,
110212526,
110014855,
109823145,
109616687,
109426144,
109107447,
108857209,
108626208,
108313137,
108093897,
107817983,
107559948,
107369204,
107065345,
106806532,
106553744,
116286019,
116023060,
115757603,
115521994,
115200125,
114899824,
114613656,
114328529,
114077508,
113751356,
113452580,
113219154,
112926797,
112711119,
112337110,
112000861,
121838510,
111569694,
111295213,
111006472,
110732602,
110491386,
110302568,
110068696,
109918531,
109713792,
109502849,
109259129,
109022353,
108790631,
108500081,
108303220,
107976722,
107715343,
107446670,
107180311,
106950815,
106710398,
106223802,
116195068,
115944215,
115693698,
115429385,
115180752,
114856030,
114573645,
114315925,
114047326,
113700166,
113506672,
113137780,
112922769,
112674807,
112409937,
112133113,
111830807,
111608044,
111336364,
111076309,
110947765,
110733989,
110581539,
110459504,
110254916,
109872795,
109600661,
109428417,
109162360,
108948997,
108680394,
108397445,
108229027,
108003733,
107869844,
107584072,
106944635,
106671399,
106429098,
116209826,
115991519,
115623367,
115403330,
115146560,
114868369,
114603871,
114261985,
114035684,
113801144,
113524029,
113307797,
112925226,
112708297,
112453100,
112178407,
111932674,
111657895,
111407032,
111175248,
110843291,
110733491,
110531203,
110377286,
110246436,
110022431,
109816675,
109505085,
109358715,
109170338,
108904441,
108507063,
108416329,
108207589,
107914499,
107616331,
107408746,
107121680,
106881475,
106645890,
116426659,
116214216,
115968151,
115722368,
115483644,
115236930,
114982246,
114547203,
114476723,
114335611,
114021042,
113723833,
113398342,
133333281,
133038833,
132702928,
122484569,
122134126,
111891287,
111654372,
111448587,
111209563,
110987170,
110784225,
110507009,
110243122,
110084906,
109914845,
109732601,
109560831,
109299443,
109105599,
109168069,
108712754,
118490260,
118245226,
108039851,
107757777,
107547252,
107314785,
107054663,
106838125,
116555193,
116352131,
116063543,
115821691,
115512570,
115242936,
114965495,
114758695,
114476393,
114193954,
113881350,
113728736,
113413889,
113255159,
112925236,
112690015,
112419683,
112141080,
111931175,
111645997,
111353960,
111097510,
110811458,
110578783,
110272080,
110124245,
109950207,
109772601,
109580757,
109415386,
109068958,
118908444,
110415882,
110020860,
109770224,
109463647,
109251819,
108964214,
118718846,
118501482,
108176466,
107983351,
107693721,
107429964,
107197901,
106882364,
116627785,
116380443,
116182391,
115887398,
115581080,
115347131,
115069920,
114825941,
114566157,
114246595,
113925466,
113716485,
113441182,
113192549,
112855365,
112649626,
112390691,
112155999,
111866675,
111626501,
111354127,
111129029,
110874033,
110628841,
110326800,
110118422,
109889312,
109614598,
109346331,
109098806,
108808483,
108567804,
108284371,
108087405,
107740458,
107521858,
107265556,
107004496,
116776698,
116465357,
116246012,
115978674,
115716899,
115406819,
115108520,
114908337,
114689357,
114427867,
114177708,
113836804,
113553534,
113278582,
113059638,
112838914,
122483553,
112303558,
111986722,
111744468,
111457666,
111184715,
110926815,
110703041,
110419798,
110186313,
109900437,
109630896,
109455861,
109215890,
108960369,
108675133,
108435178,
108157130,
107971322,
107726438,
107405344,
107286682,
106939455,
116675599,
116416522,
116152924,
135918775,
115646384,
115366027,
115157469,
114828200,
114660805,
114410314,
114165486,
113862546,
113608343,
113359395,
113096768,
112855573,
112633397,
112320477,
112073007,
111801935,
111559993,
111301181,
111032195,
110829086,
110563773,
110281371,
110051617,
109778202,
109547957,
109333280,
109052140,
108827864,
108536415,
108311850,
108107976,
107849365,
107564198,
107273830,
107029013,
116748069,
116497901,
116331756,
115969322,
115860808,
115662222,
115375905,
115132042,
114826666,
114601525,
114311325,
114108715,
113868181,
113598851,
113326864,
113019323,
112701444,
112503563,
112196481,
111959287,
111679436,
111443271,
111177927,
110861564,
110649693,
110422355,
110187765,
109963888,
109676443,
109388185,
109102746,
108823465,
108557049,
108344944,
108086417,
107805814,
107558881,
107294751,
107028574,
116805998,
116513193,
116300596,
116044755,
115762127,
115510261,
115233236,
114982826,
114710332,
114488760,
114216226,
113955339,
113674249,
113406281,
113165046,
112888950,
112614458,
112354681,
112133277,
111846016,
111577363,
111314875,
111099237,
110797367,
110550187,
110329328,
110078865,
109815268,
109547509,
109328036,
109149139,
108925240,
108624395,
128370201,
108078677,
107837294,
107590026,
107374128,
107098860,
116771726,
116565778,
116323127,
116039238,
115828778,
115509268,
115281832,
115014424,
114758305,
114553829,
114200138,
113998089,
113743079,
113478706,
112856117,
112538508,
112312833,
112084337,
111838108,
111554683,
111325425,
111060467,
110808389,
110540168,
110173304,
110000868,
109728065,
109495796,
109242306,
109005232,
108699221,
108458934,
108184698,
107965053,
107651521,
107325707,
107130160,
116887635,
116708240,
116384787,
116022468,
115815186,
115504281,
115230508,
114959903,
114835686,
114505368,
114208183,
113944608,
113684522,
113367149,
113217062,
112958080,
112791421,
112556506,
112258249,
112132012,
111950571,
111700380,
111440519,
111086294,
110919880,
110684523,
110392926,
110185445,
109848323,
109611815,
109395057,
109121211,
108860158,
108521759,
108343259,
108082385,
107815543,
107549494,
107185432,
107022465,
116809559,
116568883,
116314055,
115979197,
115760993,
115495416,
115261407,
114978669,
114658130,
114490507,
114232715,
113984784,
113734637,
113415652,
113197921,
112968652,
112793418,
112534829,
112133069,
111990276,
111731346,
111476915,
111219907,
110939768,
110678666,
110420999,
110159039,
109908963,
109590719,
109378315,
109130608,
108866533,
108615503,
108282263,
108102070,
107806973,
107551004,
107293673,
106979334,
116810590,
116535431,
116271995,
116020300,
115656496,
115534641,
115258420,
115084992,
114749206,
114479993,
114259028,
114004619,
113713627,
113460051,
113144561,
112899932,
112662605,
112371651,
112135845,
111822539,
111607292,
111353020,
111078774,
110837555,
110515055,
110356121,
110081800,
109831842,
109551929,
109265721,
109072644,
108817301,
108545317,
108311611,
107957322,
107786390,
107499522,
107254711,
106987030,
116696567,
116473524,
116263773,
115950149,
115716798,
115369332,
115146494,
114849839,
114603199,
114319608,
114022893,
113765172,
113561757,
113300556,
113013519,
122744182,
112540427,
112250839,
111998418,
111773397,
111508594,
111255042,
110989330,
110672108,
110436436,
110162951,
109953585,
109627373,
109426718,
109175405,
108921706,
108702696,
108413122,
108157188,
107916496,
107625933,
107364132,
107117130,
116883679,
116604530,
116336108,
116123717,
115798710,
115563034,
115316804,
114996101,
114780297,
114531968,
114262166,
113986833,
113716721,
113483812,
113213003,
112946850,
112712842,
112446830,
112197677,
111933715,
111526633,
111392099,
111032214,
110860294,
110574088,
110279439,
110020732,
109785193,
109536862,
109289294,
109021005,
108687591,
108287947,
128087991,
107852562,
107559071,
107285094,
106996346,
116774238,
116506423,
116225334,
115999332,
115689455,
115591267,
115298173,
114991896,
115043191,
114400936,
114220496,
113907745,
113751613,
113483119,
113224449,
112982646,
112723577,
112476526,
112186213,
111856751,
111661165,
111443592,
111177737,
110916462,
110685564,
110449738,
110198223,
109949417,
109699016,
109394877,
109140185,
108881137,
108658388,
108446604,
108143853,
107861738,
107641975,
107421975,
107106615,
116833473,
116601620,
116337750,
116098636,
115877341,
115626485,
115417274,
115157574,
114911388,
114672686,
114381099,
114155931,
113932606,
113640260,
113366809,
113106095,
112811850,
112641173,
112321052,
112067403,
111786442,
111551024,
111331374,
111079489,
110819212,
110574926,
110356394,
110082372,
109809846,
109537165,
109303991,
109028005,
108782239,
108424631,
108256123,
107997636,
107734646,
107460520,
107210857,
106967859,
116695316,
116449308,
116186020,
115905545,
115677941,
115381181,
115116381,
114897644,
114596099,
114383075,
114055000,
113871818,
113428898,
113340499,
113057577,
112855441,
112612316,
112387992,
112142289,
111911342,
111633566,
111388056,
111183972,
110907282,
110631587,
110397597,
110132537,
109880677,
109609942,
109354036,
109083130,
108835980,
108576430,
108333158,
108053256,
107777348,
107566695,
107371669,
107129202,
106863231,
116594031,
116410985,
116234138,
115851779,
115274368,
115038099,
114762916,
114497002,
114241634,
113979684,
113726659,
113476656,
113188087,
112968554,
112679006,
112403806,
112158379,
111890751,
111633911,
111347271,
131077894,
110782162,
110545477,
110261730,
110120746,
109759316,
109544169,
109286902,
109030567,
108770163,
108512880,
108279469,
108001050,
107738358,
107473079,
107230619,
106977433,
116692989,
116480854,
116251996,
115955649,
115700152,
115445467,
115176749,
114942181,
114671709,
114409264,
114496484,
113929379,
113675949,
113366348,
113136862,
112898064,
112639215,
112465753,
112228570,
111926320,
111690880,
111435786,
111152391,
110905245,
110667357,
110409915,
110136759,
109884261,
109679670,
109478464,
119180489,
108930302,
118681776,
108413028,
108168218,
107848153,
107678915,
107462227,
107158471,
106953585,
116672198,
116436834,
116146521,
115881138,
115616719,
115391868,
115110087,
114869191,
114607182,
114356990,
114129258,
113857504,
113731441,
113485372,
113224881,
112967575,
112726233,
112467036,
112178656,
111907062,
111664266,
111446441,
111267535,
110957815,
110712616,
110522214,
110275652,
110049916,
109772191,
109501830,
109245742,
109052579,
108764780,
108451734,
108216145,
107950399,
107720467,
107467920,
107216632,
106979896,
106740942,
116547193,
116327398,
116038906,
115811526,
115567514,
115272210,
115038137,
114759039,
114576616,
114305460,
113878442,
113739312,
113429395,
113206837,
112861379,
112626579,
112373316,
112083847,
111859562,
111564164,
111265792,
111006517,
110709204,
110422662,
110126417,
109837427,
109576849,
109292314,
119076907,
108781341,
108528907,
108285790,
107972915,
107756079,
107487233,
107299901,
107040119,
106750995,
116521395,
116368816,
116102321,
115812881,
115579949,
115363555,
115078124,
114848452,
114591894,
114341041,
114115964,
113848571,
113591018,
113309389,
112967574,
113161808,
112533202,
112255663,
112053108,
111763297,
111490320,
111211012,
110927625,
110707015,
110445031,
110226617,
109944622,
109723858,
109472322,
109191101,
108949176,
108704262,
108411785,
108165684,
107864002,
107763366,
107474309,
107228496,
106958712,
106577208,
116461123,
116202172,
115956926,
115697801,
115440369,
115186338,
114964850,
114722536,
114456287,
114223346,
113947451,
113718475,
113428088,
113208171,
112902858,
112625196,
112399187,
112156501,
111902155,
111600895,
111338651,
111104521,
110835741,
110602294,
110324908,
110117577,
109880578,
109607405,
109390230,
109081899,
108863208,
108600746,
108326907,
108088997,
107826099,
107585781,
107318692,
107064709,
106859014,
106533644,
116258614,
116032314,
115774372,
115512687,
115232108,
115027183,
114742122,
114505061,
114231333,
113948090,
113679248,
113460155,
113215954,
112941371,
112611737,
112375136,
112178342,
111936713,
111618160,
111390878,
111145370,
110881524,
110638459,
110445339,
110187516,
109936819,
109683627,
109455851,
109194453,
108919894,
108638951,
108411559,
108177767,
107877069,
107668938,
107415885,
107161655,
106963224,
106663907,
116388282,
116128562,
115929971,
115671800,
115389851,
115126143,
114898461,
114647336,
114383902,
114135677,
113875882,
113646239,
113271956,
112975528,
112717774,
112561160,
112340085,
112199060,
111971163,
111775164,
111698475,
111555251,
111353380,
111105210,
110910695,
110591541,
110413665,
110123667,
109886436,
109645445,
109358080,
129107889,
108833695,
108607889,
108330574,
108079729,
107819052,
107574445,
107386206,
107090333,
106810687,
106571764,
116292404,
116006051,
115791167,
115510235,
115295495,
114982197,
114773336,
114500612,
114236217,
114005215,
113791288,
113533073,
113226696,
112997596,
112780471,
112464554,
112219614,
111962631,
111691617,
111455362,
111189789,
110936981,
110724780,
110456303,
110230605,
110010800,
109763866,
109486121,
109187478,
108986948,
108758691,
108539040,
108222459,
107943654,
107700567,
107424505,
107143899,
106912712,
106620607,
106410035,
116143281,
115890262,
115658460,
115373261,
115136816,
114863881,
114630788,
114347976,
114110041,
113867449,
113613425,
113343836,
113062075,
112825665,
112587206,
112297970,
112169060,
111891644,
111588710,
111360775,
111083503,
110820839,
110569455,
110312481,
110051579,
109767462,
109524126,
109277101,
109011205,
108758476,
108494786,
108228920,
107971270,
107727932,
107469077,
107201231,
106938765,
106711964,
106443108,
116216799,
115962978,
115678281,
115428997,
115196202,
114882930,
114632150,
114368318,
114079130,
113829443,
113552094,
113291675,
113054755,
112800133,
112519758,
112264336,
111998641,
111746618,
111498253,
111308501,
110999350,
110744784,
110374502,
110245071,
109994123,
109747481,
109490878,
109225118,
108957561,
108643039,
108358842,
108129991,
107823345,
107576604,
107315167,
107089213,
106804752,
106583435,
116335721,
116044540,
115776536,
115535120,
125308657,
125008813,
114751677,
114524683,
114222563,
114031704,
113742670,
113480128,
113237558,
112977547,
112751364,
112478270,
112215318,
111948163,
111740337,
111459055,
111181035,
110954871,
110692805,
110441742,
110173561,
109931176,
109747582,
109476627,
109215055,
108983645,
108698480,
108425441,
108201054,
107921053,
107662359,
107419865,
107049825,
106901570,
106785564,
106571876,
116344474,
116106491,
125894394,
125652965,
135480272,
135147722,
134903274,
134682769,
134481639,
134182781,
133934940,
133688489,
133468262,
133266169,
132997229,
132733481,
132468297,
132253112,
132022273,
131775007,
131533625,
121273447,
121111467,
110805313,
100621562,
100364268,
100109646,
99964305,
99753236,
99498098,
99300657,
99022930,
98842810,
98628749,
98372694,
98134112,
97872017,
97672932,
107438838,
106894793,
106695782,
106469592,
106218433,
105969540,
105758277,
105452836,
105267848,
105020588,
104747134,
104430388,
104196156,
103989844,
103695115,
103431499,
103177836,
102921149,
102688698,
102413057,
102155757,
101889792,
101614579,
101343885,
101272025,
100895498,
100670145,
100421907,
100177605,
99983646,
99756351,
99532087,
99260018,
98985024,
98776326,
98585767,
98325620,
98106484,
97850059,
97724933,
97501396,
107248564,
106973155,
106830076,
106609263,
106328993,
106127444,
105903729,
105628460,
105377100,
105142269,
104849814,
104617648,
104401390,
104180423,
103941816,
103604472,
103328638,
103166770,
102870400,
102572648,
102315271,
102074000,
101790346,
101533591,
101216824,
100957311,
100817236,
100517799,
100352268,
100096811,
99869816,
99655608,
99504799,
99332053,
99220528,
98998458,
98787448,
98606043,
98407776,
98254060,
108020709,
97796850,
97596052,
97400931,
107142544,
106891802,
106696048,
106475112,
106226133,
105970322,
105736705,
105494645,
105251027,
105012456,
104792030,
104592685,
104355635,
104105213,
103852710,
103619225,
103377437,
103126117,
102899866,
102650357,
102397257,
102167817,
101902076,
101637215,
101208287,
101184761,
100845489,
100592476,
100468683,
100248900,
100056113,
99824195,
99595647,
99378112,
99154875,
98977372,
98730279,
98496500,
98225688,
97953753,
97703905,
97460352,
107158311,
106934711,
106722483,
106479624,
106282461,
106037343,
105808781,
105569045,
105345611,
105078770,
104862252,
104607573,
104395755,
104142861,
103959153,
103708492,
103456967,
103245963,
102989435,
102741778,
102503703,
102220942,
101985120,
101734265,
101559540,
101223036,
100955554,
100712480,
100489935,
100272412,
100144877,
99947978,
99633432,
99504263,
99319766,
99113865,
98882189,
98656109,
98443174,
98196209,
98068562,
97711450,
97516685,
97316981,
107001072,
106746929,
106512298,
106599874,
106064096,
105813310,
105598765,
105340561,
105074732,
104843145,
104638431,
104408007,
104108591,
103903037,
103651016,
103404068,
103157778,
102977880,
102743755,
102501902,
102242435,
101985503,
101736803,
101465547,
101247031,
100880546,
100729394,
100517502,
100274363,
100130190,
99932172,
99717737,
99515888,
99298668,
99089885,
98918418,
98657949,
98430080,
98162443,
97969058,
97702040,
97416275,
107163860,
106964146,
106735875,
106513347,
106277971,
106019441,
105862857,
105609695,
105343323,
105101146,
104867920,
104661048,
104429120,
104143343,
103926090,
103708080,
103439361,
103197654,
102937801,
102685098,
102413117,
102161937,
101944850,
101670956,
101273815,
101249727,
100888817,
100639015,
100496625,
100271627,
101233602,
99973100,
99766037,
99603990,
99444002,
99160568,
98957758,
98804924,
98683717,
98439918,
98249662,
98074697,
97544933,
97449373,
107090807,
106862603,
106638842,
106459036,
106183503,
105948346,
105717559,
105520064,
105293409,
105068632,
104803890,
104525401,
104270846,
104062748,
103869176,
103617084,
103364946,
103206835,
102982185,
102705234,
102501903,
102178393,
101961809,
101726211,
101363271,
101203347,
100884599,
100670861,
100534944,
100336211,
100068428,
99875170,
99695877,
