12751997615,
150509855,
105156519,
103440157,
101347776,
109821437,
108420724,
107033805,
105494720,
104247216,
103037926,
101636487,
110092171,
109002819,
107769518,
105931010,
104590625,
103693678,
102302660,
100991122,
119663431,
108434688,
106695264,
105395483,
104315411,
102638040,
101546407,
110271656,
108981558,
107455921,
106101706,
104662706,
103503847,
102124004,
100843679,
109444712,
108157227,
106968793,
105137073,
134171417,
112859461,
101521955,
110117300,
118884640,
107642884,
106151558,
104668351,
103172468,
102123921,
110928196,
109243938,
108014556,
106529451,
105111668,
103681302,
102367686,
101128832,
109602479,
108254082,
106974364,
105588296,
104263396,
102558625,
101727218,
110407439,
108931614,
107587438,
106255878,
104967499,
103858056,
102232821,
101118554,
109806315,
108492735,
106904417,
105510600,
104175248,
102903077,
101723054,
110428502,
109105862,
107969833,
106362243,
104951354,
103817166,
102579420,
101105340,
109710041,
108518174,
107287474,
105555658,
104286357,
103098343,
102040487,
100470186,
109287549,
107869224,
106847883,
105327625,
104016768,
102690885,
101641502,
100070670,
108870257,
107692569,
106245709,
104748620,
103835566,
102302105,
101127396,
109476037,
108259175,
107018069,
105541179,
104013208,
102640678,
101840890,
100484247,
108927581,
107820353,
106289694,
104967146,
113605622,
112332777,
111101313,
109839820,
108353819,
107055463,
105694660,
104377643,
102801526,
102000123,
100748781,
109544833,
108003505,
106536364,
105578389,
104210684,
102686699,
101359303,
110189495,
109310061,
107716959,
106476427,
105162240,
103676746,
102329395,
111306173,
110138431,
118871149,
117342486,
107053701,
105611811,
104484864,
102814024,
101935561,
110774410,
109597293,
108097122,
106671787,
105347866,
104203328,
102640508,
101272818,
100236518,
109094474,
107538761,
106313427,
104925175,
103648129,
102389576,
101253432,
109959254,
108783242,
137287763,
116041769,
114892921,
123660872,
102117358,
100971501,
109775553,
108587403,
107028368,
105788614,
104377381,
103559444,
101942346,
100795283,
109609977,
108414374,
106939975,
105550533,
104182627,
102962003,
101696920,
100484142,
109218557,
108143804,
106591382,
105149821,
103989087,
103658998,
101623892,
100323077,
109111935,
107966053,
106560508,
105086843,
103987321,
102762447,
101399106,
100196617,
108798924,
107620959,
106076805,
105019066,
103986251,
102670413,
101334748,
100103765,
108865270,
107623635,
105990163,
104775381,
103583829,
102493756,
101059160,
99812264,
108624748,
107407087,
105722492,
104458848,
103724153,
102301608,
100827900,
99653337,
108625814,
107305899,
105695301,
104254418,
103164575,
102162674,
100659753,
109494125,
108252559,
117053416,
105414879,
104153918,
102913735,
101901927,
100288747,
109124232,
107950864,
106756152,
105155541,
103979028,
102806146,
101427972,
99850249,
108632719,
107470521,
106123337,
104467038,
103564618,
102343686,
100968739,
99643464,
108481415,
107196178,
105818544,
104306022,
102960743,
102158055,
101060431,
99576125,
108413484,
107157753,
105857977,
104455519,
103196874,
102171967,
101017821,
99585552,
108422541,
107288614,
105853837,
104428950,
103125667,
102287131,
101159302,
99932629,
108224472,
107254513,
105783627,
104207286,
103563131,
102250182,
101114129,
99630500,
108393279,
107218307,
105886941,
104405147,
103185326,
102195033,
101084956,
99630274,
118337399,
127550388,
126098110,
104325256,
113426373,
112175576,
110987384,
109547726,
108435295,
107236537,
105958578,
104367048,
103333098,
102214338,
101204198,
99684824,
108521092,
107332063,
105951457,
104404793,
103439015,
102235200,
100934516,
99519061,
108240975,
106937280,
105620488,
104088533,
102782377,
101928596,
100791008,
99325399,
108113012,
106955025,
105710720,
104137311,
102847434,
101968180,
100857034,
99410242,
107894958,
106975321,
105517881,
104128519,
103225220,
101979678,
100800382,
99123193,
108277897,
107422971,
105708988,
104236458,
103197450,
102044364,
100935278,
99611567,
108488489,
107163211,
105775611,
104624111,
103197652,
102051534,
101063089,
99820705,
108323698,
107153125,
105725365,
104566481,
103398390,
102025364,
100724026,
99712481,
108265183,
107131665,
105698321,
104429441,
103491260,
102215088,
100734664,
99459129,
107916768,
106976380,
105567588,
104353427,
102768123,
101731616,
100633971,
99777955,
108275328,
106911197,
105764106,
104550422,
103154473,
101874275,
100725997,
99596064,
108351363,
106946867,
105740267,
104665579,
103368792,
102150914,
101106274,
99864837,
108391883,
107078290,
105970763,
104587873,
103199834,
102181800,
101027275,
99551216,
108269319,
106895643,
105679548,
104516991,
103300220,
101864839,
100866383,
99548089,
108372883,
107122913,
105741033,
104599789,
103200457,
102101657,
101012844,
99851525,
108427430,
107035353,
105826151,
104734296,
103467649,
102195048,
111146769,
119958699,
118663203,
127402016,
116316114,
115131628,
113692699,
112265602,
111382811,
110219117,
108782870,
107290724,
106119594,
105011575,
103554857,
102481117,
101238861,
100257027,
108649398,
107470346,
106333172,
105032442,
103658040,
102263806,
101427905,
100233786,
108558483,
107627818,
106458767,
115064886,
103565189,
102298926,
101514450,
100295598,
108708870,
107562087,
106577447,
105361391,
103751004,
102406482,
101612483,
100250877,
108802194,
107601153,
106095464,
104864528,
103921852,
102277650,
101002331,
100101510,
108729358,
107082035,
105956901,
104701202,
103769155,
102161131,
101151062,
99746592,
108587195,
107356794,
105953848,
104828182,
103614211,
102228559,
101108487,
99766627,
108596944,
107144620,
105801143,
104694801,
113469644,
103325009,
102138554,
101115206,
99833348,
108436561,
107203066,
106036972,
104666487,
103443056,
102168622,
101104192,
99943677,
108434722,
107265535,
105970295,
104727519,
103149665,
102120203,
100972052,
99796456,
108294647,
107131064,
105906463,
104561215,
103462230,
102130513,
101038183,
99870090,
108310115,
107198689,
105827572,
104706004,
103405045,
102131330,
101133409,
99932970,
108485750,
107334288,
106160896,
104771635,
103549020,
102318138,
101298840,
100135342,
108627774,
107375518,
106092616,
104796068,
103468941,
102483808,
101423572,
100208974,
108466428,
107594998,
106219381,
104950458,
103590568,
102431579,
121446518,
130253531,
128779902,
107575395,
106148363,
105065926,
103688251,
122680049,
121380359,
110192494,
108996746,
127904890,
126776118,
104791840,
103604614,
102341018,
101493539,
100148802,
108956524,
107518947,
106309301,
104771694,
103632660,
102618629,
101591915,
100162929,
109004317,
107825773,
106429948,
105077227,
103851490,
102760973,
101794374,
100394488,
99429359,
108307062,
107075948,
105609590,
104336459,
103007265,
102141353,
100957307,
109504022,
108375760,
107195308,
105982911,
104399329,
103438336,
102261072,
101147206,
99633483,
108469920,
107320043,
106034105,
104575592,
103564898,
102304841,
101222200,
99710284,
108580304,
107359403,
106168811,
104750542,
103606487,
102435365,
101338390,
99863796,
108709637,
107590075,
106439620,
104715645,
103676646,
102449876,
101433206,
99892179,
108667279,
107486820,
106106010,
104759976,
103555215,
102448509,
101443018,
99957103,
108788033,
107623381,
106440185,
105048317,
103630760,
102344568,
101609837,
100098737,
108926272,
107813906,
106609434,
105018051,
103853338,
102525230,
101694436,
100265475,
109029237,
107747969,
106853891,
105123091,
103987517,
102955062,
101921290,
100535369,
99375992,
108248320,
107042769,
105416290,
104276685,
103414943,
102325286,
100846027,
99664318,
108657719,
107457135,
105761695,
104739318,
103454704,
102435684,
101370910,
99875366,
118690861,
107542981,
106218378,
104645760,
103645278,
102396050,
101390864,
99961408,
108782783,
107669378,
106360663,
104809130,
103461286,
102580231,
101566087,
99807676,
108875966,
107717234,
126522362,
125066613,
113905498,
122746291,
101391869,
100126418,
108955387,
107604940,
106632083,
104947270,
103804688,
102733206,
101787319,
100271149,
109112352,
108002291,
106850826,
105390337,
104135757,
103066381,
102022618,
100509049,
109289864,
107899338,
107051433,
105454650,
104179608,
103450379,
102235480,
100828112,
99631087,
108497039,
107314769,
105618658,
104401935,
103375791,
102267591,
100858337,
109675942,
108502527,
107303133,
105647316,
104480399,
103453103,
102347996,
101011542,
99793376,
108545856,
107338592,
105883378,
107672494,
113518926,
106517087,
105332815,
104330140,
102831793,
101532957,
100334792,
109326225,
108124670,
106995842,
105634962,
104558370,
103456721,
101970003,
100896663,
99702919,
108541300,
107330899,
106059980,
104184562,
103143871,
102006654,
100907699,
99467966,
108372088,
107165112,
105795052,
104637170,
103241202,
102209083,
100989314,
99791152,
108346103,
107515521,
106153223,
104875757,
103492458,
102182361,
101160183,
100024941,
108558597,
107203792,
105903159,
104651239,
103336201,
102128564,
101023403,
99886734,
108388114,
107234059,
106111587,
104736753,
103593751,
102461174,
101426455,
100120292,
108640295,
107655401,
106287237,
105058311,
103694866,
102569672,
101563155,
100478585,
108971094,
107555217,
106597009,
105309148,
103696038,
102673193,
101671014,
100510857,
99379265,
108261981,
106973860,
105567604,
104363931,
103429578,
102284666,
101063054,
99810793,
108647440,
107461133,
106340691,
135212778,
113966887,
132622479,
111667214,
110533578,
109171777,
108169414,
106849217,
105646609,
104515316,
103380131,
102171419,
101070906,
99845788,
108630079,
107239611,
105953992,
104804157,
103545624,
102415189,
101122963,
99633156,
109157404,
108123630,
106725101,
105006514,
103692958,
102486699,
100877718,
99677906,
108537974,
107095326,
105472354,
104363903,
103418515,
102276988,
100803635,
99722874,
108117462,
107077355,
105377852,
104138464,
102921221,
101920285,
100648027,
108845343,
107375458,
105944402,
104231333,
103158080,
102172045,
100964325,
99353723,
108160337,
107032981,
105638344,
104147784,
103447526,
101884421,
101052495,
99510846,
108321111,
107250682,
105869050,
104331741,
103464728,
102262580,
101100256,
99568668,
108380758,
107233758,
105963260,
114804460,
103595905,
102348739,
101328390,
100125701,
108809716,
107681910,
106573005,
105301040,
103887811,
103192347,
101840570,
100656991,
99406231,
107885176,
106912556,
105547413,
104342152,
103230306,
102152352,
101104122,
99770033,
108675727,
107374070,
105947186,
104815403,
103738862,
102530368,
101785446,
99926719,
109002240,
147863758,
136783073,
135557155,
134395693,
133283236,
132084607,
130877596,
129698543,
128472237,
147387428,
136384638,
135068275,
133889532,
132708792,
131539405,
130531134,
129163526,
147594875,
136245982,
135037688,
133878234,
132722007,
131556531,
130420303,
129253111,
147890430,
136641368,
135694293,
134494250,
133410473,
132177970,
141013986,
149921854,
128737485,
147580776,
136321439,
135114668,
133733499,
132736276,
131621269,
130441863,
129240278,
147898777,
136924509,
135767756,
134269812,
133291619,
131929902,
131076578,
129802344,
128609921,
147511261,
136277164,
135177950,
133981133,
132886373,
131420040,
130501978,
129245669,
138063808,
136865798,
135697859,
134503384,
133366050,
132167327,
130973822,
129826179,
128623694,
147332199,
136320268,
135108816,
133903751,
143005805,
131599088,
150444995,
138116309,
136941828,
135759629,
134533153,
133403659,
132243679,
131048910,
129917880,
128719882,
147523276,
136335931,
135150310,
134042539,
132828361,
131455353,
130507330,
129273355,
148163569,
136937593,
135524198,
134621577,
133402418,
132340793,
131086977,
129928004,
128926134,
147717920,
136529422,
135362659,
134185345,
133062302,
132375499,
130991529,
129564358,
148335421,
137140418,
135968021,
134741817,
133565668,
132330115,
131160323,
129971356,
128604055,
147713900,
136533984,
135417136,
134184781,
132908883,
131441856,
130458278,
128893191,
147946289,
136691492,
135342274,
134277938,
133186769,
132007069,
130852048,
129624613,
128476556,
147318584,
136103223,
134950820,
133740544,
132570175,
131435023,
130221295,
129021789,
147940124,
136614614,
135481222,
134350736,
133122284,
132197467,
130851942,
129236915,
147804080,
136631986,
135487188,
134236657,
133087593,
131925687,
130737523,
129575939,
128404319,
147237804,
136070002,
134925392,
133761119,
132589021,
141382841,
130126392,
148957067,
137800990,
136627054,
135389213,
134160974,
132961334,
131833217,
130589864,
129304991,
148150957,
136797649,
135819148,
134649322,
133460434,
132282257,
131122166,
130012706,
128776027,
147514405,
136626163,
135152157,
133993894,
132832278,
131942054,
130463203,
129282782,
127897356,
146746130,
135422162,
134529226,
133385565,
132185393,
130945625,
129747046,
128696160,
147489827,
136315778,
135105358,
134027109,
132863433,
131692476,
130538552,
129122708,
148242399,
137048176,
135888417,
134774934,
133578130,
132446581,
131278602,
130136404,
128939517,
147868577,
136636679,
135520548,
134338742,
133278025,
132101989,
130923875,
129741325,
128571384,
147414357,
136223721,
135075504,
133923621,
132763277,
131590229,
130430609,
129293089,
128128755,
146921356,
135687617,
134543815,
133341176,
132071715,
131006073,
129785296,
128711479,
147520695,
136311019,
135253483,
134068136,
132933899,
131768986,
130526730,
129414299,
148251746,
137077550,
135890072,
134817737,
133653022,
132440715,
131295548,
129845940,
128861116,
147780480,
136621067,
135204424,
134260771,
133076822,
131858795,
130664046,
129347141,
128353599,
147215667,
135923787,
134802618,
133668780,
132459225,
131318999,
130164680,
128940216,
147832479,
136636813,
135551101,
134307190,
133179598,
132044328,
130843014,
129846281,
128629425,
147498649,
136279397,
135249357,
134041382,
132886999,
131588268,
130681691,
129562609,
128405290,
147189305,
136086219,
134923716,
143779486,
142576223,
141402784,
130269380,
128979268,
147954451,
136378776,
135008103,
133832266,
132524499,
131478754,
130360455,
129172529,
148021410,
136856710,
135645801,
134559587,
133394401,
132268688,
131022931,
129836990,
128815805,
147588568,
136483218,
135263961,
134113904,
132974989,
131585035,
130676721,
129206869,
128079431,
147156625,
135952900,
134789871,
133626309,
132432612,
131036592,
130108331,
128896888,
147694594,
136265334,
135374832,
134211042,
132991739,
131819548,
130665982,
129539166,
148290115,
137146863,
135961793,
134912378,
133737233,
132603299,
131417697,
130293930,
129079706,
147699983,
136772096,
135558537,
134431471,
133243112,
132071334,
130962382,
129807424,
128563222,
147464231,
136275208,
134888311,
133974301,
132867326,
131647524,
130537070,
129353120,
148149871,
137004160,
135839406,
134415828,
133517988,
132349620,
131070785,
129848672,
128582923,
147458814,
136375167,
135148630,
134029960,
132872975,
131953464,
130540840,
129205083,
148010589,
136748233,
135592108,
134403114,
133185209,
131993803,
130875123,
129545215,
128387732,
147196693,
135998358,
134917062,
133861814,
132591177,
131416969,
130267783,
129183075,
148125149,
136824427,
135630856,
134376505,
133297031,
132085518,
130949391,
129749198,
128553946,
147462923,
136166630,
134937911,
133872841,
132638445,
131483299,
130032194,
129588692,
147847072,
136446812,
135469233,
134368200,
133043186,
131911479,
130775282,
129618463,
128410709,
147208027,
135843470,
144913420,
153631754,
132542291,
131371612,
129919534,
128704388,
147624778,
136390175,
135193351,
134067914,
132823440,
131750084,
130467454,
129282784,
148097421,
136941559,
135851486,
134604651,
133591191,
132368520,
131178926,
129991174,
128786014,
147650341,
136499958,
135313105,
134155105,
132949565,
131791038,
130629876,
129362913,
128261092,
147076575,
135918575,
134750111,
133550687,
132383930,
131121987,
129956475,
128804605,
147662046,
136486857,
135284117,
133902558,
132947380,
131812827,
130586705,
129422808,
148313203,
137103647,
135943826,
134797630,
133566501,
132748239,
131181084,
130058804,
128984876,
147787860,
136543162,
135485092,
134240283,
133145855,
132052337,
130872433,
129210458,
148044401,
136914535,
135506910,
134167641,
133276813,
132071647,
130637786,
129474430,
128399128,
147124345,
135607103,
134455387,
133096981,
132111402,
130641571,
129326298,
148446915,
137200492,
135535792,
134296194,
132919918,
131727240,
130472166,
129080577,
148150574,
136990217,
135505442,
134387703,
133198267,
132124595,
130568791,
128963349,
147706919,
136463311,
135085881,
133971889,
132814083,
131604447,
130510108,
129330933,
127889422,
146949473,
135801376,
134621171,
133505749,
132322438,
131090569,
129898269,
128595603,
147543462,
136378299,
135174333,
134004033,
132825446,
131620168,
130543578,
129349157,
128075907,
146900548,
135521329,
134609616,
133489239,
132251715,
131093807,
129925269,
128769589,
147585226,
136272819,
135131350,
143959023,
132767363,
151603621,
130387387,
129275005,
128101880,
146893794,
135709536,
134588984,
133437307,
132246198,
131118613,
129999732,
128765684,
147617149,
136351075,
135289475,
134121497,
132991414,
131934775,
130680147,
129601370,
128416823,
147237214,
136100511,
134928791,
133798428,
132570360,
131452868,
130314960,
129110004,
127869262,
146744103,
135618008,
134426366,
133281980,
132094840,
130901958,
129722328,
128567107,
147425617,
136260286,
135098590,
133849253,
132705515,
131549203,
130366705,
129187701,
128045954,
147003588,
135846442,
134655547,
133499955,
132266148,
131106169,
129668390,
128730089,
147537821,
136311073,
135230213,
134117815,
132859966,
131740931,
130544807,
129357163,
128227795,
137039936,
135905400,
134735401,
133538776,
132399479,
131273320,
129851089,
128853941,
137734026,
136540199,
135361954,
134240129,
132985954,
131806556,
130603553,
129407507,
128210489,
137018767,
135833904,
134733153,
133546200,
132400427,
131214382,
129998574,
128863333,
127655975,
146596592,
135433778,
134248301,
133111171,
131914113,
130745067,
129604264,
128274785,
147036332,
135978899,
134800213,
133460167,
132430494,
131106128,
130035513,
128656946,
127718650,
146593118,
135384125,
134221505,
133097512,
131877990,
130803952,
129507270,
128316320,
147307590,
136090438,
134875775,
133725504,
132600909,
131463143,
130298042,
129072836,
127879446,
146704950,
135571419,
134138610,
133221403,
132065990,
130889927,
129707983,
128633178,
147378269,
136181878,
135012968,
153709554,
132666570,
131475289,
130234009,
129029369,
127879358,
146719672,
135342298,
134392556,
133284493,
132079503,
130911348,
129749977,
128655898,
147286765,
136028287,
129682410,
128866433,
127341193,
146210699,
134773762,
133848425,
132626216,
131535863,
130063585,
128957854,
127997657,
146835477,
135661626,
134519416,
133370107,
131973165,
131020821,
129804396,
128460495,
127463684,
146293413,
135116838,
133753141,
132814331,
131675040,
130456089,
129084105,
147904941,
136942634,
135514774,
134407075,
133398507,
132257229,
131202095,
130030763,
128849631,
127679073,
146569612,
135056891,
134121867,
132993545,
131781845,
130130648,
128984613,
127886377,
146765381,
135568092,
134439398,
133035793,
132111242,
130898555,
129555874,
128571258,
127186655,
146280036,
135075044,
133896245,
132747875,
131601303,
130407269,
129226075,
128061912,
146423817,
135260101,
134149998,
133034913,
131815311,
130703851,
129461905,
128316057,
127176752,
146010308,
134829568,
132661711,
131295943,
130360054,
128922084,
128020219,
146849802,
135654508,
134527324,
133333564,
132193389,
131036767,
129836709,
128684842,
117512108,
116319019,
115178287,
113552874,
112041976,
111133980,
110093221,
108943729,
107671975,
106426624,
115392471,
113868493,
112701443,
111478885,
110339977,
108955611,
107779991,
106747273,
115554593,
114388215,
113173223,
111885444,
110785970,
109652289,
108397723,
107211010,
116095981,
114899054,
113688242,
112524072,
121366817,
120102983,
128978684,
107772076,
116668243,
125462384,
124285877,
123060562,
131885867,
110672640,
109531932,
108353930,
107242593,
116048056,
114899327,
113712064,
112610884,
111293572,
110055503,
108980699,
107717217,
106614454,
115442256,
114251707,
113128823,
111928842,
110747291,
109609101,
108407242,
107257708,
116104258,
114976378,
113778510,
112615287,
111449042,
110288454,
109078853,
107900001,
106785855,
115607006,
114458362,
113342243,
112127897,
111072815,
109911005,
108781697,
107544363,
106166615,
115244567,
114063531,
112863241,
111648663,
110512887,
109419277,
108205870,
107065102,
115832397,
114718104,
113554797,
112337843,
111101270,
109926852,
108744819,
107603664,
106403746,
115309795,
114066320,
112936099,
111756217,
110589960,
109387762,
108260637,
107055030,
115938403,
114803006,
113280195,
112266488,
111115633,
109938864,
108815658,
107502583,
106125927,
115235596,
113993203,
112822157,
111722927,
110481761,
109336672,
108176477,
106951905,
115846592,
114671220,
113588448,
112186930,
111187872,
109083388,
107883675,
106702902,
115547917,
114369851,
113239722,
112034829,
110852761,
109735414,
108512740,
107345797,
105876891,
114923400,
113747210,
112639917,
111506931,
110280594,
109125827,
107933466,
106731761,
115593211,
114351791,
112977233,
111998520,
110797688,
109631819,
108474937,
107301977,
116121735,
114993377,
113815522,
112536988,
111391577,
110239169,
109030281,
107896156,
106733373,
115473331,
114303864,
113118996,
121797696,
130812589,
109614804,
108386996,
117279598,
106046011,
125030824,
123864239,
132485217,
111481032,
110322842,
109224373,
108007475,
106864416,
115692384,
114333393,
113505126,
112324786,
111192673,
110057214,
108610047,
107672039,
106288583,
115237802,
113826335,
112885779,
111468388,
110253153,
109063936,
108088738,
106716500,
105530688,
114653250,
113453130,
112051120,
111127751,
109929995,
108630375,
107416130,
106282731,
115156090,
114041830,
112948274,
111685300,
110367012,
108914164,
107799031,
106644178,
115505126,
114345754,
113181632,
111928366,
110807986,
109633736,
108430630,
107248682,
115975685,
114757755,
113637388,
112515140,
111330294,
110068072,
108884544,
107702998,
106559765,
115206323,
114077278,
112904206,
111748673,
110581607,
109222297,
108055471,
106912067,
115790448,
114612041,
113372330,
112252246,
