12790259086,
150720535,
141984202,
132326137,
132840157,
134362283,
137573360,
139755827,
141562340,
132744139,
134799172,
136532404,
138098509,
139401380,
140839400,
133437221,
134971780,
136889841,
138015825,
129954868,
132135697,
133722147,
135161564,
136778462,
138092630,
138995921,
131862650,
133263155,
135875000,
137910494,
139263520,
141559841,
133016552,
133900205,
135000479,
136590403,
138940679,
131181526,
133350267,
135793776,
138618973,
140493459,
132040205,
134214000,
135977250,
137196543,
138490758,
140169514,
131067959,
133677232,
135145010,
136592525,
138897702,
131222434,
133354294,
135117579,
125876651,
137447204,
139033412,
129848562,
132311159,
134202206,
136046334,
128258446,
130392015,
133225108,
135565944,
136901146,
139820188,
140890406,
132228151,
123396663,
125071036,
136457381,
138303008,
140081979,
133166489,
135688080,
137885494,
128762429,
131446103,
132409472,
124237980,
125721177,
127030868,
137972256,
140357134,
143031154,
134609713,
136929527,
139889084,
131125411,
153453275,
145249505,
136945599,
128168054,
129638360,
142250090,
144220737,
136811045,
138593555,
139874647,
142794237,
134721720,
135916507,
137635874,
149492126,
130869690,
132977717,
134017986,
135370471,
136981204,
139125632,
141153218,
133379316,
136310644,
138246017,
140358636,
132051386,
134255387,
135962034,
137829831,
140222901,
141851217,
133346908,
135021000,
136967060,
139512859,
141489658,
132592925,
134079717,
135557467,
138408445,
129676198,
141125225,
143609799,
135873872,
126451502,
138143147,
119183228,
111046060,
134437568,
137109267,
129888499,
121312745,
134269389,
136050075,
128017751,
129993313,
143054889,
135031178,
137960843,
129060122,
131231155,
134287281,
137546047,
139600151,
132442773,
134370681,
125900340,
138277909,
140157947,
131615702,
133624811,
135319889,
136559565,
139014624,
141394128,
143064063,
134695887,
137374316,
139274982,
140999240,
142538925,
134934468,
136564826,
138099452,
139578917,
142271703,
133873454,
125292765,
138030543,
141356996,
133569824,
146769959,
138214534,
131296510,
112687978,
114416010,
117043949,
108121519,
109916024,
113017915,
115291164,
117717519,
109800773,
112180910,
114066163,
115808244,
119048154,
110929936,
123960053,
125909392,
138005043,
139810378,
143220428,
145523107,
137833443,
140925782,
143870069,
145445837,
136492731,
137688621,
139672279,
141430880,
143212301,
155258285,
155364727,
147664763,
130150579,
131576024,
133784156,
135580053,
136896627,
139051337,
131649247,
133624505,
136279343,
137903179,
140123462,
132366715,
133942014,
136233161,
138582814,
130134373,
133387650,
146012890,
137929228,
140487859,
131855886,
134253720,
136449474,
138600735,
140688474,
133097293,
134544018,
136325009,
128534481,
139359003,
131443546,
123340119,
135253401,
127245005,
139226690,
140219295,
141515234,
136495377,
137846304,
129403201,
132370365,
123631652,
135126764,
127124583,
139252561,
140643087,
141745894,
134277282,
136016799,
138144390,
139909765,
141226590,
143950785,
135933195,
137494800,
140268294,
142356583,
133003383,
134452303,
136063255,
137598858,
140347218,
142291894,
143950066,
135993335,
139268763,
131391917,
132772665,
145726292,
138388499,
150396150,
142820859,
143820911,
136070106,
138809100,
140892016,
152589375,
145917623,
136575194,
139276001,
142158087,
133602711,
135082079,
147226199,
139570385,
142475109,
144798013,
146296196,
137876721,
139631781,
142449209,
144111644,
145373938,
136794060,
139252230,
140101015,
131983332,
143586622,
136117633,
138152570,
129842733,
131029510,
144618045,
147095492,
138739329,
130456861,
153585841,
155219335,
156214637,
136866651,
117951781,
130035868,
121056538,
133147815,
134158402,
137020739,
160020874,
151585564,
143861544,
145797620,
136993899,
138557001,
140129105,
142697520,
134221215,
137480919,
138393932,
130007055,
131937211,
132555648,
145786374,
137866742,
129533103,
141959162,
143969610,
147353882,
127874036,
119299060,
142782500,
144569770,
147082855,
128642981,
119940256,
143226346,
146147648,
149116141,
151136061,
132946038,
133229846,
154823182,
156657399,
159629769,
161827139,
164196825,
155777050,
167001236,
148907830,
130210739,
120737718,
153965436,
155605156,
157357484,
148973728,
151195026,
143614381,
156751257,
138436359,
139502155,
140683001,
131964745,
144360229,
147182905,
138162683,
139157806,
130663364,
132462097,
145278896,
147487368,
139377554,
130092141,
131375884,
143789235,
146781809,
139334932,
142036363,
133301463,
135126633,
147180802,
138728382,
140493279,
142347294,
143429618,
135182914,
138028398,
120036098,
143391767,
145860061,
147902642,
149110321,
152025102,
163419464,
164817038,
146223987,
137643049,
119665025,
153493296,
165233561,
156398733,
137545648,
138497811,
150627179,
163565201,
165229816,
166848979,
158126799,
150465757,
142061762,
144689081,
136681484,
117632382,
98900959,
111490856,
102454094,
124501901,
127744906,
109175378,
111383345,
113671420,
105014884,
117784129,
99311576,
101735561,
113875884,
116445642,
129002037,
121084782,
132806085,
133901657,
136252409,
138923098,
130915877,
131841462,
133394412,
135986300,
138108565,
130323958,
132382993,
143664146,
135967979,
138141970,
150238078,
152338255,
155279815,
156048207,
157172421,
137878111,
129338620,
130061732,
152516403,
164929021,
166421530,
158638932,
151273021,
153321831,
164666837,
155928366,
158255233,
160768088,
163396717,
145804397,
166648102,
158673223,
160849449,
163187959,
154905143,
136751042,
138739525,
151525826,
132955742,
134593267,
147311329,
138534603,
129467583,
131318717,
144138411,
146278644,
138734755,
141371857,
143265300,
134169861,
146052435,
137203098,
138053360,
139352398,
142434312,
144244771,
146245749,
138997807,
141912544,
144604751,
147538429,
138258040,
130172555,
131887803,
133380132,
144515635,
147278619,
138681895,
140427726,
142361965,
145324021,
147499684,
139985328,
121982229,
113074318,
114731482,
105787899,
107987430,
110823378,
112778616,
114577305,
117179490,
108895217,
111278710,
113166888,
115862986,
107136164,
110040940,
112082014,
135021722,
127014032,
129024436,
119799041,
132002795,
122552800,
145706068,
157893008,
149578809,
162167092,
154101428,
145745035,
136470802,
139112157,
162125640,
153889420,
146871530,
138739421,
140429681,
143205861,
146135440,
137161107,
127695597,
139803840,
142127950,
143572102,
134377283,
135651266,
137509592,
140086332,
141740181,
143242679,
146173659,
138144184,
139907263,
142163507,
144635694,
146852096,
139097046,
140874231,
132465273,
144547952,
145848674,
137939751,
139777283,
141834937,
143467290,
165769816,
167270123,
147826313,
160724550,
152721984,
145616922,
148146750,
140083519,
132010607,
133991335,
115814176,
128738575,
130680653,
121708690,
122828932,
134357757,
125563716,
117184736,
108888800,
110985613,
102942262,
104817116,
107569264,
109409814,
112452379,
113492568,
136928680,
139169691,
141888551,
133650497,
134793560,
136809369,
137836479,
138800286,
140737194,
131664813,
133771365,
135651372,
138234907,
139997622,
132032001,
133860379,
134783551,
136187009,
136671580,
138131320,
130496295,
132438745,
133931199,
125768502,
137784592,
139785862,
131564391,
132563288,
134111520,
136139348,
137471291,
129676274,
131459452,
133011286,
124633815,
137264867,
128735113,
140111312,
141619530,
154589657,
166244581,
146713651,
148367352,
140392555,
142959443,
164788884,
156039585,
148608106,
141107689,
143288254,
146191423,
149353364,
141612735,
143705567,
134857654,
136334320,
138959263,
119904287,
111179624,
103239459,
95545278,
107904407,
109183196,
111009337,
102540180,
104751796,
106599198,
98941695,
100712264,
103994365,
105992883,
108617458,
110811636,
102437268,
104899500,
106114973,
108494336,
110702913,
102435414,
105395832,
128080529,
129925839,
133170306,
134586029,
126686078,
128518464,
130100742,
142481549,
145160744,
136561147,
138767111,
151413795,
144403999,
146091075,
138568351,
129681084,
131377359,
132957433,
134584620,
136430430,
138486781,
129583120,
131667383,
143793864,
146203792,
138562133,
160124781,
140955252,
143175377,
145341676,
137251896,
138549509,
140487948,
142339182,
144076770,
135929402,
137822536,
139984768,
142879597,
145187628,
136962220,
138615458,
141322509,
144049719,
147018160,
138867726,
140510926,
130950913,
143029352,
144862696,
137280711,
138767650,
140096209,
142836776,
144952192,
137988093,
139903041,
141644094,
144254325,
136217248,
138093159,
140224909,
141984565,
144892136,
135852001,
117341744,
140221086,
142206947,
134167888,
135634502,
137988226,
139703304,
130573467,
132396760,
134858533,
136801713,
137832892,
139816605,
131124431,
132395435,
133657953,
135856988,
148196678,
129458175,
130329616,
142056556,
154961852,
147185747,
149791326,
141791074,
143025640,
144784404,
136779519,
139040061,
130753654,
143666051,
145428384,
137503513,
118477874,
119587406,
120767686,
122119127,
164339470,
145496597,
148099051,
140038204,
142058431,
133344566,
146667713,
127574365,
118322451,
130494992,
121407630,
145419054,
136428300,
117207745,
129310458,
120950992,
132842746,
125205785,
106348350,
108579489,
111019267,
113041750,
125174729,
116921221,
108284109,
110919509,
112748850,
115225748,
106702092,
118922223,
130969738,
133038879,
135154440,
138129019,
130493535,
132523259,
135268520,
126830686,
139526437,
131628171,
122936071,
114436958,
126690039,
128717267,
130850487,
112361059,
114492690,
116651702,
119570490,
111649814,
113534150,
116205386,
117725529,
119976509,
111466385,
113746393,
115802861,
117586058,
120119681,
111185405,
113389137,
126128413,
117922195,
119974782,
111967427,
113738240,
115992651,
117811772,
119948791,
111456453,
114033181,
137043781,
138893092,
140315806,
132613572,
134160705,
136511870,
138792975,
130295175,
131914978,
133961876,
136387734,
139309759,
130832090,
133278220,
134981168,
137278801,
139011623,
130792016,
133260165,
135749859,
138237230,
140479760,
131787956,
134077530,
135645379,
126502422,
138915481,
130893162,
134139240,
135926883,
127512391,
128784981,
120456241,
132412980,
134973308,
136665494,
127625474,
139564363,
141123099,
133541996,
135791263,
137867015,
129092235,
141066837,
142481599,
133415502,
136527905,
138692855,
140912489,
133606729,
136157070,
138485822,
141298206,
143722546,
156571095,
148333016,
140695013,
142530188,
144544455,
156706145,
149314645,
142193197,
143736646,
135778306,
127547239,
140204826,
142750947,
144983437,
147642493,
139529787,
141834100,
143465598,
134633070,
137179665,
138609631,
140909762,
132592746,
134611093,
137373065,
139289801,
140473626,
142268787,
143529752,
135163319,
137880152,
140295513,
141719475,
143789844,
135786036,
127254319,
118040393,
130470363,
143342508,
144687183,
136968878,
139063503,
141285946,
131893160,
143953802,
136243281,
139171294,
141627283,
144234441,
146928925,
139163587,
141773509,
143808617,
145911240,
137856007,
140512821,
143011488,
155432111,
147526330,
138538856,
129180867,
140665007,
142291090,
143556777,
136013056,
138660290,
141046682,
143000497,
134875952,
137307079,
140118656,
141720994,
133215972,
135482812,
137637537,
140211369,
142685229,
145145299,
136361796,
127235828,
138898458,
141206825,
142973304,
134480710,
136442900,
137442390,
139524996,
142022579,
144281419,
155901091,
137034883,
138873037,
140610458,
143258964,
145265115,
136460850,
127642412,
139443448,
130929660,
143496748,
136277383,
138142689,
119219748,
132065726,
133264020,
125059729,
136627747,
128218245,
140376900,
141984943,
134151503,
136074898,
137545911,
129156649,
141650074,
131937609,
144230491,
136262074,
127374649,
139630400,
131471440,
142651006,
133931044,
135443639,
126788858,
117684525,
118700350,
141615058,
133053503,
134448034,
135981957,
138762526,
129734092,
131815612,
133194847,
124691511,
136328919,
129191417,
121988109,
103467424,
105984110,
107769938,
110055735,
101966235,
104235564,
106422785,
118637347,
120582595,
91371369,
113446212,
115579059,
127301624,
118162224,
131351089,
122883927,
134914157,
126056973,
137978085,
140987628,
132702931,
134903847,
136439898,
138122350,
140085781,
132362615,
134561870,
135684950,
137799203,
140212312,
132057880,
134163697,
135471552,
137109881,
137951605,
129903466,
131895574,
133216703,
135278070,
136649062,
128525366,
130278991,
131728822,
133531968,
135095087,
137757803,
128914906,
120551604,
131983014,
154874129,
136197706,
138026935,
129679238,
131888901,
133515010,
135338610,
127054245,
118311343,
119636236,
120762729,
122701055,
124406543,
135984400,
138344078,
139874858,
142476748,
143801649,
134518015,
135844802,
137553433,
140271493,
141389384,
132895574,
135729011,
138424534,
139940153,
142330265,
134841520,
136151505,
138736467,
141000715,
133276657,
134542311,
126114657,
137928210,
138978943,
141096754,
142868308,
134826794,
136981414,
139722952,
141759378,
132724589,
134688373,
136177094,
137278491,
138433480,
139685371,
142330201,
134869848,
137304489,
139855445,
142816507,
134324913,
140492941,
142631542,
133810052,
135663057,
137577974,
139840297,
142130608,
132655494,
144943816,
137090532,
138942731,
141861395,
144342350,
145778825,
136804010,
139193937,
140472137,
142096781,
133070550,
134754499,
126598074,
128329728,
140376098,
131139621,
132335729,
123712164,
135655896,
138231749,
139672036,
140831409,
142930081,
135029372,
137591866,
128830200,
141047705,
133997915,
125569974,
117209690,
140641835,
162419878,
163992531,
155125537,
147229838,
138328444,
150278437,
151608213,
144076379,
135144053,
127021956,
139644325,
140926256,
153481856,
165526493,
146304767,
148112516,
149604275,
141735693,
144449669,
136405624,
138134723,
140577621,
142320607,
143632761,
135634408,
138296283,
140090371,
142582026,
134979241,
137255454,
138798186,
141464807,
132513222,
133614520,
135808745,
137928007,
140555629,
131812858,
133769655,
135479676,
137934694,
139531730,
141306232,
131974568,
133295275,
135485316,
138169506,
130386991,
132597776,
134426132,
135833507,
137850702,
140407377,
132496403,
123489045,
125385975,
136861214,
128236806,
109365888,
101412398,
103886785,
86384662,
88722827,
101477749,
103689653,
106136910,
108997915,
110797213,
102156008,
104984269,
107264458,
109528181,
111948773,
103955670,
106104531,
107653362,
109365028,
101488927,
103759513,
105959750,
108444989,
110521953,
102114941,
103857748,
105448212,
107200651,
109603854,
101215619,
103710638,
105509500,
87936073,
90384165,
92397894,
114872225,
106589900,
108844589,
110666122,
101967186,
104942631,
106552350,
108765020,
111006657,
102177546,
104912989,
106907503,
109264213,
110758202,
101942692,
123671662,
126913677,
108389364,
110682497,
101743076,
103740368,
105199792,
107992293,
110490597,
122041496,
133656098,
135775962,
138366425,
141129036,
143615523,
135913588,
138068283,
139975493,
142975715,
145450892,
136721270,
138302378,
141088820,
132713772,
134610063,
126003445,
138653079,
140843312,
132419549,
164799218,
166137148,
136414276,
137702270,
129755078,
121414355,
133925861,
124810885,
137314680,
129398621,
131090965,
132978658,
135360679,
137616745,
139176634,
131186828,
132634765,
134930035,
136924548,
139389710,
140757841,
132462581,
134724922,
138038050,
140627334,
143183496,
134860424,
136767432,
139630739,
140907863,
142886721,
145379459,
137330309,
139384452,
141124848,
153274318,
164054903,
165847203,
146926320,
148413419,
140313612,
131413779,
133744954,
135263739,
156308850,
149214451,
151057453,
142670914,
144787085,
136631665,
138980592,
140701446,
142732394,
135211544,
125870664,
127083152,
118873213,
151187133,
143007651,
145705183,
157704661,
127749508,
107708557,
141320119,
133457646,
135414521,
138157487,
119858081,
131484682,
123091255,
134152912,
136015119,
137514241,
128596713,
140145670,
131348957,
131983133,
164564817,
165865864,
147673232,
140054254,
141143370,
144082586,
146768819,
138816459,
140709952,
143238677,
144720996,
136500143,
137679310,
139167985,
141100447,
143843259,
136090705,
137241877,
138739338,
140362413,
143088512,
144935405,
137523282,
128454878,
140905240,
142256541,
134345872,
136852281,
128657750,
108727725,
141450801,
154761131,
156108593,
157847090,
149624330,
162466561,
154217688,
145764299,
136981461,
127800693,
139662260,
141548641,
143370086,
134969104,
137647346,
138570163,
139577843,
141669578,
142726956,
133498681,
135096403,
137397320,
140297996,
142764111,
134534121,
126149967,
117508701,
109008602,
120820905,
144795072,
136507690,
138935613,
141101843,
143751695,
135601255,
138011549,
139357562,
142487629,
144999483,
136322408,
138542665,
140056309,
142452896,
143909800,
145792733,
147369000,
139102202,
141796683,
144439362,
136616730,
127417907,
119391769,
110233507,
112166913,
114280514,
116598941,
108155712,
110512533,
112826426,
114580179,
116423219,
118813733,
110720021,
113108982,
115413934,
117411956,
129806117,
131694105,
133636930,
135365440,
137257063,
139846441,
131467604,
134408900,
135636312,
137142761,
139780325,
132064445,
133531567,
134836052,
136513471,
137339543,
128440963,
130860980,
133525816,
135814294,
138062296,
140404058,
132764691,
135494265,
137574335,
140242807,
141591306,
142676957,
134915783,
136425281,
137496495,
139920138,
141085587,
143155669,
144654973,
135447735,
137790163,
140919896,
142868263,
134665877,
136362137,
137741051,
140004733,
142703608,
133191137,
134322524,
135800179,
137246873,
139634628,
140388751,
132746657,
134662064,
137332184,
139465196,
142309816,
135002587,
136939502,
138723106,
141285454,
133573324,
135842204,
138840653,
140355219,
142323294,
145383541,
137490027,
138852993,
140340896,
142984195,
145158578,
137056023,
139707275,
141275799,
143075657,
134452452,
136876952,
139527887,
140966178,
142811664,
134292449,
135390798,
137377123,
140027914,
142155042,
143888335,
135827588,
138896543,
141755518,
154354330,
146603517,
138183367,
140908664,
143316870,
134573552,
147132942,
139771872,
142110105,
144671274,
146895433,
138534620,
129561916,
131659052,
133442670,
114041397,
116030211,
118298248,
99209460,
111265176,
113167869,
115372325,
116876024,
117716071,
141120435,
131992474,
144778950,
146240274,
138954511,
140990124,
133071417,
124591746,
116458749,
108351302,
100046571,
112450029,
114175496,
137317574,
149677125,
162215057,
154096092,
145906127,
137281091,
138618499,
151731834,
144311063,
135687781,
137223813,
149891094,
162175675,
163987297,
155568772,
147984569,
160644341,
161925416,
153874392,
155767053,
158022042,
159718145,
161278302,
164057669,
165721759,
157384932,
138598226,
139938144,
142563876,
144817748,
147088683,
158951810,
161546990,
162817951,
164640424,
165889851,
157529262,
159425772,
160970491,
153149703,
144369739,
135636910,
137745243,
149957602,
152085547,
152091853,
143440356,
155129529,
156073113,
148290998,
140608027,
152425400,
134118145,
156100033,
148351418,
139894064,
131293969,
122154822,
144563999,
136832608,
128461965,
119458208,
143403931,
145067378,
136190274,
128043629,
129398237,
109610505,
121648901,
144102784,
135534795,
138364905,
119139929,
121167086,
121419127,
145250867,
136581370,
138948194,
140636460,
141840992,
142883160,
143863375,
135563949,
137654192,
139398744,
142142977,
143845885,
135707458,
137284339,
139868747,
131520508,
112188978,
134444831,
136957610,
138892507,
141655900,
143471722,
145088675,
136388201,
138536731,
140238566,
141376799,
143640033,
134380569,
136525136,
137730626,
138441795,
141235926,
132599633,
134588430,
136805950,
138988988,
129906245,
132249084,
134037730,
135483085,
137787100,
140392673,
132360182,
134895234,
136951671,
138762404,
129589525,
120879467,
133135625,
134640499,
136758688,
139434337,
131355910,
133572680,
124872332,
137947297,
129836106,
132993508,
134772585,
125532109,
117638843,
140484823,
142611433,
135277785,
126435444,
128634600,
141092985,
131877454,
134135570,
135847202,
138616686,
129458511,
130768386,
121871060,
133674343,
135583433,
136498887,
138831576,
130444326,
131713101,
133706280,
134258398,
135703954,
137940185,
129870067,
132554846,
135294947,
126593697,
106565563,
129016025,
132013404,
134421112,
136120305,
138688359,
129534630,
132226035,
134524629,
135279225,
137445008,
130115560,
133034497,
135434407,
116830017,
108482487,
110702883,
102243339,
104569362,
106935648,
109423043,
111472295,
113966880,
105540854,
107916263,
131560984,
134461322,
126889570,
108392423,
121113376,
122292621,
135302172,
137134628,
140137696,
132173606,
124636214,
136417300,
137443169,
138781419,
130681396,
131381647,
133667276,
136073067,
139190024,
130820988,
122188610,
134319569,
135719019,
127596990,
128629611,
109565829,
121898564,
134743587,
136285595,
128607779,
131034392,
153871830,
165874609,
167176611,
138900632,
140692483,
143222897,
134584389,
147122518,
139991126,
120487570,
121612520,
123387734,
135930754,
127406671,
129104090,
130735210,
132872696,
135072677,
138210464,
139546887,
132153367,
133579509,
135804172,
137321479,
139231412,
141894019,
133576980,
135748366,
127325866,
128995729,
141407709,
143072434,
133723359,
136120205,
137655769,
139165694,
141259218,
133106350,
134826541,
136218052,
137452254,
138483052,
130906865,
132836985,
135115681,
138115543,
141275364,
133380704,
135520327,
138101206,
139930010,
131440469,
132933043,
124527358,
104826004,
126987857,
139117450,
131733504,
133245232,
135360822,
136133067,
138541787,
130986828,
133643132,
125008259,
126117807,
128206243,
139495925,
131966769,
134651460,
125601508,
138057122,
129018037,
141741307,
143234954,
134992362,
115916225,
117464149,
120337657,
111945373,
113398861,
125981824,
138300120,
141041077,
132352343,
123497550,
136121706,
137266484,
128312995,
140023014,
141902106,
133518167,
135777415,
126826735,
128186269,
109637643,
111765170,
113195000,
126002236,
138497847,
150340785,
142545912,
145456492,
138336356,
139697666,
130817757,
142981477,
134941488,
115853225,
139187106,
141664588,
142611880,
144751468,
136316513,
138174637,
139910061,
140692977,
133178924,
134943443,
136543071,
138868635,
119842479,
110322058,
133098174,
104025141,
137106083,
127909583,
129466139,
141208378,
132947456,
134336191,
135657822,
137604037,
130096130,
131703358,
