19410801,
8212660,
7598712,
8042347,
7709893,
7164081,
7043376,
6255823,
6351072,
6567005,
6535505,
7009163,
6790429,
6760400,
6578390,
6603748,
6429606,
6500310,
6220441,
6108422,
6121760,
6381910,
6317130,
6394423,
6135399,
6109663,
6438956,
6401565,
6191422,
6560159,
6590354,
6441476,
6494220,
6287514,
6285655,
6553506,
6338884,
6871249,
6158789,
6915757,
6421746,
6450249,
6760251,
6246001,
6334797,
6528991,
6528458,
6195751,
5740114,
6248606,
6474644,
6373592,
6164020,
6454019,
6808190,
6229048,
6362528,
6647407,
5949964,
6567905,
7264018,
6274421,
6008685,
6136962,
6159618,
6497184,
6398456,
6990947,
5901821,
6347224,
6548504,
6154616,
6167309,
6248618,
5983734,
6883521,
6222682,
6068060,
6046302,
6660710,
6553612,
5953073,
5998141,
6161536,
5866045,
7162577,
6661873,
5722963,
6623708,
6652147,
6368037,
6471339,
6515465,
5730950,
6000343,
6199170,
5873370,
5711290,
5950261,
6119355,
6026216,
6395870,
6108942,
6140804,
6123255,
6274014,
6403035,
6056843,
6061284,
6226125,
5989548,
6064476,
6312560,
6487483,
6134111,
6106094,
6068596,
5826266,
6082076,
5936105,
6368335,
6093646,
5984103,
5791827,
5964607,
6003321,
6210834,
6369507,
5965586,
5810763,
5663226,
6298881,
5999921,
6147142,
6155341,
6554294,
6221677,
5906381,
6352450,
5633112,
5907100,
5911275,
6176235,
5980147,
5863464,
6196188,
6259618,
5978202,
5797135,
18640503,
6132059,
5673767,
5827822,
6387952,
6530591,
6157036,
6645748,
6179314,
6020937,
5837585,
5883717,
5871891,
5880418,
6342919,
6221028,
5872854,
6065073,
5755560,
6046704,
5972264,
6239735,
5691823,
6144412,
5843568,
5901722,
6591024,
6107098,
6118910,
6131560,
5722823,
6125473,
6216951,
5708536,
6148719,
6316939,
6087820,
6291687,
6234759,
5932101,
5866220,
5966006,
6355138,
6145286,
5716211,
5892178,
6146771,
5595971,
5955282,
5580906,
5786223,
6054975,
5647761,
5456135,
6101220,
5930674,
5928528,
5531577,
5972243,
6920810,
5902168,
5508561,
6013810,
5740759,
6339720,
5615843,
6107594,
5981873,
6275817,
5984832,
5876564,
5910003,
5550803,
5440345,
5933360,
6592148,
5761436,
6242537,
5866107,
5774193,
5900982,
5696084,
6256211,
5560753,
5919605,
5872078,
5635590,
6105873,
6006909,
6137851,
5973381,
5652107,
5773432,
6118027,
5989676,
6359013,
6271111,
5424473,
6309546,
5995014,
5684566,
5809729,
5777068,
6180585,
6080515,
6280457,
6052991,
6019756,
5784606,
5583317,
6179070,
5684180,
6404636,
6395941,
5910660,
5875687,
5890116,
5492322,
5847962,
5698785,
6253768,
5832408,
6803653,
6447407,
6777849,
6148410,
5570664,
5942042,
5592976,
5823498,
7658370,
5482889,
5924681,
6092667,
6137159,
5940175,
5821819,
5797468,
5693992,
5422479,
5906911,
6832076,
5754309,
5501731,
5466415,
5773119,
5479716,
5638507,
5528928,
5309613,
5780635,
5518135,
5518938,
5544547,
5753935,
5830238,
6227575,
5384725,
6731589,
5754756,
5547211,
5299820,
5468489,
5886417,
5778065,
5623927,
5898834,
5961194,
6040907,
6400362,
6039540,
6174357,
5587263,
5543261,
5940485,
5334848,
6315223,
5949573,
5845588,
5766852,
5633773,
5545397,
5942830,
5710958,
5921136,
5744089,
5429085,
6083552,
5918374,
5231677,
5510531,
5544122,
5833368,
5872878,
6075610,
5359678,
6208358,
5701117,
5768756,
5866937,
5961891,
5850505,
6295155,
5692740,
6446096,
5690076,
5838008,
5828188,
5850707,
5903159,
6155355,
5438853,
6078904,
5744902,
5671613,
5708629,
5816228,
5687968,
5890818,
5426699,
5506088,
5645951,
5640823,
5860315,
5545372,
5318557,
5243912,
5799556,
5457011,
5603665,
5401296,
6026146,
5903304,
5878032,
5695402,
5398967,
5373659,
6062406,
5834035,
5220811,
5204776,
5344591,
5659111,
5602618,
5639097,
6046574,
5678216,
5726170,
5765623,
5453347,
5819518,
5405445,
5471108,
5796166,
6348842,
5647604,
5945485,
5496603,
5518706,
5484759,
5615185,
5872574,
5743666,
5488439,
5417612,
5598710,
5676914,
5613734,
5496161,
6205509,
5587040,
5509348,
5212114,
5504610,
5870096,
5710393,
5615937,
5699249,
6035930,
5571341,
5516332,
5561341,
5412759,
5727189,
5371038,
5571879,
5521827,
5486365,
5571576,
5503317,
5440351,
5553191,
5486772,
5484584,
5613155,
5886555,
5516742,
5454913,
5569775,
5478321,
5452111,
5754029,
5815308,
5846962,
6071782,
6321881,
6028789,
5534847,
5566841,
5453802,
5738363,
5642614,
5553487,
5643567,
6083652,
5537281,
5807862,
5764419,
5607588,
5586875,
5901074,
6159542,
5844228,
5949595,
5332766,
5548718,
5797518,
6299727,
5728185,
5814656,
5691756,
5494291,
6072793,
5566084,
5771141,
5428099,
5730723,
5685238,
5899451,
5913787,
5876209,
5891329,
5902514,
6222092,
5693592,
5924483,
6722588,
5916485,
6129266,
6195659,
5920749,
5585231,
5652551,
6187797,
6021302,
5724992,
5808119,
6183449,
5767993,
5667391,
6202698,
5683092,
6104855,
5603971,
5535934,
5296598,
5559368,
5426999,
5547734,
5342293,
5398840,
5408493,
5562731,
6081165,
5617484,
5512972,
5642410,
5276257,
5613980,
5793318,
5504485,
5437849,
5398832,
5216110,
5583453,
5499025,
5495538,
5514144,
5635407,
5506872,
5335941,
5631544,
5610597,
5481908,
6095486,
6067897,
6007005,
5371010,
6157036,
5588227,
5653221,
6560913,
5637969,
5386342,
5298803,
6041335,
5543301,
5261705,
5587263,
5989018,
5518613,
5516965,
5644867,
5511771,
5692236,
5863256,
5374986,
5404536,
6032692,
5794069,
5894801,
5844822,
5647779,
6073906,
6418499,
5515578,
5825282,
5512152,
5926087,
5581188,
5683046,
5482386,
5733232,
6009207,
5657073,
5535952,
5441609,
5284450,
5752902,
5518541,
5714019,
5422752,
5451856,
5772923,
5733871,
5652040,
5660762,
5902972,
5369287,
5744966,
5957297,
5753123,
6563188,
6080210,
5862234,
5925892,
5504518,
5878459,
6056290,
5682249,
5894514,
5771662,
5614867,
6071233,
6279107,
5885787,
5847973,
6071569,
5881471,
5478393,
5917142,
5321267,
5773480,
5763090,
5787782,
6275707,
6078317,
5352513,
5628533,
5306811,
5976311,
5903268,
6349621,
6093795,
5640690,
5396042,
5551473,
5631451,
6168489,
5553128,
6055276,
5639587,
5855306,
6394063,
5714852,
5707104,
5331067,
5266013,
5522511,
5796706,
6225625,
5847837,
5692041,
5342217,
5985322,
6616168,
5744373,
5576338,
5705026,
5891629,
5811182,
6326857,
5668118,
5465446,
5448469,
5540605,
5530811,
5613738,
5432938,
5287614,
5870645,
5654623,
5928615,
5446790,
5583388,
5682249,
5717369,
5798848,
6107614,
5805444,
5630429,
5457685,
6076290,
5509015,
5771219,
6039625,
5325660,
5798287,
5521771,
5423471,
5375878,
5849246,
5493169,
5415021,
5900116,
5745666,
5595265,
5806229,
5761220,
5363463,
5819628,
6411981,
6047323,
5206612,
5677396,
6240664,
5807169,
6039158,
6142582,
5318504,
5722820,
5219684,
5688207,
5526735,
5682716,
5488091,
5358219,
5550091,
5737522,
5662400,
5845715,
5778045,
5789676,
5423489,
5908424,
5669913,
5623077,
5741005,
5575744,
5839599,
6628584,
5710329,
6230145,
5852028,
5884954,
5748372,
5890315,
5896081,
5686563,
5346898,
5848525,
5677326,
6225834,
5608763,
5536811,
5435815,
5743175,
6078172,
5689869,
6076707,
5403270,
5644752,
5287775,
5393043,
5333107,
5820539,
5294105,
5976236,
5519011,
5542857,
5608040,
5782453,
5878278,
5639740,
5931679,
5540450,
5577651,
5732495,
6017513,
5432642,
5432946,
5420063,
5486684,
5519742,
5500205,
5428512,
6124489,
5694984,
5563917,
5403676,
5467679,
5766129,
5748490,
5503818,
5466854,
5646949,
5472118,
6102577,
5561017,
5678786,
5718916,
5636833,
5755862,
5694237,
5598993,
5672191,
5982014,
5813325,
5908323,
5942932,
5871212,
6200864,
5305217,
5771626,
5389909,
5760452,
5842004,
6236221,
5382400,
5726301,
5741378,
5569387,
5729729,
5407291,
5553015,
6477995,
5776918,
6793529,
5702700,
5375189,
5889898,
5718746,
5809569,
6114015,
5400459,
5953687,
5609507,
5864332,
6046040,
5647011,
5829705,
5663816,
6298641,
5754909,
5696637,
5803518,
5700239,
6510415,
6506849,
5279373,
5637758,
5632895,
5690640,
5755009,
5917321,
5721496,
5834068,
5299427,
5601023,
5987044,
5651536,
5638467,
6009775,
5716636,
5637419,
5723030,
5704636,
5378083,
5740739,
5511082,
5565708,
5803543,
6191752,
5648363,
5572214,
5605391,
5834885,
5525915,
5951202,
5687770,
5590592,
5741046,
5845808,
5674841,
5849474,
5183824,
5666697,
5717082,
5497448,
5685016,
5448356,
5649520,
5384575,
5471608,
5634863,
5577277,
5459295,
5442993,
5630340,
5660313,
5329856,
5459959,
5572199,
5983467,
5601184,
5468107,
5438153,
5201415,
5239183,
5230590,
6219512,
6169534,
5375212,
5447857,
5418642,
5471520,
6274075,
5790376,
6669814,
5569858,
6131913,
6154056,
5506770,
5444614,
5804411,
5702629,
5563648,
5382374,
5206938,
5432699,
5440473,
5788790,
5452124,
5361565,
5419962,
6334620,
5742952,
5479618,
5509221,
5642613,
5893318,
5418729,
5773700,
5580497,
5885105,
5759050,
6013743,
5248371,
5193330,
5091645,
5912710,
5605855,
5443580,
5305479,
5627991,
5148432,
5337602,
6325671,
5502020,
6083627,
5440590,
5520751,
5457032,
5268180,
5369774,
5338437,
5748690,
5934632,
5742882,
5979381,
5810306,
5983591,
7084402,
5629340,
5409070,
5818549,
6293212,
5789675,
5765833,
5990363,
5858114,
5648457,
6492982,
5566874,
5365360,
5794923,
6075010,
5618060,
5728179,
5384535,
5664847,
5379156,
5335690,
5508768,
5820603,
5480745,
5973967,
6472016,
5507818,
5873470,
5324540,
5875881,
5594198,
5315327,
5910470,
5567432,
6482362,
5543232,
5501005,
5290732,
5875121,
5617204,
5408195,
5339714,
5888401,
5656447,
5603050,
6076116,
5446235,
5700302,
5552921,
5735226,
5792728,
5814761,
5522475,
5508272,
6231476,
5672156,
5330584,
5700400,
5305146,
5456909,
5680447,
5515098,
5708719,
5706057,
6146336,
5812654,
5620237,
5614864,
6096779,
5848298,
5536424,
5513961,
6247907,
6007672,
5900314,
5978973,
5914961,
5732636,
5540828,
5967557,
5960801,
5841762,
5600570,
5458808,
5931414,
5787023,
5631427,
5913461,
5713846,
5975058,
5514679,
5655516,
5545654,
5454154,
6092413,
5505329,
5539198,
5585005,
5537521,
5898628,
5364786,
5472609,
5524960,
5433255,
5561751,
5474035,
5721956,
5996457,
5864216,
5980155,
5819634,
5410725,
6034223,
5974177,
5647306,
5677237,
5386685,
5453129,
5928517,
5482496,
5718932,
5874228,
5773005,
6133589,
5507821,
5697475,
6740855,
5709803,
5511008,
5754752,
5495735,
5563888,
5655167,
5492949,
5853532,
5830742,
6213198,
5647397,
5905551,
5876632,
5694876,
5656182,
5942315,
5533368,
5767335,
5711966,
5697896,
5606764,
6235376,
5791799,
5477796,
5482918,
5572304,
5927541,
5930447,
5508415,
5388754,
5510281,
5651880,
5412779,
5590008,
5768696,
5709347,
5582671,
5791968,
5788919,
5669953,
5966263,
5933344,
5664490,
5540672,
5480308,
5707317,
6324878,
5613606,
5457010,
6091153,
5978378,
5535204,
5234095,
5263743,
5592531,
5588300,
5541742,
5548485,
5824873,
5548990,
5557876,
5283154,
5646480,
4927707,
5024687,
4974049,
5111547,
5228286,
4901420,
5106972,
5378176,
5826269,
5500554,
5423322,
5829468,
5390260,
5280047,
5261665,
5400812,
5436426,
5170508,
5787326,
5173448,
5739560,
5511318,
5397499,
5367756,
5634913,
5547990,
5784086,
5862385,
5443118,
5228284,
6045627,
5318155,
5534271,
5336247,
5343232,
5703712,
5580377,
6328047,
5634857,
5475235,
5389174,
5360258,
5459989,
5472516,
6076900,
5201667,
5690163,
5789934,
7257351,
5737846,
5672277,
5465199,
6884793,
5954357,
5660688,
5360260,
5461905,
5478287,
5836835,
5061972,
5164016,
5212491,
5372076,
5087383,
5785136,
5128948,
5079775,
5465135,
5449826,
5036761,
5163203,
5586018,
5701789,
5319104,
5259284,
5270163,
5472818,
6039544,
5572997,
5239304,
5409706,
5237207,
5685241,
5813554,
5527294,
5603612,
5551227,
5941167,
5954277,
5317526,
5613411,
5521461,
5632539,
5390725,
5828979,
5767853,
5696476,
5714096,
5949117,
5943412,
5777459,
5619502,
6089628,
5842314,
5709712,
5739149,
5670166,
6261050,
5888798,
5623910,
5720283,
5540068,
5563741,
5813861,
5249844,
6275677,
5927247,
5573147,
5841180,
5597190,
5483839,
5346777,
5387346,
5544861,
5990972,
5626064,
5626432,
5501212,
5870865,
5974877,
5404907,
5467004,
5866819,
5551285,
5480098,
5741653,
5684538,
6057699,
5809742,
6023879,
5514153,
5355076,
5679164,
6132930,
6112166,
5753279,
5513525,
5546578,
6406987,
5707620,
5666904,
5680365,
6038563,
5491909,
5845948,
6193954,
6256277,
5805786,
5179502,
5632661,
5516318,
5325223,
5490576,
5866049,
5545397,
5901670,
5802572,
5426543,
5602524,
5511115,
5751656,
5864017,
5503085,
5716752,
5859791,
5441695,
5514184,
5507793,
6128324,
5570190,
6792166,
5519598,
5771876,
5902262,
6079719,
5404246,
6116622,
5960397,
5639475,
5736369,
5906272,
5339930,
5584285,
5698709,
6316051,
5413827,
5524728,
5788046,
5633823,
5885172,
5689390,
5257035,
5883893,
5900021,
6513005,
6014828,
6062614,
6042487,
5687464,
5490228,
5694232,
5843022,
5808248,
5680709,
5793631,
5343963,
5680377,
5360549,
5991501,
5688480,
5886495,
5367978,
6085363,
5757048,
5703817,
6062799,
5472259,
5721406,
6554898,
5609464,
5528314,
5449009,
6044907,
5613100,
5933124,
5669564,
5559757,
5599611,
5798442,
5568130,
5423743,
5847687,
5769916,
5595831,
5744522,
5427160,
5670103,
5653551,
5491535,
5479239,
5615117,
5769356,
5569231,
5798752,
5847055,
5704249,
5636241,
5928950,
6009613,
5781780,
5821261,
5399135,
5821204,
5948871,
6143823,
5353918,
6062306,
5804888,
5481339,
6628928,
5441085,
5442689,
5892635,
5586041,
5529401,
5421676,
5581091,
5895717,
5694315,
5501065,
5528841,
5212558,
6036327,
6840705,
5854568,
5735258,
5647017,
5449829,
5925555,
5592478,
5380074,
6052079,
5940564,
6067574,
5558364,
5614356,
5560478,
5882954,
5598159,
6067291,
6180681,
5756632,
6012516,
5672114,
5578471,
5906928,
5305547,
6087960,
5538386,
5553092,
5698930,
5866255,
6241344,
5318090,
5516527,
5939295,
5808618,
5429652,
5619140,
5414432,
5397349,
5336213,
5901456,
6671097,
5523798,
5308110,
5460119,
5881824,
5767908,
5448838,
5834791,
5428520,
5702630,
6064293,
5740699,
5415869,
5896861,
5388983,
5741032,
6225054,
5943470,
5549391,
5815518,
5581604,
5278687,
5722863,
5768083,
5668967,
5581218,
5421405,
5407062,
6419136,
5830375,
5441441,
5367035,
5323562,
5542158,
5138572,
5717969,
5519601,
5235677,
5376006,
5741646,
5658395,
5497163,
5839759,
5859678,
5794595,
5691083,
5379104,
5333460,
5605667,
5909328,
5573055,
5499782,
5275524,
5620233,
5482421,
5879668,
5626524,
5295601,
5890638,
5857614,
5742536,
5557794,
5382606,
5713850,
5280244,
5720503,
5509868,
5593463,
5642903,
5786763,
5776730,
5363315,
5232631,
5706299,
5844621,
5659693,
5378880,
5552878,
5684169,
5916821,
5775231,
6108262,
5425732,
5737786,
5950928,
5641713,
5361269,
5618754,
6522502,
5962447,
5514892,
5541075,
5454132,
5512744,
5952199,
5484236,
5605267,
6074230,
5993107,
5991794,
5838007,
5692264,
5362769,
5775889,
5583497,
5828755,
5425542,
5507311,
5992577,
5815941,
5478331,
5531831,
5245979,
5991245,
5764346,
5721099,
5616270,
5850798,
5922745,
5672911,
5539984,
5809458,
5478178,
5794957,
5793739,
5546315,
5514428,
5551962,
5737674,
6321383,
5601553,
5550027,
5624957,
5677427,
5723776,
5660877,
5998727,
5431013,
5771189,
5778142,
5718723,
5729225,
5734157,
5993797,
5965461,
5547044,
5561275,
5982484,
5786109,
6521481,
5513962,
5586543,
6653312,
5844915,
5926777,
5781879,
5323277,
5471468,
6533635,
5770029,
5504024,
5560875,
5322463,
6015842,
5870798,
5470699,
5444936,
5503685,
5509010,
5608034,
5526674,
5900067,
5540095,
5995043,
5555863,
5748575,
5910475,
5731364,
5800497,
6235281,
5473591,
5358573,
5804759,
6037090,
5556225,
5360108,
5349743,
5695777,
6001841,
5574074,
5419326,
5457855,
5181133,
5834962,
5553698,
5588363,
5469679,
5641541,
5645770,
5834478,
5733733,
5721120,
5574014,
5736996,
5779030,
6734116,
5250157,
6012963,
5198811,
6216489,
5767589,
5375622,
5431625,
5547761,
5514044,
5543645,
5515291,
5558320,
5473698,
5526556,
5530632,
5385883,
5496634,
6084203,
6046431,
5527172,
5416446,
5796746,
5688270,
5745343,
5374549,
5278326,
5301974,
5695231,
5177510,
5117548,
5057620,
5180168,
5373735,
5200254,
5044833,
5123184,
5084863,
5127482,
5032358,
5544194,
4855896,
5195047,
5037619,
5042137,
4935047,
5076438,
5380366,
4861327,
5501226,
5417501,
5298800,
5552978,
5318124,
5322787,
5317995,
5450397,
5896735,
5592330,
5327227,
5406587,
5222339,
5078401,
4956480,
5253185,
5667046,
5514076,
6758220,
5338256,
5739941,
5573320,
5212690,
5409454,
5512022,
5762283,
6073376,
5760416,
5641094,
5581750,
5516451,
5664272,
5627834,
5519142,
5423718,
5766269,
5812002,
5538018,
5488235,
5857188,
5581484,
5741757,
5600444,
5862075,
5490708,
5935894,
5591935,
5465255,
5477428,
5947497,
5672550,
5573587,
5674837,
5466143,
5437519,
5775366,
5365186,
5460192,
5550335,
5554445,
5392081,
5303266,
5051329,
6196355,
5607925,
5751573,
5374390,
5657001,
5680878,
6572707,
5548027,
5284636,
5805082,
5593218,
5959427,
5470459,
5388097,
5851397,
5529515,
5467459,
5690102,
5271925,
5662240,
5525478,
5458713,
5836459,
5650323,
6025653,
5621994,
5895933,
6388977,
5827429,
5285508,
5519991,
5321327,
5769783,
5849152,
5839005,
5697625,
5726186,
6021188,
5422769,
5886028,
6137205,
5910716,
5890827,
5855164,
5650454,
5654116,
5503679,
5842621,
5314400,
5167987,
5363592,
5833502,
5565934,
6281892,
5854423,
5746728,
5613863,
6224547,
5558007,
5564866,
5964604,
5470148,
5521971,
5209536,
5139715,
5427843,
5946040,
5473002,
5260698,
6101186,
5608874,
6152806,
5598702,
5494982,
5407512,
6023602,
5902957,
5681819,
5388892,
5285138,
5728174,
5848711,
5326220,
5485506,
5438793,
5432753,
5776996,
6018811,
5616308,
5458186,
5433632,
5725073,
5439095,
6376297,
5710379,
5866657,
5792133,
5904480,
5366005,
5273447,
5583417,
5537899,
5485552,
5776209,
5307631,
5147246,
6226005,
5417977,
5223308,
5800636,
5655334,
5518824,
5476302,
5816012,
5974058,
6910945,
6962050,
6072468,
5598540,
5182194,
5248965,
5576398,
5527425,
5964855,
5834001,
5648570,
5586280,
5662180,
6008996,
5275847,
5908794,
5532872,
5513021,
5551374,
6318373,
5688823,
5547435,
5578058,
5605838,
5688663,
5754516,
5050160,
5772567,
5442065,
5356053,
5617277,
5102735,
5641658,
5397021,
5256106,
5956739,
5655066,
5307177,
5554599,
5616830,
5505861,
5300174,
5276381,
5430862,
5813579,
6039103,
5764853,
5386024,
5233851,
5417039,
5611526,
5564734,
5551107,
5409186,
6160736,
6317540,
5663874,
5385340,
5997607,
5562852,
5687384,
5405143,
5438333,
5219745,
5626727,
5855388,
5517322,
6057916,
5253741,
5784141,
5712571,
5698053,
5482198,
5316276,
5515120,
5692083,
5657961,
6081554,
5250631,
5739710,
5724471,
5626047,
5800705,
5497685,
5736609,
6134136,
5690422,
5554748,
5732316,
5385429,
5831712,
5648200,
6050640,
5479395,
5525811,
5843532,
5597480,
5403370,
5741968,
6095857,
5485220,
6049633,
5728703,
5847499,
5556768,
5628360,
5752505,
5768532,
6064396,
6382530,
5572004,
5907801,
5794990,
5419546,
6778116,
5650760,
5784875,
5849053,
5705002,
5824587,
6053084,
5633431,
5721149,
5640451,
5431329,
5768196,
5777453,
5898727,
5517054,
5994193,
6770211,
5745149,
5677303,
5862053,
6079413,
5660135,
6059723,
5538281,
5423260,
6071634,
5592224,
5656516,
5794326,
6018396,
5657400,
5930499,
5570167,
6508497,
5469405,
6107226,
5737531,
6293515,
5894893,
5621970,
5580841,
5997726,
5808355,
5787398,
5378136,
5853395,
5749158,
5954891,
5807731,
5579924,
5818335,
5964190,
5930621,
6287548,
5535349,
6144852,
5942718,
5601741,
5647620,
5949408,
6261422,
6103486,
5761803,
6194354,
6050083,
6296187,
6818903,
6423407,
5748323,
5462325,
6090640,
5905225,
5590097,
5969167,
5647107,
5706103,
5861466,
5718616,
5757695,
5640467,
6238674,
5877595,
6073253,
5845966,
5707193,
5626007,
5921138,
5883245,
5564142,
6127989,
6327083,
5962627,
5472012,
5812155,
5740453,
5758467,
5779648,
5546872,
6099310,
5609121,
5488024,
5758992,
5759326,
5712444,
5651809,
5633910,
5837421,
5962136,
5790580,
5879058,
5986800,
5922358,
6044926,
5797090,
5557754,
5800941,
6069783,
5742339,
5676822,
5770230,
5703123,
5947304,
5774246,
6062112,
5677870,
5694206,
5981041,
5801886,
5929844,
5932719,
5736240,
5617770,
5492319,
6148792,
5776087,
5867932,
5623289,
5863928,
5509636,
5676071,
5773701,
5790165,
5702374,
5948725,
5404172,
6138181,
5718502,
6201315,
6719508,
5503284,
5413114,
5643852,
5486447,
5702405,
6597549,
6522670,
5508912,
5785852,
5731655,
5506792,
5470066,
5400680,
5515113,
5638326,
5944980,
5598030,
5733224,
5333240,
5292833,
5390798,
5784380,
5717100,
5802012,
5423576,
6090246,
5749981,
5617004,
5680742,
5797846,
5970166,
6056569,
5372418,
5970252,
5725152,
5160698,
5638810,
5367922,
5507621,
5315853,
5984404,
5459808,
6324182,
5682231,
5424943,
5394141,
5641302,
5461003,
6015772,
6184060,
5611859,
5895541,
5962805,
5995398,
5783817,
5591648,
5737276,
6303177,
5669361,
5705436,
5626238,
5753902,
6477413,
5822775,
5618096,
5761487,
5708987,
5922912,
6608048,
5551450,
5712584,
6020710,
5664480,
5742977,
5730116,
5464596,
5897458,
5844618,
5691986,
5450558,
6258617,
5701213,
5985857,
6065900,
5641337,
5808295,
5566875,
6024251,
5692797,
6264264,
5639620,
5965854,
5663081,
5690840,
6028093,
5810155,
5627552,
5868888,
5995876,
5676851,
6089506,
5970790,
6052878,
5791981,
6016417,
5682496,
6349394,
6215304,
5811076,
6724737,
5822309,
5788478,
5505048,
5349756,
5949174,
5743816,
5549188,
5508752,
5775762,
5682083,
5950343,
5511154,
6181432,
5707257,
5771232,
5521561,
6060517,
6006973,
6453322,
5964034,
5795452,
6154491,
5525944,
6088039,
5676874,
5698646,
5795653,
6201468,
5810658,
5714579,
6238609,
5482816,
5814442,
5692032,
5856309,
5625328,
6343244,
6221752,
5790735,
5756312,
5847611,
5815582,
5771010,
5755915,
5887259,
5781489,
5807189,
6044025,
5491381,
5577644,
6440122,
5543537,
5974875,
6212914,
6310395,
5486458,
5545499,
5571857,
5912024,
5840928,
5954847,
6128256,
5860638,
5677324,
6432232,
6854885,
6012867,
5737420,
6498180,
5873088,
5761119,
5813345,
5717886,
5537374,
5835628,
5740959,
5849545,
5698593,
6154843,
5581826,
5706378,
6223896,
6272581,
6438999,
5798384,
5440794,
5719986,
5937997,
5602310,
5819973,
5515420,
5980074,
6380457,
6699855,
6078655,
5678914,
6025483,
6042243,
6193015,
5810311,
5869285,
5904258,
6066701,
5773149,
6146773,
5955637,
5623367,
5561431,
5671948,
5875141,
5751296,
5800196,
5522667,
5625240,
5486560,
5344808,
5869599,
5748829,
6153865,
5857833,
6280656,
5886304,
5674238,
6422626,
6374909,
5619303,
5891451,
5512991,
6072924,
6320195,
6171386,
5954317,
6988698,
5844157,
5983460,
5736713,
5755414,
5427803,
5727612,
6030989,
5936671,
6926997,
5753406,
5494103,
5981058,
5785750,
5461223,
6650903,
5938733,
5643596,
5956140,
5289013,
6228751,
5664092,
5798122,
5470486,
6425553,
5915109,
5720727,
6226610,
6056423,
6242636,
5836332,
5510010,
5611028,
5940267,
6139239,
6618061,
5605814,
5817428,
5912890,
6349603,
5752829,
5891939,
5706574,
5884424,
5552281,
6415217,
5777555,
5667483,
6050379,
6457429,
5775777,
5686547,
5559124,
6221245,
5983798,
5471742,
5777699,
5465529,
6269581,
6093919,
5888142,
5677350,
5305930,
6064532,
6039650,
6054009,
5817256,
5645230,
6071973,
6314876,
5526037,
5856949,
5510473,
5200334,
6202298,
5375627,
5451098,
5799345,
5809862,
6085314,
5476524,
5411632,
5232168,
5551218,
5986624,
5509602,
5416609,
5600492,
5771964,
5879598,
5501045,
5053968,
4985988,
5391023,
6114866,
5074666,
5692587,
5342886,
5274800,
5418861,
5711919,
5452231,
5079468,
5322144,
5553919,
5524012,
5564293,
5100743,
5129512,
5577958,
5598054,
5384482,
5216948,
5526304,
5629220,
5561266,
5586275,
5036943,
5328261,
5911088,
5719887,
5332546,
5409320,
5254021,
5482410,
5550431,
5825701,
5744856,
5965661,
6231321,
6018571,
5786535,
5851429,
5574553,
6110237,
5857771,
5841419,
5839011,
6577261,
5432035,
5868712,
5200107,
5744356,
5823725,
5790600,
5692833,
6225984,
5622110,
5510018,
5969979,
5955002,
5516024,
5726410,
6221672,
6548691,
5369656,
5700882,
5740125,
6105712,
6103289,
5399391,
5805655,
6201008,
6010506,
5681443,
6117916,
5499766,
6448662,
5999853,
6047556,
5968521,
6299921,
5822953,
5536425,
5869118,
6259281,
5524685,
5964527,
5906395,
6474555,
5726250,
5710080,
5784162,
5773360,
6436975,
5752906,
5500182,
5719076,
5782109,
5890072,
5873478,
5913928,
5876281,
5731016,
6682650,
5769969,
5481081,
5988039,
6355991,
5801246,
6151146,
5451313,
5804486,
5883856,
5836808,
7037923,
5320494,
5307663,
5743619,
5583135,
5814922,
5429068,
5788992,
5999764,
5714587,
5743626,
6403334,
5847888,
5872615,
6051648,
6114461,
6161136,
5879121,
5971243,
5586405,
6233282,
5542461,
5549523,
5754569,
5701971,
5574858,
5940787,
5818615,
6189661,
6334917,
5698927,
5961194,
5860535,
6574523,
6096783,
5858210,
5679014,
6131940,
6226975,
6430315,
5979630,
5647814,
5651599,
6036580,
6521146,
6284678,
5413659,
6930091,
5745546,
5770875,
5662966,
5753543,
5849220,
6404324,
5863545,
6073660,
5922432,
5810651,
6119131,
5992505,
6165654,
5628893,
5793014,
5900748,
6179292,
5689663,
5863751,
6100360,
6255817,
5787279,
5859928,
5718951,
6621484,
5610169,
6331100,
6198491,
5295475,
5801904,
5927387,
6510482,
6267740,
5577291,
5789766,
6205791,
5534368,
5943204,
5806360,
6515212,
6505529,
5430272,
5730395,
5891534,
5484227,
5925601,
5756931,
5972210,
5839352,
5397983,
6041043,
6005374,
6801289,
5655753,
5506167,
5629038,
6152185,
5831849,
5692089,
5673249,
6349752,
5858365,
5819174,
5817690,
5517531,
5738398,
5839535,
5793998,
5686187,
5659514,
6154269,
6183175,
5934200,
6543923,
5921927,
6272151,
5960718,
5630181,
5692651,
6863362,
6184912,
6157942,
6076210,
5995848,
6035717,
6073756,
6302591,
5722226,
5544101,
6269308,
5765656,
5866441,
5740735,
5923502,
5261213,
6065266,
6162413,
6256942,
5435261,
5902678,
6072946,
5879682,
6071926,
6101876,
6062923,
6063663,
5886211,
5813758,
5876831,
5784665,
6072718,
6322238,
5584442,
5914631,
6430914,
6322378,
5525984,
6118075,
5846162,
5955180,
6095859,
5756242,
5598780,
5929350,
5667249,
5563258,
6116920,
5596691,
5977224,
6175175,
5829818,
5677748,
6268535,
5788528,
5450318,
6191365,
5675270,
6238664,
5738882,
6469302,
5866605,
5907294,
5896382,
5810109,
6462046,
6162248,
6225839,
6154835,
5602451,
5975706,
6091997,
5612370,
6788509,
5627874,
5597253,
5925005,
6017700,
7021112,
5492831,
6543544,
5958534,
6261411,
5552148,
6435584,
5645971,
5691094,
5905308,
5694863,
5709256,
5672747,
6530884,
5955226,
6227309,
6193038,
5842245,
6326724,
6531169,
5931985,
5783303,
6372170,
5873348,
6298442,
6159562,
5736800,
5720212,
5862200,
5762836,
5907256,
6039693,
5975526,
5972571,
6055248,
5885811,
5713577,
6221577,
5615027,
5915841,
5463605,
5855845,
5995953,
5365658,
5790362,
5533178,
5570551,
5905719,
6151114,
5325384,
5636909,
5516539,
6112747,
5767632,
5772685,
5447717,
5462936,
5645773,
6058103,
5725027,
5658934,
5724906,
5816992,
6210203,
6067304,
6047300,
5535445,
5819135,
5975599,
6726936,
5945407,
6090992,
5994198,
5758719,
5913227,
5864775,
5552589,
5666627,
5946289,
5832181,
5925418,
5649231,
5714815,
6177334,
5952338,
6773872,
6997094,
6449312,
5845386,
6189165,
5603075,
5828232,
5583318,
5842145,
5876477,
5863768,
5706629,
5732136,
5790684,
5887654,
5520795,
5616544,
5585785,
5736539,
5577513,
5693178,
5506189,
5459482,
5914789,
5809339,
5785806,
5606413,
6159482,
5654673,
5621811,
5320688,
5335622,
5424031,
5477957,
5296734,
5586088,
5973827,
5496303,
5909819,
5885241,
5544424,
5787293,
5848082,
5358575,
5118737,
6021497,
5136963,
5455991,
5624521,
5493696,
6714174,
5929572,
6298704,
5678827,
5565500,
5509119,
5878202,
5281908,
5945562,
5578064,
5773349,
5567379,
5413349,
5559543,
5674973,
5528484,
5480302,
5464025,
5039355,
6087697,
5607134,
5318076,
5674810,
5887402,
5671103,
5287650,
5520238,
5793825,
6137932,
6014787,
5311987,
5844162,
5733850,
5494348,
5858397,
5448745,
5963078,
5448624,
5525424,
5572097,
5419286,
5142866,
5471554,
5788473,
5444643,
5268671,
5695316,
5484002,
5863649,
5657489,
5578955,
5564481,
5670293,
5576741,
5615327,
5637540,
5564177,
5712141,
5877332,
5900824,
6159949,
5561687,
5911278,
5938548,
5785172,
5834342,
5360122,
5512804,
6071970,
5872542,
5994769,
6056425,
5296583,
5661327,
5376770,
5408900,
6116526,
5552588,
5617851,
6199279,
5470525,
5546658,
6062875,
5929715,
5589780,
5542978,
5469168,
6285273,
6400415,
5906842,
5325586,
5825076,
6092585,
5698970,
5416220,
5519385,
5314175,
6056926,
6002616,
5549648,
5646808,
5967867,
6044418,
5387323,
5737046,
5391243,
5914874,
5997430,
5479275,
5892576,
6173329,
5309220,
5830842,
5937038,
5561010,
5647253,
5358827,
5998052,
5893142,
5765445,
5859524,
5809008,
6221463,
5552678,
5934656,
5683640,
5687293,
6130797,
5680122,
5745459,
5568985,
5408795,
5509711,
6097883,
5544274,
5796638,
7065543,
6179729,
5312787,
5801111,
5532238,
5602931,
6872199,
6133589,
6108280,
5759586,
5741346,
5953894,
5657003,
5533288,
5806247,
6299798,
5713583,
5320550,
5697436,
5823753,
5454711,
5420022,
5553799,
6213667,
5765115,
5674709,
5898515,
5750330,
5336396,
5697194,
5876269,
6117710,
5691210,
5849285,
5423043,
5943586,
5561972,
5310398,
5740863,
5645266,
6510139,
6145959,
5153882,
5941924,
5693153,
5651907,
6136780,
5825748,
5677756,
5563028,
5597668,
6078240,
5818608,
5817854,
5688560,
5834766,
5689836,
5508956,
6081900,
6031573,
5758411,
5714083,
5983935,
6206672,
5841925,
5847120,
6011707,
5778709,
6090566,
7167850,
5791817,
5701612,
5653099,
5718628,
5495663,
5810919,
6248683,
5614972,
5382712,
5871844,
5593065,
5423519,
5758971,
5392889,
5889031,
6358357,
5714771,
5495513,
5469886,
5699519,
5719451,
6168761,
5648877,
5850784,
5625677,
5449414,
5524830,
5505247,
5882076,
5504082,
5932724,
5726166,
5551654,
5866015,
5774317,
5717139,
5733449,
5726344,
5987679,
5502275,
5355605,
5884331,
5772786,
6173467,
5623604,
5433393,
5903701,
5963286,
5710113,
5624753,
5607830,
5619607,
5893372,
6064496,
6115740,
5874445,
6009867,
5474396,
6419066,
5655158,
6109407,
5898211,
5725419,
5660215,
5614120,
5633562,
5851057,
5913051,
5764132,
5508936,
6230228,
6378123,
5797356,
6416893,
5516091,
6415373,
6107535,
5708272,
5606867,
5988538,
6391213,
6029049,
5793135,
5799835,
5860655,
5609451,
5461402,
5770120,
5867951,
5691103,
6129159,
5310573,
6507595,
5713644,
5431740,
5649732,
6315836,
6228652,
5732920,
5726833,
5459616,
6838422,
6008634,
5464698,
5651250,
6199638,
5713949,
5641918,
5622834,
5735070,
5424459,
6089696,
5641560,
5711612,
5654540,
6128956,
5694400,
5328729,
5441570,
6428309,
5807602,
5484032,
5487167,
5759513,
6239040,
5434875,
6242044,
6060253,
6021873,
5829205,
6148443,
5923094,
5299613,
5937611,
5620304,
5675747,
5439289,
5985600,
6565222,
5700984,
6516022,
5910021,
5891718,
5612607,
5748559,
5824588,
5900356,
6143976,
6094490,
5756000,
5714476,
5663049,
5650783,
5866898,
5610386,
5796080,
5749303,
5588900,
5725020,
5479351,
5963775,
5770981,
5697169,
5711753,
5589902,
5474398,
5894778,
6270011,
5919174,
5748010,
5469483,
5929334,
5959581,
5522755,
5640917,
5830426,
5850873,
5296285,
5812585,
5628387,
5520924,
5357076,
6252371,
5681253,
5420505,
5374309,
6185114,
6035443,
5633763,
5488802,
5438606,
5961167,
7246594,
5808456,
5651941,
6102058,
5586890,
5646834,
5651105,
5613730,
5411425,
5665256,
5669973,
5739836,
5636779,
5605913,
5977524,
5568821,
5910794,
5593201,
5546904,
5682362,
6377717,
6145489,
5459862,
5499305,
6227774,
5707414,
5513005,
5355250,
5902129,
6031319,
5631374,
5825535,
5533562,
6388350,
5886829,
6026513,
5585212,
5453613,
5546638,
6097853,
5542289,
5411779,
5397330,
5888585,
5786395,
5813052,
5636600,
5939440,
6053573,
5644834,
5605363,
5770622,
5595604,
6320217,
6149235,
5684827,
5634151,
5570568,
5752189,
5479194,
5116363,
6108810,
5865574,
5655718,
5653531,
6114696,
5390057,
5961518,
5781443,
5934673,
5546647,
5652500,
5248193,
5688291,
5578713,
5824810,
5360005,
5481635,
5933511,
5752347,
5381975,
5418698,
5462520,
6082130,
5936014,
5432228,
5668205,
5687828,
5558762,
5488187,
5499016,
5440542,
6026037,
5965318,
5612179,
5754761,
5295660,
5406380,
5515198,
5793586,
5899360,
5825128,
5883562,
5993646,
5578054,
6608670,
6094284,
5743592,
5365826,
5933121,
5547809,
5461183,
5686980,
5724775,
5520517,
5821330,
5343293,
5289356,
5911986,
6062979,
5580921,
5499846,
5303330,
6185329,
5551845,
5526648,
5786076,
6148279,
6284061,
5589406,
5726996,
5560137,
6081332,
6124984,
5929180,
5633697,
5783046,
5789476,
5923347,
5694960,
5793525,
5638580,
5509059,
5967659,
5851538,
6009843,
5409289,
5359474,
5806923,
5961537,
5662852,
6010185,
5458279,
6141058,
5920311,
5877465,
5870128,
5743656,
5857791,
5690494,
5667006,
5603061,
5395886,
6159168,
5482268,
5689133,
5547490,
5535125,
5473096,
5987364,
5924920,
5251028,
5441214,
5783259,
6016590,
6441543,
5518209,
5588040,
5895944,
5835583,
5951700,
5731333,
6214578,
5987174,
6019177,
6075400,
5527931,
5626934,
5873667,
6252367,
5790936,
6035863,
5797532,
5876741,
6137735,
6203681,
5730126,
5513427,
5847432,
6441783,
5475784,
5802256,
5492431,
6021409,
5579922,
6085967,
5775543,
5886034,
5719741,
6547988,
5656876,
5479062,
5498570,
5886882,
5945821,
5763573,
5430326,
5433132,
5570150,
6133622,
5504979,
5556326,
5551378,
5588403,
5875082,
5748723,
5381149,
5580261,
6460089,
5864164,
5789913,
5333941,
5786772,
5779166,
6012851,
6142367,
5790938,
5918746,
6075370,
5746505,
5555238,
6492942,
5966521,
6491032,
5903669,
5622221,
5489961,
5814755,
5741759,
6189255,
6148719,
5346278,
5595850,
6211588,
6041477,
5592158,
5657762,
5409284,
5412135,
6416411,
5853908,
5599597,
5769493,
5335570,
5986577,
5884858,
5523988,
5438306,
5613551,
5151391,
5612214,
5510826,
5734662,
6052316,
5554244,
6441054,
5253214,
6249879,
5800905,
5663377,
5919354,
5411287,
5548534,
5623014,
5782588,
5606797,
5381687,
5411648,
5912982,
5563549,
5623397,
5453169,
5832162,
5041696,
5962430,
6329640,
5514744,
6238379,
5529167,
5741751,
5824055,
5533817,
5742600,
5874670,
5771624,
5582278,
14220982,
5685250,
5263284,
6294354,
6773564,
5849786,
6028610,
5656650,
5330599,
5435231,
5823589,
5035122,
6040221,
5440609,
5485308,
5449932,
5881998,
5815525,
5413641,
5421377,
5601665,
5755300,
5795443,
5292782,
20810393,
5522345,
5692921,
5345497,
5573405,
5668504,
5875139,
5777998,
5832878,
5909377,
7358236,
5730312,
5902101,
6650910,
6286116,
5510473,
5578568,
5539081,
8353526,
6292937,
5560078,
5654102,
5585934,
19515650,
12242651,
5586100,
5831273,
5538202,
5688440,
16201835,
5549533,
5812612,
6313183,
19882173,
5992834,
5359637,
5480119,
5429706,
5820036,
5334727,
10453709,
5702832,
5707773,
11043749,
5764275,
5612651,
10834056,
6280151,
5372060,
6005170,
15851937,
5395115,
5910175,
5653369,
5321643,
5341257,
5293995,
11431105,
5867665,
6008585,
5408589,
5874305,
5609862,
5937714,
5606834,
5475298,
5489175,
6244168,
5943401,
5778480,
6002290,
5788439,
5722329,
6512318,
5688873,
5423153,
5433867,
5699846,
5630175,
5749736,
6249568,
5887925,
5226411,
5711511,
5620817,
5441816,
5749756,
5884401,
5177304,
5768009,
5388202,
5751823,
7125141,
6011607,
6418695,
5734323,
5394670,
5756570,
5929464,
5564286,
5885998,
5629037,
5768903,
6284118,
6079506,
5801631,
5689596,
6102987,
5736339,
5876368,
5812297,
6219801,
6543421,
6471510,
6548628,
6500987,
7286451,
6271011,
5716783,
5897492,
5513731,
5637470,
6243278,
5454421,
5852651,
5641766,
5847695,
5640550,
6210751,
6534162,
5330926,
5697223,
6328647,
6559904,
5845965,
5849675,
5677640,
5820832,
6305050,
5982554,
5751966,
5743800,
5705289,
6184980,
6436585,
6051630,
5454076,
5942088,
5891209,
6209451,
5766416,
5663487,
6168195,
5837299,
5941744,
5892522,
5848235,
6133002,
6269197,
6024247,
5681913,
5699736,
6682000,
5760329,
6473579,
5737902,
5556283,
6198635,
6018183,
5764552,
5801645,
5673560,
5731842,
5859235,
5371533,
5561548,
5509541,
6091217,
5550738,
5701136,
5503887,
5793307,
5661272,
6379927,
5913654,
5831039,
5479081,
5995094,
5666529,
6662127,
5555126,
7272972,
7009876,
5902888,
5554458,
5723979,
5528611,
6347180,
5968877,
6084905,
5460619,
5937030,
5560914,
5934156,
6223142,
5673200,
5842372,
5967628,
6027953,
5735510,
5584657,
6389083,
6301654,
6071919,
6570155,
5529519,
6449022,
5906408,
5618017,
5543658,
5815965,
5759123,
6415092,
6846896,
5797221,
5775986,
5238910,
5745604,
5614987,
5930608,
5286655,
5460348,
5802526,
6596854,
5556241,
5687964,
5423626,
5608248,
5709953,
5462292,
5242818,
5771463,
5957417,
5828054,
5254324,
5285603,
5549744,
5708443,
5667980,
5670786,
5492205,
6519185,
5802227,
5877237,
5958706,
5730796,
5601081,
6098540,
5891366,
5837052,
5801971,
5639360,
5960952,
6075473,
5684733,
6515636,
5525662,
5955246,
5699340,
5634070,
5811122,
6484006,
6106253,
6368857,
5754432,
5757129,
6365596,
6052513,
5560470,
6212447,
6207726,
5699116,
6079134,
6104380,
5607914,
5858509,
5589689,
6896558,
5860583,
5810013,
5467639,
6052263,
5637100,
6615468,
5831330,
5824072,
5707614,
5639458,
5892865,
5917405,
5869326,
5964107,
6209255,
6439369,
6130652,
5584817,
5533768,
5969641,
6003966,
5902974,
5687477,
5676933,
5781653,
6214865,
5545458,
5954984,
