55159702
60500572
55168357
50464865
49178114
50464137
55104245
50429993
40414896
50379509
50367341
50331463
55049387
50352618
55109460
50325404
50323382
50339701
54995840
50230590
40212922
60290579
50274847
60216886
50203169
60209992
54877736
60154816
54868849
60170353
50156670
60142743
50128232
60162829
50150154
60151989
50136982
60116244
54805790
50108366
40094308
60070761
54773648
60056389
50043777
60037598
50022204
60023340
50009249
60008172
49990017
59979226
49964832
59959792
49947668
59956139
49941543
59923721
49909519
59899441
49876854
59880220
49866106
59850629
54588232
59842276
54570597
59834874
54564734
59792420
54542711
59787935
54515328
59764562
49751802
59748936
49734811
59742705
54472067
59747185
54454921
59742209
49727948
59705125
54424870
59670261
49656113
59659916
54385314
59651523
54387991
59634372
49620527
59627549
54352268
59618247
54331785
59574935
54314644
59556462
54303935
59543892
49529464
59529122
54270957
59521880
49507853
59507708
49493001
59503887
49487716
59495040
49480840
59488699
49476694
49482298
39468211
59442996
49429123
49439786
54143316
49435226
54132127
49404973
54090535
49365343
54085603
49382976
45425276
49343491
54064286
49349496
54050418
49323973
54038748
49313479
54023771
49300158
54012325
49273334
53955326
49193220
47977748
49194819
53967591
49217980
39201773
49169283
47946471
49148058
47914003
49157160
47909333
49168275
39156246
49142545
39130243
49117332
47877240
49102052
47857193
49064468
47812802
59101535
49088888
49069680
47761771
49034387
47788950
49020620
47755485
48985824
47757690
48962398
47738251
48947749
47714007
48952968
47689240
48904276
53616715
48882012
47629439
48861052
47638151
48830384
47611271
48821562
47595573
48773935
44884811
48763489
53521085
48760151
48762870
48755056
47541202
48785131
47530404
58746143
48732727
48685311
48693529
48654098
53421592
48650218
53409739
48696281
38686768
48637889
53376880
58634060
48619422
48602563
38589118
48604278
53343966
48566136
38549508
48535636
53279849
48524078
47326945
48521298
48501925
48514365
47249326
48494546
38484494
48451908
48488006
48427905
44528876
58463044
48450467
48368867
44460288
48441404
47180739
48328258
48400152
48305042
38290748
48327175
48367789
48358590
47114155
48347651
47071908
48316578
48293840
48320606
47027484
58332370
48319639
58246459
48231698
58252054
48237839
58233438
48219582
58236072
48222239
58225007
56953830
58205944
52919737
58160586
52902910
68195347
58180811
68122796
58108246
58132787
52846566
58108273
48093789
58080475
52811161
58084525
48071560
58075687
58103413
58013085
47997463
57978846
47947656
57921526
47890622
57886327
47872082
57867978
57847309
57875898
47864121
57866074
47852901
57814786
56613890
57801627
47787053
57831379
47817803
57772167
47759857
57771913
47758348
57769414
47755340
57788574
47774351
57768725
47748162
57723655
47711662
57689742
47676139
57676575
47662925
57669206
47654502
57672971
47659371
57608377
57608458
57590220
57592053
57590013
47576300
57606837
56378735
57567760
47554100
57564466
47552192
67520111
57505073
67488563
57467729
57450703
56226915
57456955
52188272
57440556
47428899
57415460
47401826
57350987
57349907
57412706
47394343
57341114
47369295
57301613
47289280
57326385
47311429
57298370
47295949
57305234
47291525
57293471
47279576
57272982
47261105
57236130
56069398
57267691
47253431
57218030
57201301
57211088
56010484
67186492
57173958
57212943
47189191
57147894
55993000
57165683
47152072
57156789
47142470
57129165
51896960
57139310
47125548
57065881
57043698
57032440
57017866
57029760
47016052
57036750
47024429
56965445
56943370
56948030
56936457
56960772
46947030
56918702
56889030
56897804
46884825
56883907
46869808
56867865
46860506
56927438
46911935
56843472
55727567
56833792
56832935
66815171
56800312
66804156
56789586
56877712
46864435
66783650
56770300
56766278
56738139
56726294
56706484
56758103
46744674
56726228
56692344
56740099
46726673
66698553
56686460
56705318
51505738
56705319
46692264
56640539
46626732
56620657
46606597
56625242
46612540
56727687
46713646
56593130
55421148
56575751
46560297
66544895
56531089
66559488
56547013
56525852
46511824
56552010
56514076
56495949
46482955
56491121
46477860
56466008
56445395
56487135
51285093
56426561
46411977
56416206
56422449
56479312
51249897
56383468
46363350
56334098
56308159
66282999
56268651
56270397
56254667
56247127
56223551
56277017
56246734
56227196
55048845
56189221
56171473
56211623
50997859
56164109
56111828
56134329
50965993
56110316
56102425
56130669
50946036
56092247
50927348
56085416
50912457
56069723
50927910
56018183
50877912
56032898
46018467
56011444
45998935
55997779
54866370
55935837
54813426
55877163
54731081
55808782
50643191
55771704
54635046
55766693
54613045
55723576
55681125
55708381
54642417
55688519
45671722
55649637
55617461
55609188
50467336
55585118
50448046
55547876
54489254
58224859
55510671
55510323
45493355
55527443
54400360
55462677
54360782
55423026
50347612
55425496
54316659
55375365
54283785
55348486
54256428
64269111
65330577
65326094
55306849
55266563
54190472
64186602
65239487
55295238
50283873
55214781
45197378
55197983
55202068
55187860
54095836
55160615
50289598
55113354
45083515
65096761
55080101
55085712
53994489
55066095
50283547
55029859
53958828
55019302
53906130
55004761
44989663
54948064
54951191
54948846
54901872
64905799
54888220
54894008
54853672
54857596
44889548
54852613
50280981
54850372
54808854
54822709
50284578
54803738
54768210
54769741
54720079
54729803
54719502
54696405
54686414
54660332
50260232
63626105
64636134
54625521
53595797
60187281
64578449
54613288
64547576
60149128
64546130
60121820
64502586
60092946
64523570
63449970
64449779
63443284
64435150
60015355
64419126
59993465
64415278
63346397
64365443
59948280
64348592
59926325
84326571
74317683
74314958
64304449
74287022
64276646
74264013
64253875
74240258
64227552
74236523
64227714
74208444
64195807
74190182
64179410
74195571
64184707
74152890
64142228
74121758
64113338
74114786
64102664
74090082
64079204
74093085
64081072
74063541
64052764
74028317
64017514
74033968
64023359
73973926
63962339
73952188
73949199
73933400
73931068
83905002
73896452
83901427
73890729
73881094
73856008
73849794
73814975
73814294
73803035
73813076
73768916
73776208
63765660
73751047
63740267
73732262
63721467
73707756
63696971
83683038
73674473
73673731
63661304
73694689
63684068
73590764
73645861
73608873
63597880
73632699
63621335
73585982
63607401
73510234
63499482
73507688
63550892
73509851
73492807
73451269
63442641
73417786
63452220
73389566
63431487
73367429
63401696
73355452
63343550
73352363
63343703
83328387
73317847
73283471
73296130
73257297
63319708
73241910
63231373
83229850
73220971
73203927
63193030
73242869
63229706
93168979
83158038
73224090
69299374
93109128
83100587
93142145
83129871
93096656
83086075
73070611
69331067
73039396
68637754
73016679
63008479
72954427
82980191
92938634
82918553
72902913
69151138
92882783
82872619
72854431
68508834
72872775
69092157
92800777
82790144
72856019
82755492
92773434
82762805
92736273
82727804
92718015
82707201
92682868
82670292
92664171
82653137
92653032
82640517
72622698
82606029
72675927
68902327
92563494
82552527
92547212
82536785
72601715
62590925
72564858
68213401
72538122
62525743
92456485
82446186
92434782
82422123
92397810
82387407
92377368
82366443
92346726
82335954
72398344
68631484
72364880
68010378
92299600
82288802
72338272
68614940
72296776
62285670
92211238
82198031
92204866
82193872
92194479
82177292
92160177
82154812
92124534
82112198
92100023
82088874
92094655
82083706
72168765
62158418
72131384
67737041
92029126
82016395
72131301
67717179
71989703
67684454
72035588
62025149
91929706
81921230
91923686
81912479
91889964
81879831
91867321
81856289
91830808
81797565
71875990
61867508
71717206
68179933
71703362
61691202
71743833
68096418
71729215
67379898
71724471
68053831
71686496
61675250
71658469
61648309
91589620
81579320
71655161
67915514
91541938
81533121
71610416
67862928
91499566
81489446
71576682
67822979
71516333
61506213
91429377
81419077
71494386
67756512
91389580
81379476
71469079
61458779
71395038
61384649
71374678
67040769
91281431
81270931
71349778
61337118
71283950
66979404
71271869
66959280
71245992
66929945
71214492
61203711
71199920
66895287
71187116
66878308
71099136
66844446
71131298
66824737
71114253
61104193
71083885
67438420
71051397
66769493
71028439
66749561
71021329
66724511
70991739
66704971
90944938
80931907
71131395
61120836
91070883
81062706
71081629
66621093
90985966
80974834
71010766
60988080
70838344
60816805
70789958
60777135
70759048
60747764
70724517
60713858
70639830
60627506
70666834
60659738
90619364
80609238
70591331
60656690
70553175
60629900
70600015
60587724
70529087
80548343
70531360
60518974
70469669
60539701
70463586
80465010
70448013
80447676
70500141
60489867
70387688
60452044
70409644
60400988
70338782
60328093
70341484
60330874
70300815
60288997
70282217
60271759
70238363
60228651
70212742
60202200
70199596
60188841
70194896
60229591
90153957
80143925
70126107
60116395
70132486
60121612
70040912
60129252
70069514
60121133
70006800
60083523
69977233
79981536
69962537
60017944
69926400
59997518
69909325
59978126
69889687
59954268
69885024
59875942
69872181
59859187
69812715
59877235
69832797
59822395
69796575
59786402
69784660
59776037
69745998
59735718
69697655
59687373
69670597
79676658
69658102
79658891
69642565
59706727
69631498
59621357
69660687
59650097
69579027
59652615
69543221
59608814
69537760
79516343
69498297
59561795
69554294
59544045
69500430
59490194
69442312
59507965
69461546
59452873
69392138
79383531
89385350
79374956
89336802
79326307
69358928
59348714
69360822
59352395
69284923
59350343
69323944
59313896
69228989
59295143
69249434
59238999
69243952
59236234
69183546
59173819
89228389
79219104
69190983
79122444
69181096
59169625
69058871
79072245
69053422
59041338
89040327
79029580
69073559
59061483
68990449
58979506
88929326
78920779
68899737
58934217
68899801
58889649
68891762
58881353
68910902
58900828
68881437
58872962
68793496
58783654
88795119
78785029
68852028
58841889
88755560
78745638
88716726
78708378
68731240
58721203
68696812
58686935
68650787
58640617
68654118
58643935
68624751
58691960
68629670
58619642
68609597
58599246
74267947
64258425
68581396
58570587
68571889
58563302
68512877
54444065
64399383
54434226
64390893
54380842
64346397
54383196
64323909
54372790
64297590
54287590
64304569
54294451
64254056
54243837
64271855
54262395
64231856
74216725
64238383
74223925
64216370
74197571
64222508
74257798
64242446
74157697
64149229
74112759
64136027
74166772
64148106
74101788
64096312
74062092
64086291
74049714
64034642
74025610
64012105
74017832
84035565
74036516
64023065
74019710
64008130
73998273
63982870
73978241
63971328
73928411
63954707
73951766
63946910
73981625
63968951
73899960
63924614
73914289
63899224
73854525
63883108
73875118
63861739
73865070
63851433
73819939
63844525
73814215
63840054
73804407
83783183
73774361
63760565
73794757
63781836
73761427
63746339
73742779
63729569
73670982
63698419
73725467
63709869
73702043
63688986
73655562
63641299
73617734
63596958
73630906
63625692
73634614
63619992
73547945
63566394
73526427
63546638
73591675
63578097
73535080
63520433
73574826
63561410
73485800
63472641
73497962
63483284
73434726
83431712
73422692
83425327
73425959
63411811
73482074
63468389
73428504
63413623
73326388
63312866
73331713
83324361
73325262
63311414
73352954
63339427
73286975
83279485
73281511
63267716
73238948
63225909
73309284
63296062
73268001
63255512
73242021
63226731
73252169
63238644
73212442
63199843
73224036
63211011
73150369
63137460
73207256
63192460
73160878
63145841
83108298
73094483
73163094
63149701
73103216
63097872
93088728
83074347
73066560
63060968
73071173
63058533
73035455
63030980
73035763
63030788
73028574
63013095
72982695
62969709
72966428
82976595
72967720
62970351
72969141
62956157
72948282
62942759
72887631
62913945
72889896
62915938
72891034
62886737
72881616
62869120
72873506
62859395
72855644
62842732
72842490
62829135
72823223
62809688
72819400
62806405
72754824
62780471
72777639
62764645
72731435
62756538
72730417
62726039
72725088
62711605
72704947
62690083
72679963
62675543
72679065
62674627
72670309
62657175
72640853
62632803
72567569
82613389
72609559
62595896
72601876
81713400
72562202
62554390
72535939
62522694
72530105
62523739
72504681
62491309
72462734
62487980
72428415
62455953
72444610
62470436
72473853
62459053
72433842
62428544
72402851
62425796
72418884
62422031
72407671
62402176
72375962
82384545
72386365
62372454
72359370
62354822
72337908
81445976
72330783
81441156
72348836
62333848
72286405
81399589
72292688
62288841
72250724
81369839
72257708
62254173
72233740
62217935
72208289
81307130
72196158
81302597
72185171
62171225
72168529
62193849
72166355
62152227
72120146
81248377
72117465
81238152
72114594
62100805
72111088
62098357
72101449
62095703
72056683
62043773
72034910
62022106
72023289
62009586
72066183
62052874
72015469
81110206
72047169
62033183
71978135
81074062
71973004
81053824
71965308
61951541
71904997
61890072
71908467
61895383
71884952
80976908
71916094
80967052
71868405
61855211
71832896
61818178
71814662
61801616
71792934
80903847
71803604
80887963
71777757
81783035
71775145
80850813
71729592
61715745
71709551
61696709
71710259
61696766
71705629
61692636
71672220
61657683
71645164
61632004
71636951
61624067
71619891
61607007
71593036
61580571
71559587
80729632
71543936
80716678
91519383
81504535
71494686
61481003
71472480
61431808
71398870
61373561
71415130
61401576
71330394
61318033
71396827
61384329
71389249
61377371
71332877
61316954
71317051
81314301
91282306
81263225
71252093
61236334
71237292
80488019
71234472
61219493
71203576
61190191
71236483
61232162
71193903
61180254
71159631
61145945
71158608
61153308
71137039
81173921
71174842
61161587
71104200
80346064
71119261
61106566
71082144
61067344
71079305
61066346
71019678
61004965
71016340
61002905
71031885
61019435
70990481
80222483
70987696
60973777
70966069
60953366
70925899
60912275
70926950
60914019
70913421
60898785
70888567
60872659
70883644
60870713
70873810
60859674
70873947
60868032
70847122
60832935
70838818
60825539
70828301
60815010
70801459
60787584
70815474
60802483
70763686
60749236
70739808
60726806
70733355
60720249
70726171
60721587
70727170
60722937
70686271
60672308
90708440
80695610
70695343
60651046
90605664
80590781
70578284
80584644
70577057
60600156
70564547
60551226
70526935
60514747
70542276
60528690
70491110
60488278
70510273
60495199
70466010
80458871
70451523
80453089
70444630
80457238
70458463
79610661
70447692
60433470
70394028
60381145
70363122
60350316
70394051
60380168
70334538
60321661
90267849
80253905
70245754
60232641
70232811
79496091
70332126
60318605
90240039
80227873
70219977
60205113
70177558
80223419
70214972
60229179
70217577
80209307
70201903
80178052
70170356
60155873
70170590
60155426
70130185
60115638
70132732
60118751
70130601
60110987
70165021
60148171
70121631
60105292
90062100
80045566
70035065
60019740
70000896
59988035
69983984
59969549
70035459
79202814
69980574
59966238
69951360
59937803
69971973
59968197
69924101
59910261
69899053
59885590
69918390
79091330
69852529
79859608
69891581
79078351
69852493
59837912
69805643
79820501
69812923
59799459
89808452
79795179
69786689
78988821
69835394
59818828
69740857
59728169
69748702
59735925
69751714
59739057
69718951
59706453
89728237
79710690
69701115
78894164
69669056
79655801
69646360
79637621
69629420
59615944
89645004
79630241
69622353
59608873
69595877
59583508
69570439
79594629
69587092
59574038
69568025
78795043
69543187
79545119
69545633
59532698
69494673
59481664
69475031
79461337
69449559
78716811
69499518
59486196
69427314
79444112
89429059
79415661
69407396
79391177
69383061
79369437
69361736
59348297
69343708
79331789
69323230
79350651
69360739
59347590
69317464
79292944
69285598
59272102
69346089
59333723
69301460
59284824
69250514
79266611
69268506
59253945
69221121
59208119
69242783
59229996
69204673
59191164
69174593
59162125
69139907
59126200
69152998
59139816
69129645
59124537
89099828
79086308
89101887
79088751
69088934
59074387
69101672
59088555
69017760
59005336
69011509
58997412
69009182
59005186
68977429
58963417
68956859
58944433
68936628
58921803
68922710
58908989
68933166
58928249
68902677
78897839
68889835
66469117
68878920
58866664
68911709
58898347
68886852
58873964
68867763
58853600
68855860
58843013
68822692
75248218
68842092
58828448
68840966
58828506
68809838
58796054
68831098
58818442
68850234
58837804
68783437
58770267
68726318
78753556
68754968
58740597
68702001
75119391
68751683
58739036
68695232
58680561
68706396
58694802
68763643
58750588
68627938
75031226
68633384
58578040
68547827
77901619
68525973
58507825
68485048
58469340
68462034
77803957
68430844
74869759
68419301
58403239
68397079
58383247
68384692
58370393
68355867
74793999
68354605
74765064
68336994
74745046
68189016
58155877
68129680
58112970
68099775
74536523
68082669
74529246
68137478
58119839
68018055
74481672
68020122
74458061
67988894
74478453
67970635
57955036
67937376
57920462
67963622
74371533
67938172
74352385
67908011
57891885
67875840
57860427
67853214
74284218
67836483
57818567
67777955
57761156
67791423
65346394
67768633
74197016
67739104
65304039
67712715
65285892
67668267
65246270
67688977
57672563
67650265
65236143
67606175
65161678
67616509
65198484
67549516
65119859
67557722
65125401
67559669
65110657
67525950
65100346
67501410
57481756
67498415
57447963
67437055
57420801
67434199
57418387
67387264
57369503
67364058
64913957
67368504
57358940
67328641
73728194
67311097
64839301
67265795
64815686
67220274
57204475
67218335
57201786
67220493
64739468
67181374
64703070
67203465
64680028
67163701
64660256
67148991
57129165
67111973
57095396
67080740
57062931
67041906
57025031
67023134
64565302
67019103
57001644
67021371
56992979
66955707
56936769
66849697
56835668
66842339
64353999
66844699
64331019
66827309
64325729
66786768
64322896
66775790
56762526
66780139
56767059
66764708
56750507
66751949
