127663420
137649610
147628901
157625555
167619649
177656832
177602473
167530352
167604995
167425051
167374828
176144769
176097879
166023534
165984805
165907247
165907615
175815688
165754253
165765417
175670805
165595475
165533970
175467580
165399693
165335914
175275452
165200459
165137780
175079997
165017597
165027747
174960302
164887639
164899749
174850734
164790266
164696649
164606178
164543415
174470966
174412533
174344583
174283781
174235115
174133725
174052051
173974913
173945449
173881490
173791648
173714692
173662906
173584862
173543034
173460572
173376100
173311300
173253677
173174142
173220596
173119027
173111929
183123651
173054751
172966072
172927140
172839415
172772934
172707117
172698841
182657844
172593834
182513691
172442695
172359841
172330883
172242993
172204694
172148025
172085142
171970865
171917365
171838711
171801660
171718297
171663214
171638074
171519270
171475294
171370482
171317633
171312184
171167554
181110569
171032144
171013641
180921318
180846155
170768555
180734909
180661966
170595743
180516766
180597630
170521568
170372908
170305408
170213668
170155047
170088145
170011891
169923258
169850461
169783809
169681910
169603489
169515866
169420264
169335554
169212903
169106565
169019114
168966523
168905214
168812165
168758357
168676974
168644240
168571301
168501786
168391841
168385477
168318221
168270362
168192275
168123519
168063424
168009883
167934051
167874449
167810710
167760340
167695701
167661052
167554973
167526144
167484614
167396188
167334905
167277331
167217567
167141819
167097018
167039411
166931788
166881085
166818346
166762597
166689186
166602911
166555714
166459165
166412858
166338185
166249801
166206017
166156176
166089803
166020247
165949139
165861428
165798466
165751982
165690078
165587255
165532503
165425149
165411409
165317780
165258461
165152734
165153467
165101174
165044051
164963520
164884148
164827093
164792325
164710406
164671702
164619505
164567133
164497688
164440900
164379765
164289799
164233885
164193723
164113296
164073495
163977811
173913872
173866267
173810381
173715792
173664083
173577075
173543659
173473795
173414249
173339618
173272957
173199644
173116420
173061683
173002951
172918923
172844689
172770683
172688749
172647557
172581853
172505328
172431717
172327133
172289629
172216247
172158909
172075606
172013511
171950073
171896000
171803004
171757504
171655985
171665770
171503464
171516614
171369916
171332360
171293003
171200781
171110550
171050539
170965731
170921388
170838651
170793363
170705092
170644635
170567754
170498551
170423905
170342566
170258058
170221755
170140483
170086177
169987171
169948390
169829745
169759924
169609653
169514054
169366884
169255673
169148294
169104380
169027220
168978266
168873219
168849499
168773630
168726956
168652120
168596940
168532935
168475934
168410215
168340316
168283771
168208107
168151358
168117803
168055075
167955481
167885252
167845971
167801495
167743721
167656618
167629468
167543316
167506733
167441610
167387412
167329467
167265102
167205950
167152459
167076601
167022652
166949007
166887360
166820265
166758200
166692432
166631824
166546488
166480072
166419594
166356671
166290665
166234911
166159605
166101420
166029994
165976174
165912282
165841523
165763790
165712267
165655449
165603694
165539747
165474840
165401461
165344377
165286103
165208397
165155104
165080826
175038960
164978718
164900193
164834871
164756861
164704045
164639589
174598702
174511882
164453000
164393713
164347163
164275446
164225500
164165195
164081160
164023979
163968344
163903366
163833821
163775487
163721367
163640018
163568527
173517786
163455231
163375921
163315342
163221679
163146510
163061621
173042695
162970882
172988870
162918017
162845171
162787366
162731680
162656639
162601281
162535907
162488151
162414453
162345093
162278710
162216898
162147949
162084505
162020894
161957674
161877951
161822071
161747899
161679338
161603990
161575871
161569608
161570096
161426332
161337772
161361368
161336416
161198064
161201626
161046396
161014483
160947731
160900546
170823597
170758029
170679385
170586330
170565424
170499827
170428033
170369391
170289112
170222840
170131195
170072443
169990788
169916418
169822182
169764031
169639663
169540924
169384949
169281795
169237283
169142530
169051952
168941371
168871477
168850573
168784028
168736691
168655037
168600203
168535499
168458997
168416071
168346194
168289424
168238860
168141899
168112764
168020673
167962696
167914763
167857815
167783613
167731018
167638231
167599852
167548211
167474146
167404402
167338577
167279226
167210240
167135646
167074288
167011917
166946920
166882367
166792526
166717407
166684073
166616959
166543285
166502361
166412320
166348241
166274253
166192874
166132622
166081073
165969481
165908813
165850178
165782404
165707033
165642098
165558369
165504251
165417727
165360106
165278498
165200081
165160014
165068679
175037936
164961283
164866278
164803176
164727603
164679294
164597189
164521440
164465826
164403296
164337954
164245708
164186875
164126704
164062984
163985779
163939591
163860597
163808640
163703223
163653711
163608923
163562936
163475044
163431754
163349251
163291600
163186509
163177584
163094724
163047035
162970756
162904718
162845254
162754210
162695129
162648775
162551426
162512359
162450789
162390776
162329687
162272745
162203266
162147916
162070308
162013509
161945562
161892822
161805576
161763513
161684737
161592702
161550390
161499799
161475453
161429906
161346078
161229333
161188305
161173123
161041287
160983207
160905875
160887752
160885096
170796705
160721713
170673930
160598759
170547650
170436993
170404831
170313186
170278260
170182869
170110037
170052297
169992643
169927180
169831082
169727078
169658271
169582799
169466223
169369233
169273946
169156623
169069042
168967087
168892617
168818639
168752201
168632104
168571650
168504211
168452709
168383176
168334269
168269199
168213172
168146110
168053843
168030014
167946432
167877604
167815138
167752574
167696261
167628063
167570438
167492375
167441244
167377530
167314602
167272819
167192175
167135360
177100094
167025826
166947469
166878855
166798133
166724073
166668026
166615654
176559982
176495965
166434378
166369529
166302828
166256373
166165441
166103805
166036528
165969688
165890228
165854258
165794536
165727275
165665216
165604785
165544261
165484993
165426348
165347364
165257978
165205405
175165070
165091985
165001623
164988777
174905866
164835449
164765002
164694901
164607581
164569620
164505245
164430755
164374963
164309911
164256963
164174935
164139891
164045405
163963936
163914115
163855404
163789910
163730043
163670479
163608659
163537370
163452361
163392093
163335518
163289170
163219995
163149256
163097727
163006786
162962481
162892638
162813866
162744689
162701670
162642333
162593788
162526408
162435966
162351968
162296980
162245585
162178091
162092450
162039437
161987196
161923166
161854106
161772169
161699104
161651213
161606802
161519999
161456346
161451510
161337825
161338131
161194689
161169059
161150754
161027244
160977954
160922456
160850023
160742858
160722433
160661694
160765321
150704726
160549748
170528840
160453925
170374555
160299876
170221811
160147861
160121532
160023856
159966273
159869532
159822264
159698210
159601918
159494422
159374942
159300815
159188797
169098707
159028765
158963020
148898282
158781536
148715490
158678054
148611898
148514367
148452350
148384001
148330508
148259444
148198383
148136818
148072771
148006064
147951547
147883665
147809913
147765412
147699963
147605990
147560220
147493012
147441693
147366643
147310904
147237479
147163736
147120422
147067558
147001887
146931789
146865475
146822469
146761224
146677171
146607811
146542769
146501994
146437706
146384889
146288949
146212383
146186533
146116259
146029935
145979686
145905949
145852995
145790103
145726741
145643283
145567903
145519991
145457602
145388101
145308236
145246876
145214820
145136930
145081282
144995301
144912933
144884090
144795360
144738989
144678155
144602988
144574306
144505103
144437032
144358799
144292271
144224370
144169412
144131147
144049840
143975232
143909990
143872253
143785917
143724263
153672061
143615577
143540730
143477590
143409540
143328684
143281337
143227145
143162763
143081541
143033518
142974444
142911312
142844718
142762643
142706059
142638987
142597066
142537446
142451553
142383977
142322220
142279176
142233770
142130092
142064047
142004260
141966568
141885868
141815898
141759274
141677563
141629028
141576861
141504571
141433893
141362097
141342877
141293562
141131730
141190292
141040793
141004140
140909474
140862811
140791239
140755985
140696884
140635352
140575013
140504647
140438894
140388945
140332561
140236404
150182206
140112856
150071148
139993872
149945312
139865586
149783892
159689855
149609711
149546062
149459792
149396912
149296809
149218032
149155810
149063289
149008631
158934272
158883147
148813106
148751216
158703893
148628376
148526059
148454808
148369456
148321725
148254823
148182496
148112691
148049586
147974047
147915664
147838103
147762370
147681446
147623518
147542604
147479111
147411092
157395854
157288127
147229639
147161956
147103252
147034266
146971577
146906459
146818658
146754605
146720053
146654418
146592327
146535969
146458450
146414949
146346697
146258033
146210810
146136452
146078180
146007615
145950658
145897637
145828343
145774543
145700241
145652565
145580253
145519953
145449330
145390598
145339375
145250611
145207462
145127337
145067067
145019465
144939507
144891716
144844144
144739238
144700786
144636891
144564452
144513635
144477494
144363679
144292573
144256716
144189928
144137141
144039083
144011967
143946772
143846560
143814845
143752551
143680345
143613347
143576855
143494791
143451831
143372794
143317247
143252982
143196530
143114609
143088925
143020014
142963433
142896975
142835939
142770371
142690413
142611404
142568995
142483343
142446656
142348239
142330416
142261507
142177736
142138086
142042865
141996587
141949603
141865391
141814382
141739101
141668723
141622789
141577769
141511286
141430709
141373380
141318504
141252664
141165308
141161590
141042290
141021333
140976029
140983770
140823429
140790799
140741176
140647758
140588001
140524247
140465212
140412712
140329185
140276621
140227440
140150907
140101675
140009751
139973829
139901392
139836384
139751228
139645864
139585218
139493509
139376323
139303554
139184358
139145991
139076010
139023182
138928977
138869869
148812986
148765512
148690792
148647010
148577193
148522079
148429651
148390106
148330477
148256396
148205619
148152357
148070794
148027198
147964470
147911281
147815259
147750001
147682247
147630704
147548042
147477166
147425156
147388715
147300971
147252055
147173835
147119544
147053791
146982926
146947016
146886524
146819059
146769877
146701592
146649444
146573508
146515154
146444677
146396175
146335558
146285786
146210570
146160003
146097191
146034179
145967794
145897641
145842905
145777484
145729478
145665070
145608973
145540270
145434774
145382872
145320576
145269652
145192995
145134974
145076391
145023586
144955665
144890859
144827301
144765532
144706332
144645970
144580464
144520304
144465013
144427745
144354230
144299384
144241635
144170729
144108409
144052725
143975844
143919163
143855285
143802003
143743419
143682120
143615186
143607153
153552256
143494313
143418073
143353145
143287681
143229803
143165786
143107897
143040289
142982793
142926325
152858689
142791901
142724366
152678778
142620205
142538137
142476606
152420107
142360491
142278779
142240613
142161948
142089766
142037744
141963734
151982245
141920566
151865273
151788711
141715934
141657784
141595324
141535636
141483482
141410469
141353644
141291368
141270777
141201242
141195818
141047719
141046213
140910080
140828938
140767137
140698292
140639719
140605436
150549087
150462912
140401458
140320458
140261262
140186475
140106342
140040121
139970370
139905288
139834231
139777902
139694341
139605553
139523331
139411401
139276966
139168284
139102806
139021971
138939520
138853057
138797459
138720202
138678134
148604884
148552938
148489910
148428820
148358445
148312071
148229201
148170531
148106759
148048890
147985593
147927546
147857956
147792340
147728950
147651300
147577929
147512754
147442646
147378980
147308815
147246913
147171396
147109196
147036483
146986559
146913136
146857182
146798132
146729531
146706249
146647412
146573836
146512357
146461218
146399410
146296408
146267061
146200171
146125087
146079023
146027203
145957287
145913519
145832873
145764881
145699065
145647085
145585146
145522157
145470086
145396739
145309721
145235857
145163678
145100800
145036044
144981894
144927562
154877736
154846278
144782768
144713064
144638871
144577549
144518156
144457242
144395449
144329429
144266732
144193313
144139166
144071956
144022452
143939359
143877836
143797064
143725378
143659546
143605055
143538735
143489211
143411004
143359381
143286258
143225121
143137105
143091952
143006232
142949105
142875530
142811566
142747118
142686804
142611216
142554471
142484170
142427332
142355020
142302103
142234123
142167286
142105407
142042520
141959409
141899898
141829919
141769001
141697219
141638997
141562338
141500917
141429303
141368093
141321110
141318094
141218602
141077903
141049854
141028828
140894500
140834214
140761361
140731270
140654842
140593596
140520957
140461813
140397886
140335775
140277530
140210606
140135584
140070738
139989660
139916764
139853782
139772986
139686176
139610358
139507744
139427662
139332307
139274503
139180273
139105321
139003978
138941380
138857572
138801270
138720402
138655177
138574531
138504925
138436638
138373442
138312247
138245902
138165177
138105846
138038722
137981473
137918001
137864595
137779264
137711879
137637015
137586024
137506657
137461481
137397204
137337775
137270603
137174218
137116835
137074293
136991511
136944094
136861709
136822583
136729415
136674810
136589317
136538620
136464265
136416202
136323176
136279316
136195260
136160549
136061243
136011958
135938482
135903570
135817406
135757674
145703112
135638015
145607542
145581310
145500435
145464001
155410206
145344456
155314454
155261395
155193374
155111115
155062651
164997515
185099408
175036935
164962640
164984305
154913087
154818089
164843364
154768370
164584055
164525764
174395332
164335314
174394381
184246396
184168251
174105930
174118779
164089858
164026459
173933152
163847479
173896803
163819994
163864126
173699242
163638101
173665954
163602812
173599990
163538537
163532649
153449933
153329854
153344282
163424988
173324440
163251830
173257357
163179889
173131316
163043438
173064799
162994291
172940071
162867262
172821129
162751353
172690682
162612847
162646453
152573115
152478496
152477272
152390979
142309967
152409049
142331675
142157894
142083078
142023531
141944613
141883864
141808651
141741442
141658832
141606505
141526882
141472029
141412846
141352003
141330205
141195984
141194172
141061200
141020928
141030700
140892032
140813273
140763425
140690491
140627537
140576235
140543829
140478237
140420261
140344308
140277056
140201326
140170844
140090884
140013893
139944705
139878589
139800711
139706009
139617418
139513968
139449449
139371118
139301087
139219998
139156735
139055939
138970746
138914761
138848476
138786916
138720769
138656277
138590054
138522930
138469817
138405800
138345180
138266669
138210815
138138460
138089529
138015799
137967675
137891334
137849803
137756802
137702902
137624981
137574643
137504096
137442047
137384693
137328860
137256967
137219385
137124563
137068665
136998974
136921985
146868510
136802720
136745385
146683828
136612611
136560237
146485946
136426612
136371827
146308563
136236002
136185869
156114248
146056840
145975753
145989823
145933831
145850720
145776143
145719887
145631395
145675447
145583414
145635960
145552002
155580407
145507797
165523284
175465232
165404681
155336864
155286154
165239688
175229288
175293734
165231043
165103711
165033988
165072399
165188601
175166382
175120777
165048238
165002843
165066126
155004416
174910852
164847359
164759624
164888869
164828028
154770018
164844943
154776797
154722116
154704261
144622515
154569449
144501523
144430299
154374574
144315556
144244425
154234535
144167572
144096108
154026476
143968912
143879576
153848793
143778340
143719456
153667516
143607718
143536685
153570398
143500778
143389000
153381103
143316440
143223272
153223668
143149638
143096110
153074659
143013762
142966110
152912053
142842143
142801108
152733945
142672884
142599448
152552976
142481619
142436116
152344551
142282269
142232358
152168214
142098178
142047691
151984347
141923322
141867167
151921430
141848312
141757753
141696682
141665352
141575618
141543705
141454937
141410332
141341529
141329588
141295750
141176634
141163562
141046972
140971149
140974559
140848188
140782626
140728871
140657504
140607594
140559541
140500349
140425902
140368631
140275409
140200617
150168882
140098663
140042071
150043115
139983991
139902312
149793790
139700776
139626495
139525320
149504277
159512589
149404695
149229554
139163160
139078960
139012475
138945256
138885811
138821148
138761931
138681560
138641966
138554320
138536092
138452523
148396992
138327276
138266120
138171208
138119398
138036506
137981901
137938529
147952146
147814558
137753900
137677176
137638082
137553251
137486186
137413202
137373714
137294599
137237007
137175122
137124583
137059984
136987566
136924276
136871502
136799145
136745664
136681958
136607459
136554859
136518541
136446070
136386878
136314105
136269563
136187802
136128942
136048686
136006396
135930458
145879277
145895534
155847630
155786152
155715128
165654963
165585493
165523899
165460124
165398488
165337857
165277612
165220343
165139605
175083098
175000945
174949193
174869556
174797017
174724297
174668631
174613136
174563551
174496389
174441281
174353668
174298353
174187904
174136998
174066211
174002065
173924859
173862780
173801526
173739341
173664856
173597750
173518314
173452223
173363293
173298759
173246583
173228847
173158159
173100832
173036492
172982070
172912971
172853132
172770554
172718273
172642328
172589643
172528218
172461046
172385002
172334936
172259083
172200221
182244426
172180107
182111983
172046187
171956678
171893885
161819656
181894208
171817258
171811528
171809438
171685544
161608878
161556903
161651359
161598706
161579945
171481813
161403223
171513206
161432774
171338114
161259903
161189118
151114935
171017556
160939860
160911947
160901080
160869851
150795324
160843341
150765158
160770991
150695999
150696637
150610449
150592276
150565663
150482230
140402715
150404002
140333098
140249696
150240245
140142133
140072501
150002934
139892624
139811184
149898668
139784322
139579523
139444942
139370651
139290326
139204494
139204710
139121826
139042163
138985056
138934128
138845573
138786905
138756557
138671483
138624717
138571761
138493200
138426290
138362448
138303717
138220450
138150003
138081337
138025657
137962723
137904063
137837294
137783465
137711369
137656310
137587223
137554800
137472276
137427434
137362172
137300909
137234080
137169672
137107649
137016645
136961119
136909010
136849015
136802438
136704381
136655317
136587120
136576612
136490019
136465106
136427159
136359073
136311526
136266322
136189570
136126550
136055601
136025208
135923556
145900078
145866431
145838925
145764363
145706725
145640450
145586860
145513469
145472677
145404054
145350904
145283557
145219200
145161672
145124084
145030119
144984246
144905200
144832653
144769996
144712608
144639419
144591121
144534134
144484198
144394686
144345111
144291225
144243587
144198140
154148052
154363356
154267203
144190604
154132319
154079224
144016872
153924088
153857913
153790815
153798233
143718876
153660022
153610229
143548120
153470618
153529244
143450099
153398718
143327863
143219748
153200631
143141593
143064569
142993419
142925625
142868535
142784999
142718293
142649322
142567431
142522392
142454075
142400396
142327081
142251389
142225144
142170556
152172633
152084583
142024017
141949751
141926042
141848208
141801269
141706093
141664792
141597496
141502988
151449054
171421262
181328482
191272401
201205040
211175660
221081989
231034354
240966447
250915604
128902611
