12656853623,
31914482,
17377111,
14351408,
13980027,
14171128,
13648730,
13167261,
13829140,
13444876,
14074814,
13707044,
13245283,
13838137,
13571513,
14143359,
13731037,
13334762,
13966254,
13585997,
13150251,
13845614,
13572525,
13135650,
13789618,
13511187,
13114472,
13727464,
13392126,
14077995,
13700172,
13377419,
14008411,
13681026,
13291160,
13961061,
13591836,
13209280,
13855098,
13502128,
13128848,
13740771,
13390913,
14055010,
13731587,
13382836,
14004454,
13610850,
13225469,
13927658,
13577617,
14141209,
13739876,
13435892,
14084498,
13697622,
13365297,
14029079,
13697602,
13273058,
13954519,
13667644,
13297450,
13974413,
13569471,
13271134,
13923119,
13564961,
13190319,
13955922,
13555937,
13278008,
13967942,
13575836,
13203738,
13809296,
13511692,
13198556,
13820623,
13566216,
13252168,
13903243,
13626929,
13142405,
13990352,
13673216,
13370471,
13993964,
13652900,
13322774,
13990242,
13640521,
13302824,
14021939,
13669241,
13359050,
12973242,
13718863,
13370382,
12949580,
13633217,
13413184,
12998475,
13740599,
13390600,
14076791,
13751333,
13093025,
13881014,
13568743,
13221434,
13977622,
13576468,
13166181,
13942798,
13328542,
13128093,
13923646,
13554559,
13157624,
13890944,
13620915,
13137673,
13825306,
13494161,
13111954,
13889598,
13633848,
13142682,
13895861,
13583194,
13223497,
12951588,
13626739,
13334160,
12980654,
13722922,
13422711,
13085634,
13906655,
13537972,
13233116,
12948514,
13691943,
13287640,
13019640,
13738809,
13385959,
13050857,
22886028,
22549449,
13185370,
13793779,
13375941,
13082769,
12896077,
13616970,
13350571,
13093933,
13766507,
13403757,
13176153,
13888961,
13537470,
13229939,
13970920,
13658447,
13374194,
13065950,
13752916,
13431208,
13168360,
13870562,
13487921,
13232073,
14191456,
13554164,
13265914,
13987644,
13658687,
13402127,
13090281,
13730372,
13485334,
13172303,
13791928,
13498288,
13066152,
13885607,
13583613,
13327420,
13999566,
13678835,
13297494,
14014515,
13719685,
13416401,
13070070,
13780071,
13420553,
13236303,
12882547,
13584775,
13349091,
13028280,
13786031,
13462663,
13104655,
13722275,
13446166,
13158729,
12855579,
13473915,
13440503,
13188201,
13864915,
13554897,
13256694,
13902570,
13595958,
13274671,
12914705,
13697949,
13418081,
12998632,
13764668,
13483349,
13092673,
13878875,
13552872,
13192499,
13926279,
13701957,
13283978,
13001505,
13732305,
13292903,
12942979,
13647405,
13667304,
13162828,
12912663,
13613558,
13293885,
13013889,
13747313,
13358880,
13097038,
13797118,
13509500,
13198849,
13932736,
13556039,
13312596,
14007048,
13488779,
12929197,
13864533,
13534093,
13241344,
13019195,
13784206,
13342386,
13064480,
13816767,
13494470,
13266009,
13973530,
13723213,
13436445,
13095586,
13839002,
13549350,
13218069,
13931858,
13601326,
13313218,
13001892,
13784009,
13466402,
13204313,
13976173,
13575930,
13326705,
13046974,
13855906,
13492724,
13220123,
13937868,
13585910,
13688070,
13114074,
13774311,
13482034,
13261936,
12948418,
13632809,
13333254,
13076000,
13776579,
13504925,
13205966,
13942157,
13742066,
13444367,
13195149,
13878927,
13587089,
13289357,
14012197,
13703642,
13433545,
13119251,
13864793,
13618847,
13271244,
13991409,
13522599,
13401648,
13110375,
13824878,
13533201,
13262889,
14001136,
13691060,
13395797,
13142283,
13616208,
13633368,
13230114,
13952899,
13751978,
13389421,
13065110,
13685413,
13556366,
13290894,
12997552,
13777346,
13505853,
13160789,
13861945,
13584030,
13316795,
12994672,
13776109,
13479250,
14148844,
13871490,
13624706,
13255427,
12957408,
13743531,
14413712,
14180406,
14865142,
13596334,
13095954,
13007530,
14748372,
13421106,
12995541,
13962411,
13582963,
13240066,
13930231,
13574708,
13245665,
14033139,
13740514,
13428947,
13185492,
13915707,
13645303,
13391030,
13074252,
13812401,
13453094,
13180517,
14014293,
13695179,
13314998,
13205006,
13931431,
13725919,
13280985,
13951887,
13603298,
13405057,
13076975,
13774649,
14518241,
13180705,
12956661,
13672956,
13406909,
13177183,
14919780,
13621005,
14388364,
14133660,
14841388,
13515306,
14330694,
13066891,
14790679,
13489104,
13221075,
13947443,
13554367,
13407042,
13139916,
13829435,
13589339,
13289495,
13037542,
14751702,
16453455,
13229267,
13001285,
13731760,
13472767,
13205706,
13930076,
14634622,
13346486,
14269960,
13850634,
14541649,
14430217,
13050921,
13877395,
14611861,
14337870,
14009145,
14794867,
14566437,
14262158,
13976602,
14795157,
14526582,
14239010,
13702674,
14646284,
13438907,
13247305,
12936937,
13677053,
13422688,
13105508,
14861372,
13648148,
14247589,
13038585,
13734697,
13431223,
13557325,
13929538,
13703931,
13332160,
13131166,
13916504,
14517099,
14278782,
13958474,
14760234,
14475541,
14142722,
13956944,
15783671,
14460695,
14238985,
14994333,
13704531,
14426022,
13182992,
13969925,
14643380,
14367043,
14044190,
14710133,
14496455,
14223955,
12965577,
12649022,
12388617,
12042953,
12719393,
12457152,
12402693,
12057859,
12870468,
12500371,
12328211,
11997974,
12765811,
12503648,
12237702,
12986083,
12729048,
12473754,
12114825,
12923479,
12647766,
12340075,
12159221,
13838357,
12589496,
12313294,
12010480,
12833839,
12759488,
12159067,
11933921,
12652626,
12437296,
12163787,
12890505,
12584304,
12431432,
11965123,
12894039,
12665847,
12321789,
12100112,
12805241,
12559773,
12358956,
12015740,
12743337,
12497917,
12286339,
12023612,
12772458,
11348898,
12291718,
12007588,
12666807,
12500289,
12287532,
11913979,
12707410,
12553600,
12294476,
11936520,
12747167,
12460529,
12204770,
12059405,
13815443,
12567041,
13253503,
13980288,
13772024,
14425484,
14282532,
13919762,
14571393,
14346007,
13050589,
11745778,
13593464,
13370726,
12104704,
11849486,
12628062,
11317841,
10931051,
12869956,
12658918,
12337830,
12088360,
12855223,
12647069,
12295240,
12101824,
11859123,
12586661,
12382789,
12076498,
12836579,
12616009,
12256623,
12118800,
11866615,
12580321,
12298646,
12059799,
11858996,
12601941,
12331951,
12093597,
12939314,
12613024,
12480155,
12217081,
12899217,
12547866,
12328326,
12087030,
11849667,
12554878,
12286086,
12065889,
11700161,
12481088,
12400459,
12036718,
12873471,
12570607,
12299485,
11990504,
12754399,
13552896,
13212617,
13065433,
13772196,
13492253,
13243440,
13055364,
13762838,
13528911,
13242353,
13029902,
13761072,
13474667,
13287095,
12969212,
13839454,
13546039,
13318753,
13081945,
13798670,
13599978,
13312276,
13108570,
13856931,
13454554,
13306815,
22130546,
13252887,
12832498,
13641190,
13402642,
13143560,
12952308,
13734859,
13398152,
13196404,
13072703,
13772464,
13497711,
13194224,
13022331,
13719502,
13520224,
13258417,
12977294,
13769796,
13473418,
13335170,
13151599,
13908672,
13530129,
13243191,
13040652,
13811923,
13533381,
13312825,
13125239,
13862318,
13602386,
13345116,
13095108,
12896421,
13670573,
13396423,
13151091,
13915802,
13668789,
13407152,
13170533,
12931089,
13705579,
13474867,
13250545,
13115569,
13798213,
13502425,
13264319,
13079174,
13846474,
13540665,
13363197,
13076647,
13860176,
13566031,
13339946,
13111977,
13770484,
13498975,
13305519,
13217655,
13993069,
13702429,
13470785,
13169378,
13936593,
13617812,
13426313,
13162541,
12993252,
13735479,
13461174,
13262302,
13009669,
13792942,
13444749,
13352090,
13060288,
13845527,
13529893,
13392060,
13121284,
12917358,
13660984,
13451094,
14143906,
13568590,
13386943,
13130613,
13856443,
13572921,
13406057,
13163254,
12939614,
13662156,
13403042,
13188931,
12962542,
13684496,
13450722,
13156919,
12936074,
13724960,
13476680,
13241900,
12903601,
13737544,
13563122,
13274441,
12945711,
13803350,
13558254,
13288070,
12995410,
13776694,
13504645,
13382995,
13061848,
13846966,
13594921,
13325980,
13060986,
13810832,
13565309,
13358705,
13019508,
13729534,
13669771,
13425485,
13183494,
13934385,
13688262,
13393602,
13238303,
12968410,
13712311,
13462785,
13192556,
12968684,
13746481,
13399048,
13193111,
12972977,
13792386,
13587012,
13223024,
13950982,
13721820,
13479622,
13137706,
15029513,
13703439,
13448189,
13186747,
12997712,
13709308,
13562583,
13607931,
14022917,
13710033,
13440257,
13204828,
12945611,
13726735,
13469755,
13148962,
13966493,
13722553,
13494623,
13258832,
12812404,
13749096,
13485284,
13260260,
12982261,
13767844,
13512542,
13295152,
13060345,
13811521,
13562276,
13362572,
13055006,
13815396,
13529544,
13277773,
13036075,
13777944,
13500065,
13369424,
13136279,
12920028,
13644105,
13441067,
13197858,
12974787,
13743111,
13482889,
13247151,
12971165,
13704371,
13559834,
13343146,
13114339,
13860189,
13646158,
13322990,
13121059,
13887886,
13642921,
13326418,
13147152,
12886788,
13652795,
13435303,
13156301,
12955003,
13722932,
13511517,
13265272,
13097843,
13823538,
13492718,
13388031,
13096186,
13869643,
13620872,
13440339,
13121864,
12920540,
13706774,
13386568,
13156294,
12936792,
13654087,
13383339,
13194764,
12978716,
13650125,
13468578,
13186364,
13018869,
13743339,
13559471,
13335812,
13041151,
13804082,
14588255,
15287400,
14051530,
15757968,
14419390,
15365952,
14111223,
15800305,
13564631,
13301177,
14125350,
15888344,
15631772,
15685115,
15126469,
13892341,
15663924,
14373743,
13203910,
13982064,
15741488,
15464655,
15285190,
15070415,
15762583,
15449174,
15253333,
15025318,
15732937,
15466338,
15333987,
15068740,
15853039,
15566198,
15291947,
15086649,
14885297,
15624570,
15427475,
15181665,
14930987,
15634961,
15448751,
15220125,
14995717,
14826892,
15644320,
15353489,
15125978,
14897822,
15684818,
15353113,
15137585,
14919841,
15818871,
15533088,
15339599,
15121979,
15715001,
15547302,
15313499,
15176083,
15794670,
15536328,
15390393,
15088194,
15853192,
15533243,
15273447,
15004900,
14900342,
15639143,
15372642,
15085418,
14894579,
15640748,
15348186,
15149220,
15863524,
15629999,
15360077,
15133868,
15872713,
15573455,
15348304,
15063921,
14906794,
15654528,
15375516,
15081884,
14959804,
15710796,
15452239,
15087831,
14964862,
15679343,
15453881,
15180023,
14999645,
15828699,
15563364,
15304764,
15106077,
15865903,
15546853,
15267094,
15104022,
15828643,
15600641,
15342591,
15096216,
14880278,
15775342,
15240821,
15284138,
15016308,
15732332,
15426225,
15225317,
15025563,
15795076,
15512729,
15303866,
15106032,
15882202,
15509882,
15314626,
15071408,
15883104,
15564671,
15404812,
15115752,
14944381,
15607948,
15431173,
15080302,
14950396,
15656015,
15419755,
15207101,
14970217,
15725155,
15483324,
15278461,
15058978,
15793478,
15536249,
15335035,
15121802,
14892319,
15577416,
15321501,
15119019,
14877876,
15649233,
15444567,
15244406,
15008599,
15753356,
15597704,
15284143,
15062189,
15799555,
15566049,
15352123,
15083706,
15949259,
15518767,
15370090,
15084056,
14908356,
15628124,
15268147,
14992568,
14783367,
15501985,
15245758,
15175225,
14885773,
15637381,
15510775,
15181417,
15999606,
15608118,
15273153,
15077069,
14825255,
15604487,
15337254,
15192107,
14990643,
15728658,
15468566,
15178480,
14874870,
15635956,
15375130,
15080814,
15139792,
15735039,
15508567,
15235843,
15077614,
15793118,
15564516,
15291720,
15357312,
14850243,
15606938,
15315018,
15135140,
14904196,
15658453,
15412865,
15184847,
14979619,
14764464,
15570778,
15283021,
15088633,
15842509,
15535993,
15357710,
15119577,
15875005,
15648743,
15343471,
15159814,
15902161,
15649418,
15374175,
15146207,
14967117,
15652435,
15464123,
15214110,
14973950,
15762169,
15539025,
15282395,
15103446,
15917892,
15540205,
15327405,
15112817,
14860939,
15639051,
15354730,
15213487,
14943946,
15690418,
15490733,
15265811,
16004482,
15669374,
15488626,
15298689,
15101793,
15909935,
15642368,
15459606,
15189229,
14997230,
15666828,
15556412,
15256349,
15046630,
15725642,
15568476,
15251500,
15119900,
15815892,
15655085,
15321858,
15172921,
14854064,
22939772,
28800244,
23636185,
18438052,
22775093,
17645127,
15323345,
15007522,
14819615,
15572448,
15420403,
15167351,
14930910,
15738220,
15509052,
15176520,
14970324,
15734005,
15509230,
15253508,
14912590,
14841941,
15618025,
15207353,
15176013,
14881633,
15616893,
15383483,
15136773,
15899986,
15612920,
15361793,
15158463,
14985941,
15679039,
15452174,
14961327,
15661297,
15404859,
15153097,
15894865,
15574770,
15295194,
15087804,
15807862,
15600764,
15322985,
15086399,
15843162,
15597244,
15291335,
15098865,
14887385,
15627607,
15351386,
15053221,
15830928,
15559110,
15307269,
15116862,
15849829,
15622770,
15371624,
15110330,
15825954,
15592664,
15275969,
15106078,
15814662,
15581139,
15335694,
15158299,
14902147,
15698382,
15447622,
15203156,
14983406,
15716741,
15489876,
15254763,
14937404,
15793440,
15544757,
15280648,
14045706,
14765047,
15628212,
15645501,
15110752,
14856734,
14629779,
15557937,
14200090,
13990014,
13750501,
13520143,
13296207,
14043588,
14869754,
14518040,
13319658,
14039056,
14768761,
14587093,
14325184,
14099712,
13854896,
14598740,
15344349,
15107140,
14825329,
13619994,
14397893,
14180211,
12961260,
13713165,
14820877,
14346460,
14048660,
15940770,
14605462,
13342881,
13116204,
12902319,
13708289,
15428935,
13144955,
14985476,
14755579,
14513334,
14227586,
13032625,
13800100,
13561744,
13313413,
14111933,
14822802,
14626006,
15391001,
14110326,
13876350,
13640115,
13344276,
13217970,
13900020,
15708324,
15458851,
14212093,
14043263,
15802105,
14476673,
13298874,
13038377,
13784473,
13562311,
13299817,
13090789,
13851643,
13582600,
13318328,
13112065,
13832578,
13549738,
13280589,
13140929,
12925685,
13730650,
13406879,
13294130,
13935200,
13704509,
13488339,
13225509,
12964233,
13642233,
13436910,
13130103,
13878272,
13730017,
13500176,
13183747,
12945771,
13725038,
13525514,
13224000,
12987245,
13766917,
13606175,
13253182,
13092456,
13835090,
13665249,
13423469,
13172888,
13887726,
13671381,
13422576,
13237621,
12837276,
13745818,
13403305,
13236573,
13907278,
13683917,
13465393,
13228304,
12983903,
13739689,
13541810,
13340356,
13036952,
12849460,
13631496,
13370732,
13126468,
13882112,
13708765,
13450524,
13205658,
13000380,
13742301,
13519795,
13262816,
13023343,
13751856,
13451711,
13220257,
13041674,
13848159,
13537796,
13334141,
13107352,
13879601,
13671326,
13352911,
13150065,
13944252,
13629219,
13428983,
13158689,
12926617,
13748841,
13496941,
13244736,
12986480,
13786039,
13496586,
13345424,
13065348,
13854446,
13500165,
13139050,
13083047,
13819845,
13628590,
13358930,
13158484,
13913907,
13640716,
13412069,
13212663,
12924967,
13694249,
13440575,
13233136,
13907704,
13704924,
13489723,
13305354,
12967970,
13698556,
13516967,
13238543,
13086087,
13749993,
13462210,
13324762,
13049526,
13829785,
13602303,
13261442,
13054726,
13801868,
14612516,
13324100,
13126191,
13872167,
13660212,
13399922,
13163249,
13961937,
13762217,
13423810,
13204208,
12997138,
13720738,
13477735,
13281211,
12967925,
13812491,
14844627,
17247448,
13953857,
13806401,
13551974,
13337212,
13055969,
13810389,
13613540,
13379046,
14163532,
13909923,
13613183,
13437203,
13204598,
13976055,
13735509,
13474209,
13275264,
12987870,
13749248,
13569174,
13301334,
13075155,
13801282,
13546095,
13331469,
13070854,
13853653,
13591022,
13349089,
13114542,
13847084,
13653617,
14354229,
13092491,
13908380,
13629887,
13441941,
13194254,
13909917,
13686030,
13430295,
13196434,
12996752,
13720386,
13466062,
13259362,
14032146,
13716948,
13492491,
13189042,
12960383,
13726684,
13413766,
13265324,
13008279,
13787583,
13453048,
13281067,
13024746,
13814339,
13558981,
13323810,
13110357,
13830556,
13582410,
13353758,
13127664,
13880984,
13614370,
13365354,
13178763,
12966665,
13694317,
13444512,
13175277,
12930238,
13671164,
13434100,
16567926,
19069200,
13927031,
13541990,
13278706,
13004457,
13703332,
13555814,
13298982,
13108298,
13801232,
14608010,
14391412,
13100110,
13948110,
13712563,
13442676,
13208031,
12900144,
13737367,
13484204,
13200938,
12957535,
13749520,
13516940,
13201836,
13017853,
13723193,
13558957,
13216717,
13012908,
13793021,
13538477,
13274571,
13079397,
13847931,
13655607,
13420346,
13114364,
13874395,
13653767,
13416839,
13091535,
13951092,
13701070,
13472590,
13176058,
12979233,
13756453,
13500358,
13253034,
13021701,
13799498,
13589717,
13286198,
13005045,
13735202,
13586585,
13296552,
13112192,
13859636,
13608923,
13346191,
13104062,
13872810,
13661290,
13325835,
13132860,
13912152,
13653312,
13416014,
13186770,
12926687,
13693772,
13364667,
13233823,
13944895,
13732689,
13419991,
13190662,
13932373,
13722490,
13479944,
13229346,
12964682,
13698102,
13372189,
13149119,
12906403,
13622396,
13363779,
13158202,
12901887,
13679903,
13404170,
13251748,
12855425,
13760688,
13426212,
13277121,
12961885,
13803755,
13429315,
13270129,
12980705,
13771666,
13457371,
13328620,
13089974,
13834305,
13611661,
13332982,
13071495,
13756620,
13592627,
13344918,
13143430,
13918525,
13654703,
13401957,
13140435,
13908317,
13688300,
13462578,
13194561,
12950025,
13684500,
13316396,
13176198,
13691170,
13475635,
13173118,
12947991,
13724867,
13433552,
13269826,
12926697,
13827660,
13499495,
13297964,
13025727,
13763512,
13554657,
13274458,
13120632,
13830827,
13642188,
13439527,
13160506,
12942186,
13704659,
13331132,
13061935,
12901399,
13805677,
13561194,
13285672,
13052969,
13850824,
13608138,
13274054,
13006734,
12898934,
14656421,
13448691,
13182232,
13874850,
13680853,
13431280,
13179950,
12946611,
13726084,
13473315,
13170848,
12995237,
13764037,
13537085,
13255232,
13066420,
13805887,
13508487,
13270748,
13085154,
13817407,
15526434,
13280020,
13042667,
13825376,
13543392,
13305724,
13132053,
13844522,
13602046,
13387728,
13167183,
13833993,
13635771,
13454476,
13137680,
12951096,
13713196,
13478040,
13266434,
13022329,
14097354,
13523523,
13281888,
12988606,
13764080,
13583369,
13333111,
13052901,
13850816,
13557194,
13363097,
13079167,
13918519,
13596553,
13393947,
13145545,
12965747,
13613630,
13420119,
13196612,
12947931,
13641213,
13400290,
13163896,
12937114,
13648468,
13495378,
13200303,
12975667,
13681638,
13477312,
13245511,
12920530,
14765408,
13499383,
13253758,
15115045,
23041343,
28399139,
23256533,
18056545,
19880905,
14748745,
13375068,
13397205,
15989044,
13753058,
13573790,
13339172,
13013023,
14935512,
13597701,
13410589,
13186779,
13955227,
13653898,
13440687,
13247715,
12976617,
14830532,
13557743,
13285030,
13048512,
13792610,
13511258,
13257912,
13062693,
13755505,
13552494,
13343858,
13081002,
13833278,
13605676,
13405980,
13134241,
13826053,
13637661,
13358906,
13125396,
12881662,
13724398,
13505397,
13312339,
13145445,
13852856,
13539398,
13294586,
13007070,
13821359,
13571475,
13388516,
13126593,
12907479,
13663317,
13379551,
13087828,
12874691,
13639298,
13396797,
13107415,
12916673,
13639731,
13395500,
13190351,
12940481,
13688190,
13483144,
13225822,
12987251,
13764310,
13505270,
13282798,
13039677,
13781708,
13578137,
13251972,
13061113,
13724642,
13540140,
13219382,
13079756,
13750091,
13559251,
13299219,
13103460,
13779096,
13564166,
13345133,
14139106,
13914962,
13696972,
13476032,
13207193,
12961810,
13782666,
13756021,
13231612,
12983627,
13775199,
13548912,
13286223,
13060678,
13805620,
13520557,
13295121,
12967757,
13879985,
13408870,
13411841,
13054669,
13865793,
13597176,
13427681,
13179985,
13863870,
13674808,
13404850,
13181705,
12958340,
13714566,
13504752,
13256570,
12998417,
13811163,
13523416,
13180825,
13092334,
12818605,
13606420,
13384371,
13084631,
13889221,
13659000,
13390388,
13147358,
12813626,
13681248,
13423360,
13141460,
13898640,
13709233,
13445656,
13108610,
13948511,
13702241,
13480410,
13119327,
12887592,
13647783,
13442670,
13250075,
12994257,
13777699,
13522443,
13261699,
13029060,
13848649,
13514847,
13255352,
13019783,
13817026,
13561336,
13262310,
13111064,
12831059,
11555443,
11354220,
12178079,
10925972,
12707612,
11420588,
11031645,
10938542,
12830798,
11569263,
11289287,
12067656,
11828370,
11533290,
11291445,
11031157,
11755813,
11523966,
11308598,
10974337,
10719502,
11547662,
11286695,
11045027,
10972884,
11695317,
11264123,
11371734,
10921767,
10651474,
12521993,
12395749,
12171372,
12865904,
12640554,
12417232,
12203919,
11935471,
12723773,
12483292,
12228597,
11950967,
11758732,
11468482,
12275429,
11950997,
12776733,
12550733,
12252164,
13132081,
12841580,
12600982,
12352222,
12086873,
11836417,
13639598,
13459601,
13276841,
11975823,
13842167,
13543207,
12298220,
13033915,
13846214,
13586492,
13392973,
12044421,
13864775,
13638061,
13421618,
13097260,
13906020,
13665966,
13438452,
13155914,
13959314,
13680360,
13439309,
13235893,
13997269,
13720120,
13511512,
13242531,
12997737,
13755481,
13447338,
13198598,
12038898,
13808829,
13565071,
12218331,
13050844,
13846749,
11440429,
13333194,
12022480,
13861608,
12582534,
13388193,
12080608,
13004946,
13419976,
12299463,
14142487,
13973603,
13665692,
13459868,
12216966,
13976398,
13714241,
13448264,
13226970,
12967222,
12699475,
12430339,
13195703,
12002500,
12686733,
12452417,
12256776,
11945002,
12767908,
12483802,
12267180,
12016104,
13830542,
12486465,
12340147,
13088268,
12857532,
12553198,
13360877,
14100801,
14908253,
15695375,
13426124,
15254645,
13898713,
15751018,
15529963,
15280516,
15032377,
15791516,
15600206,
15349314,
15168926,
15782041,
15653870,
15374271,
15246703,
15979170,
15616150,
15480612,
15162841,
14951066,
15706174,
15432912,
15301181,
15107792,
15780012,
13460153,
13220405,
13000697,
12891747,
13687347,
13441997,
13138785,
12954983,
13695917,
13408235,
13059691,
13864350,
13635709,
13375659,
13155179,
12903841,
13678928,
13446114,
13168011,
12953148,
13683508,
13415326,
13141055,
12966902,
13668924,
13570151,
13213660,
13045266,
13719411,
13576173,
14246851,
10930294,
11775939,
12625395,
12317589,
11023633,
12843308,
13600716,
12292588,
12112000,
13857813,
13615088,
13318606,
14112213,
13855569,
13612695,
13315565,
13122067,
12900307,
13619177,
13290040,
13148867,
12967927,
13821855,
13543108,
13367170,
13091468,
13876329,
13528599,
13374279,
13123061,
13885974,
13574857,
13465133,
13182580,
13920287,
13742418,
13485214,
14183515,
12940896,
13671271,
14333321,
13173941,
14006268,
14661983,
13547162,
13301129,
14037943,
13747673,
14512891,
14196022,
14077604,
14772066,
14623516,
14310080,
14061107,
14811183,
14606342,
14372833,
14143854,
14822914,
14584569,
14451243,
14149859,
13954259,
14693369,
14467789,
14306242,
14009073,
14790577,
14484870,
14296070,
14047720,
14804534,
14516623,
14280030,
14054330,
14768091,
14513545,
14314139,
14019782,
14845015,
14607192,
14339213,
14082510,
14810286,
14578934,
14371851,
14142448,
14858914,
14603847,
14394014,
14161387,
14898107,
14639805,
14389007,
14210559,
14937239,
14663906,
14455453,
14202660,
14979623,
14739470,
14434886,
14234727,
13995321,
14754192,
14510908,
14228168,
14031951,
14742930,
14500667,
14251896,
14022415,
14714484,
14544319,
14209541,
14068521,
14785452,
14500469,
14571930,
14114486,
14770188,
13554831,
14338335,
13059933,
13830210,
13552482,
14263341,
14060509,
14843226,
13522452,
14218803,
14081928,
14777260,
14542699,
13235043,
12933074,
13783468,
13502130,
13222994,
13012804,
13814429,
13529216,
13314208,
13007347,
13820176,
13560406,
13357472,
13092343,
14884458,
13610340,
13373341,
13182804,
12923145,
14766848,
14406866,
13174828,
12884360,
13728667,
13475455,
13236359,
14004343,
14773688,
13515062,
13306791,
13005146,
13809967,
13577173,
13283905,
13091448,
14832644,
13613147,
13367452,
13108105,
13901740,
13647825,
13460115,
14174689,
13984844,
14728196,
14522667,
14220109,
14078955,
14752510,
14488843,
14238472,
14101759,
14789340,
14596566,
13327315,
13095978,
13927381,
13704411,
13385056,
13171025,
12880013,
13680796,
13453021,
13187654,
13850526,
13738121,
13417801,
13219435,
12961050,
13730335,
13541127,
13173332,
12976616,
13814956,
13446484,
13214538,
13022351,
13861238,
13549360,
13355893,
13031077,
13907530,
13589334,
13417326,
13095521,
13887354,
13627831,
13459900,
13135723,
12925807,
13724493,
13473495,
13257957,
12997085,
13729167,
13542995,
13258079,
13053299,
13770114,
13549430,
13280326,
13090374,
13825630,
13550200,
12993960,
13899420,
13561001,
13322310,
13043831,
13819509,
13609111,
13418696,
13055879,
13867315,
13540310,
13373984,
13101408,
13876472,
13660991,
13403724,
13101278,
12864464,
13987772,
13476645,
13201271,
12997732,
12648612,
12521512,
12178996,
12958182,
13672656,
12524635,
13285425,
13072027,
12714737,
12552735,
11358025,
12087273,
11797520,
12622218,
12324798,
14117830,
12837591,
12658250,
11324385,
10997970,
11833643,
11743681,
11298179,
11010612,
10825362,
11714186,
12474529,
11317322,
11896156,
11719820,
11512709,
11306916,
10938427,
11779893,
11528523,
11338899,
10937937,
11807289,
11536516,
11391558,
10917337,
11822753,
11626778,
11319007,
11000665,
10808170,
11642343,
11304816,
11315036,
11929061,
11650902,
11368282,
11339777,
10865854,
11670066,
11471510,
11311420,
10947867,
11621849,
11516642,
11389683,
10935951,
11785941,
11513674,
11365170,
10978788,
11791138,
11529945,
11331944,
11025603,
10842385,
11631412,
11368666,
11377981,
10866422,
11668956,
11375724,
11361018,
10846883,
11759777,
11570350,
11333179,
10917215,
10814652,
11617442,
11321920,
11008729,
10870823,
11603188,
11420004,
11030907,
11921664,
11640798,
11437032,
12225105,
10925602,
11706074,
12478648,
11355312,
12012470,
12761854,
11529471,
12246056,
10995139,
10802410,
11654375,
12429231,
12119025,
11870752,
12685953,
12473354,
12221438,
14587336,
15636718,
13449454,
12246503,
12014610,
12779537,
12505951,
12275792,
12010193,
12749654,
12560627,
12290129,
11973498,
12826664,
12532337,
12278822,
11914989,
12734403,
12576367,
12343129,
12018815,
12797951,
12597879,
12354309,
12030826,
12858022,
12565789,
12409208,
12080498,
11848104,
12616814,
12436043,
12161434,
11931915,
12643622,
12444108,
12121388,
11982387,
12683849,
12508765,
12233592,
12004454,
12768376,
12529852,
12268458,
12062381,
12759127,
12551228,
12263485,
12051007,
12783125,
12551733,
12320427,
12093372,
12853875,
12583221,
12301425,
12097229,
11882724,
12620478,
12362381,
12130009,
11857738,
13663951,
13401535,
13208605,
12904899,
12728261,
13523426,
12268852,
11909207,
12739328,
14478336,
13232932,
11961928,
13771769,
13448376,
13281358,
11985052,
12799979,
12467777,
12312590,
13066095,
13804282,
13554259,
13397023,
13068135,
13824308,
13603046,
13416728,
13102438,
13863593,
13640778,
13439062,
13177884,
12902967,
13690817,
13498281,
13223880,
12978328,
13705882,
13595429,
13349886,
13010174,
13794922,
13612438,
13251453,
13070765,
12780488,
13594261,
13334932,
13053418,
13823748,
14617406,
13379214,
13139637,
12914864,
13693227,
13438528,
13206945,
13930791,
13672074,
13387711,
13187100,
12955618,
13744649,
13436942,
13232368,
12971716,
13736577,
13531841,
13250450,
13012061,
13856546,
13575630,
13335214,
13082047,
13856988,
13587629,
13358480,
12966620,
13864960,
13487996,
13348306,
13022498,
13844869,
13619388,
13366157,
13085512,
13659100,
13556944,
13326270,
13100072,
13846599,
13533133,
13239686,
12963925,
13747808,
13475782,
13245955,
13016731,
13771037,
13472764,
13242863,
13980985,
13622714,
13423373,
13292425,
12948285,
13736599,
13465695,
13285483,
13931461,
13693955,
13372389,
13186315,
12891834,
13674164,
13404392,
13218797,
12917980,
13691274,
13476940,
13270448,
12982801,
13744828,
13458178,
13270296,
13019094,
13798769,
13562231,
13302067,
13091716,
13900950,
13593292,
13314546,
13112302,
13899130,
13619297,
13395225,
13113554,
12860297,
13646125,
13454266,
13179783,
12861144,
14604367,
13382961,
13236064,
12945226,
13649895,
13485226,
13203253,
13002897,
13739574,
13540942,
13286977,
12927567,
13807499,
13588691,
13369864,
13099761,
13896296,
13676585,
13441057,
13137575,
12883878,
13742282,
13445379,
13190102,
12945121,
13752053,
13556564,
13225370,
13107013,
13819361,
13538168,
13380611,
13171508,
12953081,
13700734,
13421273,
13139878,
12959275,
13684825,
13473287,
13211636,
12994190,
13734434,
13477412,
13232912,
13025830,
13762502,
13493116,
13251565,
13051393,
13764430,
13533370,
13321260,
13059705,
13841967,
13546330,
13332632,
13128526,
13833903,
13629487,
13375872,
13113712,
12883243,
13687602,
13415261,
13229339,
12931037,
13695692,
13419256,
13235123,
12891892,
13747106,
13508488,
13239346,
13049344,
13786301,
13577048,
13307199,
13088719,
13818694,
13542443,
13319955,
13098958,
13878937,
13563041,
13374159,
13094311,
13837082,
13646855,
13344724,
13078730,
13896018,
13608513,
13402604,
13122091,
13923519,
13680143,
13404710,
13154159,
12898959,
14669805,
14481750,
13211043,
13958046,
14727914,
13443322,
14258543,
12990738,
13768674,
13540245,
13224799,
12988683,
13783048,
13526594,
14330161,
13050082,
14863877,
13601129,
13325880,
13095650,
12866737,
13561827,
13335161,
13104519,
12784934,
13619559,
13376776,
13164369,
12924628,
13684786,
13412643,
13294649,
13935248,
13445540,
13130766,
12908546,
13703099,
13515245,
13282330,
13034792,
13742144,
13543172,
14272080,
13063516,
12771290,
13520762,
13314125,
13068765,
12828844,
13556260,
13307561,
13071905,
12766239,
13573293,
13333419,
13083449,
13866143,
13627011,
13367177,
13135610,
12866541,
13676911,
13344938,
13181527,
12887835,
12712417,
13490004,
13257270,
13002234,
12821064,
13554956,
13335062,
13031847,
12879768,
13625937,
13375871,
13145022,
12906781,
13731997,
13447386,
13105863,
13005196,
13767505,
13543564,
15245125,
14060689,
13836460,
14599929,
14332781,
15102408,
13849008,
13657434,
14393486,
13229024,
13921464,
15710263,
14399336,
13226587,
13965436,
13754893,
15479234,
15252750,
14996785,
13788850,
13586847,
13338764,
13094075,
12808085,
14627820,
15393798,
15066797,
14893835,
15636309,
15463760,
15248097,
13947445,
13787221,
14535792,
15180435,
15043806,
13796097,
15560196,
14331705,
14059159,
13845462,
14568952,
14383902,
15166204,
13920047,
15650973,
15442805,
15185552,
14051038,
14849958,
15462958,
14301582,
14018922,
13704541,
15500493,
15363125,
15017977,
13815276,
14548356,
15371684,
14131410,
13873720,
15636013,
15462313,
15123846,
14862587,
15636116,
15497445,
15147573,
14972734,
15757503,
15497586,
15315725,
15102863,
15816557,
14499322,
14288209,
15079954,
15761273,
14566837,
13313480,
14055515,
13810864,
14567132,
13322750,
14070243,
13826245,
13558442,
14318601,
13082359,
12797868,
13613603,
13358403,
13147163,
12826584,
14600528,
13239484,
13126241,
12810038,
13620919,
13175895,
13044909,
12795677,
13675093,
13389661,
13168723,
12923780,
12718986,
13411974,
13278065,
12979076,
12745652,
13440617,
13185489,
12997372,
12729831,
13492481,
13298125,
13040519,
12799674,
13509239,
13388635,
13018126,
12806156,
13579745,
13305694,
14079305,
12834853,
13555336,
13358928,
13054744,
13824703,
13552746,
14378468,
13057471,
12838313,
13618158,
13386656,
13160743,
12907111,
13683487,
13356855,
13162883,
12885517,
13686722,
13466643,
13157241,
12912395,
14037084,
13433573,
13222152,
12992078,
12786027,
13529398,
13276948,
13034472,
12787106,
13560668,
13214480,
13068347,
12801700,
13605936,
13364520,
13061301,
13847136,
13613768,
13337339,
13120254,
12904611,
13662034,
13362935,
13166233,
12923368,
13723250,
13445520,
13227477,
12974417,
12773712,
13492691,
13299127,
13038177,
12776035,
13545602,
13301139,
13092288,
12799891,
13548144,
13340801,
13059876,
12861029,
13605738,
13335054,
13139772,
12843385,
13652900,
13435320,
13137366,
12934169,
13744469,
13495656,
13266621,
13027653,
12777487,
13591784,
13253935,
13070190,
12822305,
13614792,
13339056,
13060696,
12871649,
13617267,
13377931,
13144437,
12940799,
13694669,
13419076,
13179288,
12994835,
12719458,
13508237,
13197508,
13039097,
12785233,
13582580,
13243353,
13047342,
12837006,
13630152,
13396742,
13151499,
12974807,
13712096,
14478519,
13176068,
12977046,
13694317,
13511384,
13273828,
13051298,
12803843,
13558404,
13277768,
13091171,
12855242,
13655494,
13333169,
13165883,
13031351,
12727479,
13408197,
13238863,
13026951,
12781992,
13511699,
13321550,
13010719,
12792612,
13536270,
13327952,
13097636,
12835681,
13568215,
13348021,
13122941,
12896919,
13604680,
13411482,
13215438,
13025555,
12700717,
13430861,
13207228,
12964157,
12717499,
13510135,
13289066,
13143837,
12937969,
12728011,
13428358,
13141043,
13019963,
12811390,
13584512,
13342961,
12933299,
12723476,
13443482,
13271736,
13004477,
12899099,
13588642,
13370304,
13124151,
12948805,
13578087,
13420588,
13175675,
12899359,
13656560,
13528211,
13183784,
12987576,
13759050,
13540522,
13221529,
13060666,
12775410,
13591659,
13273006,
13096248,
13815351,
13583790,
13317745,
13113687,
12795297,
13631437,
13377111,
13187147,
12880811,
13666864,
13420728,
13185270,
13269624,
13707739,
13440509,
13204043,
12981241,
12747947,
13475977,
13221635,
12984486,
13734805,
13504654,
13306478,
12989623,
13805212,
13501535,
13289334,
13044382,
12786797,
13552792,
13317721,
13034557,
12795348,
13561383,
13341783,
13097186,
12873901,
13631109,
13483679,
13167583,
12914848,
13649193,
13399027,
13177740,
12904787,
13729090,
13454166,
13223582,
12982966,
12773495,
13436495,
13255642,
12990265,
12801986,
13625632,
13418566,
13138825,
12906244,
13711011,
13437479,
13266499,
13000850,
12802959,
13509487,
13336434,
13043342,
12856325,
13538745,
13338289,
13042099,
12836476,
13533216,
13415826,
13067940,
12918506,
13644343,
13472989,
13198577,
12939407,
12784090,
14536084,
13263482,
13107474,
12749775,
13560516,
13303024,
13110060,
12764248,
13650890,
13377186,
13185494,
12894714,
13704617,
13470425,
13274379,
12939156,
13747006,
13504442,
13273379,
13016221,
12813070,
13511534,
13255627,
13020101,
12844198,
13586422,
13380751,
12977926,
13833825,
13329572,
13157976,
12877110,
13658204,
13361333,
13153624,
12898464,
13625149,
13435105,
13090063,
12910151,
13703631,
13452084,
13174568,
12937084,
13688382,
13494603,
13267146,
12997835,
14726971,
13419224,
13275343,
12972019,
13808532,
14516545,
13287875,
12894802,
13786183,
13555674,
14297886,
13043847,
12759468,
13500385,
13186895,
12978722,
12801583,
13585957,
12444645,
12128810,
11808574,
11675958,
12473361,
13263247,
12988486,
12776427,
13634756,
13423703,
13064840,
13492156,
12657056,
13471755,
12275797,
12024027,
11778716,
12456058,
12300753,
11052160,
11828878,
11605433,
12372471,
12142374,
11943860,
11671671,
12507959,
12195368,
11132608,
11911375,
13720180,
12449578,
12151926,
11883709,
12723151,
12434246,
12213676,
11904312,
11683598,
11406431,
11181305,
11057733,
12792791,
13539923,
11135606,
13088413,
12881368,
13573380,
12386787,
13100266,
12830044,
13663322,
13403462,
13162571,
12975326,
13716685,
13506675,
13190329,
12999950,
13788448,
13499293,
13271811,
13058868,
12812020,
13572983,
13327954,
13126324,
12835754,
13631969,
13370552,
13120727,
12870630,
13607220,
13314344,
13138573,
12906528,
13642684,
13342131,
13167693,
12905519,
13655475,
13441775,
13197476,
12992083,
12741857,
13438810,
12284236,
11062013,
11751741,
11547470,
11205320,
11104085,
11782628,
11581292,
11183722,
11148477,
10829304,
11570668,
11251524,
11189141,
10879541,
11528943,
11403377,
11158213,
10899494,
11719488,
11530660,
11150602,
11047909,
11688332,
11537932,
11176760,
11099222,
11747006,
11610480,
11184127,
11178304,
11805612,
12604394,
11388543,
11171862,
11867600,
11651470,
11172982,
11194681,
10873846,
11616545,
11400947,
11148789,
10869346,
11689704,
11455665,
11127053,
11043672,
11792605,
11488086,
11218882,
11092530,
10827924,
11840349,
11434940,
11103408,
10888305,
11539175,
11446183,
12173301,
11969375,
11678678,
11500197,
11179207,
10934714,
11732744,
11473900,
11189171,
11109420,
11704209,
11550489,
11140159,
11175288,
10819102,
11630941,
11370140,
11156034,
10861929,
11723590,
11415001,
11204545,
10832860,
11722888,
11510860,
11192979,
10918182,
11712096,
11476034,
11157096,
11020946,
11873460,
11573310,
11389058,
11170062,
11933258,
11653722,
12389834,
11169913,
10885580,
11697631,
13445826,
11151627,
10878113,
11674096,
11512317,
11169543,
10905093,
11702929,
11533485,
11177758,
11086596,
11781390,
11623544,
11217379,
11138225,
10771305,
10632057,
11469380,
11199756,
10926389,
11746063,
11431055,
11182720,
11035530,
11763472,
12519538,
11252657,
11099160,
11715510,
12560263,
11147594,
11125614,
10766228,
11595703,
11395752,
11137940,
10850910,
11649900,
11522574,
11172970,
11038382,
12649564,
11434195,
11175357,
11137860,
11783126,
11549590,
11337244,
11121701,
10875263,
11644330,
11302878,
11174792,
10998162,
11726752,
11467657,
12219626,
11955929,
12738555,
13559794,
12243164,
10948601,
10784404,
12535700,
12352299,
13126309,
11882647,
12675812,
13426635,
12176049,
10915577,
11628077,
11487033,
11044808,
11146496,
13748431,
12543556,
11160933,
12008627,
13789296,
13611300,
13342611,
13182940,
11813551,
11716223,
11430788,
11130143,
10928769,
11739836,
12512789,
11188929,
11060920,
11771139,
11515274,
11181365,
11115021,
11829227,
11534471,
11369607,
11146932,
10827406,
12607840,
11521899,
11122748,
10941058,
11700704,
11491818,
11196334,
11146135,
10810745,
11679788,
12411137,
11160189,
11016903,
11733684,
11473434,
11168993,
11068965,
11779736,
11551719,
11278488,
11109202,
10785645,
11590744,
11286855,
11129728,
10920197,
11680761,
12487527,
11127453,
10923225,
11687582,
11497785,
11154002,
11063780,
11725284,
11595286,
11249940,
11107682,
11829925,
11595621,
11349633,
11143705,
10863861,
12699443,
11432475,
11130980,
10928577,
11772500,
11454643,
11180082,
10905057,
11738722,
11425101,
11198848,
11968363,
10724581,
11885071,
12350841,
13148464,
12925757,
11520766,
12425524,
13152265,
12979654,
12631478,
11481651,
11131294,
10933554,
10730911,
11565823,
11079006,
11176605,
10844182,
13741581,
11404726,
12233290,
10997588,
13732997,
13526464,
14320967,
11999538,
11791435,
14592068,
11168536,
11184659,
10852294,
12657865,
11557842,
13251948,
13004439,
13669691,
13528898,
13279995,
13009707,
12799824,
13568316,
13377994,
12081850,
12866878,
14618452,
13352976,
13177360,
12941194,
13693348,
13474047,
13180534,
12948268,
12743678,
13470180,
13328799,
13014734,
12851025,
13556102,
13322203,
13194038,
12863014,
13640843,
13410343,
13165498,
12923355,
13662554,
13492316,
13262315,
12994020,
13762393,
13483554,
12249701,
13069293,
12811488,
13586322,
13275299,
13108307,
11852029,
13715658,
13382818,
13108802,
12842228,
13661782,
13337427,
13155904,
12887512,
13753890,
13415497,
13205373,
13084181,
12695815,
13473185,
13248788,
13937098,
13383428,
13091747,
12975063,
12714869,
13505442,
13239586,
13017192,
12783255,
12553565,
13386776,
13168163,
12885073,
12681712,
13474014,
13267701,
13044284,
12783807,
13534143,
13340849,
13092606,
12891567,
12627561,
13449034,
13176837,
12977311,
12687886,
13474478,
13282772,
13067880,
12836471,
12575739,
13340412,
13149127,
12940227,
12698998,
13461906,
13228993,
12982827,
12804566,
12501364,
13497636,
13255885,
13044386,
12777485,
13569296,
13287267,
13086996,
12856670,
13591354,
13421136,
13139483,
12841781,
12669054,
13503255,
13199738,
12949030,
12743465,
13543032,
13278808,
13030262,
12831238,
13567465,
13364835,
13157157,
12877525,
13638273,
13295617,
13188642,
13005595,
12744045,
13554144,
13296514,
13101502,
12885553,
13623612,
13413373,
13148432,
12893305,
12791529,
13508725,
13239373,
12950624,
12848837,
13604648,
13273713,
13084509,
12829017,
13663836,
13343349,
13164541,
12994315,
12713539,
13488734,
13272758,
12983471,
12759599,
13509800,
13322380,
13072425,
12879055,
13637366,
13333551,
13185166,
12938579,
12706048,
13448294,
13243401,
13003312,
12748675,
13511797,
13296919,
13021141,
12815850,
13552592,
13379806,
13061328,
12834633,
13621757,
14381030,
13134278,
12882400,
13562164,
13439240,
13194909,
12999942,
12702895,
13528101,
13209650,
13046946,
12706182,
13622445,
13282307,
13079689,
12823967,
13604565,
13385658,
13183987,
12951148,
12739463,
13497380,
13249890,
12930307,
12832942,
13584107,
13359687,
13093416,
12893139,
13677895,
13421333,
13193901,
12992528,
13717560,
13467418,
13337979,
13092678,
12838260,
13864633,
13364690,
14050936,
12665865,
12673974,
13440307,
13304964,
13031382,
12846537,
13558589,
13312613,
13072597,
12869576,
13634131,
13405085,
13089371,
12966957,
12724261,
13506200,
13255297,
12903970,
12613424,
12598075,
13334377,
13110394,
13805157,
12729503,
13523784,
13152827,
12958627,
12786744,
13558762,
13205651,
13029655,
12799676,
13515637,
13352731,
13075365,
12857201,
13553529,
13335001,
