12655331628,
32518188,
17431651,
14315469,
14029314,
14130942,
13544601,
14085864,
13609837,
14202761,
13647965,
14170358,
13694934,
14261896,
13783788,
14366153,
13879623,
14445477,
14055163,
13507158,
14079000,
13673474,
14234120,
13805774,
13352165,
13960192,
13582414,
14262801,
13911649,
13560852,
14185501,
14123475,
13407545,
14109743,
13730014,
13372214,
14062197,
13578035,
14154420,
16771526,
13492848,
14134444,
13766432,
13500260,
14051214,
13429530,
13186546,
13838441,
13647400,
14231337,
13907003,
13537623,
14182134,
13858418,
13428283,
14141964,
13773827,
13342955,
14022890,
13684738,
13317766,
13984167,
13676905,
13350555,
13995566,
13612350,
13265684,
13877692,
13630626,
13257948,
13870537,
13563231,
14228910,
13885701,
13510590,
14173292,
13852136,
13486964,
14132337,
13798417,
13396918,
14117025,
13757485,
13492961,
14180727,
13872690,
13476094,
14118801,
13801124,
13477394,
14132957,
13754395,
14557760,
14208182,
13884827,
13512244,
13163189,
13819254,
13467207,
14228118,
13922712,
13540873,
14234332,
13891883,
13499198,
14210389,
13842979,
13059412,
13878117,
13587444,
13225474,
14000718,
13563291,
14247341,
13929576,
13564955,
13206339,
13843921,
13541834,
14215889,
13889141,
13545873,
14092660,
13759203,
14419279,
14085390,
13729215,
13373514,
13105375,
13820211,
13412409,
14164897,
13835723,
13455131,
13058956,
13805557,
13477700,
13845742,
13557317,
13178208,
13940988,
13638064,
13280788,
14026489,
13678225,
13391061,
12992415,
13763265,
13421956,
22180625,
22862570,
13560496,
13240263,
13939236,
13659144,
13281283,
14041029,
13733880,
13371057,
14003671,
13717728,
13468632,
14173247,
13793048,
13481121,
13212385,
13904428,
13603626,
13295397,
13987875,
13659699,
13354762,
14038883,
14043280,
13444452,
14096912,
13785038,
13533323,
13193674,
13916242,
13607210,
13258799,
14062509,
13736332,
13401109,
13053559,
13833203,
13270676,
13239271,
13922264,
13675893,
13305696,
14016055,
13665309,
13386808,
14107641,
13838122,
13429575,
13010931,
13905165,
13619830,
13341829,
14077746,
13748038,
13490323,
13183880,
13896361,
13512352,
13237384,
13912835,
13655200,
13337227,
14141844,
13825501,
13484399,
13180420,
13861238,
13528336,
13216315,
13895111,
13527029,
13223437,
13943637,
13704802,
13008200,
14076058,
13756888,
13521564,
14254113,
13975983,
13613793,
13338589,
14023034,
13750910,
13416076,
14113860,
13517774,
13208262,
12956693,
13906190,
13443237,
13187945,
13897446,
13692835,
13420039,
14090368,
13677328,
13398175,
14097215,
13862478,
13498928,
13205435,
13898993,
13588782,
13321348,
14074028,
13516711,
13342709,
13963664,
13752661,
13422400,
13250317,
13918234,
13591764,
13375666,
13092853,
13779016,
13463687,
13227652,
14000129,
13552180,
13355216,
13098961,
13749783,
13474355,
13162451,
13919491,
13564218,
13291194,
13032800,
13737144,
13449776,
13172147,
13917754,
13637961,
13303419,
13028566,
13764105,
13502017,
13219100,
13921379,
13925164,
13341871,
14018405,
13738832,
14460412,
13179873,
13921799,
13638285,
13444496,
13126274,
13847894,
13585009,
13312701,
14017727,
13736497,
13518450,
13296154,
13946852,
13751395,
13439870,
12232240,
13881229,
12658934,
13347426,
13056913,
13747789,
12508366,
12232600,
13952382,
13539342,
14349127,
12987583,
12732513,
11515314,
13137893,
12851555,
11442538,
11040014,
11950724,
11466103,
11241053,
10890035,
11748933,
11533843,
11041922,
11865398,
11479659,
11537740,
12090785,
11786093,
11562228,
11104204,
11860548,
11577498,
11278540,
12069426,
11698137,
11562616,
11052858,
11801867,
11546679,
11094178,
12965425,
11655275,
11355343,
11025395,
11821848,
11554069,
11194924,
11985574,
15081669,
11561999,
12103126,
12858910,
12480051,
11066088,
11736226,
11543400,
11297987,
10979506,
11776286,
11585805,
11057203,
12883883,
11537378,
11130386,
11915629,
12640614,
11581533,
10976247,
12625418,
11310800,
12291983,
11991387,
11638788,
11172955,
11950534,
11883701,
11290570,
11712288,
12445983,
11106049,
11935481,
11647300,
11483831,
11002602,
11862976,
11541195,
11197131,
10947920,
11759399,
11496118,
11107948,
11942450,
11605236,
11417276,
10980262,
11899190,
11565404,
11378933,
11028033,
11888573,
11516264,
11204518,
10938791,
11562619,
11477642,
11093274,
11987712,
11688462,
11502968,
10982388,
11787075,
11491968,
11206838,
11013684,
11827417,
11455155,
11110484,
11890439,
11705391,
11421186,
11018078,
11821773,
11508665,
11164129,
10931125,
11718106,
11482497,
11016411,
12015727,
12570844,
11170308,
10974172,
11842889,
11471152,
11439927,
13020743,
11724395,
11489808,
11082407,
11842204,
11499657,
11184922,
10935749,
11706911,
11460570,
11134358,
11937948,
11653277,
11505804,
10978265,
11716990,
11439580,
11138347,
10894634,
11681963,
11432995,
11071185,
12874558,
11547462,
11173198,
12019720,
11756260,
11506925,
11144015,
12961682,
12675485,
11215799,
13012256,
12757976,
11440259,
12167979,
12906441,
12640227,
23412794,
25192093,
20009590,
14797018,
13307114,
13029385,
12703037,
12461469,
12122995,
12874598,
12574997,
12282791,
10959805,
12780417,
13463460,
12266203,
11819935,
12555280,
12427584,
12255846,
12933839,
12609823,
12322006,
11946414,
13800375,
13720333,
12145316,
11973923,
12712829,
13376196,
13182567,
13924526,
13701866,
13459426,
13220320,
13977573,
13637571,
13469780,
13163304,
13875994,
13661582,
13448464,
14188765,
13973926,
13725950,
13558654,
13252142,
14035286,
13680488,
13459990,
13198121,
13927363,
13595619,
13370162,
13131306,
13885300,
13620143,
13381958,
13093973,
13837619,
13588451,
13296642,
13005312,
13818048,
13537262,
13308144,
14002316,
13782756,
13446586,
14266690,
13992127,
13527584,
13256630,
12992012,
12913588,
13702014,
13337299,
13100948,
13791280,
13614793,
13322492,
13063170,
13827563,
13571155,
13308194,
13060934,
13762127,
13538781,
13249118,
12990102,
13754513,
13390790,
13155274,
13892171,
13690455,
13398280,
13156682,
13876852,
13623659,
13302296,
13073342,
13814048,
13517941,
13331734,
14039653,
13709999,
13542605,
13284623,
14132762,
14740777,
13421859,
14190425,
14009140,
13670298,
13518894,
13251270,
12952313,
13676466,
13468970,
13207035,
13955697,
13665994,
13399117,
13110885,
13918225,
13646246,
13402453,
13099933,
13824318,
13663067,
13342951,
13123664,
13837352,
13620990,
13338359,
13094241,
13883924,
13672606,
13344356,
13099720,
13865561,
13626507,
13346076,
13111983,
13846469,
13680041,
13411564,
13202338,
13899253,
13695617,
14480223,
13028316,
13876893,
21760454,
13906092,
13620877,
14287114,
14047310,
13456866,
13256542,
13870380,
13690425,
13362462,
13155616,
13879627,
13662177,
13354503,
13121489,
12804821,
13673361,
13444062,
13178585,
13827300,
13625842,
13360485,
13164771,
13873176,
13622849,
14321651,
13070673,
13821933,
13504395,
13270956,
12914611,
13804422,
13504493,
13219076,
13006392,
13740216,
13492596,
13225701,
13039587,
13704962,
13463790,
13220907,
12996212,
13725923,
13447524,
13182500,
13898323,
13725037,
13507120,
13153157,
12917866,
13768957,
13508160,
13209035,
13999234,
13725735,
13516737,
13203853,
13974670,
13693414,
13281569,
13038362,
12845957,
13691130,
13377049,
13185354,
13874232,
13659706,
13380301,
13043294,
13838437,
13604653,
13331207,
13031910,
13851037,
13598954,
13299676,
13067865,
13782603,
13505372,
13230407,
13057188,
13797100,
13542922,
13330269,
13029945,
13794865,
13539221,
13292337,
13039687,
13806129,
13537941,
13369495,
13069940,
13807089,
13517357,
13352768,
13090779,
13902858,
13588769,
13370595,
13147575,
13792203,
13540563,
13287797,
13099450,
13930818,
13752141,
13421761,
13161536,
13924913,
13668024,
13408729,
13149355,
13838287,
13595822,
13345706,
13047939,
13875749,
13559796,
13337399,
13077547,
13919556,
13659367,
13413901,
13085407,
13903608,
13670684,
13365552,
13009404,
12848315,
13673614,
13459879,
13115427,
13944985,
13626967,
13406514,
13112512,
13919009,
13654670,
13407414,
13105877,
13917609,
13387298,
13378466,
13055918,
13871087,
13577205,
13328555,
12963047,
13806804,
13538893,
13298434,
13019138,
13779329,
13511212,
13247523,
14018500,
13838440,
13470530,
13284879,
13087127,
13830196,
13526704,
13275391,
13017944,
13729323,
13447839,
13206678,
12974349,
13730972,
13474820,
13258197,
14016488,
13759776,
13452301,
13224770,
12883348,
13599171,
13415294,
13187151,
12961580,
13818203,
13442597,
13229557,
12901877,
13782438,
13512640,
13288205,
12987673,
13710938,
13521489,
13263869,
13941060,
13775829,
13479717,
13254310,
13047919,
13737944,
13433847,
13170696,
13048269,
13574978,
13491528,
13224887,
12934474,
13779444,
13491779,
13235546,
13048409,
13784111,
13577737,
13317813,
13064200,
13807866,
13524559,
13280985,
13977550,
13766169,
13498573,
13250090,
13006276,
13764242,
13488011,
13244601,
12964359,
13780903,
13502852,
13195721,
13963741,
13673146,
13465283,
13189862,
13940005,
13704151,
13427340,
13163921,
13916322,
13676165,
13474574,
13190322,
13984792,
13762890,
13431042,
13169306,
13910022,
14743172,
13503298,
13242033,
13929354,
13634621,
13438557,
13122976,
13934828,
13446973,
13508093,
13270843,
13964151,
13394477,
13144910,
13843251,
13591804,
13474412,
13134009,
13902855,
13656502,
13459320,
14035056,
14962523,
13660324,
13421826,
14171787,
14942022,
14675862,
13448101,
14190961,
13900402,
13677208,
13375154,
13149038,
13887244,
13609918,
13434765,
13145405,
13925121,
13561756,
13360993,
13149287,
13877867,
13685115,
13306424,
13132493,
13878959,
13663506,
13397565,
13124269,
13861038,
13634376,
13399572,
13159207,
13773644,
13640816,
13377071,
13102138,
13864497,
13574853,
13280743,
13066018,
13868385,
13541873,
13290045,
13036034,
13840874,
13617802,
13332482,
13051139,
13860381,
13634021,
13404247,
13097008,
13830092,
13601603,
13357096,
13131931,
13888299,
13587409,
13386631,
13141583,
13889126,
13647838,
13281648,
13139295,
13824396,
13556037,
13315483,
13104098,
13762545,
13532738,
13288502,
12993325,
13764170,
13470505,
13243968,
12917235,
13717651,
13454561,
13227364,
12985556,
13516149,
13450303,
13218160,
14052925,
13756917,
13556856,
13267408,
13011789,
13786726,
13506815,
13338489,
12977297,
13747164,
13546765,
13278495,
13014742,
13781731,
13513697,
13074027,
13011267,
13767472,
13511599,
13252625,
12958770,
13669523,
13460668,
13169775,
13912947,
13653480,
13666859,
13209211,
12908236,
14620096,
14436858,
13127766,
13934413,
13651140,
13413704,
13192077,
12905101,
13680438,
13446429,
13157664,
12939977,
13696787,
13425798,
13205278,
13888362,
13726622,
13436200,
13194636,
12922940,
13663299,
13402574,
13164011,
13916057,
14669822,
12276084,
14028469,
13788726,
13560316,
12199160,
13000125,
12795791,
12487898,
12225705,
11999445,
11714554,
12550338,
11359982,
13064923,
12788927,
12503634,
12307497,
12028812,
12830665,
12500027,
11191365,
12106748,
12981336,
13765816,
13422477,
13327845,
14189988,
13806235,
13537145,
16761272,
18961071,
13849523,
13510937,
13264554,
12925629,
13707979,
13443904,
13221272,
12933534,
13645776,
13448870,
13220204,
12983389,
14067065,
13602690,
13436085,
13177483,
13046237,
13735975,
13838855,
13277144,
13000310,
14788654,
13553274,
15289928,
13033844,
13697222,
13586632,
13316506,
12994336,
13814651,
13526851,
13302929,
13029783,
13850671,
13520964,
13306659,
13114439,
13830568,
13569073,
13283465,
13038695,
13846377,
13633086,
13298989,
13016382,
13802785,
13631106,
13304252,
13049141,
13823228,
13553741,
13308513,
13112095,
13832245,
13605560,
13321807,
13101148,
13857886,
13631449,
13362700,
13057306,
13865138,
13621542,
13321418,
13070795,
13893856,
13649235,
13376816,
13087983,
13851161,
13680715,
13360955,
13091351,
13797858,
13551857,
13235563,
13055009,
13795747,
13496655,
13202326,
12936726,
13816509,
13499987,
13137822,
12995937,
13744521,
13516829,
13212065,
13019228,
13724002,
13487599,
13235964,
12983031,
13757370,
13486659,
13060875,
12815854,
13541660,
14356769,
15765315,
13012978,
13033645,
13699536,
13515027,
13273731,
13061678,
13842137,
13549801,
13295557,
13131236,
12960970,
14808330,
13598499,
13262514,
13093016,
13797397,
13652087,
13409809,
13101302,
13834408,
13632508,
15389464,
13064511,
13881594,
13609355,
13334334,
13138928,
13918276,
13658057,
13389841,
13149657,
13941881,
14682447,
17421926,
14099921,
13925168,
13683768,
13389938,
13158349,
12787842,
13691827,
13435230,
13203401,
13869347,
13657817,
13354748,
13223992,
12957052,
13704486,
13472735,
14170344,
13964290,
13732149,
13464833,
13263707,
12889477,
13738149,
13459050,
13220082,
12936534,
13682338,
13519312,
13227076,
12937256,
13762105,
13468242,
13281451,
13007746,
13730475,
13519712,
14288984,
13995017,
13796080,
13469987,
13247587,
12973181,
13790083,
13462498,
13269201,
12929619,
13675336,
14448810,
13275323,
12860267,
13675828,
13387848,
13248560,
13960689,
13637393,
13415169,
13192914,
13955199,
13686183,
13409861,
14157730,
13924993,
13636533,
14363273,
14138332,
13859184,
13685445,
13425700,
14127712,
13583727,
13339494,
14131982,
14975184,
13673094,
13442912,
13232891,
14012320,
13739172,
13600254,
13289745,
13060570,
13749038,
13590114,
13255050,
13023976,
13810373,
13511319,
13287780,
13055339,
14782570,
13558221,
13265929,
13047639,
13746734,
13563406,
13187017,
13022609,
13731930,
13578845,
13304927,
13096238,
14797071,
13577775,
15309249,
13072960,
13796093,
13540643,
13320618,
14123363,
13838572,
12605312,
13302398,
11017891,
11827326,
11591136,
11408289,
10968278,
11856483,
11654298,
11267411,
11162931,
10832396,
11784671,
11441682,
12186658,
11937455,
11616200,
11307848,
11111127,
12029800,
12788490,
11392705,
11090369,
10963139,
11509755,
11427797,
11110214,
11940865,
11708756,
11418526,
11085769,
11923639,
11682405,
11417284,
12276587,
10885237,
11747139,
12533042,
11358488,
10893577,
12777188,
12532919,
12300345,
12024487,
12809961,
12503816,
12267259,
11962898,
12797674,
12408758,
12170262,
12001489,
12769653,
12532589,
12193748,
12001889,
12763220,
12500369,
12360407,
10945003,
11805401,
11573866,
12332186,
12089095,
12848020,
11568026,
11288562,
12112381,
12869234,
11672786,
12398971,
11280476,
11883087,
11683020,
12491272,
13264889,
10882113,
12721964,
11569880,
11404054,
11009126,
10804083,
11618724,
11386128,
11084437,
11921041,
12647548,
12443178,
11095998,
11909390,
11674423,
11394630,
11060463,
10858537,
11626869,
11344911,
11090344,
10879231,
11733087,
11414071,
11379014,
10841151,
11649710,
11450964,
11087556,
11879205,
11692617,
12430716,
11101655,
11882141,
11663724,
11331491,
13204585,
12949733,
12732111,
14485715,
13190492,
12941196,
12758313,
13460811,
12201774,
11970915,
12797536,
11343991,
12221718,
10921835,
12780962,
11524441,
11413641,
12034261,
11774869,
13557508,
11404934,
12169439,
11890063,
13668971,
13418486,
12180093,
11936163,
11702384,
12463899,
11309776,
11983377,
13695350,
11363724,
13241433,
10754486,
14760294,
13557139,
13296109,
12055565,
11853171,
12638393,
13407854,
10998182,
11858646,
11640723,
11363924,
12173514,
11897612,
12678839,
11357960,
13169678,
11942063,
11645635,
11376292,
11048709,
10988601,
11665689,
11443541,
11282888,
10931291,
12750152,
13534308,
11303959,
10951870,
10760837,
11610160,
11345846,
10984060,
10818282,
11593121,
11407494,
12201219,
10854072,
11586645,
11449017,
11392362,
12036769,
11761817,
11568418,
11335564,
10987478,
12803146,
12574380,
12289066,
10964719,
12809571,
13602414,
13313741,
12033301,
12849562,
13627434,
13346581,
12156021,
12858544,
12637920,
12427674,
12151538,
12894955,
12667738,
12355059,
13932193,
12591990,
12351764,
10967837,
11863717,
11645923,
12374108,
12100456,
11820093,
12644429,
13471060,
13108132,
11882706,
12695450,
12399061,
12182811,
12979970,
13772461,
13559292,
12194293,
12033789,
12789146,
13565126,
13302102,
12022279,
13829520,
13536781,
12254866,
12047818,
11768694,
12541441,
13256705,
13065192,
12822465,
13548391,
13300535,
13038522,
13833198,
13515672,
14301822,
13090431,
13855191,
12525612,
13329647,
13082124,
13841492,
13600781,
13371512,
13123236,
13872307,
13605598,
13381169,
13169138,
13894616,
13651640,
13394296,
13171773,
13945030,
13691467,
13451331,
13234241,
13009804,
13722478,
13582580,
13306649,
13097456,
13762390,
14570074,
13328202,
13073045,
13870435,
13606340,
13361005,
13154106,
12975651,
13728250,
13528604,
13315485,
13129208,
13885089,
13692197,
13388128,
13151235,
13904917,
13674004,
13428595,
13193594,
13935486,
13677306,
13438462,
13229111,
13960248,
13671234,
13397030,
14168800,
13930198,
13707546,
13457799,
13218497,
13884589,
13724602,
13470785,
13208623,
13935291,
13714205,
13438617,
13222242,
13969231,
13751146,
13469830,
13224504,
13992999,
13752216,
13532511,
13282908,
13050029,
13847139,
14602722,
13367754,
13139145,
13904328,
13620814,
13389895,
13069229,
13887506,
13666311,
13438312,
13104545,
13918904,
13644348,
13466120,
13210190,
13949115,
13683068,
13460041,
13259767,
14038986,
13732367,
15581178,
13661574,
13083924,
13881254,
13693472,
13446069,
13196738,
13902190,
13672361,
14408248,
13133118,
13959236,
13684223,
13432045,
13147365,
13956024,
13684572,
13485069,
13212320,
13964743,
13716193,
13417943,
13261067,
12998892,
13738864,
13512387,
13245015,
13059988,
13827617,
13537555,
13354093,
13097123,
13831495,
13627686,
13423536,
13139318,
12924687,
13753126,
13490989,
13208945,
13019366,
13686140,
13563054,
13317255,
13044726,
13741209,
13522779,
13306449,
13051852,
13869685,
13592476,
13316400,
13136065,
13850468,
13637361,
13367582,
13108830,
13870172,
13646873,
13319618,
13166326,
12998728,
13772237,
13557074,
13299709,
12984741,
13770809,
13570903,
13310995,
12986428,
13760758,
13533803,
13276163,
13021488,
13762510,
13535195,
14271013,
13026050,
13839190,
13555331,
13275296,
13006312,
13861578,
13581355,
13300155,
13065520,
13846442,
13627781,
13337741,
13044497,
13816763,
13609443,
13414114,
13105512,
13842264,
13689517,
13493460,
13203938,
12965717,
14717706,
13396818,
13209140,
13028096,
13785641,
13531753,
13287733,
13039563,
13816734,
13507382,
13326967,
13112542,
13920801,
13581992,
13352926,
14102066,
13916391,
13152719,
13064254,
13799275,
13520364,
13201352,
13260930,
12848438,
13765772,
13357793,
13297674,
13059989,
13833770,
13548334,
14356777,
13147407,
13879889,
13658040,
13360585,
13154422,
13957477,
13682513,
13450664,
13214730,
13008882,
13792718,
13516504,
13317338,
13070557,
13873104,
13634519,
13380839,
13234481,
12980381,
13744446,
13441222,
13182074,
12969655,
13735742,
13411279,
13251623,
12923502,
13745053,
13442765,
13183406,
13131427,
12874974,
13773888,
13559412,
13230421,
12902668,
13706789,
13529351,
13292492,
12985578,
13796615,
13565508,
13321583,
13071967,
13830933,
13568198,
13316615,
13062073,
13857638,
13591579,
13324254,
13109638,
13848469,
13628411,
13356247,
13126483,
12866262,
13629182,
13367445,
13065921,
13917917,
13627049,
13417819,
13136210,
13927644,
13667704,
13431022,
13171576,
12980521,
13694544,
13468905,
13146897,
13035120,
13810507,
13552984,
13292428,
13024823,
13849014,
13599589,
13331701,
13087923,
13840759,
15673254,
14343167,
15125691,
14218873,
13562486,
13437747,
13162286,
13908572,
13647043,
13394665,
13215813,
12925905,
13659487,
13401185,
13206380,
12960275,
13704919,
13468762,
13245108,
12942723,
13736179,
13500063,
13269381,
12985044,
13762668,
13530445,
13280846,
13040567,
13789503,
13498850,
13295502,
13075835,
13754120,
13576810,
13305689,
13119762,
13868760,
13626039,
13343516,
13040535,
13890398,
13578025,
13388853,
13139718,
12862879,
13614443,
13369182,
13135060,
13788178,
13580388,
13289325,
13105471,
13827000,
14619711,
13370709,
13104208,
13827593,
13564956,
13290650,
13129616,
13872665,
13628764,
13435953,
13151667,
13885339,
13633434,
13469435,
13216362,
26067262,
20861358,
15678594,
14169909,
12981093,
13743457,
13491876,
13265300,
12953906,
13740661,
13502547,
13258205,
12991150,
13735334,
13524509,
13282663,
13038797,
13794415,
13556886,
13279435,
13056865,
13821466,
13549649,
13275193,
13017946,
13765194,
13521849,
13256534,
13029633,
13769214,
13543829,
13285612,
13082094,
13815972,
13564746,
13320761,
13076167,
13759055,
13552637,
13319258,
13133231,
13881716,
13610355,
13349481,
13105565,
13905905,
13697974,
13442324,
13198771,
12949821,
13679383,
13433597,
13228731,
13956374,
13737517,
13441827,
13208053,
13018973,
13765362,
13475497,
13251705,
13020761,
13743356,
13501840,
13251478,
13018583,
13814828,
13508697,
14281232,
12991582,
13799950,
13545070,
13265754,
13136577,
13934718,
13630444,
13450699,
13188584,
12967792,
13704381,
13421355,
13208763,
12953120,
13734054,
13368337,
13245173,
12907307,
13742276,
13463998,
13836237,
13673116,
14391152,
13100178,
13911527,
13673231,
13360917,
13120952,
12928649,
13688970,
13433890,
13239701,
12944979,
13722007,
13475812,
13213348,
13986564,
13718878,
13461632,
13244318,
13993324,
13752661,
13524157,
13209562,
14034763,
13734079,
13455058,
13178450,
13993732,
13698742,
13460838,
13197986,
12952823,
12682741,
12382859,
12189855,
12873973,
12718656,
12453477,
27394777,
22205349,
17004217,
13414449,
13257434,
11909505,
12751649,
12487040,
12254561,
13012851,
12896329,
12504284,
13264226,
13084752,
14873995,
12551070,
13339741,
12089420,
14905326,
14630178,
14378263,
10979513,
17941678,
19678091,
16276705,
12970307,
10735416,
11576220,
11282198,
11335459,
10853822,
11634594,
11317941,
12183916,
11996024,
12780305,
12500861,
13188302,
11982257,
12726751,
13538636,
12281617,
12011768,
12703255,
13540562,
12277032,
12013125,
13786956,
12533177,
13311231,
11886868,
12804261,
13722238,
20574535,
15418376,
12911098,
11695429,
13503700,
13315841,
13070893,
13787801,
13545902,
13366722,
13038557,
13770994,
13556891,
13198261,
13000465,
13781783,
13440227,
13297907,
12985033,
13784326,
13443291,
13263142,
12916041,
13762758,
13484732,
13204553,
12969742,
13767469,
13505602,
13275736,
13022738,
13887219,
13621779,
12235445,
13042794,
13833157,
12509844,
13301709,
12967999,
12845735,
12487498,
14327871,
13118042,
13804947,
13550619,
13389126,
13093951,
10808000,
12678655,
12386850,
13169130,
12945973,
12642394,
14323944,
13143372,
13912054,
13710004,
11354048,
12131679,
11955496,
12655561,
12424559,
13241703,
11958949,
11674963,
11330109,
12251879,
10850795,
11747931,
13456623,
11281277,
10847618,
11793650,
11422370,
11330632,
10923910,
11769725,
11402815,
11369571,
10850147,
11661593,
11386528,
11356325,
10928420,
11773754,
11453553,
11369717,
10963069,
12816523,
11367699,
11312215,
10924732,
11803634,
11406389,
11325019,
10919155,
11792945,
11491068,
11339139,
10967584,
11797670,
11592099,
11389630,
11031953,
11784425,
11438374,
11376646,
10952930,
11789888,
11548410,
11337281,
10984433,
11800789,
11386805,
11366879,
11243646,
11843389,
11528911,
11402360,
10950456,
11769407,
11334894,
11404177,
10943706,
11724885,
11419032,
11258002,
11919871,
10762929,
11521706,
11083695,
11077524,
11813089,
11608948,
11166208,
11103832,
11773306,
11507299,
11215383,
11185027,
12839543,
11604066,
12356271,
12075121,
10787929,
11608093,
11287262,
11112606,
11842525,
11578635,
11274541,
11209533,
11816577,
11595394,
11213402,
11143852,
11819538,
11560404,
11265079,
11035582,
11880092,
11542760,
10978906,
11772584,
11512776,
11204100,
10964752,
11752025,
11544317,
11180277,
10949993,
10759293,
11507079,
12306813,
11164376,
12745783,
11489546,
11220479,
10994363,
10727121,
11500485,
11196664,
10920213,
11642635,
11505757,
11211793,
10969084,
11677321,
11479354,
11180980,
10911115,
11662329,
11345334,
11200023,
11232826,
11680378,
11458628,
11203113,
10888775,
11603116,
11343763,
11271661,
11895583,
11573836,
11235016,
11159281,
11855761,
11575982,
11426300,
11183129,
11832990,
11568020,
11201813,
11204353,
10765113,
10647519,
11348211,
11225644,
10874705,
11587074,
11429382,
11245700,
10871744,
11616205,
11509905,
11243302,
10877580,
11666087,
11401862,
11230201,
11881709,
11645398,
11382318,
11184457,
10842806,
11655577,
11463031,
11143660,
10899259,
12616111,
12445042,
11177182,
10917306,
11609485,
11500250,
12192566,
10951698,
11643500,
11594534,
11237123,
10859393,
11731679,
11469669,
11237191,
10847195,
11607047,
11477059,
11221634,
11923411,
11648752,
11381546,
11208220,
11848011,
11644681,
11362814,
11210902,
11888131,
11632108,
11345601,
11214693,
10898904,
11680320,
11366160,
11248210,
11864795,
12622693,
11247635,
11222302,
11835552,
11620094,
12321749,
11120163,
11897073,
11451458,
11345916,
11164003,
11859786,
11658667,
11370627,
11182087,
10818369,
11561351,
11360830,
11203808,
10930015,
11596399,
11552834,
11203303,
10938894,
11616347,
11377134,
11233141,
10868371,
11600036,
11165136,
11197028,
10890324,
11610055,
11451507,
11167180,
10869241,
11675623,
11405761,
11233088,
10882143,
11606121,
11439525,
11179855,
10922055,
11614830,
12448217,
11197227,
10887222,
11613482,
11466126,
12198410,
12000741,
11702649,
12517170,
13263374,
12982546,
12756049,
13554599,
13293272,
12002223,
12804508,
13516640,
13286680,
12036896,
12784245,
13498418,
13334567,
12981798,
13779594,
13504228,
13272399,
12024751,
12716817,
13505550,
13236968,
12896755,
13779289,
13472750,
13246100,
12906074,
13746076,
14444429,
13168001,
12287344,
13614750,
13435925,
13134818,
12905856,
13633424,
13386988,
12042018,
12903289,
13660529,
13405102,
13090139,
12859864,
12632545,
13356760,
13132696,
12799686,
13545042,
13354298,
12109506,
13836365,
13591579,
13296214,
13048111,
11799513,
13525611,
13286975,
13051956,
11792896,
13549902,
13278396,
12915018,
12732378,
13506934,
13197501,
12966567,
12762749,
13470865,
13209340,
13002685,
12756389,
12463253,
13155800,
13956584,
12825465,
13594864,
13188342,
13084175,
12890312,
13599862,
13292004,
13119404,
12885821,
12559763,
13347261,
13207771,
13006349,
13452291,
13171456,
12953428,
13639863,
13414904,
13155129,
12856647,
13664584,
13395450,
13191836,
12883845,
13617115,
13454941,
13179728,
13933395,
13675463,
13493574,
13199499,
12914848,
13689800,
13438939,
13207600,
12971567,
13683635,
13459571,
13220964,
12786881,
12693298,
13524326,
13246910,
12921970,
13814566,
13546078,
13344424,
13028798,
13785133,
13575760,
13316293,
13037860,
12766871,
13502623,
13287297,
13010859,
13773474,
13546432,
13024125,
13025790,
12797113,
13571885,
13281303,
13040954,
13788238,
13503131,
13333920,
13007154,
13784204,
13553217,
13351385,
12965042,
12788012,
13535168,
13289120,
12989175,
13813434,
13471390,
13253985,
13022131,
13796788,
13477912,
13256742,
13037188,
12835211,
13536711,
13343408,
13023336,
13829043,
13567401,
13300722,
13029045,
12817543,
13503546,
13321596,
13136023,
13904595,
13596201,
13367584,
13101080,
12807735,
13552082,
13272711,
13000950,
13809286,
13528486,
13270121,
13090364,
12742145,
13527306,
13232794,
13051261,
13744099,
13453879,
13207168,
13008457,
13755702,
13526362,
13259702,
12982141,
13685135,
13484881,
13199831,
12889863,
13572505,
13407044,
13155829,
12897224,
13642350,
13369759,
13027061,
12848863,
13624857,
13284821,
13027400,
13665854,
13596511,
13314029,
13018556,
12842986,
13520969,
13234944,
12959393,
13618940,
13450359,
13191559,
12928992,
13703316,
13453359,
13236107,
12892907,
13764280,
13516592,
13138200,
12932907,
13682808,
13463365,
13155616,
12906729,
13640226,
13403720,
13160738,
12906213,
14670585,
13412649,
13157757,
12958690,
12700045,
13490213,
13195399,
12910383,
13702438,
13435832,
13113282,
12961540,
13635844,
13451204,
13076640,
12930712,
13709426,
13441501,
13206583,
12959340,
13691904,
13459283,
13151869,
12945954,
13702033,
13399695,
13143750,
12936674,
13699427,
13430293,
13103740,
12920530,
12661778,
13424600,
13190304,
12882310,
12731851,
13450136,
13205266,
12997312,
13716768,
13491003,
13197024,
12982256,
13716525,
13394290,
13166718,
12941724,
13736909,
13467898,
13125334,
12959845,
12705723,
13451859,
14197472,
12950928,
13580917,
13522781,
13217732,
12947623,
13727102,
13509534,
13281145,
13003747,
13743371,
13481646,
13186782,
12993043,
13765193,
13561744,
13255302,
13022651,
13786546,
13541662,
13273608,
12978024,
12740008,
14522233,
13314270,
13005482,
13771344,
13530543,
13247993,
13021373,
13728144,
13338484,
13268328,
12910078,
14774513,
13536771,
13219739,
13028828,
13729813,
13530056,
13296982,
12956530,
12779345,
13575300,
13257287,
13065600,
12709090,
13547672,
13275424,
13713253,
13484084,
13245668,
13041247,
14756061,
12589660,
13263747,
12999422,
12770345,
12537392,
12265992,
11995338,
11727605,
12516558,
12250236,
12000129,
12784542,
12501389,
12249514,
12026774,
10807268,
12535849,
12277452,
12084118,
11806114,
11543460,
11228669,
12035901,
10847788,
11575613,
11213273,
11041570,
10781577,
13617490,
12323156,
11143667,
11858161,
11540087,
12306089,
11175738,
11832215,
13634916,
11150684,
13048482,
11766787,
12527334,
12370556,
11153879,
12799531,
13628987,
11218867,
13097978,
11831725,
13617609,
11174130,
11202439,
13844939,
12571816,
12370745,
12102239,
12839808,
11531001,
12353671,
13118055,
11825115,
13582522,
12291111,
11160006,
13858704,
12574449,
12325198,
13124551,
10817465,
12577041,
12353431,
12127204,
10809700,
12592348,
12394143,
12142971,
11788291,
12606097,
13308411,
13101985,
11794595,
12583513,
12331440,
13071445,
12789042,
13584517,
12275060,
13052869,
12757711,
13573490,
12381912,
11225582,
10726734,
11583609,
13444999,
13167471,
11861466,
12624526,
12392059,
13134663,
12864971,
12602792,
11201128,
13039342,
12849573,
13597671,
13345356,
12086562,
12830887,
12598367,
11164583,
15080772,
12837258,
13564173,
13351418,
11001954,
12827189,
11544745,
11204573,
12053645,
10818354,
11516666,
11229976,
11146199,
12846428,
12612308,
11174800,
11162597,
10803413,
11612769,
11372039,
11196946,
11887411,
11690677,
11236556,
11147822,
10855852,
10569221,
11439557,
11204376,
11880616,
11585052,
11347981,
11205798,
10901303,
11637104,
11358805,
12124490,
10823472,
11598001,
11399579,
11212244,
10862101,
11660100,
11337071,
11214939,
11873332,
11550934,
11247002,
11219542,
10863832,
11598791,
11372591,
11177475,
11861410,
11598614,
11415223,
11176685,
12879036,
12693178,
12334480,
12163887,
10868403,
12610639,
12423267,
11217460,
12195262,
12633227,
12412245,
11222207,
10888522,
12731386,
12441561,
11192508,
11954632,
12723987,
12441626,
12194977,
11896766,
12685274,
12432346,
12197522,
10897984,
11615969,
12409960,
12170521,
11961309,
12680859,
12449568,
12185445,
11906688,
12670600,
12399286,
21153314,
18918911,
13747105,
12402573,
12144941,
11878271,
12728101,
12406091,
12156750,
11913567,
12707140,
22501387,
17311459,
13862205,
11654927,
12390346,
12180324,
11896813,
12713149,
12362663,
12167692,
11924126,
12693261,
12395731,
12117506,
11903110,
12675924,
12346454,
12096452,
11921779,
12705987,
12383927,
12146088,
11869852,
12703683,
12401540,
13185632,
11873944,
13658685,
13377888,
12092549,
11858256,
13628786,
13368772,
13160867,
12875151,
13666677,
13068675,
12820417,
13546904,
13298590,
13039272,
13759437,
13538633,
13300787,
12992361,
13746204,
13522674,
13267261,
12968552,
13708831,
13489368,
13238724,
12939076,
13714489,
13503237,
13310111,
13978852,
13781516,
13459575,
13082954,
12985118,
13759252,
13477231,
13257292,
13161290,
12988238,
13766224,
13519427,
13212510,
12984633,
13752038,
13497168,
13240703,
13010794,
13737779,
13492668,
13256979,
13012261,
13740874,
13557496,
13261077,
13004047,
13800787,
13518019,
13260777,
12967977,
13824668,
13452181,
13209305,
12949905,
13737939,
13470193,
13222939,
12958915,
13725318,
13435563,
13178835,
12927345,
13706384,
13455761,
13153991,
12942911,
13700397,
13497430,
13222235,
12949458,
13701016,
13478702,
13206597,
13022223,
13705309,
13469677,
13247735,
13278313,
13742579,
13514859,
13230577,
13037810,
13841892,
13511810,
13257852,
13015416,
13751548,
13516974,
13248919,
13077110,
13661693,
13504015,
13218118,
13072192,
13772669,
13478657,
13275683,
13029260,
13809981,
13518892,
13263499,
12958862,
13802432,
13495176,
13251717,
13974953,
13837324,
13490501,
13270971,
12982699,
13700821,
13528379,
13321335,
13020774,
13764962,
13527784,
13249845,
13040134,
13738506,
13598156,
13226920,
13006180,
13740233,
13506603,
13147802,
13042227,
13708253,
13452099,
13218396,
12990552,
13799974,
13540645,
13400912,
13177067,
13021713,
13742224,
13576340,
13289010,
13031920,
13803602,
13517609,
13305437,
12872003,
13728367,
13548582,
13210807,
13027067,
13746251,
13466797,
13200306,
12923845,
13747471,
13489764,
13269066,
12958638,
13712749,
13472797,
13307641,
12971392,
13811177,
13473110,
13240578,
12996827,
13742471,
13558669,
13208090,
13002937,
13752253,
13474007,
13174773,
12984580,
13713323,
13435370,
13205023,
12982676,
13713365,
13493263,
13268324,
13029788,
13708391,
13408797,
13238206,
12995598,
13768696,
13528311,
13211105,
13019556,
13728623,
13528098,
13265691,
13043616,
12722166,
13534605,
13251068,
13042402,
13705734,
13567110,
13308851,
13116137,
12782572,
13518364,
13299686,
13022568,
12790209,
13477574,
13280278,
13012296,
13774044,
13531503,
13287317,
13050476,
12756926,
13524252,
13341661,
13026620,
13097101,
13507470,
13294677,
13015307,
12767803,
13595386,
13293562,
13035063,
12797126,
13572783,
14327239,
13072602,
12816987,
13626907,
13399434,
13105266,
12912493,
13679754,
13476249,
13192364,
13031185,
12788789,
13553497,
13273156,
13046317,
12733512,
13632743,
13329869,
12914798,
12752999,
13607595,
13365140,
13092523,
12877546,
13714958,
13409035,
13124729,
13971623,
13370532,
13079882,
12878540,
13617772,
13384216,
13043572,
12781115,
13630481,
13378826,
13113480,
12862347,
13702867,
13386276,
13124426,
12906194,
13715073,
13428520,
13220622,
13018506,
13724910,
13464867,
13225319,
12975284,
13554967,
13446334,
13185267,
12969897,
13679163,
13458426,
13143524,
12979718,
12671515,
13424988,
13197391,
12953388,
13737362,
13478452,
13178478,
12987663,
13756675,
13493816,
13251307,
13017658,
12782720,
13599911,
13288682,
13119412,
12826989,
13606003,
13331932,
13129441,
12876502,
13612517,
13364167,
13115922,
13861983,
13562343,
13317928,
13090543,
12799539,
13552064,
14299896,
13076887,
12813467,
13583812,
13305228,
14098557,
12838774,
13581678,
13322720,
13093419,
12831852,
14584088,
13667627,
13090189,
12831209,
13582977,
13362265,
13149757,
12865832,
13619695,
13366982,
14146194,
12867021,
13583615,
13390768,
13188819,
12867223,
13640009,
13431978,
13186909,
12921055,
13669018,
13473407,
13268328,
12983869,
13685340,
13511474,
13290320,
12986753,
13739489,
13497355,
14247374,
12952773,
13738575,
13528409,
13202498,
14989615,
13801673,
13511119,
13268717,
12974706,
14782230,
13555916,
13277832,
12990418,
13794360,
13480089,
13263769,
14001818,
13763208,
14496672,
14236190,
12978126,
13741827,
13508232,
13257169,
14027277,
13799213,
13562514,
13319315,
13086344,
13837165,
13627204,
13318257,
13128971,
12873463,
13575935,
13373492,
13041834,
12880498,
13636451,
13318440,
13126344,
12924787,
13683651,
13476104,
13159444,
12972192,
13730392,
13454531,
14225606,
12951433,
13691737,
13440877,
13174343,
12954291,
13665504,
13440372,
13147320,
12938432,
13658897,
13399680,
13139455,
12927702,
13675735,
13380244,
13157391,
12939074,
13610356,
13398452,
13139795,
12861124,
13680722,
13404395,
13188645,
12990898,
12728704,
13510064,
13317155,
13032950,
12805251,
13491036,
13349176,
13049149,
12806343,
13564951,
13280835,
12888043,
12666657,
13411839,
13159514,
12878194,
12804138,
13649698,
13378944,
13120121,
12829476,
13663399,
13392025,
13213518,
12874756,
13710099,
13375429,
13151182,
13840492,
13647308,
13304792,
13224884,
13283379,
13747990,
13451069,
13203726,
12971594,
13739754,
13446812,
13206431,
12953098,
13739349,
13464070,
13156426,
12930507,
13722827,
13450094,
13208621,
12955083,
12780720,
13424273,
13251770,
13018546,
14782248,
13525854,
13258117,
12988938,
12779902,
13544258,
13292027,
13031663,
12820285,
13559412,
13341326,
13024913,
12846650,
13597856,
14350624,
13100890,
12921408,
13665431,
13403444,
13181602,
12943437,
13692045,
13446536,
13202363,
13695797,
13383966,
13144115,
12903804,
13664419,
13352672,
13142107,
12932200,
13597341,
13333979,
13160621,
12880712,
12634312,
12362248,
12160210,
11884209,
14693561,
13367652,
13163973,
12942726,
13641254,
12384387,
12180246,
11885124,
12698677,
12346977,
12149988,
11953324,
11667231,
12460912,
12184505,
11914317,
11648530,
13443659,
13272409,
12940794,
12710967,
13384391,
13239858,
11928324,
11674196,
11540620,
13250043,
12985738,
12713654,
12483320,
12206521,
11958904,
12725751,
12423019,
12168204,
11894704,
12733111,
12468278,
12213934,
11968309,
12715729,
12432938,
12171794,
11860403,
13681855,
12416449,
12162325,
11847684,
13676578,
12413307,
12174442,
11870683,
12723521,
12454625,
13234946,
11928586,
13054193,
12436548,
12216786,
11995307,
11764884,
12539541,
12298718,
12043618,
11824433,
12591318,
12363236,
12014811,
11810869,
12598770,
12344807,
12102936,
11845279,
12702883,
12406595,
12099869,
11900871,
12668652,
12469281,
12117988,
11894871,
12708275,
12393191,
12175264,
12923925,
12687424,
12458425,
13191622,
11880606,
12708860,
12435153,
12146078,
11927848,
12665935,
13421738,
13216775,
11906487,
12650901,
12424211,
12132137,
11927483,
11642406,
12408828,
12145486,
11898753,
11563806,
12409258,
12189835,
11899848,
13647865,
12395024,
12227233,
11886914,
12663898,
12431756,
12144119,
11912855,
12623113,
12382910,
12143568,
11883109,
12660486,
12401199,
12172827,
11910000,
11645498,
12428044,
12179494,
11980735,
12734578,
12506429,
12245174,
11999239,
13060159,
12488882,
13243851,
12030334,
11713715,
12557755,
12261352,
12025521,
11768216,
12583814,
12362084,
11040955,
11787760,
12655605,
12331083,
12073706,
11774889,
12685443,
12401846,
12096247,
11879129,
12715412,
12382692,
12201404,
10875690,
11675260,
12484000,
11200283,
11914549,
11725185,
12494905,
12193348,
11938515,
11768527,
12486335,
12248311,
11033977,
11733729,
12558815,
12265537,
11099533,
12847798,
12593415,
12321381,
11159301,
11822768,
12647847,
12402491,
12087403,
10810801,
12626395,
11207985,
11148059,
10903631,
11642837,
11447234,
11166288,
10885380,
11703714,
12465282,
11176577,
11993506,
11634141,
12409441,
12215544,
10877272,
10743645,
11493488,
11165921,
10892182,
11617882,
11463131,
11188204,
10926532,
12699483,
11555959,
11180582,
10966724,
11725362,
12427099,
12167931,
10888085,
11697664,
12519972,
12208967,
10907994,
11649588,
11477152,
12241217,
12000531,
12791399,
12581831,
12304957,
13091998,
11815026,
12611879,
12412565,
12130755,
11860026,
12641699,
12371845,
13165289,
11863375,
12670402,
12376453,
12213476,
11888039,
12711527,
13412084,
13146579,
11849894,
13696719,
12336453,
12059202,
11843289,
12607042,
12309475,
13114192,
11776233,
12701690,
12325813,
13130356,
11890609,
11681563,
12418269,
12179449,
11879079,
12728501,
12449868,
12181725,
11909915,
12794082,
12278540,
12073068,
12966355,
11746696,
12546999,
12255846,
13063890,
11773344,
12608729,
12362754,
12033347,
11818395,
13605147,
12355759,
12040905,
11801007,
12666748,
12358724,
13134963,
12920765,
12643942,
12348922,
12104441,
11957304,
12657068,
12390594,
12123883,
12967362,
12674260,
12417467,
12178756,
11931243,
12680949,
12396161,
13190389,
12967294,
12575683,
13113620,
11816726,
12615156,
12345125,
13088132,
13818301,
11558734,
12284932,
13067470,
11816025,
13533243,
12313202,
13046607,
11761105,
13583737,
13391660,
13091245,
12882517,
13632672,
13402577,
13100855,
12875528,
13572188,
13366522,
13074632,
13897283,
13638713,
13378974,
13140909,
12889482,
14629995,
13381783,
13147586,
12860529,
13647978,
13381969,
13256734,
12866976,
14708025,
13429528,
13108258,
12909383,
13648120,
13509547,
13153927,
12905701,
14706420,
13490894,
13248800,
12939012,
14754976,
13495833,
14268975,
12864007,
13727268,
13442252,
14202782,
12959209,
13772697,
13544475,
14249614,
13052649,
13758785,
13475765,
14309827,
14057895,
12840908,
14565678,
14300968,
13040664,
13911814,
13623425,
13347451,
13102025,
13893733,
14608735,
13432368,
13135708,
13896246,
13582975,
14308105,
14156201,
12855967,
14617891,
13397452,
14167490,
13961049,
13672829,
14423507,
13178510,
13985297,
13659785,
13442874,
14153364,
13960683,
13641156,
14489402,
13521512,
12925350,
14632845,
13433397,
14159948,
12916453,
13726494,
14466954,
14235022,
13001665,
14693966,
14529752,
14283476,
13979227,
14743470,
14620519,
14292806,
14097492,
13808789,
14627273,
14398021,
13139405,
13736459,
14492139,
14272002,
14157051,
