36755755
40978773
43339446
40948426
35940046
40919307
43289275
40915795
35899213
40904186
43270610
40922120
35916170
40916266
43255087
40901651
35901877
40888920
43256816
40931834
36647776
40908155
44260254
40914746
43249386
40911681
35905311
40903124
43208120
40900888
45904716
40895111
43217822
40881084
43214457
40873554
43176915
40860015
44156917
40849037
35851486
40854221
35848717
40851684
44118812
40871539
44150947
40847584
44119040
40833030
43148048
40832728
44121191
40829121
43163616
40848690
43155202
40839530
44122748
40838735
35829647
40843688
43097520
40840483
35836678
40821408
35815264
40817383
43076766
40808978
36487936
40798692
35796312
40799540
35798028
40806656
35795870
40800266
35789713
40795138
36501090
40785350
43022180
40790184
43016251
40774760
43011063
40768146
35764731
40765718
35762897
40767209
43003348
40719745
35707677
40748744
42971437
40728047
42987699
40749033
35731873
40722652
35707597
40712258
35707654
40711807
35707005
40726936
35699830
40705644
35692692
40688044
35679021
40696652
42928046
40695446
35672381
40672175
42911694
40668236
36356236
40672371
42884153
40663588
35656719
40665177
35647777
40659783
35645597
40669081
36323141
40657513
35654068
40646014
35645156
40674135
35674666
40658919
35626099
40637033
35591234
40605279
35557049
40594722
42801907
40518305
42726162
40427392
42629874
40343139
35336652
40322874
35956184
40310402
42578802
40318891
42562019
40314419
35296096
40306913
35302304
40306173
35305621
40305049
35314131
40321394
35314552
40315461
35305660
40307494
35299296
40300102
35292337
40304104
35306927
40298028
35295531
40305600
35308003
40294200
35288522
40296192
35306727
40293373
35293420
40294923
35292123
40288897
35305239
40319815
35830166
40303175
35795613
40311662
35311264
40324301
35802709
40325276
35821479
40321170
35816121
40311102
35827756
40334596
35831193
40309108
35296589
40308827
35294502
40300349
35299898
40280818
35820522
40311079
35296881
40306044
35309186
40305149
42515308
40313030
35302573
40308359
42535140
40308827
35295493
40300316
35301780
40308907
35304640
40302080
35300479
40306466
35316213
40324335
35304341
40310615
35839657
40311734
35309936
40315986
35305813
40304383
35305568
40305046
35847441
40313034
35303204
40307616
35312787
40322122
35319740
40320790
43387398
40324334
35321229
40332412
35323857
40325268
42404755
40319207
35317104
40314661
35308211
40303775
35301827
40299907
35313515
40297782
35291308
40295553
35311401
40296039
35296649
40300797
35302239
40304004
35308308
40319194
35323672
40327077
35295977
40293063
35269459
40265078
35261102
40265013
35837722
40258876
35316978
40324101
45324767
40324102
35311238
40306811
42327334
40295979
43280406
40285324
42301968
40298938
42295841
40291340
35303835
40304546
42299827
40309314
35297672
40282218
35276932
40294591
45301733
41123124
45278731
41082738
45264143
47293745
35273499
40275660
35264187
40271901
45312140
41195906
53188962
40287249
45222745
40205443
45131672
47109146
45068947
47085667
45073364
47070035
45061034
47067728
45064211
47869993
45051674
47056041
45060986
47034427
45068509
47026266
45057965
47012159
45045553
47026306
45032311
47023059
45035941
47023670
45040069
46989179
45039241
46979403
45043482
47919620
45035193
47001574
45031678
47895444
45022889
46990196
45022497
40023341
45026446
47015957
45012872
47869027
45003551
47002438
45010574
47010165
45008352
46993898
45015987
40011377
44994019
46974683
44979861
46978286
44978981
47007200
44965565
46972705
44966090
46977664
44960721
46964191
44956697
46957656
44959151
46975300
44963483
46966061
44968356
46993183
44965980
46985213
44956677
46993516
44961620
46963535
44954157
46978858
44962006
46974696
44955767
46980526
44945638
46950672
44949836
46942395
44944069
46954806
44943246
46964215
44943245
46938417
44937629
47812610
44929071
46941996
44916234
46960471
44890036
46934626
44880867
47793289
44875974
46889388
44908441
47780780
44880976
46913921
44881959
46909471
44842283
46859356
44846688
47732382
44844099
46849892
44824361
46840968
44814641
46839643
44820103
47730285
44816131
46857846
44827568
46878627
44863260
46835022
44853407
46827885
44850091
46844323
44839548
46783448
44850641
46810513
44863173
46776194
44886129
39895242
44897296
46799594
44911258
46810142
44877326
46801150
44869261
46798395
44870676
46767663
44862161
46753574
44849249
46754940
44872172
39857166
44853154
46770305
44851334
46763774
44853030
47642645
44849185
46718261
44854798
47608482
44883001
46726338
44876975
46734886
44884885
46732031
44883536
46724277
44890803
46727300
44899340
47590917
44907143
46727913
44912213
46724347
44914419
46715078
44921970
46706444
44917630
46674211
44903392
46687593
44876581
46688990
44880775
46675991
44864681
46675849
44862590
46668406
44854769
46668636
44872082
46635531
44873136
46679051
44890940
39895131
44895951
46642066
44881104
46619277
44875729
46603947
44895770
39886817
44888689
46594320
44895945
46568873
44897170
46552576
44905667
46562839
44916439
46557835
44924474
46558729
44938252
46549651
44955789
46537317
44940594
46555451
44935558
46542659
44948753
46547980
44940290
46521125
44933406
46537265
44951056
46532232
44957533
46529239
44945405
46523653
44966171
46527149
44985054
46528184
44970796
46523359
44967163
46525167
44958805
47403215
44949053
47399331
44948527
46522459
44974513
47387172
44959981
46523329
44982008
46509816
44988308
46513358
44991621
46499584
44982532
46502488
44979066
47373008
44976313
46498001
44964103
39961153
44956218
46481699
44926251
46435772
44885340
46414088
44884697
46400675
44880011
46408002
44891420
46396940
44907356
39915384
44913671
39915260
44917735
46396795
44914286
46394940
44931968
40405341
44940462
46378575
44944244
46378800
44951704
39955896
44953789
39953760
44958528
47237460
44971280
39960624
44973004
46344303
44977013
40480561
44964274
47199756
44963752
39961959
44957689
39978795
44968068
39971586
44973698
39969781
44986063
39988128
44989686
39998530
45020331
46320491
45017816
40016043
45026362
40519045
45046134
46320394
45046071
46320791
45054319
46346701
45059615
46320369
45056578
40069543
45068633
46328685
45091765
46322950
45089226
40104449
45075247
40071236
45062150
40065233
45063230
46287682
45058924
46291563
45087479
40088663
45074181
40071301
45075285
40079854
45078047
40080462
45097727
46302037
45105763
40569981
45123761
46268085
45136015
46263687
45123055
46268542
45110439
46301815
45088852
46271233
45071371
46270065
45065621
46260162
45058792
46266202
45070945
46257613
45075846
47060961
45066396
46225637
45061154
46216725
45065450
46194593
45059428
46201375
45059955
46207727
45064202
46207619
45055179
46196738
45065460
47022752
45060337
46186683
45071334
46220284
45056504
46181036
45050967
46163274
45045137
46193353
45037387
46150401
45035725
46156357
45029327
46166020
45027589
46984886
45019750
46191594
45008160
46175334
45000718
46167868
44995541
46170919
44993331
46168738
44996474
46976868
44997692
46965937
44991981
46115996
44992250
39991204
44991246
46961697
44992002
46146319
44982878
46961439
44970085
46161428
44968588
46141837
44955114
46136341
44944700
46147211
44945567
46131224
44935051
46137300
44925441
39924171
44932643
46932743
44935398
46108689
44931235
46101070
44915215
46097045
44908991
46906622
44920101
46100449
44923147
46873854
44914825
46093841
44902492
46880730
44907721
46095544
44900935
46077115
44868236
46042116
44831122
46812598
44813731
45984617
44827151
45986496
44821807
45987096
44807593
46813973
44773837
45960131
44804145
46838531
44846258
45987264
44799680
45955102
44803133
46774729
44764961
45905183
44758755
40998250
44757489
45866167
44748590
45863462
44765611
45873424
44741205
45871884
44739567
45870315
44741383
45873126
44726290
45874075
44735846
45857764
44715981
46698083
44697028
45854339
44693924
45843318
44687412
45852260
44686759
45843461
44691173
45835786
44694953
45859673
44692082
45853849
44691253
45835743
44691506
45836196
44687169
40905445
44671154
40886920
44668554
40890505
44656188
40921779
44652754
40902639
44657486
45787129
44635426
40917059
44637594
45781476
44644339
40891478
44634112
40902328
44631463
40923321
44620270
40930958
44610418
40921929
44614730
40907549
44599932
40892568
44615588
40881576
44593184
40872112
44577296
40886560
44568696
40887818
44550262
40868126
44548308
40875045
44548016
40868554
44542652
39535736
44533723
40889858
44530137
40883104
44525135
40890365
44528104
40903373
44532005
40897135
44531350
40890471
44524360
40894832
44517581
40898424
44520579
40887213
44513146
40898591
44517152
40833582
44519699
40858817
44496017
40852874
44491669
40842630
44486065
40832156
44477760
40830082
44478940
40797194
44458428
40812883
44473961
40800660
44471198
40782133
44461694
40791598
44462876
40769626
44451977
40754354
44451976
40753508
44450331
40766219
44440578
39434889
44434949
40761045
44424865
40757071
44429378
40758286
44434382
40761935
44451158
45690091
44426719
40711535
44432401
40731559
44433341
40733352
44426511
40732134
44423868
39421540
44404064
40748527
44406202
40745579
44400249
40733388
44397586
40719438
