102846607
97664118
92617313
107617519
102572581
87577842
102558282
107478803
92487524
97448515
102489275
87527033
92476769
77488315
72495298
77525831
72622634
67556639
72565747
67561572
72496190
67578132
62436392
67418735
62387272
67338055
62369289
67414504
71495735
67319038
62287163
67248469
72220097
77209867
72178445
67135747
72109216
67086559
72044227
67062312
72014066
67021188
71957822
74978036
71819592
74858300
71774739
66799324
71758009
66726055
71689642
74687814
71653571
66640415
71608960
66604098
71583100
66604632
71534869
66547750
71509000
66519376
71459571
66463792
71415137
66389625
71360973
66407478
71319674
76347276
71333883
66301912
71260854
66262524
71227438
66185417
71173506
66151080
71151276
66169965
71120934
66106061
71068184
66053665
71005903
66003651
70923129
65971607
70957110
65961553
78278822
75940440
70879991
65821575
70802697
65737668
70741419
65730084
78037375
65717005
70673969
65659780
70615565
65603335
70569826
65542277
70523954
65504177
70469205
65461927
70395349
65407727
70364768
65331501
70301074
65359216
70298734
65289600
77436167
65277115
77377657
65265766
70222438
65152021
70136681
65113120
70073610
72593731
70041738
64998018
69971117
64958488
89151739
84113708
87396157
72357830
69837516
64805844
69766964
74728782
79741663
74710946
87181505
64729076
69676640
64644444
69611438
64616720
69591403
64552921
69545755
74513865
69602890
74546706
69521531
64463357
69367281
64334864
69312786
64309466
69303754
64266280
69223757
64180998
69177501
64130992
69104715
64088335
69073896
64022315
69023730
63997840
68970546
63952044
68950864
73917117
68891434
73859269
68897826
63870059
68821119
63868260
68895619
63896637
68911530
63919781
58862475
63847479
58792623
63766274
58726451
63712623
58687245
63654932
58610099
63586086
68541185
63508638
68577607
63454940
68411083
63405236
68347894
73314065
68281025
73294745
88304734
80203044
68240026
73195471
68165586
73117440
68106290
73077916
68034496
73056066
68000646
73010494
68054274
62939629
67903981
62872062
67844001
62826483
67826857
62828143
67773845
62736121
67714299
62691120
67669285
62681831
67633877
62600227
67550218
72545258
67582333
72552558
67540326
72505336
67438594
72506997
67374771
72385975
67421374
62315786
67339473
62259108
67191248
62140927
67132764
62135596
67144818
62114163
67072974
62053350
67003991
61963090
66958406
61944602
66954452
61918869
66905805
61882121
66884161
61845785
66819865
61795799
66763476
61711425
66717920
61697067
66672557
61647454
66616095
61582197
66573024
61553510
66526530
61505927
66487104
61477467
66420160
61403334
66371612
61320586
66310196
61284491
66255157
61211752
66214461
61186041
66195993
61146396
66126374
61095272
66111143
61076294
66094752
61080752
66029078
61009332
65972368
70058453
65916315
60891437
65855151
60832965
65805141
60794537
65742737
60731140
65665481
60630042
65607717
60588327
65545171
60510981
65466963
60448157
65446565
60405089
65378212
60351791
65359646
60342576
65284698
60247782
65196445
60201572
65167193
60122316
65089575
60064502
65033754
60003318
64980807
59987158
64942301
59917263
64872493
59818427
64720508
59651570
64617158
59576258
64555366
59546587
64482072
59470285
64429795
59417528
64399539
59356417
64319483
59279210
64248632
59228030
64210582
59173660
64162711
59131517
64093198
59094980
64058999
59026273
63982212
58933414
63908583
58911983
63869911
58850554
63796191
58757632
63736541
58724931
63688988
58661539
63610810
58599423
63597826
58552290
63514649
58488770
63454307
58442598
63431132
58401243
63364094
58317977
63290112
68286869
63311863
58271791
63238927
58220791
63178845
58167575
63149419
58132346
63082737
58053894
63042933
58016373
62984119
57939858
62903293
57915162
62860572
57856293
62813206
67779081
62732545
67700508
62693795
67665685
62625092
67606258
62565130
67553959
62529121
67487400
62444030
67425537
62384362
67401137
62343729
67322353
62284218
67261304
62225092
67229733
62162757
67150886
62088553
67076929
62042845
67011697
61983625
66948057
61910717
66919416
61884345
66850661
61832262
66795690
61774468
66746716
61744446
66698148
61672765
66615992
61638391
66586561
61553466
66515926
61482203
66451843
70585297
66448806
61413364
66389363
61338552
66318393
61287984
66272367
61227612
66263710
61209737
66186533
61192201
66186462
61152532
66114915
61089557
66076877
61036107
65994338
60957409
65925537
60899058
65882024
60828358
65829350
60778891
65774393
69911954
65773453
60712636
65696329
60654024
65690132
60655931
65656590
60609635
65587576
60571035
65553213
60529014
65486360
69620919
65491614
69548425
65391980
60349635
65345054
60365831
65310841
70258370
75292231
70234771
75212415
70210385
75273778
70208704
75222200
70217668
75209201
70156376
75154868
70099685
75060877
70025141
75016548
69968019
74941127
69923922
74923199
69901740
74876251
69836751
74778142
78936915
83931508
88980662
83963654
77657866
64707430
69691307
74744854
69709511
74707603
69670487
74630743
69590513
74631214
69592982
63700602
58725135
62208590
58686126
62154283
58671159
52914347
47928097
52104463
48656287
52080655
59430173
64422073
59368643
64372086
59337144
64316816
59285375
64263964
59226347
64193519
59197354
64138364
59112127
64067558
59088722
64035938
59017957
63998900
58967669
63962688
58966079
63923626
58908814
63886555
58867672
63829442
58797566
63784552
58735374
63748444
58688920
63666547
58642601
63676284
58622612
63603363
58582044
63560774
58589068
63584857
58564563
63522149
58504520
63475629
58446491
63445061
58429508
63386549
58352140
63353235
58316628
63304347
58266436
63307616
58234777
63271868
58242885
63236694
58194382
63200284
58171837
63141435
58109145
63098357
58092345
63110011
58105078
63073834
58026307
63021368
57963323
62949791
67921482
72006398
65587990
60586755
65549543
60529883
65513220
60427028
65391964
60349676
65331178
60331390
65275318
69373880
65206592
69289489
65167411
60174288
65133542
60088129
65074859
60048172
65017383
69072988
64993368
69008931
64890395
59852154
64849461
59793611
64805056
59747354
64722712
59699439
64657192
59642377
64579855
68643734
64538042
59477457
64481764
59416859
64393143
69366477
84370936
88416462
64302661
59267615
64229398
68304372
64188269
59133870
64109727
68136582
64039068
66757339
63941375
58903245
63850932
58819698
63773256
67795602
63689641
67705941
63593232
67650984
63561519
58535038
63505108
67491115
63407595
58378979
63344900
58315079
63299623
67295956
63228548
58202785
63153957
58138802
63095090
58076427
63041241
58026246
62994682
67011201
62924344
57896268
62872438
57855006
62844562
57807710
62759445
57750969
62712894
57694784
62684195
57654169
62601682
67599951
62558998
57524344
62493721
57470446
62393163
66387352
62326463
57322485
62254328
75587848
62256510
66196956
62208127
57175484
62179309
57137425
62084229
66042951
62061145
57017799
61999558
56962291
61931303
56892938
61878537
56873830
61823686
56791094
61776827
56752682
61711391
65635001
61639211
56615515
61583894
56569500
61540258
56502352
61477103
56468459
61420420
65378324
61378378
65322518
61317311
65273250
61275596
56255425
61211747
65134214
61168546
56130731
61123209
56101849
61050538
66014371
60979416
66004772
69921356
65913302
60888424
65885010
60862246
65798838
60760375
65721162
60707431
65649375
70635488
65608926
60565171
65540912
60513636
65501415
69449421
65443310
60403305
65391177
60351689
65332068
60305720
65244419
60208536
65180898
60141685
65117636
60105702
65060173
68985558
65003764
59958487
64947406
59895086
64871677
69814323
64780808
59744826
64726153
68683000
64641725
59624817
64610603
68578818
64560733
68489868
64498654
68443052
64453858
69426672
64395935
59326576
64303590
68265205
64248582
59208159
64192687
68155862
64166744
59093751
64107165
59043831
64029733
58973876
63962104
68923524
63896297
58851574
63853117
58789013
63783957
58723939
63709582
58676171
63682904
68657824
63629823
58570045
63541558
58504964
63495688
58447161
63429847
58386237
63394150
58336368
63308181
58261197
63252503
58200352
63189817
58157812
63136448
58064911
63042909
58027278
62988540
57951255
62978633
57919254
62973442
57917464
62895573
57868310
62904862
67844279
62774350
57711315
62742508
57693489
62685719
57626082
62603197
67683078
62633924
57581346
62549435
57507736
62488852
57442874
62447688
57389881
62441541
57397176
62381221
57342458
62321658
57271253
62264571
57247090
62213539
57189602
62151880
57099129
62109156
67068557
62048428
67045598
62122812
57055100
61996417
56968065
61970080
56963028
61911144
66874018
61881480
56851891
61815012
56795754
61764800
66731058
61733497
66803826
61775526
56722974
61715823
65741965
61644462
66706194
61671368
56635225
61604305
56574007
61525528
66494345
61546960
56527508
61500509
56456102
61444230
56398991
61362092
56322675
61285270
56251864
61219836
56189589
61162433
66195125
61177429
66144027
61148187
66170485
70194694
66108718
61079506
66035755
71006663
66065760
61075389
65992639
70004269
65969662
60894168
65872788
60848030
65806628
70866613
65841433
60822052
65775526
70752552
65741088
60714165
65721741
60662568
65604159
60544042
65509234
70496450
