12954912000,
294606000,
241983000,
235454000,
249455000,
242883000,
226775000,
242195000,
224886000,
223106000,
241897000,
239878000,
235298000,
241771000,
241175000,
238887000,
244175000,
241992000,
240860000,
238722000,
244828000,
241647000,
238432000,
246033000,
242884000,
242868000,
247337000,
255987000,
252635000,
249107000,
258946000,
256825000,
253561000,
248812000,
247972000,
244352000,
235415000,
234057000,
241179000,
239408000,
237073000,
235484000,
233559000,
230946000,
240030000,
237991000,
237566000,
236317000,
234628000,
245896000,
241818000,
229626000,
235606000,
245549000,
243860000,
242254000,
239316000,
237312000,
234715000,
232933000,
232195000,
239795000,
236192000,
235539000,
234867000,
234006000,
232153000,
239947000,
239720000,
237341000,
237249000,
241804000,
240355000,
242403000,
243529000,
242295000,
241577000,
244236000,
242437000,
251962000,
246322000,
240000000,
238284000,
236754000,
236095000,
245599000,
240280000,
237684000,
234417000,
233177000,
243925000,
238991000,
235506000,
236226000,
233985000,
240562000,
239192000,
239232000,
236841000,
235932000,
234472000,
232816000,
231295000,
238203000,
237628000,
247633000,
235383000,
233209000,
243101000,
238594000,
236563000,
247079000,
244449000,
243985000,
239433000,
249026000,
246766000,
243544000,
251758000,
250965000,
249118000,
256665000,
254689000,
242964000,
241590000,
239626000,
236517000,
232159000,
238508000,
236851000,
236388000,
234449000,
234454000,
233440000,
233036000,
242830000,
238678000,
235540000,
234398000,
233596000,
232349000,
239711000,
237097000,
237384000,
234258000,
233004000,
231916000,
226771000,
235624000,
255209000,
273287000,
242715000,
242306000,
236398000,
234673000,
233333000,
242260000,
238375000,
246052000,
245603000,
244900000,
262300000,
247827000,
245629000,
276501000,
262158000,
260269000,
247363000,
275811000,
275302000,
273523000,
260737000,
248109000,
276740000,
270905000,
259142000,
256034000,
267078000,
273580000,
273683000,
269031000,
254925000,
244872000,
272059000,
269549000,
257830000,
245381000,
272385000,
269530000,
261290000,
246628000,
245030000,
261846000,
269665000,
258580000,
277362000,
263524000,
271038000,
268595000,
267124000,
253949000,
242885000,
240810000,
237016000,
234938000,
233544000,
242663000,
240984000,
239762000,
240570000,
241880000,
247185000,
235626000,
245497000,
241335000,
240536000,
238168000,
236367000,
244006000,
242933000,
241388000,
237032000,
233750000,
231345000,
231312000,
228178000,
234861000,
235894000,
234194000,
232504000,
241996000,
238719000,
237439000,
235737000,
233668000,
230786000,
230693000,
239080000,
236137000,
234665000,
266128000,
275283000,
260769000,
250020000,
247251000,
276149000,
275578000,
272401000,
257893000,
244751000,
277919000,
264260000,
262693000,
249430000,
277792000,
266182000,
263719000,
253295000,
239578000,
237685000,
237745000,
235772000,
232288000,
239918000,
238510000,
246867000,
243787000,
253183000,
244978000,
264357000,
262740000,
271052000,
257779000,
245959000,
263795000,
261317000,
269598000,
256155000,
264365000,
280473000,
280764000,
267255000,
278037000,
273077000,
282871000,
268003000,
277472000,
276849000,
272567000,
272813000,
260411000,
257380000,
245508000,
276425000,
272613000,
270337000,
256467000,
279199000,
275274000,
271869000,
259148000,
268139000,
278353000,
264447000,
262030000,
248726000,
268036000,
275845000,
262405000,
252102000,
238128000,
270041000,
268414000,
252563000,
250385000,
245390000,
253646000,
271733000,
270118000,
256001000,
245762000,
272580000,
270601000,
268648000,
255501000,
244259000,
272759000,
280301000,
279146000,
265469000,
283544000,
271427000,
270452000,
267990000,
266213000,
253604000,
239528000,
237862000,
280048000,
267379000,
265962000,
250382000,
247632000,
237213000,
266379000,
252543000,
246045000,
239318000,
268217000,
266573000,
264031000,
251622000,
239579000,
238425000,
238256000,
238456000,
235088000,
234186000,
231569000,
242626000,
228740000,
236319000,
233618000,
230856000,
228999000,
227629000,
225595000,
236172000,
233197000,
232439000,
231272000,
230564000,
230867000,
229902000,
228849000,
237030000,
236740000,
236630000,
234709000,
235800000,
233083000,
239842000,
251672000,
269546000,
248481000,
245116000,
264958000,
262261000,
249199000,
245580000,
246118000,
263378000,
249762000,
247618000,
237030000,
266228000,
252797000,
250479000,
247733000,
266698000,
266289000,
251990000,
248092000,
237669000,
257095000,
253824000,
243176000,
248870000,
268294000,
266943000,
266051000,
252151000,
241615000,
239879000,
271682000,
267052000,
256468000,
243804000,
264330000,
265374000,
250094000,
248874000,
238529000,
259752000,
247139000,
246251000,
244512000,
264351000,
264183000,
261677000,
260898000,
259681000,
247919000,
239608000,
236334000,
234548000,
234164000,
233447000,
233402000,
233782000,
233135000,
241252000,
238367000,
246678000,
244383000,
234312000,
252164000,
249094000,
238340000,
270262000,
267026000,
254506000,
246006000,
229083000,
240016000,
245310000,
265222000,
251701000,
249172000,
247278000,
277251000,
273322000,
261570000,
259006000,
247212000,
273377000,
271284000,
258753000,
247155000,
244805000,
272636000,
271293000,
257853000,
254014000,
276098000,
272594000,
269656000,
257173000,
246509000,
241916000,
253160000,
252796000,
248567000,
267881000,
266644000,
254029000,
250512000,
270785000,
301554000,
288845000,
286533000,
304758000,
292638000,
280061000,
285823000,
286604000,
282519000,
302185000,
288577000,
277941000,
276824000,
308269000,
294234000,
281723000,
279688000,
279541000,
265739000,
263619000,
249057000,
249023000,
249268000,
253996000,
251244000,
270300000,
268703000,
266265000,
252223000,
249249000,
237879000,
267861000,
255427000,
244841000,
241220000,
239289000,
237910000,
237726000,
236304000,
232179000,
233246000,
241659000,
238609000,
237857000,
233954000,
232461000,
232452000,
228005000,
228924000,
229755000,
237706000,
237084000,
234822000,
232566000,
231579000,
239291000,
237792000,
237201000,
236157000,
246909000,
244129000,
232048000,
237708000,
235752000,
236292000,
231865000,
230091000,
239394000,
238101000,
236975000,
235305000,
231890000,
232963000,
234166000,
231660000,
232215000,
234031000,
240360000,
239057000,
236670000,
277296000,
277546000,
264105000,
251951000,
249119000,
247672000,
254615000,
264262000,
250758000,
273022000,
267790000,
258693000,
255205000,
262819000,
272551000,
271366000,
278989000,
268620000,
265810000,
263467000,
274272000,
270458000,
269223000,
269989000,
256706000,
256632000,
256265000,
243159000,
272339000,
263442000,
273206000,
272413000,
259583000,
266653000,
277306000,
274953000,
275476000,
263559000,
262632000,
259758000,
246752000,
245481000,
265387000,
263922000,
262152000,
249892000,
269389000,
266829000,
263742000,
272782000,
270994000,
259200000,
267734000,
264928000,
275461000,
272254000,
270422000,
278997000,
277395000,
272759000,
270892000,
257198000,
247822000,
244749000,
250298000,
250011000,
245925000,
266016000,
264897000,
273039000,
260978000,
250308000,
278112000,
273890000,
272398000,
272686000,
257126000,
255126000,
275169000,
269903000,
266109000,
264975000,
262458000,
249019000,
267521000,
265868000,
252096000,
242169000,
237267000,
269249000,
255393000,
244801000,
242096000,
273441000,
270084000,
257092000,
244205000,
277218000,
275280000,
269467000,
254848000,
268041000,
273371000,
276111000,
271265000,
257429000,
245853000,
263143000,
250291000,
250144000,
236829000,
266003000,
276281000,
272597000,
271487000,
270661000,
267830000,
253800000,
272153000,
269820000,
268634000,
268133000,
253636000,
243213000,
272203000,
269428000,
267273000,
264738000,
251285000,
280560000,
279122000,
277198000,
275258000,
261532000,
248048000,
249051000,
278548000,
264853000,
264006000,
250960000,
249276000,
247605000,
256375000,
264484000,
250547000,
248988000,
247304000,
266714000,
264529000,
251293000,
239306000,
238742000,
247003000,
244323000,
249045000,
257897000,
287752000,
294146000,
310793000,
309149000,
337477000,
345184000,
353292000,
361988000,
348330000,
336889000,
323471000,
311708000,
319495000,
316496000,
306457000,
302508000,
300478000,
301306000,
299193000,
283990000,
271993000,
322721000,
308988000,
300121000,
297063000,
284960000,
272322000,
273453000,
270676000,
259882000,
246720000,
246084000,
255416000,
255469000,
239997000,
238116000,
237178000,
236091000,
256344000,
255101000,
253962000,
272719000,
261173000,
260016000,
246431000,
248047000,
245902000,
256171000,
267272000,
273007000,
274592000,
262154000,
248836000,
238268000,
290269000,
275061000,
272082000,
265017000,
261242000,
269906000,
260420000,
271442000,
259816000,
257450000,
259401000,
258256000,
259385000,
267595000,
268635000,
268383000,
257226000,
258764000,
247385000,
237660000,
237614000,
236502000,
237017000,
233483000,
231102000,
238265000,
237292000,
235271000,
234457000,
232051000,
239873000,
238228000,
236430000,
235468000,
233877000,
231907000,
230645000,
230166000,
239610000,
237508000,
236080000,
235254000,
233964000,
232302000,
241560000,
226942000,
235972000,
233897000,
231463000,
248723000,
268628000,
252893000,
251017000,
248956000,
238305000,
266939000,
264774000,
262555000,
248285000,
267910000,
265579000,
263750000,
249773000,
246616000,
266873000,
263954000,
261891000,
249982000,
248102000,
276237000,
264666000,
279565000,
278289000,
278406000,
263782000,
271558000,
269742000,
277459000,
274242000,
271447000,
257407000,
245228000,
245682000,
250915000,
250165000,
271644000,
254695000,
276862000,
273065000,
271420000,
269648000,
255692000,
254673000,
275184000,
270671000,
257871000,
253867000,
253192000,
252193000,
269844000,
277423000,
266633000,
276615000,
270494000,
259880000,
245659000,
266576000,
262245000,
253266000,
247272000,
246668000,
255377000,
273135000,
262246000,
248250000,
237939000,
268822000,
254414000,
244304000,
242400000,
268873000,
268622000,
255651000,
244242000,
244380000,
240086000,
248598000,
311599000,
298363000,
284577000,
281506000,
269276000,
279585000,
267034000,
265836000,
263044000,
261681000,
247069000,
266118000,
265702000,
263255000,
250053000,
239984000,
238814000,
235854000,
235648000,
234107000,
232791000,
232353000,
232240000,
230834000,
227850000,
227106000,
225859000,
235250000,
232563000,
231775000,
239960000,
238603000,
248347000,
259337000,
248263000,
269195000,
269078000,
264041000,
273670000,
272317000,
272335000,
258727000,
245182000,
244431000,
272542000,
270731000,
269000000,
267051000,
264901000,
272599000,
270327000,
268935000,
255019000,
244705000,
241682000,
251045000,
246798000,
284762000,
282138000,
279815000,
280212000,
277920000,
276885000,
272811000,
259682000,
246054000,
264956000,
264841000,
262697000,
259932000,
278198000,
276215000,
271882000,
259153000,
246006000,
244889000,
252541000,
248563000,
238651000,
267041000,
275111000,
263327000,
248830000,
237610000,
265908000,
275023000,
263884000,
248493000,
268653000,
275120000,
260857000,
247445000,
247164000,
265280000,
263262000,
249442000,
247054000,
267691000,
264854000,
250849000,
239558000,
237825000,
246418000,
245563000,
243674000,
249674000,
247651000,
247768000,
278035000,
263767000,
261782000,
248338000,
266586000,
263620000,
261806000,
259542000,
254695000,
276782000,
273449000,
258412000,
248129000,
246562000,
262918000,
261532000,
248550000,
278590000,
265741000,
263062000,
262054000,
258005000,
266870000,
264613000,
272822000,
271245000,
257160000,
266302000,
275781000,
270727000,
268046000,
266529000,
254755000,
244208000,
239552000,
267622000,
266552000,
252213000,
240942000,
269938000,
270813000,
268771000,
254127000,
251250000,
272362000,
270298000,
268869000,
254793000,
244796000,
271939000,
270136000,
256050000,
245626000,
242204000,
260518000,
256461000,
245486000,
265146000,
250378000,
249224000,
248013000,
254673000,
265339000,
251766000,
271274000,
269919000,
275296000,
273556000,
280743000,
271274000,
269253000,
264304000,
264359000,
271098000,
265380000,
250998000,
240601000,
258139000,
256028000,
255090000,
242413000,
241825000,
261285000,
261308000,
249076000,
239654000,
238248000,
246895000,
246426000,
245370000,
257165000,
263477000,
264697000,
264444000,
262288000,
251315000,
259420000,
270548000,
267311000,
266283000,
252647000,
243753000,
272352000,
270814000,
256183000,
254227000,
251967000,
269120000,
268092000,
265649000,
251469000,
250058000,
248086000,
254749000,
276896000,
273403000,
272522000,
270839000,
277370000,
272952000,
270679000,
258909000,
246376000,
253311000,
262152000,
260130000,
267632000,
265097000,
264068000,
249778000,
249434000,
237469000,
244676000,
253354000,
251101000,
239039000,
267840000,
253484000,
251283000,
248951000,
255037000,
265996000,
263235000,
270040000,
269247000,
254204000,
244714000,
272753000,
269536000,
257091000,
246555000,
275868000,
270776000,
269019000,
254187000,
245349000,
277976000,
272253000,
269867000,
279323000,
274674000,
273496000,
271863000,
258649000,
247786000,
267689000,
265202000,
261414000,
249037000,
277728000,
265446000,
275693000,
261296000,
249144000,
248236000,
265072000,
272154000,
271124000,
268644000,
257007000,
264422000,
250361000,
249293000,
268062000,
277382000,
276076000,
272774000,
260326000,
267169000,
277190000,
272025000,
280850000,
267149000,
253548000,
251119000,
250663000,
267108000,
263592000,
262559000,
248678000,
267057000,
266558000,
252886000,
250141000,
249125000,
267861000,
255236000,
251651000,
240081000,
239349000,
281873000,
269016000,
267269000,
265439000,
251760000,
242242000,
240797000,
256361000,
254603000,
244963000,
242148000,
236671000,
235893000,
235345000,
233827000,
233308000,
231960000,
230992000,
237302000,
237136000,
237251000,
233770000,
232368000,
243388000,
240651000,
236211000,
233266000,
232388000,
231490000,
228871000,
237585000,
238718000,
226818000,
236499000,
269608000,
255071000,
245325000,
244253000,
263395000,
272950000,
274310000,
262751000,
267916000,
258865000,
264869000,
254450000,
273872000,
271823000,
271790000,
259027000,
258982000,
258269000,
266995000,
265703000,
274344000,
265540000,
251733000,
262553000,
280228000,
268275000,
278473000,
273106000,
271544000,
269454000,
277545000,
274505000,
271526000,
269694000,
255437000,
253875000,
270038000,
278876000,
275958000,
275034000,
261729000,
247832000,
268067000,
275612000,
275430000,
271456000,
259052000,
244629000,
276916000,
272372000,
260834000,
248018000,
266658000,
275671000,
275938000,
259360000,
247276000,
245247000,
273313000,
260601000,
248222000,
246351000,
266694000,
273298000,
260852000,
277628000,
278062000,
274397000,
275438000,
269781000,
267773000,
255523000,
285758000,
282809000,
280772000,
279149000,
277266000,
276409000,
276331000,
271968000,
261847000,
255563000,
277790000,
274408000,
273031000,
268938000,
268576000,
253058000,
241503000,
241645000,
268558000,
254186000,
252552000,
251794000,
270766000,
280618000,
265644000,
264592000,
272936000,
258919000,
277974000,
276911000,
276311000,
271054000,
258768000,
246112000,
267235000,
277399000,
263449000,
262162000,
248601000,
268923000,
266428000,
252408000,
241330000,
248188000,
256994000,
250638000,
249183000,
246713000,
265052000,
262836000,
250627000,
238454000,
237247000,
236929000,
236805000,
244905000,
244357000,
242569000,
237385000,
246543000,
245498000,
243355000,
250044000,
248722000,
247470000,
265564000,
273905000,
261811000,
251297000,
247685000,
265549000,
251285000,
249202000,
247238000,
245781000,
263427000,
249668000,
247454000,
247481000,
264755000,
262793000,
260138000,
247537000,
266603000,
264401000,
260746000,
258094000,
245041000,
264024000,
274850000,
261401000,
247045000,
236243000,
244162000,
264920000,
262848000,
262354000,
246216000,
264533000,
264518000,
261894000,
250141000,
251760000,
246323000,
257629000,
268181000,
266861000,
273290000,
263450000,
249401000,
260578000,
245918000,
248064000,
245133000,
264776000,
253599000,
274234000,
271104000,
269063000,
268588000,
255377000,
252363000,
271493000,
267721000,
277302000,
263254000,
249503000,
246745000,
276878000,
277342000,
272361000,
258559000,
245986000,
265145000,
250394000,
249097000,
236858000,
265828000,
272420000,
271582000,
269869000,
268150000,
274462000,
271620000,
269991000,
256232000,
246268000,
250807000,
271285000,
278320000,
272858000,
270999000,
258134000,
245851000,
286120000,
280673000,
279701000,
266939000,
265197000,
273007000,
261162000,
247677000,
247171000,
264061000,
250952000,
248183000,
248330000,
266082000,
263764000,
251774000,
240466000,
239013000,
237556000,
236548000,
233379000,
243720000,
239848000,
237457000,
236793000,
236218000,
233989000,
230821000,
239600000,
234824000,
222642000,
243048000,
242158000,
238060000,
244713000,
243896000,
242173000,
240704000,
246318000,
243831000,
263786000,
249181000,
267864000,
253129000,
275199000,
261006000,
270845000,
255093000,
252937000,
250895000,
270654000,
268111000,
264575000,
263722000,
249640000,
239567000,
267820000,
267038000,
251803000,
242131000,
236885000,
267189000,
253059000,
240741000,
239392000,
247623000,
244866000,
244895000,
253013000,
278876000,
276556000,
283560000,
269850000,
268541000,
277272000,
282473000,
291435000,
279018000,
277391000,
275724000,
272524000,
259896000,
247955000,
245563000,
264817000,
262076000,
260497000,
246102000,
264955000,
272021000,
260017000,
247211000,
246638000,
243864000,
240565000,
268210000,
265593000,
276129000,
271542000,
260272000,
258679000,
266064000,
265162000,
261987000,
247841000,
237819000,
237317000,
264934000,
267677000,
264010000,
254896000,
239657000,
261436000,
258828000,
245924000,
244853000,
242783000,
264297000,
263243000,
250900000,
242202000,
228990000,
274273000,
261721000,
262751000,
259329000,
245541000,
237273000,
265789000,
264992000,
252957000,
243358000,
242212000,
249207000,
268514000,
255951000,
262940000,
259570000,
270270000,
265865000,
263615000,
260725000,
246339000,
265856000,
282518000,
271138000,
278537000,
276749000,
266260000,
251898000,
249620000,
247109000,
266851000,
275034000,
262268000,
248241000,
237978000,
266995000,
264153000,
250240000,
250477000,
249013000,
264967000,
263117000,
261136000,
267637000,
266119000,
276417000,
262256000,
248420000,
246666000,
277164000,
270843000,
269730000,
255728000,
244985000,
240321000,
248110000,
269515000,
266825000,
252152000,
243747000,
238774000,
235578000,
233885000,
234450000,
242131000,
238283000,
237637000,
238141000,
245673000,
240521000,
239176000,
237734000,
236682000,
235633000,
233290000,
231645000,
230500000,
238609000,
227468000,
233420000,
231576000,
240270000,
237306000,
236255000,
233991000,
234768000,
232658000,
241420000,
239764000,
239602000,
238280000,
236137000,
232903000,
231906000,
239946000,
236785000,
236643000,
234837000,
233889000,
233556000,
242349000,
238807000,
236847000,
235552000,
233843000,
231933000,
231859000,
239837000,
237794000,
237069000,
234512000,
231916000,
230675000,
238188000,
237243000,
234223000,
232151000,
239184000,
238308000,
226523000,
234518000,
231801000,
242497000,
247590000,
244882000,
253300000,
251807000,
242100000,
269199000,
269330000,
254950000,
251142000,
239944000,
270062000,
255583000,
243879000,
240554000,
249456000,
245620000,
243193000,
263909000,
261162000,
246399000,
233820000,
264157000,
261871000,
261458000,
248005000,
237906000,
236649000,
269463000,
266252000,
255141000,
241841000,
263712000,
273165000,
258976000,
257904000,
255050000,
265205000,
260622000,
259758000,
258323000,
245052000,
268311000,
263762000,
262670000,
250520000,
238976000,
237971000,
257571000,
256370000,
244640000,
264486000,
263247000,
272855000,
271211000,
268282000,
253716000,
251116000,
261485000,
257444000,
277350000,
276219000,
261580000,
269332000,
255197000,
276210000,
271420000,
270030000,
257800000,
247186000,
244350000,
253047000,
251655000,
248133000,
259084000,
266182000,
266772000,
250801000,
240661000,
247443000,
267422000,
253965000,
238729000,
271302000,
267605000,
266821000,
251445000,
249225000,
247075000,
265861000,
276303000,
260765000,
259421000,
246627000,
265032000,
262767000,
249284000,
247464000,
245940000,
263152000,
272900000,
259839000,
248025000,
264755000,
283133000,
270864000,
277857000,
277360000,
276006000,
261351000,
248102000,
237271000,
268141000,
253805000,
243073000,
239795000,
268126000,
266763000,
252208000,
240846000,
269316000,
267451000,
253597000,
243385000,
239554000,
247124000,
245076000,
243930000,
261364000,
247958000,
245352000,
264875000,
250559000,
238793000,
235699000,
244421000,
273327000,
260782000,
268751000,
255673000,
265081000,
249775000,
239812000,
247780000,
266847000,
263835000,
249605000,
249030000,
245980000,
264116000,
276744000,
261318000,
246923000,
246535000,
265874000,
251411000,
239426000,
238497000,
236646000,
236087000,
236548000,
232736000,
243828000,
240228000,
238097000,
237122000,
244893000,
239544000,
236572000,
246391000,
246569000,
232667000,
240286000,
239951000,
228823000,
236800000,
234975000,
233740000,
232151000,
232018000,
231132000,
237244000,
236307000,
234364000,
232858000,
231563000,
237627000,
236878000,
234059000,
231889000,
230273000,
228148000,
238669000,
235105000,
233423000,
232762000,
233174000,
242623000,
241586000,
261410000,
261811000,
249258000,
239320000,
236996000,
265903000,
265401000,
256417000,
245899000,
264852000,
271342000,
269208000,
257733000,
256862000,
257071000,
263769000,
263985000,
266260000,
252283000,
241729000,
241748000,
271991000,
268325000,
255998000,
244817000,
240754000,
250698000,
248392000,
246229000,
254434000,
249774000,
248024000,
245441000,
263762000,
261887000,
249150000,
236011000,
265791000,
272342000,
259764000,
246936000,
245124000,
254741000,
252810000,
247266000,
258442000,
254009000,
252022000,
241011000,
238259000,
256780000,
243591000,
231223000,
230167000,
236687000,
234747000,
233228000,
232214000,
238753000,
236259000,
236522000,
234647000,
233021000,
231333000,
238293000,
237510000,
236779000,
234040000,
244237000,
238902000,
236034000,
234050000,
233482000,
243016000,
242244000,
247226000,
267291000,
255194000,
244369000,
239853000,
249015000,
268447000,
267055000,
252547000,
241377000,
270603000,
268800000,
254166000,
245096000,
239540000,
246586000,
234986000,
232808000,
232782000,
239744000,
237254000,
234679000,
233837000,
243829000,
242609000,
238773000,
235980000,
244953000,
244289000,
240689000,
238771000,
237295000,
237500000,
233744000,
231400000,
231653000,
238067000,
236760000,
235348000,
232924000,
232274000,
240087000,
237942000,
235702000,
234612000,
232800000,
229882000,
237217000,
235583000,
233507000,
243014000,
239331000,
237393000,
236054000,
234020000,
232212000,
230135000,
227510000,
234520000,
231949000,
231185000,
229386000,
236010000,
237277000,
242796000,
230635000,
239944000,
238322000,
237035000,
235516000,
233273000,
232309000,
241302000,
236838000,
235259000,
234894000,
234137000,
232152000,
239965000,
237786000,
237699000,
235508000,
232956000,
231474000,
231243000,
231202000,
230182000,
229751000,
228767000,
228151000,
234740000,
233078000,
232668000,
232213000,
231111000,
230366000,
239473000,
238162000,
243925000,
240886000,
253848000,
262283000,
249808000,
259750000,
258071000,
267029000,
266296000,
264069000,
262855000,
259875000,
248876000,
246962000,
245554000,
235204000,
244704000,
239926000,
226760000,
235880000,
233995000,
233938000,
240525000,
260560000,
247128000,
246092000,
230893000,
249697000,
247411000,
235739000,
253005000,
244154000,
249248000,
267013000,
264784000,
252018000,
249393000,
246947000,
266056000,
264271000,
250597000,
248376000,
247004000,
246980000,
245908000,
240877000,
239397000,
236554000,
234765000,
232819000,
230610000,
238745000,
237235000,
245501000,
244505000,
240261000,
260306000,
256759000,
254310000,
265727000,
261870000,
259857000,
247024000,
264547000,
282932000,
269583000,
277752000,
276191000,
261942000,
260921000,
247707000,
266701000,
265058000,
252727000,
250340000,
246721000,
256762000,
250881000,
250067000,
248227000,
246977000,
256518000,
251812000,
239082000,
235035000,
254566000,
243083000,
242274000,
236194000,
234027000,
232748000,
232123000,
232074000,
238778000,
237256000,
236061000,
234177000,
230761000,
238315000,
236534000,
233976000,
231254000,
239974000,
236885000,
254895000,
244245000,
240128000,
237819000,
246033000,
244321000,
251533000,
247977000,
246810000,
245335000,
244083000,
240306000,
238232000,
237228000,
235458000,
233064000,
231903000,
237688000,
236495000,
235771000,
234313000,
243932000,
242736000,
238743000,
236023000,
235499000,
235170000,
241188000,
241064000,
238029000,
236545000,
234700000,
232498000,
229434000,
236974000,
236248000,
234209000,
231720000,
238138000,
236388000,
234263000,
233507000,
231345000,
269753000,
268607000,
269553000,
253957000,
251357000,
240598000,
262275000,
248779000,
248601000,
243770000,
267760000,
263262000,
265002000,
261023000,
247987000,
236684000,
259959000,
258280000,
258807000,
256596000,
266240000,
265856000,
262999000,
261736000,
260483000,
247054000,
237305000,
264897000,
264078000,
263375000,
262626000,
249003000,
248447000,
259637000,
258615000,
254589000,
243703000,
240540000,
228019000,
235491000,
232708000,
240762000,
238584000,
235885000,
241333000,
239634000,
247838000,
246516000,
232803000,
242576000,
272320000,
270168000,
255240000,
251790000,
274037000,
279427000,
279413000,
275048000,
273765000,
270517000,
279717000,
276971000,
270640000,
268004000,
266751000,
276602000,
283234000,
280612000,
277945000,
276663000,
271957000,
270269000,
280168000,
266027000,
277168000,
270609000,
256242000,
245878000,
274334000,
271121000,
256021000,
245441000,
273359000,
281858000,
268278000,
255647000,
266269000,
275127000,
280784000,
267987000,
266533000,
252621000,
251466000,
270306000,
279787000,
266289000,
251466000,
250804000,
247490000,
267284000,
264749000,
250416000,
239610000,
236764000,
266016000,
250754000,
248729000,
246581000,
266036000,
277663000,
261161000,
248750000,
237242000,
255503000,
251877000,
250084000,
247970000,
258409000,
264300000,
272894000,
260319000,
249164000,
276832000,
275747000,
270724000,
259253000,
248067000,
246093000,
262654000,
261240000,
266981000,
266283000,
275838000,
263108000,
249021000,
249182000,
266195000,
251841000,
262093000,
269178000,
266912000,
265417000,
251303000,
241868000,
269547000,
267742000,
267290000,
253424000,
250746000,
241011000,
269903000,
269603000,
255069000,
243717000,
242237000,
270798000,
269578000,
255819000,
244836000,
271870000,
269222000,
268051000,
254064000,
275117000,
269901000,
280256000,
275733000,
274900000,
274487000,
292892000,
287755000,
274971000,
272141000,
269976000,
278991000,
268253000,
264923000,
255718000,
263258000,
271380000,
260485000,
259773000,
249147000,
246499000,
244060000,
266251000,
268583000,
265653000,
250085000,
239047000,
228255000,
257568000,
256513000,
243061000,
265425000,
263397000,
262496000,
249709000,
240686000,
237349000,
248007000,
254472000,
252857000,
262054000,
270615000,
280464000,
277013000,
262311000,
248084000,
246086000,
276845000,
264591000,
250285000,
247982000,
258460000,
266505000,
266156000,
250807000,
239735000,
237060000,
267005000,
255174000,
251316000,
240437000,
268989000,
259489000,
245892000,
246067000,
233406000,
240254000,
237903000,
236948000,
236018000,
233455000,
232060000,
229534000,
237766000,
235854000,
245215000,
241380000,
238675000,
238201000,
233536000,
241990000,
240109000,
237265000,
234653000,
233217000,
232152000,
231757000,
241993000,
238236000,
234460000,
232305000,
241352000,
238504000,
238947000,
236317000,
225588000,
221798000,
232278000,
238257000,
236052000,
234021000,
232152000,
230968000,
238481000,
236051000,
233428000,
232495000,
231976000,
244714000,
238467000,
236460000,
236013000,
233830000,
243548000,
240275000,
237981000,
237023000,
236367000,
234631000,
234016000,
232166000,
232476000,
230102000,
238019000,
234156000,
255195000,
274169000,
272685000,
282270000,
279448000,
266510000,
265275000,
281440000,
269270000,
267672000,
265758000,
264089000,
249679000,
268044000,
264840000,
262084000,
250204000,
248913000,
278868000,
266609000,
272253000,
260835000,
250063000,
246333000,
246917000,
263662000,
247965000,
247463000,
246979000,
255491000,
275080000,
261636000,
277813000,
277262000,
275536000,
263049000,
248152000,
246769000,
246570000,
264450000,
251086000,
248170000,
268523000,
277520000,
277392000,
262808000,
261065000,
248193000,
270821000,
266287000,
272515000,
263693000,
271561000,
261411000,
260097000,
271925000,
259004000,
259276000,
276386000,
275027000,
274668000,
265825000,
262254000,
259449000,
258952000,
257506000,
243986000,
265267000,
264748000,
263025000,
250687000,
242177000,
228262000,
245545000,
244326000,
264529000,
251584000,
243579000,
239459000,
237094000,
235189000,
244908000,
243267000,
238369000,
246655000,
245434000,
264754000,
249923000,
249244000,
248031000,
274306000,
272506000,
262020000,
249847000,
247427000,
264715000,
272291000,
261138000,
248773000,
246060000,
254772000,
250227000,
248601000,
238288000,
247178000,
268014000,
252558000,
240312000,
248275000,
268521000,
266853000,
252411000,
240487000,
238993000,
237786000,
236666000,
233369000,
232709000,
231626000,
229789000,
236954000,
235623000,
235232000,
232991000,
231372000,
239619000,
239089000,
234748000,
233305000,
232371000,
230982000,
229931000,
230541000,
231748000,
227762000,
229171000,
229812000,
229358000,
227746000,
229366000,
224828000,
225719000,
228576000,
231152000,
230899000,
238170000,
239430000,
237536000,
235623000,
244604000,
233015000,
238973000,
236604000,
234177000,
232134000,
230657000,
238384000,
248468000,
266388000,
264062000,
271485000,
259781000,
248142000,
266254000,
273451000,
261672000,
251230000,
237815000,
238700000,
246899000,
242339000,
238997000,
237318000,
236680000,
234900000,
232010000,
243310000,
237954000,
236724000,
236188000,
236000000,
233965000,
243316000,
239012000,
237004000,
237136000,
235082000,
232802000,
230062000,
228530000,
236164000,
234743000,
233536000,
234754000,
234510000,
241855000,
230879000,
236170000,
236380000,
233533000,
240413000,
239828000,
238908000,
236910000,
234473000,
244092000,
237219000,
247007000,
246543000,
243222000,
249652000,
279014000,
266019000,
265013000,
262327000,
270344000,
277233000,
284292000,
272411000,
270761000,
267737000,
277087000,
272287000,
269768000,
255154000,
243780000,
241996000,
270594000,
268067000,
254615000,
243752000,
239927000,
271484000,
270242000,
260484000,
247976000,
265369000,
272686000,
271217000,
279392000,
277153000,
273781000,
270330000,
257887000,
265956000,
262947000,
270043000,
267255000,
266205000,
263377000,
261816000,
269026000,
266752000,
276622000,
262798000,
249758000,
248205000,
259179000,
257209000,
253724000,
238177000,
236230000,
225767000,
244355000,
245782000,
254131000,
255121000,
256666000,
262658000,
261756000,
262745000,
261391000,
264232000,
268520000,
260831000,
260814000,
259586000,
246938000,
265487000,
267595000,
255055000,
241185000,
232335000,
229421000,
249255000,
238955000,
237965000,
246973000,
244232000,
244546000,
252784000,
251436000,
240536000,
239537000,
235368000,
233840000,
240219000,
237780000,
247041000,
246011000,
233721000,
250891000,
249457000,
246912000,
265617000,
263604000,
261756000,
248287000,
247092000,
263962000,
262285000,
249709000,
247673000,
265331000,
262954000,
249571000,
248102000,
267033000,
265813000,
262754000,
249063000,
247450000,
266455000,
265124000,
262050000,
248836000,
247423000,
265870000,
252857000,
250406000,
249193000,
266259000,
265359000,
250887000,
239513000,
236612000,
246036000,
243267000,
249435000,
249098000,
278523000,
264356000,
273387000,
260166000,
269439000,
255432000,
265512000,
252079000,
251707000,
280380000,
266278000,
262366000,
249142000,
249066000,
247055000,
265862000,
251211000,
249183000,
248167000,
246626000,
264104000,
250260000,
249608000,
247114000,
264738000,
264212000,
261226000,
248523000,
245379000,
263678000,
261244000,
269461000,
277957000,
275217000,
275700000,
260697000,
247959000,
246070000,
264497000,
272452000,
262299000,
258031000,
267190000,
272741000,
270509000,
257956000,
244286000,
252797000,
262743000,
258280000,
277978000,
265084000,
262856000,
261712000,
248811000,
278907000,
265346000,
262911000,
260937000,
248770000,
266134000,
264788000,
273480000,
259685000,
246849000,
276924000,
281104000,
268333000,
256989000,
272931000,
271762000,
270567000,
269390000,
258510000,
245889000,
273636000,
272302000,
271994000,
258330000,
246234000,
278743000,
273914000,
259438000,
245603000,
267016000,
252443000,
251793000,
247092000,
269214000,
254382000,
242894000,
243442000,
240142000,
240855000,
236475000,
233755000,
232078000,
230326000,
239634000,
240701000,
237732000,
235045000,
234072000,
233034000,
230980000,
230512000,
229741000,
228745000,
228473000,
228023000,
228221000,
238869000,
226744000,
235119000,
233378000,
234446000,
231501000,
238826000,
238775000,
237839000,
236759000,
235625000,
233762000,
231665000,
239762000,
237623000,
238094000,
236304000,
234521000,
232937000,
241712000,
240239000,
237098000,
236006000,
234902000,
245088000,
239711000,
236526000,
235493000,
234267000,
232575000,
242733000,
237896000,
236971000,
245559000,
244410000,
249929000,
249047000,
247504000,
266159000,
252956000,
250527000,
248981000,
237107000,
245465000,
260773000,
247561000,
248207000,
266217000,
263199000,
249253000,
268879000,
266116000,
264254000,
250198000,
238290000,
247548000,
245678000,
242605000,
241801000,
259153000,
256850000,
261873000,
259417000,
261217000,
248204000,
238473000,
246563000,
265756000,
278005000,
276090000,
280169000,
268964000,
277736000,
277786000,
263464000,
262237000,
259798000,
279385000,
274274000,
260782000,
259829000,
246059000,
275684000,
271221000,
270246000,
267025000,
276263000,
272218000,
271734000,
269322000,
256357000,
245754000,
265896000,
249938000,
248130000,
247548000,
265113000,
250525000,
271253000,
267995000,
278518000,
276313000,
263385000,
249025000,
256553000,
255182000,
275189000,
261281000,
271768000,
258434000,
278390000,
263162000,
282073000,
269951000,
281746000,
266772000,
273233000,
271636000,
258633000,
247738000,
263683000,
262092000,
261319000,
258735000,
275889000,
263136000,
260689000,
262254000,
263035000,
261038000,
254130000,
245838000,
246201000,
251333000,
249152000,
247607000,
235038000,
255563000,
244370000,
243042000,
236741000,
235340000,
234824000,
234262000,
233461000,
243636000,
239768000,
237753000,
235967000,
233610000,
232461000,
241298000,
239818000,
238252000,
234710000,
231809000,
240348000,
237809000,
234738000,
257766000,
254699000,
255936000,
260247000,
259505000,
246663000,
257240000,
255059000,
256942000,
245063000,
235905000,
237660000,
246138000,
269089000,
255338000,
275199000,
261265000,
268859000,
257485000,
265861000,
263172000,
271741000,
279501000,
278224000,
263657000,
272477000,
262350000,
280367000,
267721000,
263709000,
249715000,
248744000,
266599000,
276793000,
272232000,
269962000,
257075000,
245918000,
244287000,
243289000,
250098000,
269118000,
266420000,
276047000,
262607000,
250160000,
249097000,
254007000,
277077000,
272775000,
259625000,
248687000,
245898000,
253987000,
250471000,
249203000,
246966000,
244654000,
272133000,
260934000,
268871000,
266738000,
275489000,
260903000,
279799000,
266110000,
263873000,
255969000,
253527000,
262501000,
264443000,
257949000,
260444000,
251023000,
260904000,
258953000,
260845000,
258842000,
247913000,
238852000,
239551000,
241687000,
249204000,
248575000,
267198000,
265550000,
250298000,
249058000,
247143000,
255473000,
251004000,
249093000,
248024000,
246123000,
263246000,
261332000,
248450000,
245829000,
243127000,
263115000,
259341000,
256206000,
244756000,
233993000,
235748000,
255410000,
253367000,
238451000,
273459000,
280870000,
281570000,
268108000,
260134000,
260052000,
260325000,
270816000,
260468000,
248776000,
234978000,
265797000,
264887000,
262512000,
269690000,
281905000,
277134000,
264094000,
261571000,
263240000,
270152000,
266518000,
277749000,
273102000,
271874000,
259471000,
279247000,
278374000,
272309000,
270273000,
257558000,
256732000,
277407000,
282029000,
280517000,
267273000,
264117000,
250747000,
249124000,
238943000,
267926000,
255255000,
243488000,
240257000,
238475000,
237223000,
234000000,
232653000,
230722000,
239560000,
236583000,
235409000,
235529000,
232796000,
242777000,
237733000,
236171000,
245223000,
241175000,
239117000,
237482000,
234694000,
232906000,
230993000,
238620000,
227638000,
235268000,
244405000,
243060000,
239779000,
248150000,
246012000,
264748000,
252442000,
249204000,
247559000,
266431000,
276540000,
262421000,
249745000,
248114000,
265752000,
250594000,
249018000,
246363000,
266989000,
263753000,
261774000,
249088000,
238924000,
236818000,
235108000,
265323000,
256146000,
245713000,
241335000,
239300000,
249084000,
246516000,
234286000,
243249000,
242623000,
237246000,
267155000,
253774000,
244693000,
239907000,
237567000,
248133000,
246072000,
232557000,
250695000,
249651000,
248696000,
265599000,
274224000,
272229000,
259874000,
266839000,
275824000,
281605000,
269924000,
267221000,
276045000,
263496000,
272803000,
267451000,
278295000,
265593000,
274003000,
272421000,
272357000,
270491000,
266936000,
255241000,
273380000,
272377000,
260759000,
257867000,
246162000,
268711000,
275167000,
273744000,
261401000,
271553000,
270924000,
267517000,
267401000,
255116000,
244984000,
272458000,
282513000,
270480000,
256801000,
273762000,
281964000,
280480000,
267085000,
265277000,
272286000,
269513000,
267493000,
265224000,
262341000,
249268000,
268294000,
267038000,
264589000,
251242000,
240444000,
237768000,
247482000,
244201000,
242618000,
237758000,
237011000,
238120000,
234900000,
233542000,
242983000,
228227000,
236640000,
235147000,
220463000,
231953000,
249973000,
248372000,
245913000,
277289000,
263996000,
248789000,
247642000,
267259000,
266522000,
252633000,
249807000,
238664000,
268784000,
266769000,
252045000,
242999000,
238505000,
268527000,
256514000,
246422000,
240000000,
238932000,
279697000,
273566000,
271247000,
269016000,
256117000,
246069000,
273285000,
270497000,
269518000,
268107000,
253866000,
244820000,
281190000,
279477000,
265327000,
262939000,
250169000,
269477000,
278314000,
263644000,
249563000,
248654000,
247737000,
275484000,
260935000,
260888000,
246534000,
264725000,
251178000,
249424000,
248398000,
256144000,
252377000,
240506000,
238497000,
235062000,
233191000,
239317000,
236961000,
234405000,
233034000,
243303000,
249208000,
247194000,
253145000,
271787000,
258874000,
267223000,
255042000,
261907000,
250116000,
247995000,
246331000,
277183000,
261900000,
248653000,
246515000,
264701000,
250456000,
249137000,
236128000,
236372000,
277180000,
273015000,
261199000,
247655000,
247311000,
252110000,
250697000,
249767000,
237206000,
268010000,
252175000,
239445000,
248212000,
266510000,
275602000,
260726000,
258906000,
247050000,
267045000,
264259000,
262232000,
247662000,
236098000,
244731000,
277017000,
263234000,
260920000,
247988000,
258241000,
263907000,
264619000,
253479000,
262137000,
262140000,
261118000,
247868000,
246207000,
238338000,
235675000,
242173000,
243718000,
273597000,
261664000,
260947000,
249212000,
247225000,
247025000,
264338000,
261944000,
271235000,
259488000,
248260000,
277933000,
276843000,
272767000,
261981000,
249008000,
235703000,
267191000,
253254000,
250962000,
251199000,
271193000,
278813000,
274720000,
282519000,
269312000,
267486000,
265163000,
272982000,
270256000,
270304000,
254238000,
246044000,
243224000,
249109000,
257319000,
253356000,
274662000,
270462000,
270130000,
266734000,
253236000,
249737000,
269253000,
267415000,
266447000,
251677000,
249370000,
248618000,
255493000,
264110000,
261891000,
270730000,
255694000,
266582000,
251473000,
260397000,
247871000,
256870000,
244718000,
240225000,
237472000,
236994000,
244968000,
243863000,
240260000,
249229000,
248024000,
236262000,
262720000,
249201000,
249587000,
248180000,
263960000,
250166000,
237849000,
246131000,
244488000,
239582000,
248914000,
247137000,
253432000,
250111000,
248913000,
236215000,
245247000,
251152000,
239457000,
236983000,
246438000,
243692000,
251301000,
249984000,
249751000,
268007000,
276482000,
260480000,
258431000,
247494000,
276651000,
262301000,
270770000,
257045000,
277778000,
276810000,
272553000,
267979000,
254939000,
273988000,
271808000,
270707000,
270653000,
257265000,
246105000,
271349000,
269359000,
258489000,
266119000,
265178000,
276010000,
270572000,
269577000,
278304000,
265390000,
250872000,
250606000,
279951000,
277836000,
273673000,
271264000,
269001000,
256657000,
275991000,
270230000,
268623000,
255195000,
265430000,
273006000,
271254000,
258479000,
246466000,
245334000,
251267000,
249607000,
248958000,
277948000,
264045000,
262362000,
247988000,
247999000,
232755000,
262520000,
271817000,
257222000,
255405000,
242117000,
260876000,
261215000,
260741000,
248267000,
239055000,
239321000,
266520000,
266502000,
274373000,
273518000,
260977000,
260538000,
268878000,
266246000,
274602000,
275085000,
263213000,
252162000,
250946000,
249196000,
259028000,
265826000,
263397000,
262171000,
250294000,
268600000,
277402000,
262044000,
249711000,
248051000,
252795000,
250312000,
249046000,
248125000,
266774000,
264571000,
262153000,
249023000,
247743000,
266221000,
273635000,
259938000,
248017000,
246971000,
253067000,
251164000,
271492000,
279892000,
263910000,
281769000,
267663000,
254745000,
252977000,
271502000,
280476000,
277937000,
266890000,
272273000,
260814000,
279208000,
267098000,
284614000,
271295000,
280256000,
278548000,
278273000,
271173000,
258722000,
245832000,
265229000,
272751000,
260794000,
250583000,
269238000,
266300000,
262630000,
249155000,
248204000,
247497000,
244700000,
241987000,
241091000,
239254000,
238783000,
235573000,
233316000,
232781000,
232847000,
231339000,
238379000,
236490000,
234907000,
234418000,
233827000,
243547000,
250827000,
248549000,
267737000,
274740000,
263715000,
250862000,
249478000,
256231000,
271403000,
271232000,
268438000,
254408000,
263718000,
270536000,
269587000,
254799000,
251984000,
250046000,
258959000,
268256000,
278127000,
263262000,
250572000,
249612000,
267779000,
251712000,
241947000,
237867000,
268145000,
253176000,
264775000,
264366000,
271088000,
279058000,
276552000,
278244000,
274060000,
262789000,
257699000,
278619000,
264609000,
250906000,
249630000,
248004000,
277898000,
272236000,
268770000,
267846000,
253523000,
271972000,
269255000,
278825000,
265397000,
263004000,
250558000,
270472000,
279258000,
278890000,
276919000,
272629000,
270557000,
257119000,
275950000,
273308000,
273492000,
258594000,
258401000,
254553000,
273378000,
273088000,
260917000,
259518000,
247728000,
246094000,
266586000,
265877000,
265112000,
253118000,
242537000,
239498000,
260237000,
276719000,
266656000,
264701000,
262505000,
261633000,
247953000,
268935000,
277224000,
278172000,
273259000,
261463000,
249594000,
247435000,
247363000,
242775000,
240537000,
266334000,
265112000,
250566000,
240133000,
238597000,
267554000,
253756000,
264665000,
252150000,
269931000,
266930000,
272897000,
272570000,
260878000,
247978000,
278202000,
274744000,
273528000,
257550000,
245987000,
244240000,
243679000,
249070000,
236628000,
264142000,
250002000,
248985000,
249087000,
267972000,
254670000,
244702000,
240751000,
271556000,
256328000,
246714000,
242141000,
271680000,
268511000,
253456000,
243643000,
271193000,
268751000,
268491000,
255027000,
273041000,
270274000,
268582000,
266018000,
251871000,
270621000,
269022000,
278726000,
277059000,
263243000,
248921000,
266919000,
267289000,
251288000,
249221000,
248737000,
266313000,
273151000,
272501000,
281045000,
267622000,
254100000,
283938000,
272535000,
270722000,
270317000,
256932000,
253955000,
242098000,
268741000,
266960000,
253493000,
243116000,
238323000,
249075000,
246885000,
245547000,
263113000,
250637000,
250418000,
247330000,
254410000,
252333000,
239979000,
227449000,
225452000,
