12868847000,
140105000,
78484000,
93831000,
86542000,
101706000,
104743000,
99057000,
103211000,
106648000,
100937000,
105464000,
99581000,
104244000,
98647000,
102381000,
96737000,
101654000,
105541000,
99692000,
103980000,
98393000,
102762000,
96255000,
100902000,
94504000,
98677000,
103073000,
98310000,
102485000,
96634000,
101512000,
106114000,
101413000,
94738000,
88347000,
82463000,
77156000,
81488000,
76014000,
79986000,
73384000,
97968000,
102424000,
96051000,
101212000,
105737000,
100212000,
104148000,
98421000,
102819000,
96791000,
101649000,
106115000,
100507000,
105016000,
99331000,
104185000,
98196000,
102878000,
97127000,
101628000,
95702000,
99342000,
103903000,
99456000,
103561000,
98335000,
102625000,
96603000,
111224000,
115517000,
120349000,
113075000,
107124000,
112779000,
106550000,
102442000,
116556000,
111331000,
105474000,
109590000,
114398000,
109022000,
103471000,
97364000,
123453000,
117181000,
121956000,
126219000,
120174000,
126403000,
120740000,
125661000,
119179000,
122274000,
126144000,
119200000,
123443000,
127296000,
120014000,
123506000,
127422000,
120129000,
124063000,
127191000,
120850000,
124505000,
118350000,
121223000,
125501000,
118019000,
121913000,
126082000,
119773000,
122753000,
125568000,
120903000,
125259000,
119039000,
123451000,
127546000,
120572000,
124065000,
118593000,
123386000,
117349000,
122903000,
126228000,
120443000,
125573000,
119838000,
123901000,
118220000,
122673000,
116886000,
121595000,
127035000,
120931000,
125662000,
119301000,
125112000,
119042000,
123949000,
118402000,
123252000,
127830000,
121259000,
125975000,
140353000,
135514000,
122379000,
117189000,
121956000,
125833000,
120430000,
124758000,
119221000,
123657000,
118497000,
123152000,
117152000,
122128000,
126752000,
121068000,
125853000,
119809000,
125628000,
119586000,
124708000,
119045000,
124482000,
118270000,
122302000,
117212000,
120380000,
125049000,
118578000,
123206000,
118160000,
123822000,
127620000,
121421000,
126064000,
120206000,
124815000,
119334000,
124265000,
118742000,
123614000,
118343000,
122515000,
127175000,
121313000,
126735000,
121691000,
125871000,
120296000,
124889000,
119395000,
123084000,
117640000,
122041000,
116241000,
121285000,
126503000,
120780000,
125605000,
119589000,
123967000,
118306000,
123034000,
117875000,
122222000,
126597000,
120450000,
125118000,
119814000,
123514000,
117778000,
122563000,
115863000,
120824000,
125081000,
119026000,
123832000,
118407000,
122705000,
116956000,
131800000,
126881000,
120685000,
125912000,
120067000,
125267000,
119101000,
123527000,
118454000,
122123000,
126865000,
121409000,
125732000,
120337000,
124683000,
120334000,
123904000,
118181000,
122140000,
116112000,
120162000,
125947000,
120753000,
125244000,
119117000,
123895000,
138411000,
117355000,
120491000,
125145000,
119618000,
124977000,
119974000,
124779000,
119334000,
123654000,
118517000,
122244000,
116951000,
121121000,
125468000,
120044000,
123949000,
128935000,
118414000,
123197000,
116830000,
122204000,
127368000,
121578000,
126184000,
119879000,
125007000,
118754000,
123124000,
117179000,
121307000,
126247000,
120871000,
125866000,
120127000,
124754000,
119054000,
123671000,
117303000,
122026000,
115900000,
120713000,
125295000,
119789000,
123874000,
118340000,
123095000,
116883000,
122291000,
127140000,
120225000,
124726000,
119151000,
123638000,
118631000,
122856000,
116748000,
122372000,
127334000,
121178000,
126341000,
120647000,
126271000,
119957000,
125155000,
119072000,
125074000,
120087000,
126454000,
121248000,
125461000,
117755000,
122372000,
125496000,
118282000,
122560000,
125985000,
119051000,
122288000,
126995000,
122021000,
126690000,
119856000,
124487000,
119222000,
123132000,
117261000,
121285000,
116108000,
121093000,
125938000,
119539000,
123990000,
116940000,
121481000,
126755000,
120874000,
126309000,
120372000,
125851000,
119243000,
123867000,
118187000,
123422000,
117171000,
122120000,
126422000,
120245000,
124217000,
117856000,
122489000,
116021000,
121041000,
125333000,
118944000,
123535000,
117834000,
122708000,
128005000,
122413000,
126682000,
120384000,
124430000,
118322000,
123321000,
118041000,
123877000,
128443000,
122222000,
127029000,
121504000,
125923000,
120408000,
125020000,
119878000,
124467000,
118013000,
122839000,
116824000,
122590000,
128089000,
122217000,
126920000,
121116000,
125809000,
120179000,
125811000,
120429000,
124658000,
119094000,
123833000,
117713000,
122800000,
116964000,
121739000,
126628000,
120776000,
126031000,
120946000,
125403000,
118829000,
124575000,
118052000,
122603000,
116784000,
122316000,
126903000,
121661000,
126629000,
120353000,
125307000,
120016000,
124564000,
119150000,
123370000,
117888000,
122864000,
127410000,
121241000,
126479000,
120610000,
126155000,
120454000,
125489000,
119131000,
123788000,
118284000,
122249000,
115612000,
121195000,
125569000,
120659000,
125759000,
119253000,
123805000,
117577000,
122187000,
127464000,
121806000,
125759000,
120248000,
124362000,
117812000,
123189000,
116848000,
122353000,
126882000,
120680000,
125497000,
119797000,
124920000,
118787000,
123724000,
128573000,
123216000,
127817000,
122505000,
127769000,
121245000,
126077000,
120409000,
125738000,
119663000,
124857000,
119071000,
122217000,
115637000,
121294000,
125547000,
120223000,
124634000,
119569000,
124139000,
118253000,
123027000,
116879000,
122579000,
127904000,
122173000,
126538000,
121240000,
126429000,
120468000,
125569000,
119057000,
123764000,
118083000,
122900000,
115782000,
120287000,
124414000,
118468000,
122596000,
116998000,
120950000,
125871000,
119593000,
124705000,
118121000,
122626000,
117432000,
123954000,
119859000,
124669000,
119341000,
114706000,
120900000,
127194000,
122595000,
127976000,
122328000,
116361000,
111112000,
114676000,
120173000,
125034000,
119316000,
124563000,
118287000,
122207000,
117059000,
120844000,
125527000,
119084000,
123381000,
116989000,
121727000,
126594000,
120730000,
125496000,
120333000,
125063000,
119381000,
123638000,
117771000,
122003000,
127177000,
121111000,
125983000,
119462000,
124747000,
119634000,
124159000,
118888000,
122596000,
126112000,
120420000,
124514000,
118277000,
122820000,
116605000,
122142000,
126863000,
120676000,
125135000,
119607000,
125071000,
118956000,
123677000,
117993000,
122769000,
127017000,
121291000,
125309000,
120015000,
124442000,
118694000,
124453000,
118445000,
123655000,
117574000,
122099000,
127044000,
121836000,
126284000,
119933000,
125161000,
118740000,
123512000,
117813000,
122658000,
127130000,
121534000,
127161000,
120865000,
125526000,
119124000,
123859000,
117830000,
122382000,
116621000,
121617000,
126073000,
120423000,
124931000,
118492000,
123343000,
117893000,
123027000,
127903000,
121608000,
127348000,
127801000,
122120000,
127653000,
121411000,
126613000,
121019000,
125848000,
120277000,
124484000,
118455000,
122215000,
116700000,
121078000,
125546000,
119491000,
124261000,
118144000,
122666000,
116775000,
122180000,
126483000,
120114000,
124836000,
118506000,
123222000,
117686000,
122415000,
126031000,
121343000,
126501000,
120558000,
125189000,
119385000,
124684000,
118303000,
122761000,
116614000,
121602000,
127087000,
120778000,
125307000,
119888000,
125028000,
119162000,
124301000,
118840000,
123621000,
117885000,
122892000,
127669000,
122171000,
126656000,
120683000,
125521000,
119329000,
123779000,
117543000,
122361000,
115943000,
119769000,
126137000,
120198000,
124910000,
119285000,
124762000,
119085000,
123891000,
117870000,
121880000,
127183000,
121178000,
126054000,
120207000,
125927000,
119919000,
124586000,
118880000,
123870000,
118766000,
123360000,
118757000,
122472000,
127094000,
121363000,
125534000,
120016000,
123082000,
118193000,
122705000,
116773000,
121216000,
126175000,
119722000,
124997000,
118918000,
123858000,
117655000,
122683000,
118209000,
124093000,
119484000,
124584000,
119504000,
126132000,
120202000,
115110000,
120878000,
116107000,
121950000,
117253000,
123978000,
118913000,
124538000,
120081000,
125979000,
120110000,
125583000,
119575000,
124382000,
118561000,
123734000,
117892000,
122146000,
115703000,
120830000,
125674000,
120037000,
124803000,
118906000,
123385000,
117902000,
122366000,
126792000,
120965000,
126142000,
120833000,
125666000,
120184000,
124977000,
119316000,
125096000,
119243000,
122826000,
117198000,
121421000,
114949000,
119710000,
124825000,
118690000,
124029000,
117753000,
123011000,
116975000,
122104000,
126929000,
120406000,
124711000,
119232000,
123875000,
117767000,
122761000,
128201000,
120936000,
126546000,
120637000,
125834000,
119952000,
125751000,
119831000,
125589000,
119069000,
123939000,
118311000,
122864000,
116965000,
122042000,
126872000,
121678000,
125400000,
119814000,
124364000,
118884000,
123402000,
117651000,
122213000,
116804000,
120936000,
124844000,
118942000,
122727000,
117676000,
122986000,
127513000,
121960000,
126777000,
121173000,
126723000,
121259000,
124834000,
119161000,
122813000,
116847000,
121707000,
126657000,
121248000,
126104000,
121216000,
126097000,
120463000,
125245000,
119581000,
123666000,
118205000,
122753000,
116727000,
121332000,
126088000,
121120000,
125519000,
119545000,
124396000,
119095000,
123306000,
116788000,
122700000,
127756000,
121761000,
126810000,
120524000,
125800000,
120207000,
124398000,
118081000,
122870000,
115711000,
121099000,
126163000,
120335000,
125598000,
119887000,
124956000,
118684000,
123148000,
116984000,
121160000,
114872000,
119666000,
125011000,
118991000,
123808000,
118170000,
122396000,
116661000,
121549000,
126156000,
120588000,
125797000,
121152000,
127239000,
121982000,
127615000,
121218000,
116550000,
120873000,
125990000,
119830000,
125341000,
119497000,
125739000,
120988000,
116206000,
122296000,
117791000,
123069000,
116904000,
122429000,
116760000,
121324000,
127245000,
121525000,
126794000,
120965000,
125474000,
120285000,
124942000,
118892000,
124706000,
119505000,
123485000,
117900000,
122963000,
128103000,
122278000,
126932000,
121383000,
126144000,
120964000,
125514000,
120575000,
123824000,
117643000,
122208000,
116235000,
120155000,
125523000,
119913000,
124408000,
118280000,
124048000,
118941000,
124995000,
120260000,
125005000,
120587000,
116402000,
122678000,
118297000,
124799000,
120213000,
125014000,
120080000,
115031000,
120670000,
114865000,
121022000,
126173000,
120332000,
125036000,
118804000,
123676000,
117577000,
121186000,
125573000,
120684000,
125953000,
120182000,
125367000,
119279000,
125038000,
119475000,
124904000,
119027000,
123489000,
117459000,
122031000,
116182000,
121327000,
125562000,
119856000,
124314000,
118605000,
123315000,
124261000,
118237000,
122711000,
116773000,
121122000,
125758000,
120216000,
124838000,
119078000,
123677000,
118064000,
122536000,
116936000,
120964000,
125573000,
119928000,
124854000,
118822000,
123211000,
117720000,
122722000,
116720000,
121513000,
125503000,
119830000,
125914000,
120078000,
124613000,
119242000,
123968000,
129118000,
123157000,
117894000,
122313000,
126969000,
121449000,
127113000,
121000000,
126276000,
120333000,
125270000,
119614000,
124691000,
118475000,
122967000,
117001000,
122756000,
128081000,
122353000,
126948000,
121471000,
126528000,
121380000,
126977000,
120704000,
125526000,
119699000,
124863000,
119158000,
123763000,
117711000,
122462000,
127435000,
121557000,
126371000,
121129000,
125733000,
119492000,
124051000,
118275000,
122772000,
116976000,
122176000,
126524000,
120321000,
125231000,
119941000,
125592000,
119836000,
124031000,
118243000,
122185000,
117108000,
121073000,
126328000,
119940000,
124457000,
118047000,
122468000,
115840000,
120154000,
124562000,
119013000,
123537000,
117816000,
122309000,
126746000,
121056000,
125581000,
119518000,
124314000,
119109000,
124403000,
118071000,
122247000,
115585000,
120601000,
126042000,
120628000,
125439000,
119969000,
125617000,
119153000,
123588000,
117890000,
122834000,
127407000,
121791000,
125622000,
119413000,
123883000,
118363000,
122139000,
115811000,
120657000,
125601000,
119492000,
123745000,
117545000,
122053000,
116773000,
121244000,
125899000,
120879000,
125417000,
119852000,
124412000,
118171000,
122240000,
116887000,
121526000,
126926000,
121007000,
125535000,
119091000,
123463000,
117909000,
122003000,
115883000,
120938000,
125729000,
120081000,
124397000,
118116000,
123004000,
116778000,
121378000,
126466000,
120905000,
125455000,
120427000,
125731000,
120118000,
124587000,
118271000,
123042000,
116580000,
121735000,
126022000,
119972000,
125195000,
120038000,
126251000,
120066000,
124475000,
118894000,
125187000,
120420000,
125773000,
120579000,
115790000,
121389000,
115870000,
122351000,
117995000,
123160000,
117127000,
121791000,
115796000,
120163000,
125373000,
119725000,
124006000,
118088000,
122391000,
116781000,
121135000,
125942000,
119694000,
124329000,
117977000,
121690000,
115786000,
119769000,
125708000,
120085000,
124812000,
119349000,
124584000,
119132000,
123428000,
117425000,
121924000,
115862000,
120400000,
125844000,
120486000,
125378000,
121129000,
125912000,
119400000,
123687000,
117651000,
122351000,
116884000,
121266000,
126497000,
120960000,
125869000,
119870000,
125819000,
120892000,
124875000,
119090000,
123204000,
117014000,
121801000,
114972000,
119970000,
124718000,
119248000,
123440000,
118532000,
122786000,
116381000,
121623000,
126626000,
120445000,
125311000,
119692000,
124983000,
119118000,
123990000,
118326000,
123225000,
117041000,
121693000,
126083000,
120389000,
126021000,
120036000,
123994000,
118469000,
122592000,
117057000,
121785000,
126999000,
121486000,
126797000,
120839000,
125404000,
119107000,
123579000,
117863000,
122926000,
127656000,
121729000,
127291000,
121744000,
127746000,
121249000,
126118000,
120368000,
124907000,
119740000,
124611000,
119365000,
124447000,
118954000,
123363000,
118386000,
122735000,
116869000,
121265000,
125616000,
119761000,
124686000,
119162000,
124440000,
119371000,
123619000,
117047000,
121904000,
126593000,
120397000,
124872000,
119580000,
124936000,
119218000,
124688000,
118181000,
122297000,
115935000,
121584000,
126382000,
120204000,
124663000,
119542000,
124939000,
119259000,
124840000,
118595000,
122896000,
116919000,
121517000,
126252000,
120979000,
125556000,
120054000,
125060000,
119870000,
124943000,
118736000,
123992000,
117860000,
122432000,
127566000,
118257000,
123904000,
117756000,
122380000,
127201000,
121278000,
125880000,
119266000,
124477000,
118881000,
123584000,
117930000,
122923000,
116705000,
122125000,
127104000,
121469000,
125666000,
119282000,
124702000,
118276000,
122701000,
116696000,
122006000,
126123000,
119950000,
124229000,
119427000,
123842000,
117933000,
121816000,
126645000,
120518000,
125164000,
118893000,
123574000,
118101000,
123859000,
119309000,
125231000,
120138000,
127025000,
121581000,
116464000,
121477000,
116947000,
122230000,
117130000,
123730000,
118830000,
125664000,
120905000,
126686000,
120639000,
125601000,
119792000,
124493000,
118655000,
123195000,
116750000,
121629000,
127039000,
121057000,
125487000,
119934000,
124280000,
119004000,
123569000,
117863000,
121786000,
126499000,
120929000,
125779000,
119835000,
124804000,
119375000,
124859000,
119358000,
123712000,
118025000,
122707000,
117832000,
122020000,
126217000,
119748000,
124793000,
119440000,
124728000,
119310000,
123865000,
117725000,
122514000,
116839000,
121678000,
125761000,
120097000,
124692000,
118294000,
123092000,
117098000,
122420000,
127289000,
122345000,
127436000,
121541000,
126048000,
120158000,
125953000,
119806000,
124751000,
119158000,
124158000,
117895000,
122099000,
127367000,
120912000,
125875000,
120069000,
124753000,
118931000,
123857000,
117764000,
122698000,
116986000,
121316000,
126607000,
121769000,
125708000,
119687000,
124062000,
118627000,
122321000,
117010000,
120658000,
126897000,
121041000,
125545000,
120203000,
125740000,
120037000,
124659000,
118062000,
123140000,
117034000,
122294000,
127086000,
121093000,
125820000,
120043000,
125524000,
120254000,
123919000,
118479000,
122208000,
116807000,
120788000,
125817000,
119949000,
124158000,
118026000,
122860000,
116977000,
121623000,
126979000,
122017000,
126403000,
121145000,
125442000,
120602000,
124060000,
118512000,
122202000,
115719000,
120096000,
124060000,
117955000,
121943000,
115972000,
120904000,
125720000,
119298000,
123951000,
117790000,
122271000,
116815000,
121461000,
125983000,
119474000,
124150000,
118270000,
122984000,
116883000,
122140000,
126674000,
120586000,
125406000,
120009000,
124951000,
119083000,
123727000,
118434000,
122038000,
115833000,
121807000,
126691000,
120943000,
125813000,
119404000,
124723000,
119277000,
123378000,
117198000,
121224000,
115197000,
120438000,
125556000,
119935000,
125141000,
118707000,
123418000,
117835000,
122476000,
127516000,
122254000,
126561000,
121167000,
125946000,
120813000,
126029000,
121169000,
125376000,
119138000,
123976000,
118918000,
123669000,
118708000,
123558000,
118990000,
124274000,
119321000,
124321000,
119429000,
124673000,
118996000,
114047000,
119649000,
114508000,
119785000,
115249000,
121027000,
115830000,
121837000,
118105000,
123756000,
119183000,
124486000,
118070000,
122664000,
116715000,
122258000,
126539000,
120309000,
124461000,
118710000,
123386000,
117834000,
122155000,
115754000,
120642000,
125468000,
120240000,
124789000,
119165000,
124467000,
119185000,
123866000,
118156000,
122667000,
116836000,
122269000,
127912000,
121537000,
126936000,
120848000,
126823000,
120578000,
125269000,
119893000,
124631000,
118088000,
122432000,
116743000,
121802000,
125483000,
119805000,
123870000,
118526000,
122447000,
116810000,
120570000,
124938000,
118664000,
122880000,
116858000,
121728000,
115939000,
121294000,
125395000,
119795000,
124315000,
118462000,
122681000,
116902000,
122118000,
127030000,
120917000,
125761000,
120255000,
124996000,
119436000,
124978000,
119364000,
124132000,
118238000,
122454000,
115925000,
121959000,
125953000,
120099000,
124530000,
118767000,
123667000,
117447000,
121675000,
126811000,
120686000,
125728000,
119294000,
123493000,
117955000,
122986000,
116760000,
121428000,
126823000,
120876000,
125533000,
119526000,
124475000,
118496000,
123243000,
117398000,
122095000,
127134000,
121257000,
126331000,
119966000,
125791000,
120295000,
124698000,
118718000,
123599000,
127498000,
117541000,
121820000,
126776000,
120702000,
125459000,
119742000,
124716000,
118906000,
123974000,
118523000,
122965000,
117081000,
122383000,
127296000,
121220000,
127018000,
120634000,
125772000,
119956000,
125069000,
119912000,
124324000,
118559000,
122968000,
116135000,
121152000,
125622000,
119958000,
124873000,
119330000,
124023000,
118300000,
123201000,
116797000,
122256000,
127234000,
121596000,
125403000,
119351000,
123767000,
118497000,
123080000,
116856000,
122234000,
127103000,
121159000,
125961000,
119971000,
124366000,
119115000,
123639000,
117191000,
121389000,
114852000,
119381000,
125040000,
119045000,
122699000,
118062000,
122746000,
136675000,
130160000,
124611000,
118904000,
124730000,
118976000,
123059000,
116878000,
121094000,
126240000,
121190000,
126054000,
120379000,
125224000,
118842000,
123710000,
118066000,
123101000,
117187000,
122611000,
116570000,
122544000,
117631000,
122657000,
117895000,
124561000,
119780000,
125691000,
120198000,
115177000,
120705000,
116336000,
122562000,
117520000,
123265000,
118002000,
123097000,
116825000,
121475000,
126464000,
121215000,
125561000,
120169000,
124887000,
119605000,
125081000,
119124000,
123947000,
117902000,
122267000,
126790000,
121312000,
126215000,
120636000,
126009000,
119797000,
124903000,
118825000,
124001000,
118008000,
122409000,
127795000,
120277000,
125212000,
119323000,
123820000,
118313000,
122424000,
116892000,
122298000,
127746000,
121759000,
126562000,
121783000,
126446000,
120730000,
124336000,
118548000,
123488000,
118150000,
121920000,
127504000,
121695000,
126389000,
120556000,
125336000,
119221000,
124003000,
118972000,
123466000,
117124000,
121367000,
114918000,
118776000,
123568000,
117988000,
122304000,
126776000,
120343000,
125398000,
119563000,
123690000,
117516000,
122407000,
116921000,
122003000,
127658000,
121350000,
126560000,
121716000,
125796000,
120380000,
125301000,
119991000,
125644000,
119267000,
123807000,
117412000,
122556000,
115963000,
120213000,
124767000,
119584000,
125071000,
119129000,
123877000,
118521000,
123135000,
116922000,
122229000,
126894000,
121092000,
125760000,
120075000,
125124000,
119590000,
124567000,
119283000,
123807000,
117851000,
122302000,
116149000,
120911000,
125958000,
119960000,
125652000,
119899000,
124818000,
119043000,
123256000,
117797000,
122963000,
127263000,
121806000,
125865000,
120394000,
124351000,
118467000,
123695000,
118473000,
122786000,
116796000,
121082000,
125735000,
120417000,
125907000,
119849000,
125557000,
119288000,
123622000,
118541000,
121768000,
115807000,
120208000,
126064000,
120283000,
125261000,
120274000,
124769000,
119639000,
124260000,
118248000,
123128000,
116988000,
122021000,
127034000,
121959000,
126418000,
120184000,
124579000,
118890000,
123911000,
117309000,
121503000,
115840000,
120707000,
125706000,
120190000,
124808000,
119152000,
124640000,
118325000,
123254000,
118041000,
122498000,
128236000,
123087000,
128958000,
122088000,
117685000,
122509000,
118070000,
124019000,
119139000,
124997000,
119795000,
125845000,
120873000,
115858000,
121290000,
116400000,
122645000,
117739000,
123808000,
119677000,
125634000,
120107000,
124794000,
118635000,
123093000,
117015000,
121621000,
126643000,
120763000,
126722000,
120210000,
124873000,
118647000,
122562000,
116802000,
121593000,
126869000,
120868000,
125280000,
119235000,
124080000,
118369000,
123055000,
116851000,
121718000,
125863000,
120536000,
124178000,
119163000,
122673000,
116993000,
122283000,
127499000,
121503000,
126557000,
120733000,
125748000,
120266000,
124980000,
118368000,
123091000,
116871000,
120873000,
125879000,
120579000,
125120000,
119650000,
125276000,
119303000,
123723000,
118394000,
122893000,
116971000,
121415000,
125526000,
119271000,
124265000,
117962000,
122468000,
126739000,
121036000,
126104000,
120149000,
124889000,
119128000,
124253000,
117917000,
122895000,
128038000,
122759000,
127348000,
121081000,
125866000,
119781000,
122208000,
126919000,
121214000,
125656000,
119178000,
124026000,
118293000,
122508000,
116853000,
121725000,
126481000,
120437000,
125314000,
118864000,
123403000,
117997000,
122246000,
116986000,
121324000,
126325000,
120744000,
126063000,
120191000,
125490000,
120361000,
125851000,
119991000,
125657000,
118906000,
122657000,
129082000,
123807000,
118513000,
123037000,
118014000,
121841000,
126271000,
120641000,
125365000,
119473000,
124150000,
118390000,
123201000,
116900000,
120924000,
126987000,
121573000,
125840000,
120541000,
125843000,
120426000,
124955000,
119267000,
123072000,
117643000,
121232000,
116109000,
121079000,
125373000,
119027000,
123929000,
117940000,
122738000,
117168000,
121204000,
125799000,
120252000,
125040000,
119244000,
123179000,
118011000,
122370000,
117090000,
121160000,
126427000,
119795000,
124768000,
118422000,
123553000,
116848000,
121594000,
126427000,
120517000,
125656000,
120101000,
124895000,
119246000,
123282000,
116921000,
121761000,
116126000,
121019000,
124876000,
118650000,
123509000,
117192000,
122358000,
116922000,
121550000,
127087000,
121020000,
125297000,
119541000,
123991000,
117869000,
123161000,
128619000,
123066000,
127505000,
121239000,
126083000,
121075000,
127192000,
120231000,
114213000,
119507000,
114758000,
120744000,
116196000,
122113000,
117540000,
122002000,
117774000,
123409000,
117457000,
124454000,
119199000,
124759000,
120441000,
126315000,
121515000,
126190000,
120181000,
124455000,
118839000,
123765000,
118530000,
122878000,
116793000,
121129000,
126437000,
120850000,
126358000,
120301000,
125183000,
119542000,
124329000,
119082000,
124166000,
119072000,
122947000,
116773000,
121311000,
115920000,
119954000,
124461000,
118282000,
123252000,
117846000,
122294000,
126828000,
120956000,
125135000,
118158000,
122691000,
117056000,
121970000,
127435000,
121221000,
126629000,
120974000,
125580000,
120645000,
124603000,
119716000,
123773000,
118106000,
122846000,
116823000,
121615000,
125592000,
118853000,
123677000,
118091000,
122958000,
116997000,
122069000,
126878000,
121500000,
127348000,
121043000,
125693000,
119190000,
123543000,
118029000,
123270000,
127383000,
121224000,
126188000,
120415000,
125168000,
119145000,
123836000,
118060000,
133894000,
127818000,
122321000,
126810000,
120223000,
124797000,
119030000,
124505000,
117942000,
122680000,
116800000,
121371000,
125920000,
120528000,
124564000,
119054000,
124696000,
118935000,
124181000,
117826000,
122265000,
126400000,
119992000,
124785000,
119307000,
123036000,
117138000,
121846000,
117101000,
120589000,
124996000,
119436000,
123214000,
116982000,
122259000,
126963000,
121907000,
126488000,
120453000,
125553000,
119252000,
123494000,
117886000,
122115000,
116986000,
121861000,
127668000,
121423000,
126320000,
120955000,
125942000,
119304000,
124008000,
118325000,
122405000,
115853000,
119793000,
124290000,
118847000,
123358000,
118461000,
123104000,
116978000,
122645000,
127177000,
121015000,
126007000,
120075000,
124745000,
119706000,
123940000,
118743000,
122487000,
116317000,
121063000,
125769000,
120788000,
125156000,
119896000,
124844000,
119016000,
124413000,
118335000,
122775000,
116789000,
121701000,
127223000,
121357000,
126062000,
121168000,
125873000,
120291000,
124637000,
119080000,
123393000,
117241000,
122310000,
116964000,
120965000,
125852000,
120647000,
125166000,
119141000,
124003000,
118477000,
123457000,
117005000,
122054000,
126688000,
120773000,
126778000,
120798000,
116013000,
121797000,
117646000,
123479000,
118715000,
124297000,
119603000,
126195000,
120426000,
115434000,
120170000,
114744000,
120575000,
116211000,
122285000,
117629000,
123137000,
117758000,
122813000,
128162000,
122447000,
127103000,
122004000,
125692000,
126432000,
120855000,
126038000,
120873000,
125476000,
119754000,
124643000,
118927000,
123381000,
117878000,
122376000,
116942000,
120478000,
125878000,
120276000,
125693000,
120208000,
124950000,
119242000,
123543000,
117304000,
121357000,
115747000,
120675000,
125823000,
120235000,
124550000,
118590000,
123316000,
117045000,
122397000,
127487000,
122037000,
127482000,
121408000,
126224000,
120237000,
124674000,
119486000,
124695000,
119198000,
123006000,
117745000,
122101000,
126525000,
120825000,
124719000,
118542000,
122888000,
117106000,
121178000,
125792000,
119747000,
124533000,
118344000,
122981000,
116847000,
122716000,
127254000,
121799000,
127114000,
120634000,
125183000,
118812000,
123323000,
116911000,
121446000,
125658000,
119911000,
124305000,
118516000,
121739000,
115924000,
120046000,
124196000,
119003000,
122998000,
117704000,
122270000,
127360000,
121341000,
127137000,
121037000,
126253000,
120276000,
124816000,
119100000,
124376000,
118605000,
123239000,
117033000,
121374000,
126292000,
120454000,
124374000,
119254000,
123792000,
117997000,
122409000,
116165000,
120612000,
124165000,
119396000,
123217000,
117164000,
121432000,
114856000,
119477000,
124178000,
119313000,
122980000,
116912000,
121634000,
127579000,
121124000,
125793000,
120236000,
124779000,
119409000,
124941000,
118672000,
123382000,
118084000,
122463000,
116793000,
122135000,
126516000,
120374000,
124560000,
118805000,
123566000,
116885000,
122093000,
126665000,
120798000,
125200000,
120253000,
125105000,
119400000,
123023000,
117877000,
122565000,
127406000,
121025000,
126552000,
120822000,
125592000,
119849000,
125454000,
120561000,
124266000,
118047000,
121799000,
116869000,
121095000,
126960000,
121362000,
126116000,
120105000,
125158000,
119304000,
124619000,
118871000,
123181000,
117001000,
121089000,
115791000,
120086000,
125666000,
120459000,
124844000,
118573000,
123297000,
117839000,
122941000,
127949000,
121070000,
115042000,
120740000,
116069000,
121684000,
116795000,
121857000,
116631000,
123351000,
118299000,
124222000,
119493000,
124465000,
119451000,
124928000,
120113000,
115235000,
120462000,
115096000,
120819000,
115932000,
120927000,
124978000,
118744000,
123150000,
117560000,
121261000,
115745000,
119795000,
124186000,
119374000,
123871000,
118916000,
123603000,
117599000,
122326000,
116827000,
121764000,
126654000,
120639000,
125490000,
119433000,
124006000,
118384000,
123010000,
116859000,
122196000,
126914000,
120693000,
125739000,
120302000,
125054000,
119263000,
124686000,
119166000,
123835000,
118226000,
122350000,
127322000,
121499000,
126396000,
121410000,
126046000,
120005000,
124994000,
119356000,
124543000,
118010000,
122714000,
116948000,
121413000,
126722000,
121242000,
125549000,
119883000,
124171000,
118522000,
123381000,
117977000,
122045000,
125991000,
120068000,
124832000,
119346000,
123391000,
117503000,
122309000,
115985000,
121278000,
125799000,
120211000,
124744000,
119221000,
123548000,
118457000,
123145000,
117805000,
121767000,
126473000,
120863000,
126132000,
120698000,
124973000,
118934000,
124696000,
119112000,
123110000,
117536000,
122198000,
116841000,
121728000,
126620000,
120773000,
126384000,
119777000,
124934000,
119288000,
123867000,
118244000,
122894000,
117007000,
122246000,
126815000,
120775000,
125494000,
119786000,
125614000,
119230000,
124055000,
118288000,
123915000,
118081000,
122579000,
126828000,
121160000,
125294000,
119500000,
125186000,
118835000,
123565000,
116861000,
122490000,
117039000,
121814000,
125982000,
119367000,
124205000,
117650000,
122422000,
116001000,
119883000,
125734000,
120407000,
125093000,
119813000,
125383000,
119082000,
123650000,
118451000,
123304000,
116949000,
121041000,
125228000,
119440000,
123977000,
118444000,
122910000,
117015000,
121655000,
126437000,
120088000,
124463000,
119075000,
124126000,
117798000,
123147000,
127907000,
121768000,
126352000,
120129000,
124203000,
118087000,
122173000,
115705000,
120346000,
124726000,
119238000,
123506000,
117737000,
122838000,
116872000,
122278000,
126747000,
120639000,
125495000,
120049000,
125139000,
119127000,
123732000,
118153000,
122405000,
117271000,
121827000,
116887000,
122724000,
126532000,
121721000,
117548000,
123034000,
117301000,
123338000,
118040000,
123676000,
119576000,
124506000,
119266000,
125045000,
120046000,
115024000,
120819000,
116333000,
121872000,
117598000,
123124000,
116759000,
122941000,
127619000,
122045000,
127211000,
121645000,
126342000,
120396000,
123894000,
118544000,
122382000,
116812000,
120752000,
125014000,
119043000,
123631000,
119227000,
124590000,
119664000,
124411000,
118326000,
122350000,
116863000,
122380000,
127041000,
122034000,
126475000,
119891000,
124474000,
118065000,
123211000,
117807000,
123264000,
127400000,
121820000,
125619000,
119627000,
124854000,
118910000,
125123000,
119679000,
124373000,
118820000,
123544000,
117457000,
121183000,
114836000,
119510000,
125374000,
119530000,
123998000,
118035000,
121835000,
115813000,
119772000,
124449000,
118795000,
123461000,
117276000,
121025000,
115715000,
120172000,
126326000,
120947000,
125718000,
120416000,
125508000,
119341000,
123651000,
117990000,
122805000,
116572000,
122263000,
126800000,
121881000,
125790000,
120370000,
124957000,
119108000,
124679000,
118840000,
123784000,
117735000,
121482000,
115779000,
120036000,
126039000,
120570000,
124756000,
119203000,
123732000,
118082000,
122747000,
127624000,
122049000,
127264000,
120865000,
125084000,
119676000,
124892000,
118865000,
123866000,
118252000,
122924000,
116755000,
120659000,
125306000,
119188000,
123204000,
116788000,
121980000,
127486000,
121372000,
125887000,
120419000,
124650000,
118219000,
122457000,
116825000,
121639000,
126348000,
120989000,
125867000,
120041000,
125450000,
120085000,
123992000,
117369000,
122094000,
116933000,
120658000,
125551000,
119737000,
125123000,
118894000,
122951000,
116858000,
121937000,
127570000,
122037000,
126996000,
120816000,
125463000,
120068000,
125608000,
120544000,
124824000,
118865000,
123672000,
117558000,
122472000,
116991000,
121900000,
125561000,
118910000,
124362000,
118809000,
122570000,
127538000,
122407000,
126600000,
120334000,
125596000,
119638000,
122827000,
117734000,
123000000,
127724000,
121153000,
126926000,
120405000,
125478000,
120234000,
124851000,
119096000,
123807000,
117854000,
122500000,
116929000,
122049000,
127359000,
121690000,
127691000,
121377000,
127804000,
121379000,
117013000,
124037000,
118680000,
124454000,
119664000,
126122000,
120788000,
126464000,
121516000,
116371000,
121993000,
116641000,
122388000,
118029000,
123289000,
119115000,
124059000,
119090000,
124316000,
119370000,
123529000,
118419000,
121489000,
115691000,
119868000,
125786000,
120054000,
124546000,
119557000,
124048000,
117713000,
123104000,
127230000,
122230000,
127130000,
121269000,
126305000,
120435000,
125217000,
119264000,
122860000,
118028000,
121668000,
127492000,
120887000,
125285000,
120233000,
124704000,
119080000,
123844000,
117624000,
122165000,
115761000,
121132000,
125422000,
119931000,
125266000,
119445000,
123323000,
117040000,
121970000,
125446000,
119850000,
125371000,
119215000,
123964000,
118427000,
123030000,
117125000,
122161000,
126056000,
120557000,
125513000,
120352000,
124960000,
118327000,
123842000,
117840000,
123078000,
127173000,
121329000,
126258000,
120491000,
124958000,
119428000,
123825000,
117942000,
122093000,
127072000,
120711000,
125506000,
119526000,
124604000,
119124000,
123208000,
117937000,
121544000,
126845000,
120587000,
126370000,
120517000,
124704000,
119338000,
123840000,
117980000,
122242000,
116089000,
120693000,
125186000,
119628000,
123379000,
117942000,
122739000,
127479000,
122297000,
126650000,
120623000,
125521000,
119472000,
124258000,
117701000,
122485000,
127936000,
121315000,
126087000,
120008000,
125093000,
119424000,
123126000,
117186000,
122052000,
115826000,
120591000,
125512000,
119812000,
124349000,
117731000,
121827000,
116013000,
120935000,
125464000,
119624000,
124743000,
118856000,
123360000,
117279000,
122381000,
116871000,
121756000,
126553000,
120162000,
125703000,
119025000,
123694000,
118158000,
122845000,
116744000,
121337000,
126665000,
120666000,
125112000,
119361000,
124668000,
118823000,
124868000,
119241000,
123357000,
117795000,
121508000,
115532000,
120345000,
124063000,
118634000,
122486000,
116029000,
120874000,
125706000,
120227000,
124900000,
120176000,
124229000,
119180000,
123427000,
118003000,
122037000,
115783000,
120584000,
125325000,
119094000,
124196000,
119148000,
123593000,
117153000,
121182000,
115806000,
119678000,
124495000,
119082000,
124768000,
118221000,
123130000,
117436000,
123210000,
118393000,
124659000,
119394000,
124586000,
119565000,
114948000,
120712000,
116506000,
122661000,
117616000,
123730000,
118462000,
123573000,
119151000,
124871000,
120113000,
126461000,
121655000,
126627000,
120095000,
125535000,
119545000,
124350000,
119188000,
123230000,
117263000,
121925000,
116019000,
120808000,
125366000,
120635000,
124513000,
119072000,
123381000,
116980000,
120820000,
126385000,
121049000,
125315000,
118815000,
123998000,
117848000,
122342000,
126947000,
121065000,
126389000,
120448000,
125509000,
120060000,
124432000,
118275000,
122424000,
116890000,
122066000,
126679000,
120247000,
125322000,
119544000,
124657000,
119243000,
123878000,
118076000,
121789000,
115679000,
120192000,
126248000,
120821000,
124997000,
118665000,
123101000,
117467000,
120635000,
114871000,
119337000,
123845000,
118166000,
122442000,
115909000,
121846000,
125770000,
119945000,
126014000,
119920000,
124800000,
119262000,
124603000,
118784000,
123600000,
117968000,
122754000,
127437000,
121295000,
125526000,
120110000,
125195000,
119361000,
125201000,
119516000,
124148000,
118157000,
122328000,
116587000,
121733000,
125911000,
120037000,
125417000,
119225000,
124242000,
118740000,
124458000,
118818000,
123249000,
117352000,
122180000,
115832000,
120879000,
125802000,
119726000,
124742000,
119747000,
124649000,
117766000,
122615000,
116025000,
120815000,
125489000,
119126000,
124258000,
117754000,
122230000,
127938000,
122237000,
126701000,
120810000,
125869000,
120450000,
125575000,
119917000,
124079000,
117682000,
122643000,
117381000,
121910000,
127149000,
122146000,
126031000,
120098000,
124881000,
117830000,
122020000,
116627000,
121057000,
126136000,
120019000,
125978000,
120676000,
124530000,
118762000,
123523000,
118775000,
123666000,
117182000,
122211000,
115677000,
120224000,
124239000,
118051000,
122147000,
115925000,
120621000,
123863000,
118720000,
123801000,
118291000,
122951000,
116958000,
121705000,
125703000,
120238000,
125844000,
120073000,
125920000,
119878000,
125676000,
119838000,
123786000,
119278000,
123896000,
117642000,
122928000,
117189000,
121741000,
117075000,
122044000,
117067000,
122328000,
118269000,
123404000,
118154000,
124005000,
119079000,
125206000,
120572000,
125583000,
120038000,
125308000,
118965000,
123721000,
116597000,
120947000,
125619000,
119409000,
124627000,
119786000,
124343000,
119906000,
124872000,
120312000,
124115000,
119134000,
114911000,
120761000,
126445000,
121291000,
116347000,
122890000,
118081000,
123144000,
118322000,
123327000,
119044000,
124522000,
119910000,
125506000,
120942000,
115922000,
122632000,
126795000,
121710000,
125852000,
120183000,
124782000,
119098000,
123425000,
118234000,
122795000,
116674000,
121328000,
126844000,
120778000,
125477000,
119621000,
124963000,
119254000,
124659000,
118941000,
124060000,
119187000,
123098000,
117499000,
122162000,
116519000,
120722000,
125527000,
119653000,
124865000,
118583000,
122850000,
116836000,
121209000,
126409000,
121777000,
125884000,
120456000,
125530000,
119657000,
124949000,
119056000,
123334000,
117213000,
121168000,
114686000,
120731000,
124930000,
119587000,
123992000,
118023000,
122577000,
116842000,
121405000,
125799000,
120258000,
124464000,
118274000,
122510000,
117061000,
120904000,
125268000,
119696000,
122705000,
116598000,
120953000,
125093000,
119026000,
122660000,
117921000,
122744000,
127533000,
121244000,
126289000,
119960000,
124121000,
118023000,
122400000,
116659000,
121397000,
126123000,
120726000,
125943000,
119725000,
124912000,
119017000,
124135000,
118864000,
123718000,
118405000,
122878000,
116850000,
121937000,
126679000,
120704000,
125573000,
120224000,
124565000,
119073000,
123556000,
117879000,
121415000,
115782000,
119990000,
125772000,
119936000,
124687000,
119438000,
123265000,
116604000,
122049000,
127084000,
121563000,
126878000,
121780000,
126358000,
119926000,
124461000,
118905000,
123571000,
117272000,
121528000,
116017000,
121032000,
126237000,
120115000,
124508000,
118936000,
122694000,
117000000,
121458000,
126862000,
121332000,
125733000,
119848000,
123765000,
118357000,
121945000,
116927000,
122155000,
126604000,
120926000,
125620000,
120295000,
124649000,
118957000,
123772000,
117835000,
122465000,
116970000,
121373000,
126260000,
120436000,
125551000,
120029000,
124568000,
118205000,
122470000,
117090000,
121558000,
125534000,
119182000,
124302000,
118542000,
123252000,
116898000,
122267000,
127437000,
120986000,
125432000,
119481000,
123870000,
118728000,
123277000,
117939000,
123072000,
117582000,
122179000,
126738000,
120822000,
125759000,
119474000,
125066000,
120935000,
125551000,
120699000,
126413000,
122147000,
116597000,
122199000,
116989000,
122886000,
118542000,
124186000,
119614000,
125281000,
120655000,
125923000,
120747000,
115790000,
121424000,
116074000,
121672000,
116704000,
120848000,
125945000,
119718000,
124790000,
119413000,
124018000,
118460000,
123153000,
116964000,
120976000,
126932000,
121706000,
125027000,
120748000,
125722000,
119890000,
124281000,
117945000,
122553000,
115718000,
121008000,
125939000,
119902000,
124258000,
118707000,
123541000,
118085000,
122842000,
117077000,
121734000,
125771000,
120188000,
125025000,
119394000,
124628000,
118687000,
123104000,
116962000,
121569000,
126375000,
120129000,
125422000,
119590000,
122908000,
116612000,
121850000,
127638000,
122252000,
126532000,
120483000,
125183000,
119480000,
124308000,
118566000,
123596000,
118821000,
123790000,
128484000,
122196000,
126610000,
120259000,
124681000,
118774000,
123530000,
128749000,
122436000,
115833000,
120170000,
126015000,
120131000,
125066000,
119496000,
124839000,
118702000,
123773000,
117678000,
122438000,
115769000,
120940000,
125437000,
119276000,
124430000,
119058000,
123914000,
118273000,
122312000,
116760000,
122815000,
127679000,
121511000,
126284000,
120981000,
124900000,
119805000,
124469000,
117869000,
122570000,
116507000,
121380000,
125919000,
120004000,
124393000,
118156000,
122302000,
116948000,
120859000,
125500000,
119798000,
124787000,
119385000,
124524000,
119442000,
123034000,
117021000,
120979000,
114954000,
119796000,
124716000,
118832000,
123568000,
118123000,
122758000,
116832000,
122178000,
126523000,
121167000,
125202000,
120079000,
124283000,
118895000,
123564000,
117019000,
121844000,
115938000,
120676000,
125480000,
118845000,
123379000,
117934000,
122748000,
115841000,
120753000,
124951000,
119728000,
124817000,
119122000,
123576000,
117843000,
122810000,
117880000,
121695000,
126466000,
120341000,
125767000,
120040000,
124681000,
118753000,
123558000,
117193000,
121627000,
116005000,
121230000,
125627000,
120304000,
124600000,
119124000,
124865000,
119508000,
123046000,
117602000,
122314000,
128136000,
122307000,
126966000,
120863000,
126341000,
119850000,
124470000,
118198000,
122776000,
117379000,
121619000,
115748000,
121677000,
126518000,
121431000,
117438000,
123586000,
119538000,
124283000,
119306000,
125642000,
120568000,
125832000,
120951000,
115054000,
121736000,
117444000,
123202000,
118419000,
124098000,
119995000,
125636000,
120088000,
124249000,
118160000,
122870000,
116900000,
122798000,
127000000,
121353000,
125951000,
120352000,
124381000,
118496000,
123592000,
118000000,
122595000,
127034000,
121372000,
126585000,
121380000,
125980000,
120998000,
126351000,
120327000,
124095000,
118625000,
122855000,
116870000,
121961000,
115883000,
120011000,
124271000,
118453000,
122373000,
115923000,
119998000,
124722000,
119305000,
123749000,
118458000,
122504000,
116666000,
121491000,
126823000,
120619000,
125648000,
119310000,
123951000,
117810000,
122676000,
116773000,
121275000,
126243000,
120234000,
124655000,
120250000,
124332000,
117789000,
123017000,
116575000,
121569000,
126634000,
120578000,
125715000,
120082000,
124501000,
119521000,
124746000,
119095000,
123659000,
117790000,
122284000,
116858000,
121476000,
125337000,
118865000,
124685000,
118947000,
123327000,
118124000,
122100000,
126858000,
121097000,
126133000,
120313000,
124324000,
118700000,
123552000,
118568000,
122885000,
116914000,
121267000,
126472000,
120761000,
125416000,
120338000,
124764000,
118948000,
122677000,
117585000,
122163000,
127605000,
121920000,
126490000,
120924000,
125473000,
119698000,
124749000,
118945000,
123511000,
117963000,
121970000,
115646000,
121593000,
126166000,
120162000,
125624000,
119119000,
123990000,
117629000,
122275000,
126724000,
121206000,
126140000,
120836000,
125559000,
119909000,
124743000,
119068000,
122994000,
117579000,
121512000,
115811000,
120988000,
126039000,
120422000,
125396000,
118909000,
124170000,
117732000,
122096000,
126629000,
120687000,
125741000,
120108000,
125149000,
119096000,
123366000,
118000000,
122648000,
127929000,
122027000,
126067000,
119922000,
124028000,
119094000,
122924000,
117129000,
121260000,
116010000,
120689000,
124716000,
119403000,
123597000,
118140000,
122803000,
127948000,
122173000,
126868000,
121578000,
127121000,
121859000,
126344000,
120092000,
124438000,
119618000,
123042000,
116745000,
121658000,
126808000,
121116000,
125165000,
118671000,
124723000,
119946000,
125469000,
120277000,
125811000,
120774000,
116090000,
121308000,
115728000,
121425000,
116444000,
123238000,
118226000,
124036000,
118875000,
124211000,
119360000,
124669000,
119251000,
