12854683000,
119705000,
96769000,
100995000,
106223000,
98743000,
103337000,
97658000,
101887000,
96324000,
101487000,
96245000,
101994000,
97389000,
103241000,
98453000,
93285000,
98463000,
93835000,
99596000,
94376000,
99859000,
94869000,
100624000,
95941000,
101396000,
96700000,
102814000,
97798000,
92206000,
86624000,
91684000,
97680000,
103908000,
98564000,
94316000,
88897000,
95036000,
100417000,
95176000,
100740000,
96449000,
101939000,
96196000,
102111000,
97576000,
102223000,
97960000,
103734000,
98897000,
94093000,
99728000,
94114000,
99753000,
95254000,
100722000,
95542000,
101023000,
96819000,
101873000,
96948000,
101838000,
106629000,
101911000,
96902000,
102566000,
97840000,
93817000,
100235000,
94397000,
89769000,
85869000,
80320000,
75753000,
80544000,
75026000,
91439000,
96554000,
91805000,
97382000,
103637000,
98927000,
93452000,
98841000,
93899000,
99004000,
93748000,
99548000,
93643000,
98813000,
94531000,
99564000,
94741000,
99832000,
94640000,
100207000,
105958000,
101634000,
96204000,
101385000,
95786000,
101199000,
95580000,
100592000,
95531000,
100837000,
94189000,
98413000,
92689000,
97080000,
102114000,
96666000,
100831000,
94492000,
99192000,
92772000,
97536000,
102313000,
97074000,
90920000,
84222000,
78024000,
71322000,
76627000,
80724000,
84456000,
88422000,
92256000,
97263000,
101618000,
95950000,
100344000,
93959000,
99286000,
103849000,
97680000,
102627000,
96480000,
101020000,
95975000,
100709000,
94793000,
99780000,
93236000,
87170000,
80876000,
74769000,
79014000,
72101000,
107875000,
112330000,
100941000,
97038000,
91136000,
108738000,
104384000,
99437000,
94753000,
100343000,
96032000,
101396000,
96316000,
102246000,
97151000,
102817000,
97543000,
92514000,
97976000,
92822000,
98142000,
93877000,
88502000,
93714000,
98791000,
93682000,
99319000,
94978000,
100886000,
95788000,
101371000,
96478000,
101942000,
97915000,
92793000,
98332000,
94070000,
88251000,
94011000,
98607000,
93900000,
99444000,
94881000,
100868000,
95641000,
101538000,
96838000,
102111000,
97632000,
92844000,
98275000,
94064000,
99465000,
94630000,
100055000,
95289000,
99782000,
95036000,
100370000,
95429000,
99246000,
94096000,
87671000,
104110000,
97909000,
102384000,
96802000,
101666000,
95814000,
99449000,
93219000,
98093000,
102277000,
96755000,
101233000,
96046000,
100251000,
94627000,
98835000,
103426000,
97661000,
102540000,
96864000,
101698000,
95856000,
100252000,
93903000,
99195000,
103729000,
97858000,
102675000,
96690000,
101223000,
95857000,
100723000,
94893000,
88977000,
82521000,
77144000,
81238000,
85195000,
100871000,
94414000,
98922000,
92815000,
97291000,
101785000,
96308000,
100009000,
94790000,
109760000,
104409000,
109967000,
105060000,
121286000,
116792000,
122153000,
117282000,
122684000,
117608000,
112992000,
107940000,
113991000,
119845000,
114927000,
121470000,
116234000,
122010000,
117105000,
122985000,
117936000,
123864000,
118238000,
123803000,
118158000,
113067000,
119178000,
113995000,
119569000,
114850000,
121167000,
116916000,
122387000,
117117000,
123168000,
118066000,
124263000,
119469000,
113974000,
110293000,
115155000,
120629000,
115725000,
132576000,
127693000,
122900000,
117779000,
124159000,
118480000,
114533000,
119536000,
115163000,
120791000,
116323000,
112659000,
117094000,
122372000,
117779000,
124377000,
118714000,
114991000,
109134000,
115019000,
109432000,
104201000,
99538000,
105566000,
99935000,
94320000,
110355000,
115741000,
121252000,
116312000,
111046000,
115941000,
121545000,
116632000,
122446000,
117317000,
122683000,
117523000,
112803000,
118705000,
114097000,
120186000,
115085000,
121186000,
116472000,
121802000,
117872000,
123835000,
118965000,
124598000,
119295000,
115058000,
123024000,
114993000,
120911000,
116276000,
121541000,
116781000,
123416000,
117356000,
123261000,
117676000,
113353000,
118954000,
114209000,
120011000,
115272000,
120808000,
116418000,
111030000,
116003000,
121066000,
116829000,
123003000,
117600000,
124137000,
119317000,
114265000,
120110000,
115294000,
121360000,
116299000,
132072000,
127960000,
122661000,
117107000,
123162000,
118038000,
123977000,
118027000,
113335000,
118783000,
114361000,
120152000,
117241000,
121705000,
116442000,
122562000,
117466000,
123954000,
117356000,
113019000,
118529000,
113305000,
118674000,
114002000,
119658000,
115117000,
120799000,
116364000,
121750000,
116686000,
123426000,
118813000,
124834000,
119632000,
114811000,
110149000,
115253000,
121462000,
116506000,
121526000,
116499000,
122781000,
118015000,
123527000,
118933000,
113922000,
119843000,
124713000,
118736000,
123555000,
117943000,
122650000,
117039000,
121691000,
115852000,
120517000,
114983000,
120989000,
125043000,
119372000,
123658000,
118082000,
122106000,
116662000,
109747000,
114946000,
120227000,
124368000,
118970000,
112968000,
118027000,
113261000,
116999000,
121466000,
116056000,
120709000,
124761000,
118945000,
123594000,
117849000,
112038000,
117011000,
111978000,
107429000,
113065000,
116871000,
121615000,
117118000,
121426000,
116201000,
120776000,
115026000,
119145000,
112999000,
107961000,
102985000,
97337000,
112584000,
106494000,
121733000,
114953000,
119177000,
114567000,
120305000,
114811000,
123122000,
116972000,
123054000,
118398000,
124459000,
118613000,
114004000,
119119000,
114618000,
109216000,
113981000,
119537000,
115191000,
120595000,
126437000,
121750000,
116605000,
122349000,
117903000,
123243000,
118366000,
125032000,
129934000,
123767000,
117960000,
113083000,
119187000,
113087000,
117956000,
111777000,
116232000,
110491000,
115156000,
119091000,
113007000,
118227000,
111910000,
105878000,
111186000,
104291000,
140441000,
113538000,
108595000,
113272000,
116861000,
121024000,
115641000,
119730000,
114387000,
118854000,
123283000,
116880000,
110588000,
114824000,
109236000,
113763000,
108158000,
123264000,
118148000,
122449000,
116983000,
121413000,
116057000,
110199000,
115009000,
120139000,
116027000,
118879000,
123932000,
118015000,
123827000,
117366000,
123557000,
117876000,
122475000,
116079000,
120408000,
115139000,
119930000,
124417000,
118702000,
112722000,
117876000,
122600000,
116837000,
121603000,
116098000,
120736000,
116037000,
121800000,
116789000,
122570000,
117988000,
123701000,
118602000,
114095000,
119457000,
115053000,
120065000,
115113000,
120454000,
115671000,
121353000,
116458000,
121698000,
116266000,
111472000,
116698000,
122558000,
117512000,
112982000,
118587000,
113993000,
119997000,
115230000,
121176000,
116062000,
121359000,
117032000,
122449000,
128344000,
123148000,
128925000,
123845000,
118686000,
113790000,
119384000,
113712000,
108871000,
114862000,
120614000,
115618000,
121897000,
116856000,
112113000,
107613000,
103338000,
98849000,
93930000,
100286000,
95174000,
89251000,
95024000,
110201000,
115171000,
110699000,
118882000,
122166000,
117524000,
123546000,
118491000,
112661000,
107575000,
113842000,
119086000,
124221000,
117990000,
113097000,
118521000,
114221000,
119482000,
114904000,
120413000,
115723000,
121342000,
116850000,
122982000,
118278000,
123950000,
118360000,
124992000,
120255000,
114895000,
120673000,
116850000,
122182000,
117277000,
124289000,
119469000,
114071000,
108957000,
103783000,
108999000,
113877000,
119737000,
113676000,
119194000,
114067000,
109025000,
114173000,
108742000,
114110000,
120975000,
115985000,
122062000,
117684000,
123613000,
118295000,
112847000,
118456000,
113124000,
107902000,
113696000,
119243000,
114576000,
120101000,
116056000,
121220000,
117887000,
122385000,
117396000,
123719000,
118575000,
114099000,
108970000,
104477000,
99049000,
94381000,
99783000,
94305000,
99623000,
94633000,
99840000,
94087000,
99570000,
94628000,
100287000,
95321000,
101596000,
96668000,
101869000,
96948000,
102323000,
97891000,
92912000,
98724000,
93010000,
98233000,
92886000,
109300000,
104357000,
108865000,
114106000,
109041000,
114829000,
120289000,
115915000,
121627000,
117116000,
122065000,
117766000,
123139000,
117691000,
122042000,
115980000,
110350000,
114859000,
108673000,
112326000,
106143000,
120720000,
115077000,
118973000,
123521000,
117946000,
121906000,
116108000,
120765000,
114980000,
119822000,
124269000,
119054000,
123190000,
118246000,
121980000,
115779000,
110391000,
115196000,
120054000,
124702000,
118916000,
112960000,
117111000,
110686000,
115231000,
109231000,
113892000,
118989000,
112754000,
118112000,
113175000,
117968000,
122708000,
116986000,
122854000,
117779000,
112897000,
107310000,
112112000,
116034000,
110748000,
116278000,
110875000,
116495000,
122857000,
118996000,
124859000,
118678000,
114252000,
119513000,
115202000,
120433000,
116135000,
121369000,
116787000,
122265000,
117556000,
123922000,
118346000,
114162000,
119615000,
114937000,
110164000,
115823000,
121449000,
116445000,
122436000,
117282000,
123747000,
118322000,
113902000,
119328000,
115035000,
120626000,
116060000,
121341000,
116661000,
111893000,
117275000,
112878000,
108894000,
104403000,
99697000,
94665000,
110121000,
104891000,
109611000,
114853000,
120927000,
116082000,
121391000,
116895000,
122796000,
117788000,
123577000,
118439000,
114037000,
119579000,
114488000,
109796000,
115053000,
120709000,
116256000,
110738000,
116497000,
122098000,
117612000,
123629000,
118575000,
113857000,
119803000,
115736000,
121222000,
116885000,
122408000,
117391000,
124013000,
118299000,
113104000,
107811000,
103811000,
97892000,
93240000,
99557000,
94470000,
100146000,
95369000,
100831000,
95870000,
100995000,
96183000,
101773000,
96433000,
101700000,
96943000,
102619000,
97594000,
93822000,
87955000,
104956000,
99344000,
94572000,
99752000,
95766000,
100883000,
94910000,
101008000,
97009000,
101801000,
97781000,
92642000,
98346000,
93338000,
98819000,
93862000,
99274000,
93740000,
99301000,
94238000,
99808000,
94381000,
99792000,
94542000,
99892000,
95152000,
100901000,
95890000,
101660000,
97007000,
102529000,
97198000,
92409000,
97774000,
92500000,
98060000,
93142000,
98847000,
93658000,
99004000,
94195000,
99746000,
94831000,
99323000,
95001000,
99980000,
95168000,
101113000,
95597000,
100840000,
96329000,
101383000,
96830000,
91276000,
96226000,
91567000,
97441000,
103325000,
99215000,
93652000,
98718000,
94021000,
98362000,
102847000,
96442000,
100981000,
95348000,
100291000,
94211000,
98459000,
102494000,
96440000,
101613000,
95386000,
99866000,
94357000,
98991000,
103495000,
97115000,
101404000,
95647000,
100299000,
94329000,
99251000,
103570000,
97588000,
91326000,
96042000,
100551000,
94107000,
99091000,
103232000,
96822000,
101122000,
95155000,
99289000,
92894000,
97668000,
102808000,
96823000,
101022000,
94796000,
99225000,
94643000,
100495000,
95954000,
101214000,
96234000,
101397000,
96913000,
103296000,
98752000,
93633000,
99460000,
94831000,
100483000,
95285000,
100543000,
95857000,
101456000,
96353000,
101651000,
96358000,
102494000,
97429000,
103207000,
98743000,
93596000,
98850000,
93658000,
99569000,
94646000,
100447000,
95421000,
100453000,
95791000,
101037000,
95591000,
101224000,
96472000,
101760000,
97862000,
104029000,
99466000,
94567000,
99824000,
96063000,
100851000,
96297000,
101609000,
96973000,
92406000,
97213000,
92225000,
97595000,
93765000,
99442000,
93883000,
100359000,
95350000,
90635000,
96647000,
101827000,
96747000,
92232000,
97575000,
93715000,
98811000,
94846000,
100750000,
97254000,
112592000,
118373000,
112990000,
118717000,
113971000,
119632000,
114774000,
120924000,
117974000,
122297000,
117046000,
122680000,
117271000,
113127000,
117594000,
124738000,
119389000,
115042000,
120459000,
115828000,
122041000,
116971000,
122447000,
116958000,
122351000,
117333000,
112741000,
118265000,
123937000,
119352000,
115186000,
120345000,
116174000,
121184000,
116341000,
123132000,
118537000,
124637000,
119033000,
113987000,
119477000,
115061000,
121225000,
116466000,
122499000,
117502000,
132995000,
128048000,
122781000,
117481000,
112879000,
118585000,
113968000,
119595000,
114859000,
119996000,
114984000,
121206000,
116877000,
122855000,
118379000,
124545000,
119123000,
113667000,
119595000,
114730000,
120521000,
114932000,
121663000,
116907000,
122313000,
117234000,
123554000,
118503000,
125456000,
119935000,
114375000,
108884000,
114938000,
120493000,
116101000,
120667000,
116033000,
121402000,
116905000,
122383000,
117829000,
123440000,
118613000,
114144000,
120013000,
115067000,
109812000,
116195000,
110748000,
116141000,
122905000,
118349000,
123945000,
120140000,
124113000,
118719000,
122732000,
117880000,
112149000,
115789000,
119960000,
113681000,
117885000,
111928000,
116721000,
121232000,
114885000,
119592000,
124154000,
118697000,
123476000,
118131000,
124002000,
116676000,
110941000,
136325000,
131110000,
124520000,
119997000,
113853000,
108368000,
112055000,
117039000,
111104000,
115576000,
110210000,
114939000,
118908000,
113029000,
117750000,
122015000,
116167000,
110066000,
104227000,
109857000,
114041000,
120209000,
115743000,
121541000,
116820000,
122193000,
117414000,
123162000,
118566000,
125050000,
119557000,
114708000,
110220000,
105298000,
100578000,
95414000,
101206000,
115822000,
110841000,
117212000,
113292000,
117886000,
112707000,
118016000,
113545000,
119063000,
113968000,
109601000,
114670000,
110565000,
114831000,
120545000,
115976000,
121587000,
117028000,
122302000,
117397000,
123110000,
118708000,
114003000,
109081000,
115106000,
110769000,
106241000,
101684000,
97099000,
102629000,
97809000,
93063000,
98903000,
93902000,
98787000,
94225000,
109806000,
114161000,
120250000,
115670000,
121989000,
117470000,
123928000,
118435000,
113606000,
119355000,
113939000,
120082000,
115023000,
120828000,
116166000,
121399000,
116515000,
122537000,
117998000,
123521000,
117723000,
113104000,
118899000,
114056000,
119797000,
115113000,
120591000,
115966000,
121252000,
116860000,
122623000,
116839000,
122718000,
117472000,
112541000,
108171000,
112784000,
107899000,
114077000,
119329000,
114987000,
120799000,
116175000,
111175000,
116841000,
122020000,
116889000,
122777000,
118593000,
125111000,
119852000,
114273000,
119750000,
115046000,
120521000,
115111000,
109961000,
115890000,
110839000,
106362000,
111864000,
107086000,
122857000,
118478000,
114050000,
119297000,
114672000,
120193000,
116001000,
121424000,
116874000,
112291000,
117264000,
122829000,
118752000,
124946000,
119145000,
114126000,
119357000,
114838000,
120422000,
115855000,
121401000,
116228000,
121171000,
116348000,
123200000,
118334000,
124599000,
119160000,
115048000,
110334000,
115051000,
120919000,
116079000,
121776000,
116567000,
112065000,
117319000,
123727000,
118794000,
113898000,
119241000,
115067000,
120727000,
115947000,
110982000,
116298000,
112051000,
117065000,
113077000,
117943000,
113036000,
118709000,
113710000,
119112000,
112787000,
117080000,
121693000,
115731000,
119522000,
113970000,
119076000,
123531000,
117975000,
123067000,
117016000,
110721000,
115927000,
120146000,
113599000,
117947000,
122671000,
116639000,
121169000,
116001000,
120124000,
124492000,
118712000,
123488000,
116894000,
121009000,
114828000,
119939000,
124057000,
118028000,
122501000,
116926000,
121831000,
115705000,
119956000,
113801000,
117750000,
111752000,
116777000,
121564000,
115722000,
120360000,
115809000,
122005000,
116824000,
122747000,
117372000,
111788000,
116841000,
112018000,
117170000,
112052000,
117377000,
113053000,
107797000,
113546000,
120043000,
114886000,
120383000,
116194000,
110889000,
116674000,
122372000,
117209000,
123045000,
117917000,
124667000,
119195000,
114125000,
108685000,
103550000,
108992000,
113661000,
119849000,
114698000,
120371000,
115806000,
122805000,
117333000,
123767000,
118374000,
114098000,
130186000,
125469000,
120322000,
116097000,
121419000,
116691000,
122481000,
117544000,
123785000,
118472000,
114159000,
108542000,
113018000,
118506000,
113804000,
119309000,
114811000,
120848000,
116057000,
110958000,
116941000,
122602000,
117694000,
124090000,
119096000,
113724000,
119406000,
114397000,
120013000,
114903000,
120643000,
115091000,
120990000,
116005000,
121849000,
116397000,
122131000,
117082000,
122748000,
117853000,
124459000,
119175000,
114144000,
108785000,
104732000,
109982000,
104943000,
120382000,
116136000,
121386000,
117058000,
122240000,
117140000,
123707000,
119341000,
114551000,
110010000,
104898000,
100063000,
95415000,
100892000,
96436000,
102071000,
97791000,
93577000,
99326000,
95131000,
100741000,
96770000,
102984000,
98763000,
94319000,
88862000,
84300000,
100012000,
95961000,
91314000,
106913000,
122998000,
117384000,
112071000,
108039000,
113906000,
108538000,
114057000,
108790000,
113956000,
108607000,
113722000,
109084000,
114881000,
109910000,
105454000,
101248000,
95990000,
101753000,
97310000,
102921000,
98194000,
93738000,
120416000,
94511000,
99715000,
94208000,
99860000,
95443000,
100835000,
95937000,
101648000,
96690000,
102319000,
97745000,
93002000,
99016000,
94789000,
100147000,
102841000,
90816000,
85408000,
80569000,
73305000,
79424000,
74600000,
80778000,
76129000,
80786000,
75401000,
70596000,
86755000,
92019000,
96581000,
101370000,
96393000,
91257000,
108110000,
103232000,
97944000,
93200000,
98636000,
93716000,
99430000,
94867000,
100357000,
94742000,
100560000,
105616000,
101643000,
98153000,
104424000,
100096000,
94917000,
110222000,
104979000,
120030000,
114931000,
120658000,
116052000,
110541000,
105504000,
111091000,
116972000,
122593000,
117544000,
124371000,
118868000,
114094000,
119916000,
115330000,
121141000,
116480000,
122259000,
117155000,
122885000,
118779000,
124827000,
119211000,
113606000,
110078000,
114565000,
109948000,
114923000,
120689000,
116271000,
121392000,
116404000,
122435000,
116933000,
111646000,
116782000,
111931000,
106401000,
111440000,
117005000,
112696000,
118326000,
124672000,
120049000,
114756000,
109883000,
114669000,
109860000,
116128000,
121558000,
116429000,
122108000,
117209000,
123432000,
119281000,
125636000,
119868000,
115472000,
110279000,
104921000,
110825000,
117256000,
111959000,
116683000,
111910000,
117388000,
123713000,
118581000,
113719000,
119339000,
114763000,
109314000,
114738000,
121702000,
116248000,
122362000,
117344000,
122803000,
117813000,
124055000,
118618000,
112561000,
107492000,
102212000,
97715000,
92821000,
97032000,
92263000,
98575000,
93275000,
98486000,
94478000,
100157000,
94786000,
88264000,
102081000,
107398000,
111924000,
116663000,
121021000,
115786000,
119881000,
124129000,
117934000,
122925000,
117605000,
122319000,
116582000,
121554000,
116199000,
120555000,
115203000,
108725000,
112940000,
116886000,
110537000,
104785000,
109700000,
114690000,
118706000,
123577000,
118227000,
122380000,
116638000,
121261000,
116008000,
119923000,
124981000,
118930000,
123723000,
117721000,
111900000,
115959000,
109583000,
113854000,
109582000,
116182000,
110802000,
116488000,
122400000,
117799000,
123829000,
118801000,
113966000,
119661000,
114934000,
120940000,
116171000,
110936000,
115943000,
121176000,
116952000,
111725000,
117113000,
111910000,
116598000,
111910000,
106543000,
111782000,
117769000,
112637000,
118412000,
124888000,
119110000,
114116000,
109675000,
115402000,
121882000,
117018000,
122278000,
117496000,
122699000,
117464000,
112762000,
118646000,
113949000,
129928000,
124824000,
119011000,
114027000,
119791000,
114875000,
122363000,
115448000,
121439000,
116289000,
120861000,
116375000,
122074000,
117223000,
123784000,
119674000,
125935000,
121288000,
116157000,
111714000,
107058000,
102351000,
97617000,
101529000,
96007000,
100370000,
94522000,
87795000,
102583000,
96350000,
100995000,
95213000,
99697000,
94254000,
99131000,
103295000,
97834000,
102460000,
96270000,
100290000,
94654000,
98634000,
103205000,
96917000,
101628000,
95805000,
100490000,
94180000,
87915000,
91725000,
85936000,
100823000,
95752000,
100468000,
94334000,
98424000,
102617000,
96755000,
101037000,
95734000,
100492000,
95741000,
100327000,
95250000,
100871000,
96690000,
102777000,
97132000,
92517000,
98980000,
95052000,
89514000,
94203000,
100091000,
95567000,
101305000,
96672000,
102176000,
97864000,
93491000,
99019000,
95003000,
99347000,
95029000,
100307000,
95542000,
100908000,
96081000,
101628000,
97357000,
103184000,
98542000,
94085000,
99086000,
94281000,
99897000,
95835000,
101300000,
96632000,
102056000,
97739000,
92702000,
98144000,
93914000,
98910000,
94507000,
100225000,
95108000,
100601000,
95427000,
100484000,
95297000,
100839000,
96684000,
101862000,
97421000,
91897000,
97039000,
92808000,
98060000,
93600000,
99143000,
94366000,
89220000,
83924000,
78302000,
74312000,
80200000,
75915000,
70643000,
66082000,
81822000,
97736000,
93163000,
98833000,
94223000,
100059000,
95870000,
101416000,
96112000,
101168000,
96467000,
101151000,
117133000,
111714000,
117163000,
123139000,
118312000,
124399000,
118874000,
114804000,
119846000,
115298000,
120549000,
115897000,
121305000,
116935000,
122105000,
117744000,
123927000,
119376000,
114731000,
110151000,
105078000,
100201000,
95636000,
100886000,
95976000,
100707000,
96258000,
102023000,
97512000,
103411000,
99489000,
94445000,
88884000,
84142000,
78473000,
74109000,
80607000,
75861000,
82147000,
77610000,
94156000,
100001000,
95226000,
100729000,
96937000,
102980000,
98683000,
94337000,
99960000,
95791000,
101294000,
96903000,
102912000,
98863000,
94440000,
99656000,
95677000,
101227000,
96412000,
101584000,
96553000,
101187000,
96511000,
102545000,
98295000,
94065000,
110087000,
115809000,
110668000,
116105000,
111124000,
116140000,
121350000,
116834000,
121974000,
116945000,
122513000,
116719000,
122874000,
117974000,
123831000,
119447000,
113919000,
108855000,
104084000,
109943000,
114800000,
109354000,
114566000,
109177000,
102689000,
107518000,
112117000,
116581000,
121065000,
115739000,
120463000,
115116000,
119022000,
113621000,
117892000,
121881000,
116639000,
110841000,
114806000,
119899000,
113920000,
118413000,
122715000,
116939000,
111589000,
115668000,
110187000,
114954000,
118575000,
123667000,
117810000,
122242000,
116829000,
121230000,
115670000,
119458000,
113726000,
108345000,
102246000,
96477000,
101613000,
96571000,
101938000,
96988000,
91760000,
96809000,
91497000,
96957000,
91703000,
96967000,
102799000,
118691000,
113639000,
119294000,
114642000,
120769000,
116022000,
122394000,
117162000,
122908000,
117728000,
124168000,
119711000,
114972000,
109735000,
104929000,
99518000,
95117000,
101530000,
97501000,
104492000,
99317000,
94582000,
99615000,
95079000,
100146000,
95475000,
101064000,
96941000,
92477000,
86932000,
81697000,
76725000,
72786000,
89377000,
95076000,
100128000,
95797000,
100924000,
96721000,
101835000,
97940000,
104450000,
99825000,
95055000,
100769000,
96529000,
101853000,
97316000,
92703000,
97886000,
94004000,
99015000,
94250000,
99737000,
95656000,
90426000,
84955000,
79998000,
75595000,
80598000,
75590000,
70426000,
85993000,
90729000,
85754000,
91054000,
95902000,
101290000,
97187000,
103294000,
98928000,
94858000,
100006000,
95194000,
101590000,
96139000,
102228000,
97577000,
103399000,
109131000,
104062000,
120242000,
115258000,
122027000,
116944000,
111864000,
116932000,
122660000,
118304000,
124293000,
119343000,
114668000,
120188000,
114856000,
120405000,
115797000,
121270000,
116171000,
122667000,
118446000,
124783000,
118869000,
114609000,
119466000,
114968000,
110171000,
114503000,
109645000,
115801000,
120934000,
116467000,
122116000,
117319000,
124051000,
119437000,
126148000,
120245000,
116103000,
121294000,
115806000,
110255000,
104913000,
100031000,
94650000,
100096000,
115200000,
111053000,
116021000,
121414000,
116843000,
122151000,
117043000,
122639000,
117142000,
111609000,
106587000,
111941000,
116561000,
111899000,
117572000,
123221000,
118536000,
113815000,
119716000,
114718000,
120878000,
116830000,
121356000,
116680000,
122228000,
117406000,
123178000,
118394000,
113976000,
119100000,
113715000,
108783000,
114038000,
109549000,
115932000,
110411000,
116846000,
111558000,
116140000,
120430000,
114684000,
119671000,
124206000,
118846000,
123646000,
117807000,
122372000,
116698000,
122093000,
116592000,
111744000,
115489000,
120308000,
115051000,
119677000,
113719000,
118494000,
112312000,
107440000,
111979000,
116536000,
121341000,
115881000,
119586000,
124303000,
118602000,
122891000,
116623000,
110895000,
115092000,
109285000,
113507000,
118478000,
123554000,
118940000,
114547000,
120065000,
114843000,
109769000,
115199000,
111157000,
116705000,
111995000,
116791000,
112089000,
117537000,
124044000,
119468000,
114091000,
108867000,
104460000,
99796000,
95241000,
100485000,
95736000,
101091000,
95934000,
101159000,
96434000,
102050000,
96843000,
102252000,
97850000,
92583000,
97963000,
93029000,
98570000,
93484000,
99186000,
93974000,
99784000,
94599000,
100226000,
94664000,
100537000,
95157000,
100746000,
96341000,
90463000,
85047000,
90024000,
95896000,
101684000,
96309000,
102184000,
97047000,
102011000,
97732000,
91999000,
97241000,
93127000,
98883000,
94152000,
99520000,
94031000,
99572000,
95037000,
100273000,
95644000,
101030000,
96270000,
102340000,
97181000,
102103000,
97783000,
92322000,
98163000,
92876000,
98603000,
93239000,
98543000,
93907000,
99203000,
93917000,
99724000,
94554000,
100210000,
94921000,
100775000,
95450000,
100886000,
95416000,
100522000,
95824000,
90602000,
95106000,
100857000,
95884000,
101489000,
96868000,
103256000,
98624000,
93656000,
98930000,
94203000,
99397000,
95357000,
100749000,
95587000,
100937000,
96589000,
101694000,
96226000,
90986000,
96633000,
103455000,
99421000,
93964000,
99492000,
95354000,
89847000,
95195000,
89817000,
84831000,
79907000,
75293000,
70597000,
76173000,
71581000,
99077000,
94290000,
99669000,
95078000,
100530000,
95194000,
101677000,
96196000,
101647000,
96521000,
102216000,
97947000,
93559000,
100073000,
95682000,
101316000,
97115000,
103942000,
98140000,
93087000,
97700000,
93574000,
88062000,
82884000,
77460000,
72707000,
78751000,
74196000,
79863000,
75461000,
81147000,
76014000,
71064000,
76688000,
71720000,
77667000,
72776000,
78416000,
73774000,
79047000,
74655000,
79582000,
75702000,
80714000,
75256000,
101814000,
96734000,
101454000,
95295000,
99714000,
93913000,
98206000,
102483000,
96751000,
101026000,
95275000,
99311000,
93570000,
98412000,
102458000,
96198000,
100518000,
94561000,
98936000,
92861000,
86501000,
101123000,
104851000,
99982000,
93208000,
97900000,
102174000,
96097000,
100210000,
93845000,
87889000,
91856000,
97094000,
100910000,
95275000,
99653000,
93134000,
108073000,
103387000,
97454000,
92326000,
97410000,
92646000,
98995000,
93732000,
98890000,
94117000,
99717000,
94571000,
99660000,
95510000,
100417000,
95277000,
100412000,
95463000,
101184000,
95991000,
101614000,
96242000,
102027000,
95888000,
91311000,
85222000,
101173000,
96684000,
102296000,
97529000,
93755000,
108837000,
103663000,
98123000,
103533000,
109253000,
114899000,
120688000,
116049000,
121894000,
117526000,
123927000,
119078000,
114364000,
109944000,
104826000,
99836000,
95560000,
101040000,
96857000,
102096000,
97488000,
91965000,
97875000,
93937000,
100366000,
95376000,
101588000,
96089000,
100930000,
96809000,
101981000,
96613000,
91367000,
98118000,
93830000,
120719000,
116038000,
121125000,
116554000,
121770000,
117145000,
122085000,
117283000,
113174000,
118607000,
125092000,
120490000,
116014000,
111315000,
105993000,
102004000,
97931000,
104213000,
99716000,
94709000,
100150000,
95920000,
101327000,
97234000,
102466000,
97603000,
92780000,
98672000,
93099000,
98750000,
94094000,
99680000,
94804000,
100351000,
95515000,
111442000,
105829000,
122794000,
117799000,
123749000,
118685000,
113846000,
108786000,
114048000,
109931000,
115872000,
121891000,
116487000,
122912000,
118503000,
124827000,
118896000,
114111000,
108834000,
125139000,
119854000,
115104000,
121063000,
116094000,
122452000,
117107000,
122400000,
117450000,
124260000,
118937000,
113930000,
108588000,
113829000,
119444000,
113892000,
108847000,
114660000,
109880000,
115348000,
121072000,
116868000,
122257000,
117861000,
123794000,
119377000,
113876000,
108624000,
104099000,
120116000,
115755000,
121094000,
115715000,
121434000,
116446000,
121386000,
116557000,
123013000,
117476000,
124004000,
118925000,
113839000,
120008000,
115060000,
120711000,
115993000,
121524000,
116974000,
123287000,
118552000,
124640000,
118910000,
112848000,
118771000,
123609000,
118196000,
122461000,
116821000,
121439000,
115881000,
120400000,
125132000,
119859000,
114243000,
117775000,
112233000,
116627000,
121366000,
116066000,
120605000,
115537000,
108955000,
103256000,
97209000,
101643000,
96637000,
101035000,
95204000,
99606000,
93885000,
98967000,
103709000,
97436000,
102452000,
96953000,
101541000,
95804000,
90441000,
84024000,
99252000,
93801000,
99129000,
95019000,
100635000,
96920000,
102570000,
97805000,
92517000,
98392000,
93567000,
100101000,
95811000,
101371000,
96834000,
103462000,
99068000,
94838000,
101343000,
96608000,
102523000,
97861000,
93729000,
99424000,
94977000,
100436000,
95760000,
102172000,
97092000,
102521000,
97782000,
93846000,
99945000,
95633000,
102058000,
97975000,
115097000,
110041000,
116151000,
121802000,
116370000,
123160000,
118260000,
124676000,
119373000,
114812000,
120985000,
115928000,
121472000,
116742000,
122272000,
117053000,
111924000,
106505000,
101581000,
96572000,
90780000,
106883000,
102015000,
97789000,
92886000,
98458000,
92998000,
98581000,
93846000,
99421000,
93867000,
100358000,
94892000,
101177000,
96287000,
101565000,
97624000,
103690000,
98472000,
94102000,
99985000,
95529000,
101247000,
95846000,
102189000,
97408000,
103579000,
99353000,
93865000,
88282000,
82694000,
87835000,
82925000,
77629000,
72994000,
78241000,
73441000,
79091000,
74308000,
80150000,
75274000,
90749000,
85796000,
101664000,
96192000,
101655000,
96787000,
103752000,
99255000,
94973000,
100427000,
95865000,
102512000,
98257000,
102622000,
97528000,
92871000,
98974000,
93967000,
99155000,
94112000,
99336000,
94800000,
99964000,
95231000,
100186000,
95346000,
100734000,
95740000,
101347000,
96460000,
102199000,
97615000,
92222000,
98144000,
94057000,
99447000,
95322000,
99879000,
95191000,
101589000,
97679000,
103755000,
99583000,
94958000,
101242000,
96733000,
103599000,
98659000,
94838000,
99852000,
95874000,
101165000,
97237000,
103677000,
98865000,
94012000,
99399000,
94978000,
100330000,
95083000,
100494000,
95729000,
101475000,
96891000,
102918000,
98542000,
93774000,
99129000,
93928000,
99488000,
94717000,
99525000,
94834000,
101340000,
96882000,
103574000,
98796000,
94655000,
100136000,
106707000,
102972000,
108231000,
102332000,
106711000,
101232000,
95878000,
100401000,
95953000,
99044000,
103496000,
97027000,
101757000,
96384000,
100974000,
95168000,
99941000,
93665000,
87725000,
91022000,
84944000,
88599000,
82836000,
97125000,
91078000,
84867000,
100471000,
93650000,
98089000,
101919000,
96235000,
101106000,
94760000,
99743000,
93805000,
98725000,
102620000,
96915000,
100785000,
95751000,
101249000,
95331000,
100976000,
96397000,
102281000,
98060000,
104919000,
100458000,
94984000,
100951000,
96118000,
100839000,
96256000,
101900000,
97630000,
103153000,
98595000,
93286000,
88223000,
82754000,
77746000,
71986000,
76940000,
72392000,
78015000,
73496000,
79148000,
74362000,
80525000,
75801000,
80807000,
85660000,
91013000,
96515000,
101385000,
96488000,
90532000,
85716000,
80203000,
75839000,
80922000,
75347000,
70661000,
76932000,
73132000,
88990000,
84063000,
100061000,
96076000,
100902000,
96875000,
103260000,
98762000,
94665000,
100491000,
95935000,
101344000,
96249000,
90930000,
86537000,
91300000,
96849000,
91709000,
97292000,
92109000,
97643000,
92982000,
98348000,
93831000,
99217000,
94264000,
99467000,
94617000,
99856000,
95052000,
100487000,
95320000,
89869000,
96152000,
101902000,
96327000,
101917000,
97580000,
103118000,
98786000,
93179000,
98962000,
93777000,
99583000,
94528000,
100164000,
96063000,
101459000,
96594000,
101893000,
97764000,
92654000,
98384000,
93199000,
98501000,
93849000,
99448000,
94714000,
100631000,
95687000,
101488000,
96656000,
101792000,
97794000,
92777000,
98177000,
94102000,
99424000,
94569000,
100462000,
95311000,
100535000,
95812000,
101014000,
96090000,
101674000,
96253000,
90591000,
85064000,
100959000,
96379000,
102336000,
97874000,
92945000,
98209000,
92969000,
98371000,
93920000,
99374000,
94697000,
100241000,
95766000,
101337000,
96302000,
90702000,
97279000,
102858000,
98533000,
93232000,
98650000,
93759000,
99043000,
93359000,
98866000,
94748000,
90017000,
94792000,
110803000,
106454000,
102160000,
96898000,
113198000,
119090000,
114092000,
119525000,
115067000,
120969000,
116183000,
121698000,
117067000,
122703000,
117981000,
123760000,
118653000,
114055000,
119760000,
125378000,
120050000,
124216000,
118307000,
123352000,
117628000,
122459000,
117638000,
111577000,
105445000,
109718000,
104006000,
98091000,
102966000,
98090000,
102679000,
96130000,
101467000,
95694000,
100208000,
94261000,
99051000,
115334000,
109606000,
103844000,
98134000,
92665000,
85732000,
90027000,
83490000,
77502000,
71878000,
77160000,
92301000,
97177000,
101472000,
95609000,
90243000,
94102000,
120333000,
115599000,
121370000,
127775000,
122616000,
117950000,
124107000,
118460000,
114410000,
119513000,
115147000,
119985000,
115551000,
110548000,
115571000,
121373000,
116090000,
111866000,
116806000,
122200000,
117165000,
123891000,
118685000,
114025000,
119259000,
114698000,
120558000,
115744000,
121400000,
116509000,
122407000,
117753000,
123757000,
118271000,
113792000,
119072000,
113860000,
119544000,
115036000,
120453000,
115868000,
121535000,
116276000,
121772000,
116927000,
122698000,
117802000,
123920000,
118859000,
114028000,
109859000,
104693000,
99924000,
95103000,
101256000,
96331000,
101026000,
96387000,
90966000,
85151000,
101294000,
96749000,
101352000,
96854000,
91226000,
119092000,
93197000,
98873000,
94439000,
100617000,
95402000,
101127000,
96191000,
90957000,
85625000,
80671000,
75649000,
69823000,
75864000,
81867000,
76654000,
70849000,
77079000,
72087000,
77366000,
72389000,
77987000,
73643000,
78957000,
74065000,
79760000,
75378000,
90631000,
85805000,
101752000,
96982000,
103541000,
99094000,
94843000,
100339000,
95049000,
100821000,
95811000,
111145000,
106307000,
111449000,
116675000,
122103000,
117910000,
123638000,
118128000,
114156000,
119480000,
115299000,
120534000,
115742000,
121266000,
116662000,
121721000,
117035000,
123265000,
117553000,
124482000,
119326000,
114978000,
110283000,
104838000,
100134000,
95511000,
100981000,
96862000,
103464000,
98851000,
93639000,
88743000,
83596000,
78345000,
73535000,
68936000,
64586000,
69349000,
76160000,
71551000,
86786000,
92926000,
98218000,
93435000,
98986000,
94482000,
99990000,
95368000,
100596000,
96196000,
112054000,
106579000,
102110000,
117628000,
112515000,
107753000,
114071000,
119469000,
115170000,
109737000,
114925000,
120616000,
115956000,
121845000,
117187000,
122501000,
118197000,
123686000,
118865000,
123392000,
117954000,
121930000,
116568000,
120922000,
114928000,
119790000,
124068000,
118663000,
123042000,
117823000,
121589000,
116095000,
120719000,
114461000,
108460000,
113101000,
107258000,
110715000,
114771000,
119469000,
113410000,
107363000,
101228000,
105538000,
109405000,
113827000,
118235000,
112942000,
117018000,
111637000,
116087000,
110717000,
114440000,
108446000,
112632000,
107876000,
123523000,
117982000,
113881000,
119322000,
114998000,
120372000,
115637000,
121262000,
116607000,
121687000,
117304000,
123805000,
119042000,
113969000,
109981000,
105047000,
100185000,
95540000,
101536000,
97683000,
102606000,
98101000,
93830000,
99413000,
94825000,
89693000,
84892000,
90222000,
84962000,
79601000,
75464000,
80462000,
75987000,
81863000,
77039000,
72242000,
77738000,
73251000,
89016000,
95235000,
100993000,
96730000,
102017000,
97495000,
92657000,
98323000,
93284000,
98849000,
94519000,
100124000,
95370000,
101263000,
96767000,
103538000,
99249000,
94175000,
100109000,
96214000,
100807000,
96199000,
101786000,
97791000,
92021000,
97682000,
103616000,
99123000,
94709000,
100112000,
95928000,
102075000,
97650000,
103404000,
98585000,
94675000,
100056000,
94698000,
99854000,
94771000,
99586000,
94384000,
90049000,
84887000,
79213000,
84764000,
101234000,
95903000,
101143000,
96344000,
101686000,
96374000,
101766000,
96820000,
101403000,
96828000,
91733000,
97441000,
92437000,
97845000,
93118000,
98451000,
93133000,
98405000,
93491000,
99072000,
93466000,
87563000,
93373000,
98670000,
93258000,
99854000,
94392000,
99924000,
95457000,
100675000,
95898000,
101499000,
96463000,
101829000,
96976000,
91474000,
96829000,
91338000,
97053000,
91906000,
96960000,
91722000,
98297000,
92474000,
98979000,
93960000,
99427000,
94553000,
100163000,
94672000,
100154000,
94731000,
100388000,
95482000,
100100000,
95707000,
100797000,
96342000,
102485000,
97274000,
102712000,
98569000,
93378000,
99080000,
94163000,
99328000,
94779000,
99603000,
94554000,
99959000,
95408000,
100785000,
95929000,
100981000,
96046000,
101495000,
95953000,
102425000,
97493000,
92911000,
88229000,
82960000,
88095000,
93575000,
98658000,
93626000,
98744000,
94104000,
97887000,
92028000,
97161000,
101129000,
94743000,
99244000,
92657000,
98138000,
102431000,
96403000,
100357000,
94382000,
99572000,
103958000,
98072000,
102763000,
96659000,
121744000,
116859000,
110935000,
114715000,
118827000,
112891000,
116739000,
110703000,
115784000,
120939000,
115079000,
119287000,
123788000,
117993000,
112414000,
116875000,
121108000,
114949000,
119783000,
124373000,
118947000,
124314000,
118950000,
124338000,
118440000,
113691000,
119171000,
114760000,
120249000,
115884000,
121136000,
116863000,
112086000,
127672000,
122386000,
117691000,
124029000,
118562000,
112850000,
108209000,
113598000,
119489000,
114130000,
119630000,
115387000,
120970000,
116213000,
121811000,
116664000,
122953000,
117488000,
123611000,
118102000,
113036000,
118149000,
113033000,
118465000,
114017000,
119572000,
114999000,
110103000,
105387000,
100577000,
95913000,
90877000,
96572000,
102345000,
96920000,
92659000,
98743000,
93647000,
99216000,
94121000,
99424000,
98903000,
99486000,
94686000,
99980000,
95156000,
100345000,
95137000,
100687000,
95101000,
100306000,
95638000,
101140000,
95859000,
101255000,
96841000,
101646000,
97046000,
102139000,
97446000,
92208000,
97775000,
92376000,
97702000,
92484000,
87446000,
82675000,
87717000,
93427000,
99596000,
94744000,
100161000,
94518000,
121385000,
95487000,
100727000,
95815000,
101198000,
96306000,
101966000,
97350000,
102518000,
97845000,
92864000,
97930000,
92318000,
86777000,
92666000,
97944000,
93359000,
99698000,
95322000,
100115000,
95121000,
100343000,
95454000,
100733000,
96057000,
101311000,
96737000,
102226000,
97772000,
92596000,
97840000,
93173000,
98764000,
93554000,
99069000,
93746000,
98776000,
94491000,
89694000,
94305000,
110616000,
106484000,
101786000,
96438000,
101804000,
97676000,
92284000,
107919000,
113835000,
119515000,
115034000,
120405000,
116143000,
121637000,
117289000,
122689000,
117513000,
123726000,
118928000,
113745000,
119514000,
114818000,
120103000,
115560000,
121553000,
116589000,
122683000,
117873000,
113118000,
118861000,
114029000,
119121000,
113718000,
119420000,
114937000,
120786000,
115771000,
121345000,
116712000,
122817000,
118145000,
124164000,
119192000,
113874000,
108592000,
104744000,
119003000,
114113000,
117987000,
112574000,
115708000,
110224000,
104688000,
98627000,
112984000,
106795000,
110941000,
114609000,
108323000,
112153000,
116539000,
110786000,
115458000,
119705000,
113908000,
117745000,
111958000,
117025000,
110575000,
115897000,
109881000,
114784000,
119797000,
124443000,
119069000,
123227000,
117669000,
122294000,
115731000,
120468000,
114696000,
119515000,
114948000,
120781000,
116097000,
121379000,
116735000,
122173000,
117418000,
112269000,
117130000,
123378000,
117659000,
124016000,
118211000,
113880000,
119353000,
114656000,
120332000,
115716000,
121130000,
116482000,
122309000,
116981000,
124031000,
118629000,
114124000,
120124000,
115632000,
121546000,
117052000,
122442000,
118104000,
123665000,
119223000,
114578000,
110070000,
105152000,
100141000,
95669000,
101138000,
97022000,
103227000,
99078000,
94115000,
99900000,
95563000,
100787000,
96457000,
102633000,
98154000,
93797000,
109046000,
104619000,
120760000,
115636000,
121261000,
116739000,
122642000,
117473000,
123664000,
118667000,
114128000,
119448000,
114278000,
109038000,
114875000,
120777000,
116248000,
123036000,
118518000,
125458000,
119838000,
114952000,
120645000,
116294000,
121688000,
117302000,
122705000,
117678000,
123682000,
118160000,
113109000,
118832000,
93188000,
98348000,
93771000,
99103000,
94483000,
99877000,
94675000,
100180000,
95649000,
100933000,
95930000,
101060000,
96396000,
101687000,
97414000,
102577000,
97458000,
92698000,
98834000,
93618000,
109076000,
104092000,
109282000,
114874000,
120856000,
116138000,
122818000,
117298000,
112711000,
107842000,
103290000,
97949000,
93682000,
99399000,
95503000,
100855000,
96203000,
102136000,
97504000,
93782000,
99655000,
95393000,
100887000,
95488000,
101172000,
96855000,
113011000,
108568000,
114629000,
109901000,
115006000,
120673000,
115724000,
110901000,
106640000,
101606000,
96850000,
104018000,
99075000,
94257000,
100047000,
95855000,
102473000,
97637000,
92856000,
97734000,
92400000,
97397000,
92385000,
97804000,
92408000,
97382000,
91976000,
98092000,
92669000,
97455000,
92022000,
97600000,
92465000,
97618000,
92806000,
98578000,
93586000,
109952000,
115734000,
110863000,
105848000,
100797000,
95320000,
110876000,
115758000,
109946000,
114813000,
108740000,
113201000,
117872000,
111841000,
106257000,
99920000,
93549000,
109402000,
103622000,
97845000,
102571000,
96540000,
101108000,
94882000,
99631000,
94142000,
88068000,
81695000,
86013000,
89907000,
93842000,
88019000,
103488000,
97182000,
101775000,
95988000,
99711000,
93431000,
97631000,
102618000,
96269000,
89998000,
83721000,
100419000,
94251000,
89042000,
83947000,
78598000,
73729000,
79259000,
74646000,
80275000,
75995000,
92948000,
98401000,
94472000,
100428000,
95755000,
100828000,
96477000,
102839000,
98023000,
93266000,
98704000,
94287000,
100546000,
95717000,
101369000,
96926000,
102669000,
97860000,
93507000,
88798000,
83756000,
78700000,
74110000,
80066000,
75951000,
81921000,
76639000,
71445000,
76686000,
72140000,
78329000,
94900000,
100107000,
95414000,
101026000,
96418000,
101873000,
97231000,
103601000,
99197000,
94446000,
89848000,
84738000,
79595000,
75725000,
80830000,
76358000,
82219000,
77055000,
71608000,
76772000,
71520000,
77065000,
72338000,
77525000,
