12898968000,
180239000,
138187000,
142414000,
152306000,
152782000,
152647000,
152983000,
154094000,
156198000,
147521000,
150095000,
140847000,
153062000,
143558000,
144114000,
133653000,
134740000,
136624000,
137269000,
150664000,
141995000,
153756000,
144536000,
146380000,
147787000,
137658000,
149261000,
139031000,
153463000,
155053000,
145955000,
146397000,
138835000,
160859000,
153698000,
153723000,
145208000,
148323000,
139723000,
151638000,
141238000,
144641000,
146861000,
138644000,
129812000,
142415000,
144191000,
145853000,
137952000,
139470000,
130415000,
144095000,
145702000,
148420000,
141782000,
143799000,
134352000,
149044000,
140506000,
143335000,
134025000,
148367000,
140569000,
143200000,
133415000,
148754000,
138564000,
153969000,
145589000,
142156000,
131700000,
147484000,
149476000,
141285000,
141000000,
132851000,
147990000,
139980000,
152677000,
144330000,
146929000,
137906000,
149596000,
141317000,
143168000,
145527000,
147973000,
139778000,
141756000,
132794000,
146802000,
149483000,
141121000,
143181000,
144928000,
145970000,
138077000,
149035000,
151395000,
145485000,
147256000,
138798000,
142314000,
131957000,
135340000,
149670000,
141498000,
143421000,
135581000,
136951000,
129567000,
129680000,
142541000,
145697000,
137094000,
140230000,
142677000,
144877000,
138260000,
140072000,
142802000,
145510000,
139362000,
142759000,
135042000,
148513000,
141295000,
143629000,
134511000,
137638000,
139909000,
143235000,
138126000,
140460000,
132513000,
146499000,
138571000,
142605000,
135300000,
138898000,
131712000,
145544000,
138388000,
140244000,
132435000,
135484000,
125976000,
129928000,
153262000,
146235000,
131890000,
144332000,
149565000,
140401000,
141924000,
133642000,
135101000,
138045000,
146937000,
137463000,
129649000,
132542000,
132708000,
145264000,
136687000,
161443000,
155091000,
146033000,
148552000,
139574000,
141302000,
131133000,
133970000,
146684000,
151445000,
142687000,
145111000,
137254000,
138997000,
129552000,
131718000,
134928000,
137713000,
140289000,
142216000,
133816000,
136494000,
140181000,
141669000,
131091000,
134982000,
150564000,
140770000,
153181000,
142486000,
144971000,
136412000,
141621000,
131725000,
146167000,
150640000,
140747000,
142946000,
132277000,
149702000,
151163000,
142184000,
141800000,
143860000,
149534000,
140316000,
143058000,
132678000,
133852000,
148673000,
139952000,
141963000,
143564000,
145871000,
139618000,
141284000,
133334000,
135548000,
138551000,
128598000,
131308000,
136036000,
149558000,
140905000,
143689000,
135829000,
139722000,
130959000,
135826000,
152131000,
142070000,
147043000,
158012000,
160225000,
154015000,
155945000,
147571000,
140033000,
154392000,
156705000,
149375000,
140270000,
174462000,
166772000,
159725000,
159561000,
154135000,
147417000,
158137000,
150380000,
154447000,
144505000,
155721000,
147249000,
142000000,
154767000,
147522000,
149841000,
143518000,
155884000,
148415000,
152767000,
145527000,
157912000,
149852000,
143500000,
145463000,
138371000,
143522000,
135492000,
148207000,
140492000,
143602000,
134457000,
160616000,
152682000,
145687000,
157927000,
152156000,
143522000,
145102000,
137609000,
162222000,
155406000,
148173000,
152071000,
143527000,
155913000,
148489000,
152107000,
145623000,
156976000,
148090000,
143518000,
154463000,
148615000,
152813000,
145596000,
160407000,
152811000,
144703000,
158981000,
152383000,
144518000,
156718000,
149657000,
142200000,
146585000,
135795000,
141620000,
132787000,
145169000,
136483000,
138560000,
140990000,
132182000,
146058000,
137863000,
139699000,
141764000,
143670000,
145208000,
136571000,
138684000,
143072000,
133684000,
136811000,
150520000,
141150000,
143146000,
133976000,
148591000,
151282000,
142408000,
145152000,
135855000,
148469000,
139506000,
131980000,
153911000,
145461000,
148603000,
136961000,
139147000,
130086000,
142204000,
154446000,
157036000,
148513000,
138902000,
141213000,
132059000,
145527000,
136838000,
139686000,
141743000,
144206000,
146229000,
137590000,
139182000,
142338000,
144526000,
145670000,
150760000,
141810000,
144241000,
143654000,
144482000,
136551000,
139054000,
141877000,
132828000,
146303000,
139009000,
140330000,
143923000,
147419000,
180638000,
156414000,
156894000,
147229000,
150649000,
140737000,
142332000,
145342000,
136193000,
128436000,
152750000,
143918000,
146767000,
138830000,
141846000,
133151000,
135990000,
138109000,
129222000,
152510000,
144266000,
146347000,
137126000,
139458000,
131516000,
135781000,
140350000,
143007000,
135980000,
139345000,
130656000,
134768000,
139351000,
142669000,
135837000,
139642000,
142694000,
133762000,
138383000,
141885000,
142916000,
135472000,
126967000,
141973000,
134295000,
140015000,
143667000,
133934000,
136934000,
142461000,
133595000,
139115000,
142206000,
133207000,
136849000,
150281000,
136960000,
173253000,
167497000,
159451000,
171743000,
164160000,
157831000,
150194000,
152451000,
145100000,
147836000,
139583000,
143297000,
136201000,
137949000,
141187000,
133692000,
125591000,
152017000,
142670000,
156458000,
148035000,
141006000,
154502000,
145817000,
159362000,
151954000,
154941000,
146705000,
149954000,
142629000,
157405000,
152197000,
144293000,
156404000,
149145000,
141854000,
154507000,
155526000,
158470000,
160829000,
152629000,
155419000,
169684000,
160524000,
153256000,
166770000,
168844000,
159322000,
163353000,
165126000,
167544000,
158943000,
151611000,
164567000,
156385000,
169272000,
160582000,
152690000,
165057000,
156878000,
148740000,
151199000,
152591000,
153330000,
154771000,
156844000,
146810000,
158645000,
150041000,
160992000,
151943000,
163405000,
154670000,
177778000,
168503000,
159378000,
162083000,
163486000,
164963000,
166988000,
167953000,
170072000,
160136000,
151833000,
163944000,
154607000,
166451000,
157577000,
159632000,
161272000,
150087000,
152660000,
144626000,
146708000,
138104000,
140332000,
130006000,
133074000,
135070000,
138022000,
141834000,
143343000,
135596000,
137073000,
128854000,
152565000,
144298000,
146457000,
147959000,
140123000,
129868000,
132798000,
145671000,
137338000,
140050000,
142142000,
145773000,
137525000,
129030000,
153850000,
145874000,
147366000,
138953000,
141654000,
133012000,
136315000,
138350000,
129119000,
131637000,
135692000,
137815000,
141129000,
131008000,
134114000,
137087000,
138177000,
129449000,
155103000,
145800000,
147813000,
139416000,
141384000,
131355000,
133389000,
147981000,
139483000,
139025000,
141120000,
132639000,
135922000,
137621000,
142023000,
134903000,
127333000,
154089000,
144827000,
147751000,
139085000,
142924000,
136300000,
139158000,
142520000,
135122000,
127586000,
153241000,
144673000,
159741000,
152172000,
153301000,
157496000,
149505000,
142527000,
144785000,
138497000,
140758000,
133320000,
136682000,
128756000,
130477000,
133587000,
137662000,
138019000,
140696000,
133510000,
145576000,
139912000,
164826000,
156933000,
171596000,
164261000,
155909000,
149189000,
152436000,
145434000,
158975000,
152412000,
145504000,
158259000,
151853000,
143490000,
168049000,
159720000,
161524000,
154491000,
169134000,
159852000,
153598000,
156912000,
149261000,
153063000,
155678000,
157486000,
152547000,
155073000,
158514000,
151945000,
154242000,
156349000,
149164000,
153136000,
145774000,
148425000,
150723000,
143120000,
136145000,
138712000,
132893000,
136556000,
139897000,
142236000,
134947000,
128750000,
152697000,
145352000,
148284000,
140683000,
143737000,
136885000,
140727000,
133230000,
136526000,
128640000,
132590000,
136553000,
138529000,
141153000,
143058000,
156706000,
147671000,
169683000,
159510000,
151153000,
161780000,
163436000,
165032000,
166984000,
167901000,
158015000,
149447000,
141001000,
142262000,
144024000,
146981000,
159084000,
152495000,
152506000,
143985000,
146171000,
148111000,
148963000,
148859000,
149999000,
151340000,
142142000,
154792000,
146064000,
137406000,
139507000,
130643000,
132228000,
146053000,
148580000,
140365000,
142861000,
132672000,
147010000,
148453000,
140683000,
142724000,
132844000,
145176000,
148200000,
139754000,
141069000,
132391000,
145543000,
148211000,
139993000,
141757000,
133338000,
149040000,
140634000,
152630000,
154063000,
157090000,
146800000,
149968000,
141712000,
141926000,
142853000,
144574000,
147121000,
139202000,
141521000,
132857000,
145493000,
157667000,
148682000,
151174000,
142898000,
145144000,
147759000,
139327000,
129896000,
143869000,
145303000,
146734000,
137968000,
139636000,
131479000,
133670000,
146525000,
148636000,
140471000,
144376000,
144751000,
135494000,
127088000,
152003000,
154305000,
166266000,
157397000,
170599000,
163825000,
155561000,
148293000,
140338000,
154224000,
146033000,
148643000,
151223000,
154384000,
156847000,
151832000,
154705000,
146961000,
160211000,
151864000,
153365000,
156489000,
148450000,
151274000,
143608000,
146529000,
139364000,
143462000,
136149000,
139139000,
129897000,
133760000,
138907000,
139880000,
131487000,
137193000,
128978000,
155753000,
148026000,
151603000,
143752000,
147496000,
139786000,
142291000,
132565000,
136389000,
130948000,
152771000,
155889000,
147852000,
151179000,
141914000,
156475000,
148702000,
153588000,
155933000,
148330000,
151690000,
143918000,
157245000,
151280000,
153521000,
145746000,
159256000,
161881000,
164322000,
156179000,
158400000,
152565000,
154450000,
158897000,
151903000,
154556000,
157037000,
148721000,
152025000,
143942000,
156671000,
148849000,
152108000,
144337000,
156691000,
149740000,
151707000,
143088000,
178721000,
170354000,
162346000,
153352000,
157469000,
149788000,
141889000,
155438000,
147263000,
150309000,
143972000,
147017000,
139424000,
141543000,
131241000,
134651000,
137687000,
140514000,
143822000,
133822000,
147838000,
139797000,
142050000,
144889000,
144859000,
136951000,
139885000,
142009000,
143636000,
134806000,
127316000,
152005000,
144135000,
146349000,
137522000,
140782000,
131014000,
133498000,
147700000,
137993000,
141768000,
143645000,
134236000,
148469000,
139689000,
138851000,
130239000,
133898000,
146391000,
137799000,
129407000,
131980000,
145394000,
149863000,
141643000,
141943000,
143569000,
144613000,
135861000,
168608000,
159483000,
150163000,
152884000,
144253000,
156555000,
146719000,
169534000,
159446000,
150222000,
161229000,
152532000,
162395000,
153274000,
165932000,
156772000,
157295000,
158369000,
159240000,
151725000,
153466000,
153612000,
146457000,
148749000,
140269000,
141734000,
132040000,
133583000,
136779000,
139123000,
140470000,
141577000,
142467000,
145774000,
137852000,
130910000,
154715000,
156970000,
148120000,
158987000,
150377000,
152878000,
144125000,
145628000,
139237000,
141639000,
143233000,
135401000,
137453000,
140689000,
143493000,
135886000,
139104000,
131714000,
135152000,
139070000,
133568000,
137590000,
132169000,
136886000,
128176000,
134101000,
138398000,
142889000,
135940000,
138716000,
142007000,
145382000,
138687000,
141732000,
134388000,
138371000,
130018000,
145220000,
137524000,
140236000,
142011000,
134716000,
125989000,
151603000,
155017000,
158158000,
149651000,
153771000,
144860000,
148522000,
141294000,
144992000,
137348000,
141111000,
133119000,
147823000,
140055000,
143374000,
136375000,
137870000,
140679000,
144016000,
137294000,
142560000,
134937000,
138115000,
129381000,
144736000,
137450000,
139697000,
130007000,
145977000,
137849000,
153449000,
145376000,
161598000,
153698000,
144339000,
156807000,
149526000,
152206000,
155165000,
146826000,
149462000,
140449000,
143714000,
137700000,
150842000,
143010000,
146763000,
137720000,
162602000,
156408000,
148219000,
162837000,
156832000,
151361000,
168476000,
163369000,
154436000,
158730000,
153263000,
144026000,
157444000,
149743000,
142694000,
155507000,
148679000,
149905000,
142760000,
145328000,
137685000,
141862000,
133114000,
147067000,
150328000,
139734000,
142543000,
134227000,
136782000,
149914000,
141380000,
143573000,
134708000,
136240000,
127206000,
131253000,
136093000,
139457000,
141095000,
132785000,
137163000,
130689000,
132979000,
137692000,
141353000,
135170000,
139799000,
134210000,
137611000,
129637000,
132489000,
146314000,
148936000,
140750000,
143779000,
133252000,
159347000,
150696000,
152577000,
142246000,
146790000,
146328000,
149618000,
139365000,
153938000,
145127000,
146983000,
136848000,
161974000,
151796000,
143745000,
146427000,
139274000,
141208000,
130185000,
134026000,
126506000,
142485000,
147122000,
139389000,
143352000,
135874000,
139945000,
133222000,
134408000,
139440000,
133096000,
127618000,
152433000,
157488000,
145448000,
136944000,
139704000,
142361000,
133783000,
135953000,
139561000,
141904000,
131105000,
144329000,
145799000,
137956000,
139761000,
139950000,
141515000,
143061000,
145661000,
137424000,
129524000,
153592000,
145338000,
147021000,
136019000,
138251000,
129510000,
131886000,
143553000,
145107000,
146882000,
148535000,
152874000,
154575000,
155497000,
158059000,
152789000,
154983000,
155946000,
148313000,
152318000,
155894000,
159080000,
153845000,
154544000,
157732000,
152854000,
153416000,
154551000,
152827000,
154345000,
145121000,
159639000,
153529000,
143441000,
146521000,
138751000,
141590000,
134773000,
138208000,
130023000,
143447000,
136354000,
139945000,
142358000,
133272000,
137082000,
142155000,
134776000,
138998000,
139647000,
132398000,
137457000,
140382000,
132922000,
135913000,
126545000,
140689000,
133670000,
139363000,
142418000,
135198000,
138055000,
129671000,
144184000,
137180000,
139539000,
130051000,
145525000,
138068000,
140748000,
133319000,
134617000,
127084000,
141118000,
144923000,
138068000,
142626000,
135238000,
137914000,
128120000,
141538000,
144667000,
139755000,
153992000,
144303000,
148992000,
139248000,
144716000,
147973000,
140326000,
143588000,
136251000,
149855000,
141854000,
144456000,
137263000,
140138000,
142521000,
135357000,
127407000,
141912000,
143969000,
139038000,
142337000,
134927000,
147903000,
141500000,
144590000,
136868000,
150018000,
144693000,
145216000,
136646000,
148810000,
140235000,
142804000,
144901000,
146594000,
148886000,
139755000,
142808000,
143191000,
145053000,
137538000,
139720000,
131828000,
145803000,
145549000,
137842000,
139424000,
140847000,
142577000,
145019000,
136508000,
129330000,
152531000,
143323000,
145464000,
137229000,
149419000,
140842000,
142625000,
144138000,
146974000,
137455000,
159804000,
152888000,
144069000,
146062000,
137675000,
139887000,
131280000,
145096000,
145490000,
147588000,
138804000,
143465000,
133251000,
146715000,
140241000,
142308000,
143973000,
143983000,
145570000,
138672000,
140888000,
131487000,
133665000,
137629000,
140875000,
143186000,
134546000,
146123000,
137435000,
129424000,
140876000,
142490000,
144655000,
144906000,
136866000,
160376000,
152655000,
146244000,
159088000,
148750000,
160667000,
152870000,
141694000,
146175000,
147061000,
138673000,
130102000,
132273000,
136459000,
139262000,
141278000,
131265000,
133693000,
148389000,
141542000,
144232000,
137209000,
139382000,
130121000,
132656000,
135457000,
139086000,
142441000,
147968000,
140515000,
142580000,
135125000,
139366000,
132836000,
133293000,
125432000,
140042000,
133052000,
146604000,
138462000,
143384000,
135632000,
140206000,
141239000,
133622000,
147205000,
139105000,
143108000,
135165000,
140630000,
131837000,
147026000,
140231000,
143216000,
135832000,
139624000,
142686000,
146372000,
138797000,
139711000,
142581000,
135071000,
127632000,
142084000,
147837000,
140190000,
143276000,
136727000,
140455000,
141482000,
144719000,
136931000,
140017000,
132501000,
135517000,
128428000,
132953000,
147687000,
140228000,
144098000,
136016000,
149027000,
141150000,
144605000,
137841000,
139878000,
132076000,
133730000,
128341000,
154950000,
145106000,
159100000,
152785000,
144394000,
147641000,
139585000,
143183000,
135882000,
139654000,
130777000,
134885000,
138105000,
129427000,
132913000,
136139000,
138568000,
142601000,
134594000,
126008000,
153806000,
154402000,
158920000,
154215000,
176219000,
167670000,
159623000,
151616000,
154782000,
146419000,
148445000,
140664000,
142712000,
132895000,
147729000,
161686000,
152715000,
143900000,
136036000,
137476000,
129430000,
130935000,
133686000,
145606000,
148065000,
140072000,
144201000,
133265000,
137638000,
151337000,
143149000,
144871000,
136844000,
150615000,
141993000,
132175000,
136446000,
139365000,
141382000,
131640000,
134302000,
136301000,
138822000,
143199000,
132636000,
147941000,
139671000,
141618000,
131490000,
143937000,
135027000,
148585000,
139820000,
142289000,
141937000,
143339000,
145940000,
137885000,
140287000,
142413000,
145386000,
136514000,
129411000,
151133000,
144832000,
146738000,
137724000,
139183000,
129389000,
131167000,
145230000,
147682000,
139259000,
141552000,
131844000,
156682000,
159342000,
162481000,
153626000,
157281000,
146891000,
148381000,
140435000,
143036000,
133345000,
145658000,
136292000,
128033000,
149283000,
141806000,
143495000,
135467000,
139595000,
129889000,
133578000,
147897000,
138365000,
141149000,
134240000,
137918000,
129664000,
145557000,
137650000,
140111000,
143385000,
146576000,
139187000,
142146000,
134849000,
139056000,
131623000,
135362000,
126959000,
131322000,
146271000,
138896000,
142521000,
135780000,
138441000,
129555000,
132927000,
137799000,
139513000,
143358000,
135849000,
126393000,
149716000,
153796000,
158150000,
151602000,
153295000,
156014000,
147829000,
172952000,
175852000,
167558000,
160575000,
152807000,
155575000,
158104000,
173194000,
164863000,
177406000,
169528000,
161315000,
154332000,
156708000,
148220000,
140529000,
166999000,
158141000,
152366000,
143558000,
156468000,
148930000,
153029000,
153183000,
156917000,
152003000,
143321000,
155498000,
148022000,
151955000,
143571000,
157852000,
149411000,
141884000,
144814000,
136085000,
139740000,
132786000,
136568000,
128178000,
131788000,
136019000,
139058000,
141163000,
133496000,
136629000,
141808000,
134070000,
136619000,
128145000,
141753000,
145199000,
138045000,
143780000,
136527000,
140121000,
130474000,
144828000,
139286000,
142866000,
132879000,
147926000,
149937000,
141358000,
143271000,
135148000,
148984000,
140842000,
143639000,
133814000,
137292000,
137358000,
128906000,
150995000,
142888000,
157139000,
147261000,
182535000,
172940000,
163507000,
154225000,
157380000,
147906000,
161279000,
152827000,
144498000,
147403000,
138596000,
141009000,
132245000,
146622000,
149707000,
141369000,
143398000,
144653000,
145947000,
137749000,
160885000,
152399000,
146050000,
149224000,
140364000,
142407000,
132827000,
146749000,
138199000,
138800000,
130586000,
134186000,
136661000,
150756000,
142022000,
143868000,
146327000,
137756000,
141537000,
142092000,
145802000,
138827000,
129399000,
143690000,
145942000,
136488000,
137663000,
129779000,
145402000,
147557000,
148699000,
140640000,
143488000,
134750000,
145996000,
136635000,
137166000,
163195000,
153412000,
144269000,
156134000,
146825000,
159610000,
153107000,
144886000,
147203000,
138140000,
140128000,
130867000,
132779000,
136099000,
140963000,
143917000,
135475000,
139074000,
128956000,
132598000,
137142000,
140017000,
133147000,
137369000,
127637000,
131380000,
135656000,
140450000,
143255000,
136130000,
150127000,
141860000,
144918000,
137506000,
140156000,
133410000,
137002000,
128190000,
142027000,
145301000,
137675000,
141553000,
134029000,
137170000,
140704000,
145716000,
138346000,
141572000,
143915000,
137501000,
128920000,
132799000,
135578000,
129292000,
154001000,
145628000,
148487000,
141120000,
144166000,
136090000,
139127000,
142141000,
133958000,
126764000,
152855000,
141594000,
165050000,
155759000,
147930000,
153079000,
145061000,
148247000,
153093000,
155294000,
167752000,
160142000,
163078000,
154247000,
156226000,
151613000,
153682000,
155295000,
148263000,
151486000,
144823000,
156789000,
149066000,
151483000,
143121000,
146253000,
139027000,
142359000,
135731000,
139602000,
131447000,
134074000,
137789000,
141621000,
133970000,
138352000,
130797000,
134016000,
148022000,
139941000,
143115000,
135604000,
148979000,
141463000,
144390000,
137153000,
150243000,
141969000,
165091000,
157207000,
159080000,
150836000,
152735000,
144846000,
145980000,
137842000,
139881000,
130992000,
134115000,
146886000,
138912000,
131575000,
154612000,
146349000,
149133000,
140116000,
152081000,
143943000,
145666000,
138153000,
150225000,
141276000,
144390000,
136000000,
138038000,
129884000,
153610000,
156487000,
146629000,
147481000,
138127000,
162631000,
154672000,
146171000,
148570000,
139987000,
142950000,
133498000,
135343000,
138541000,
152175000,
144023000,
147804000,
138116000,
140252000,
130447000,
132778000,
133533000,
146877000,
137610000,
149536000,
140761000,
142505000,
133212000,
145559000,
138696000,
152501000,
144503000,
144433000,
147312000,
138860000,
129411000,
154536000,
157425000,
158020000,
149241000,
162810000,
153647000,
144905000,
147169000,
138476000,
138779000,
129423000,
143204000,
145147000,
147418000,
139737000,
142389000,
145903000,
148439000,
140233000,
142947000,
134183000,
137431000,
139451000,
129874000,
133487000,
148500000,
139181000,
143589000,
136401000,
139856000,
130154000,
133911000,
149022000,
138915000,
145331000,
137433000,
140745000,
133490000,
138047000,
129907000,
132749000,
137574000,
140353000,
133092000,
136059000,
126211000,
129982000,
145925000,
138634000,
141849000,
132220000,
135321000,
127488000,
152251000,
146608000,
149059000,
141532000,
144467000,
137242000,
141167000,
133624000,
145072000,
147855000,
173664000,
176541000,
168087000,
161440000,
153210000,
156265000,
149733000,
152746000,
142983000,
158641000,
151564000,
153709000,
156712000,
149192000,
152664000,
144916000,
158984000,
151616000,
143597000,
156251000,
149329000,
152686000,
144749000,
137639000,
137755000,
142144000,
134405000,
127829000,
161587000,
153898000,
156787000,
148781000,
153024000,
144946000,
158297000,
151761000,
143938000,
157601000,
151746000,
141472000,
156164000,
148933000,
140814000,
142442000,
135272000,
137714000,
139892000,
132915000,
137619000,
138614000,
140332000,
152502000,
155293000,
157339000,
159702000,
162294000,
153432000,
156944000,
148456000,
159927000,
151390000,
144220000,
146790000,
138730000,
151594000,
153076000,
144695000,
136904000,
139955000,
130327000,
144481000,
135235000,
159680000,
151151000,
153576000,
145038000,
147830000,
139320000,
141944000,
132665000,
135256000,
147638000,
148725000,
142077000,
144146000,
135107000,
146773000,
148444000,
142596000,
145474000,
146094000,
137416000,
129780000,
151820000,
142733000,
144387000,
137181000,
140012000,
131680000,
135155000,
148844000,
140964000,
143498000,
132461000,
147875000,
149684000,
140876000,
143037000,
144823000,
147323000,
139355000,
141136000,
132489000,
146129000,
148472000,
140301000,
142712000,
133934000,
147785000,
139417000,
151957000,
143616000,
146290000,
146755000,
150565000,
142441000,
144743000,
136019000,
148681000,
140256000,
142986000,
134192000,
136933000,
148922000,
141029000,
143452000,
145436000,
136445000,
128199000,
152759000,
144451000,
145855000,
138076000,
141084000,
131810000,
144397000,
147721000,
139766000,
143669000,
135912000,
139197000,
130004000,
133666000,
138670000,
142460000,
134943000,
138406000,
129639000,
132489000,
136040000,
129188000,
132887000,
148586000,
140261000,
143302000,
144676000,
137230000,
140952000,
133678000,
137425000,
130413000,
143542000,
139059000,
141998000,
135344000,
138839000,
128502000,
132381000,
138640000,
141614000,
133808000,
135215000,
127084000,
153291000,
155772000,
148790000,
152298000,
144195000,
156538000,
149455000,
152307000,
144788000,
157483000,
149640000,
151808000,
144142000,
158897000,
151267000,
143583000,
155992000,
149229000,
151813000,
155001000,
156970000,
149476000,
152372000,
144182000,
147251000,
139571000,
142447000,
133355000,
159636000,
151391000,
143318000,
146858000,
139651000,
142770000,
135659000,
138771000,
129831000,
134044000,
149460000,
142202000,
144935000,
138347000,
141866000,
135703000,
138653000,
129213000,
132768000,
136756000,
140488000,
143840000,
145766000,
138823000,
142924000,
135940000,
139240000,
131099000,
134379000,
149339000,
142106000,
145509000,
135342000,
138476000,
141914000,
144031000,
133493000,
136758000,
150087000,
142450000,
144424000,
134795000,
148792000,
139528000,
153351000,
144682000,
144396000,
146914000,
137773000,
129388000,
156376000,
147009000,
148706000,
140896000,
143304000,
133730000,
134991000,
150991000,
142649000,
145036000,
134560000,
137116000,
138065000,
130330000,
153507000,
145157000,
147031000,
149197000,
149882000,
151796000,
153450000,
154157000,
156559000,
158228000,
159653000,
160499000,
154031000,
156599000,
147151000,
149738000,
142144000,
144154000,
134200000,
136339000,
139538000,
141831000,
133944000,
137938000,
141309000,
143513000,
134139000,
137076000,
140159000,
142520000,
133376000,
147540000,
150719000,
142721000,
144869000,
147349000,
159536000,
150717000,
152461000,
143338000,
145193000,
136820000,
150417000,
142086000,
144246000,
146063000,
138837000,
140958000,
131240000,
143842000,
145308000,
137473000,
140436000,
142216000,
144264000,
136798000,
126841000,
152572000,
154277000,
158309000,
151958000,
154235000,
156281000,
149173000,
152114000,
144366000,
157593000,
152129000,
143190000,
156073000,
149208000,
153205000,
144605000,
156693000,
152168000,
143760000,
155699000,
148671000,
152164000,
143579000,
157672000,
152130000,
142718000,
155896000,
148837000,
152817000,
145039000,
159016000,
152139000,
143692000,
156611000,
149657000,
152790000,
153483000,
157553000,
152299000,
142969000,
145912000,
138118000,
138542000,
143626000,
134113000,
137366000,
142387000,
145375000,
137873000,
141712000,
134955000,
137591000,
128438000,
132592000,
147449000,
139925000,
143872000,
136878000,
139461000,
129919000,
133543000,
138984000,
142741000,
135548000,
139137000,
129628000,
132710000,
146894000,
139041000,
142714000,
135433000,
138739000,
142536000,
135755000,
139307000,
142792000,
134982000,
127671000,
131786000,
146713000,
138852000,
142512000,
135411000,
139399000,
140584000,
145437000,
139064000,
142713000,
135100000,
138682000,
131025000,
145666000,
138407000,
142209000,
135160000,
137029000,
129403000,
152789000,
144821000,
145475000,
137241000,
139265000,
129881000,
132996000,
135693000,
148591000,
140046000,
142627000,
132278000,
145611000,
150904000,
141870000,
143448000,
136177000,
157990000,
169781000,
161739000,
153054000,
154466000,
145509000,
146274000,
139986000,
142967000,
133171000,
145391000,
136206000,
128705000,
153447000,
145664000,
147270000,
139846000,
151021000,
142873000,
144650000,
136653000,
136884000,
129676000,
152856000,
144424000,
146349000,
138645000,
141606000,
133455000,
135817000,
137396000,
129308000,
152449000,
143842000,
146289000,
138260000,
140863000,
132063000,
133701000,
136664000,
138879000,
142378000,
144404000,
136505000,
137838000,
128710000,
153504000,
144695000,
146860000,
139372000,
141648000,
132604000,
134374000,
139109000,
140158000,
141786000,
143831000,
145128000,
146829000,
138638000,
140637000,
131846000,
145034000,
146415000,
148974000,
143075000,
144271000,
136103000,
158352000,
150176000,
152985000,
144630000,
157051000,
152311000,
143347000,
147133000,
138808000,
141859000,
143707000,
135941000,
130869000,
156027000,
158227000,
151402000,
153049000,
146138000,
149466000,
142369000,
145454000,
138406000,
141394000,
134450000,
138476000,
131083000,
134749000,
138772000,
130936000,
145465000,
139121000,
142283000,
134885000,
148642000,
141110000,
143768000,
136234000,
137887000,
130783000,
145571000,
138880000,
141407000,
145064000,
137635000,
130009000,
153798000,
143683000,
146676000,
139878000,
142155000,
134402000,
136974000,
129223000,
143908000,
146632000,
138823000,
142685000,
135119000,
147918000,
138899000,
142559000,
135742000,
138815000,
141707000,
132705000,
137008000,
128624000,
154294000,
147455000,
148896000,
142021000,
145191000,
135799000,
140482000,
132756000,
135706000,
127226000,
162888000,
154806000,
157841000,
160768000,
172907000,
165909000,
167130000,
158120000,
151698000,
163907000,
166609000,
169199000,
170902000,
162063000,
154039000,
157371000,
159658000,
151782000,
165688000,
157000000,
160173000,
151877000,
154268000,
146286000,
148455000,
140244000,
143034000,
133889000,
148958000,
140685000,
143357000,
133444000,
148738000,
149932000,
141180000,
144227000,
135446000,
137281000,
129304000,
130234000,
133351000,
134776000,
137603000,
151359000,
143672000,
146524000,
138594000,
151742000,
143685000,
143659000,
135572000,
138473000,
141803000,
145078000,
136262000,
138947000,
141118000,
141952000,
153533000,
155859000,
146523000,
148509000,
150412000,
141944000,
145100000,
147712000,
138549000,
129383000,
152833000,
156434000,
156548000,
147828000,
149777000,
142156000,
144884000,
135986000,
138201000,
140444000,
129665000,
154637000,
147595000,
148849000,
140356000,
142346000,
133109000,
136116000,
138664000,
140029000,
142518000,
146264000,
136861000,
140538000,
142629000,
133682000,
136382000,
147949000,
149193000,
150821000,
152049000,
152760000,
154512000,
156056000,
157736000,
158791000,
150092000,
160935000,
152073000,
163635000,
155366000,
165288000,
155533000,
146566000,
158567000,
149754000,
152335000,
143469000,
147059000,
139875000,
143166000,
135357000,
136361000,
141598000,
134526000,
136745000,
127472000,
154767000,
147906000,
150136000,
141072000,
146241000,
139241000,
141857000,
133442000,
137077000,
128531000,
131499000,
147650000,
140155000,
143844000,
137015000,
140194000,
130768000,
145235000,
140346000,
143968000,
136711000,
140073000,
131177000,
134255000,
138113000,
130540000,
146718000,
139079000,
142291000,
134711000,
138568000,
130111000,
134579000,
148518000,
141198000,
144230000,
136604000,
138496000,
142111000,
133684000,
125854000,
149024000,
152745000,
155693000,
151084000,
153539000,
146918000,
149945000,
141914000,
145256000,
135604000,
138067000,
141625000,
145149000,
137390000,
140530000,
144108000,
136192000,
127768000,
154002000,
156445000,
148335000,
151997000,
154740000,
157690000,
151484000,
153145000,
144607000,
171062000,
162414000,
156090000,
148734000,
151574000,
143651000,
146718000,
139375000,
142342000,
132872000,
136852000,
128800000,
133440000,
137054000,
141171000,
144044000,
132823000,
147749000,
136830000,
138663000,
140785000,
143473000,
135115000,
150236000,
139538000,
143830000,
134088000,
136585000,
136854000,
139709000,
143231000,
133719000,
146170000,
137558000,
129015000,
153010000,
146214000,
159332000,
150762000,
151940000,
143467000,
148205000,
139457000,
141321000,
131874000,
133059000,
147352000,
149640000,
141408000,
143134000,
133183000,
147220000,
150825000,
141998000,
143480000,
145618000,
148014000,
138542000,
163603000,
157147000,
146635000,
158758000,
150354000,
173829000,
165410000,
157562000,
157726000,
157706000,
170071000,
161652000,
152887000,
157804000,
148914000,
161625000,
152223000,
144090000,
146444000,
137195000,
140007000,
129452000,
131737000,
144731000,
136355000,
139090000,
142755000,
132007000,
146759000,
149092000,
141698000,
144233000,
134116000,
149393000,
140342000,
152531000,
144545000,
146835000,
138199000,
149502000,
140319000,
152292000,
144820000,
146720000,
138497000,
141319000,
134209000,
136536000,
129260000,
143209000,
135642000,
139383000,
142280000,
146040000,
139335000,
142587000,
135161000,
138439000,
131045000,
146771000,
139684000,
141257000,
133756000,
137071000,
140657000,
143704000,
137801000,
141874000,
135475000,
148435000,
141233000,
144057000,
136923000,
149344000,
141596000,
144060000,
136572000,
138723000,
142704000,
134673000,
137631000,
142350000,
145598000,
138554000,
141823000,
133863000,
138204000,
129896000,
132724000,
145784000,
138535000,
140339000,
132593000,
135748000,
139849000,
132427000,
147867000,
140184000,
143021000,
136129000,
139265000,
131225000,
146583000,
138854000,
142697000,
135595000,
138212000,
129821000,
143505000,
135662000,
128345000,
142356000,
144942000,
139743000,
142715000,
135295000,
138421000,
128411000,
133002000,
136217000,
138772000,
141790000,
132681000,
125412000,
148271000,
152142000,
154322000,
147320000,
149764000,
152940000,
156327000,
148734000,
151645000,
143544000,
156273000,
148724000,
151721000,
143253000,
145085000,
138202000,
151608000,
144305000,
145685000,
137919000,
141121000,
131335000,
146760000,
138422000,
140871000,
131122000,
133253000,
148414000,
148784000,
140161000,
141953000,
144585000,
146382000,
140774000,
143176000,
133883000,
146816000,
138670000,
131085000,
153726000,
144941000,
147284000,
138673000,
141524000,
132104000,
134969000,
137681000,
140297000,
141111000,
143031000,
144662000,
145809000,
137599000,
139749000,
130450000,
152404000,
154238000,
156785000,
147605000,
139440000,
142115000,
144139000,
144564000,
146650000,
137982000,
139313000,
130704000,
143319000,
145154000,
147303000,
140969000,
142970000,
133808000,
136603000,
138769000,
130351000,
162341000,
154621000,
166103000,
156977000,
158033000,
159032000,
149760000,
150726000,
151904000,
144066000,
156503000,
147922000,
160418000,
150982000,
143528000,
154775000,
146559000,
160144000,
151420000,
143290000,
145556000,
137616000,
142201000,
131573000,
144085000,
145656000,
149970000,
141605000,
144306000,
136566000,
140529000,
143346000,
147116000,
139367000,
142110000,
135054000,
138130000,
129675000,
145735000,
138220000,
141911000,
134895000,
136273000,
127215000,
130035000,
134694000,
139395000,
142907000,
136150000,
137099000,
140253000,
132564000,
136282000,
141624000,
134405000,
135974000,
129853000,
154248000,
146281000,
149663000,
142607000,
145713000,
139043000,
141901000,
132036000,
137110000,
130695000,
153805000,
146614000,
151704000,
141366000,
144701000,
137197000,
141198000,
134200000,
137530000,
129006000,
145642000,
138287000,
140993000,
133748000,
157914000,
151241000,
153082000,
145706000,
149221000,
141780000,
144597000,
137547000,
138693000,
133339000,
136899000,
126823000,
152807000,
155178000,
158314000,
160736000,
163077000,
166814000,
159691000,
163091000,
154302000,
157038000,
151336000,
152497000,
143918000,
146946000,
141856000,
144517000,
137211000,
141520000,
135183000,
138626000,
129130000,
133086000,
138171000,
140949000,
143175000,
135712000,
129331000,
151470000,
154379000,
157368000,
149413000,
153592000,
155070000,
157747000,
149357000,
152836000,
144823000,
147262000,
139425000,
151520000,
152634000,
143610000,
145936000,
147031000,
148799000,
161723000,
153848000,
145155000,
146134000,
146669000,
150254000,
142376000,
144333000,
135513000,
137334000,
127285000,
130674000,
164661000,
156878000,
156773000,
148427000,
150194000,
142072000,
143665000,
135009000,
138534000,
140254000,
130322000,
133395000,
137805000,
139458000,
129472000,
132070000,
134861000,
137885000,
141509000,
143296000,
133824000,
134321000,
137763000,
128787000,
152526000,
144124000,
158803000,
150754000,
152479000,
154109000,
156335000,
147699000,
149661000,
141337000,
140782000,
142845000,
144411000,
147210000,
150614000,
153092000,
142837000,
147123000,
139484000,
141416000,
131101000,
134833000,
137685000,
138783000,
131319000,
156455000,
147021000,
149545000,
141427000,
142702000,
133348000,
135843000,
136922000,
127831000,
159687000,
160796000,
153578000,
156522000,
145320000,
146840000,
162133000,
153127000,
154899000,
156483000,
148869000,
152190000,
145066000,
159283000,
151565000,
143996000,
146750000,
138633000,
142058000,
134649000,
138314000,
141399000,
132850000,
137067000,
138174000,
143427000,
135011000,
127435000,
153833000,
146068000,
158608000,
149665000,
142118000,
156913000,
148723000,
141868000,
143215000,
136276000,
138682000,
142281000,
134716000,
126382000,
153628000,
154796000,
147782000,
151962000,
142918000,
155580000,
148816000,
152545000,
154201000,
146755000,
148937000,
152011000,
142996000,
146000000,
139021000,
142216000,
134837000,
138848000,
130764000,
134250000,
137517000,
140461000,
133377000,
136356000,
128366000,
141942000,
134597000,
138723000,
141828000,
134338000,
137598000,
128181000,
153315000,
154978000,
147624000,
160261000,
152897000,
157088000,
149736000,
151910000,
144684000,
158556000,
149366000,
142402000,
154944000,
157949000,
149689000,
141836000,
154709000,
146454000,
141197000,
143642000,
136518000,
140289000,
143256000,
136229000,
139839000,
131839000,
136438000,
140002000,
131023000,
134004000,
136603000,
129768000,
134362000,
127953000,
133295000,
146345000,
139026000,
141066000,
131522000,
134234000,
145515000,
137058000,
139142000,
131201000,
134571000,
148683000,
141378000,
143128000,
133643000,
136653000,
150058000,
139706000,
142672000,
133960000,
146469000,
137902000,
129329000,
153564000,
144380000,
168232000,
160051000,
151055000,
153396000,
156506000,
146989000,
147992000,
138064000,
162329000,
156563000,
146714000,
149285000,
140540000,
142312000,
131134000,
133039000,
145802000,
137127000,
139940000,
144463000,
133583000,
136637000,
129332000,
152506000,
142717000,
154997000,
157691000,
158931000,
171357000,
163202000,
164865000,
165406000,
167368000,
157901000,
150088000,
151502000,
143575000,
145467000,
137511000,
139180000,
129946000,
133885000,
136892000,
137732000,
130488000,
153996000,
143895000,
144690000,
145967000,
137394000,
139256000,
141443000,
146028000,
146112000,
137321000,
139228000,
141926000,
146817000,
148846000,
141808000,
144222000,
137410000,
140990000,
143251000,
134825000,
126185000,
152541000,
144933000,
159459000,
152007000,
143845000,
158522000,
161739000,
152718000,
155640000,
148226000,
152090000,
144046000,
157065000,
150490000,
152652000,
144868000,
158161000,
150139000,
143294000,
154566000,
147554000,
149733000,
142690000,
145727000,
138000000,
141344000,
134205000,
137509000,
128509000,
132020000,
135966000,
139325000,
131276000,
135955000,
139137000,
130665000,
132933000,
136253000,
138707000,
140611000,
142794000,
155082000,
157575000,
160686000,
163504000,
164720000,
166666000,
168109000,
159761000,
153835000,
165435000,
157150000,
159892000,
152858000,
155590000,
157526000,
152775000,
154329000,
158071000,
152423000,
153790000,
146055000,
159724000,
153197000,
144575000,
146568000,
139354000,
142682000,
134959000,
138628000,
128699000,
132454000,
146914000,
139939000,
143024000,
136430000,
138661000,
141957000,
144615000,
137865000,
139450000,
143019000,
134888000,
127696000,
143065000,
147371000,
139481000,
142834000,
136095000,
139199000,
130731000,
145255000,
138884000,
141598000,
131424000,
133144000,
147812000,
139013000,
140733000,
132025000,
147352000,
149646000,
140653000,
143033000,
133964000,
148253000,
139523000,
153432000,
144834000,
146936000,
147274000,
149231000,
150546000,
152707000,
154701000,
157818000,
158830000,
149178000,
159870000,
150442000,
162005000,
153436000,
164654000,
154832000,
165813000,
158961000,
148481000,
161035000,
153152000,
142134000,
143574000,
146004000,
137606000,
129457000,
141034000,
142982000,
144687000,
136175000,
138371000,
129406000,
131673000,
144554000,
146441000,
136895000,
129514000,
129850000,
142254000,
143003000,
155523000,
157426000,
158304000,
148703000,
160713000,
151575000,
163981000,
154407000,
166105000,
157981000,
146536000,
158525000,
149647000,
160774000,
152052000,
163842000,
153307000,
166446000,
158451000,
149797000,
162520000,
154516000,
146679000,
148706000,
140090000,
142224000,
132555000,
136331000,
137479000,
130531000,
152879000,
144976000,
148801000,
139065000,
143769000,
136649000,
137630000,
140766000,
143627000,
136393000,
140253000,
143504000,
136079000,
128096000,
144738000,
147902000,
140707000,
143366000,
136596000,
139918000,
130869000,
134681000,
138999000,
142202000,
135758000,
139005000,
130684000,
134096000,
136975000,
139384000,
132618000,
145286000,
138600000,
142341000,
137019000,
140854000,
142926000,
135060000,
126473000,
151398000,
142821000,
156901000,
149053000,
142894000,
146047000,
139361000,
143102000,
135153000,
137944000,
128660000,
132071000,
147978000,
140796000,
144026000,
136303000,
138970000,
128519000,
143430000,
138190000,
141511000,
134142000,
147268000,
140389000,
143086000,
133907000,
148378000,
140405000,
143665000,
136907000,
140211000,
142297000,
134900000,
126117000,
152292000,
154372000,
159436000,
151777000,
153440000,
155803000,
148018000,
152924000,
155723000,
159013000,
151843000,
152968000,
154357000,
146763000,
149433000,
153154000,
154748000,
169379000,
160622000,
153631000,
166924000,
168222000,
159427000,
153196000,
164772000,
156163000,
147949000,
159923000,
152420000,
162861000,
153626000,
165343000,
155208000,
158021000,
157920000,
159373000,
171558000,
161728000,
154012000,
165501000,
157675000,
159369000,
171732000,
162452000,
157329000,
177024000,
167989000,
170383000,
160619000,
152982000,
164714000,
164554000,
158323000,
169589000,
172007000,
161937000,
166516000,
157862000,
148745000,
151184000,
142406000,
145419000,
147527000,
138428000,
131234000,
154021000,
144958000,
146273000,
138757000,
149783000,
141170000,
143319000,
133461000,
146518000,
137694000,
140575000,
142314000,
143790000,
144989000,
136365000,
140153000,
141817000,
133345000,
148442000,
150933000,
142676000,
133598000,
145861000,
137318000,
151332000,
141449000,
154966000,
146677000,
159770000,
161952000,
153891000,
157020000,
158695000,
159868000,
151320000,
153019000,
144743000,
147052000,
138869000,
150741000,
142709000,
144908000,
145995000,
136846000,
129713000,
154466000,
144581000,
146637000,
138180000,
141216000,
134503000,
136403000,
127682000,
153206000,
155122000,
158645000,
151191000,
152345000,
157104000,
149767000,
153112000,
145674000,
160078000,
152245000,
144198000,
146470000,
139022000,
141391000,
134176000,
138121000,
129872000,
133534000,
137365000,
139908000,
130146000,
133559000,
126001000,
152356000,
144603000,
159003000,
150847000,
143486000,
146683000,
148981000,
140475000,
135283000,
138390000,
129632000,
145630000,
138758000,
142648000,
136021000,
138862000,
130122000,
143177000,
157329000,
157634000,
159916000,
162589000,
165045000,
167337000,
158495000,
149916000,
153955000,
145973000,
148794000,
151881000,
154087000,
156777000,
149448000,
153551000,
154868000,
148165000,
150042000,
142806000,
146387000,
138771000,
142631000,
135785000,
138722000,
130844000,
144731000,
137445000,
140800000,
133663000,
136778000,
128851000,
144559000,
136920000,
140257000,
132588000,
136465000,
127453000,
131345000,
135412000,
139228000,
130700000,
145432000,
138056000,
141155000,
133924000,
136976000,
129552000,
133609000,
137188000,
127961000,
131677000,
147309000,
139681000,
142637000,
133373000,
136271000,
136674000,
129327000,
152724000,
144541000,
145407000,
136890000,
139122000,
130408000,
133056000,
145319000,
146563000,
149466000,
140917000,
143890000,
146589000,
159277000,
151290000,
153252000,
144674000,
146412000,
138568000,
140749000,
131341000,
133558000,
147863000,
139959000,
140604000,
130892000,
135225000,
147184000,
149576000,
141644000,
142178000,
144440000,
147276000,
138805000,
150911000,
143170000,
148135000,
139682000,
142087000,
132204000,
135592000,
146521000,
137194000,
129379000,
153633000,
145156000,
147541000,
148438000,
148812000,
139317000,
151744000,
144069000,
146404000,
138080000,
151163000,
142092000,
144664000,
146166000,
137215000,
129426000,
130897000,
134099000,
146641000,
139822000,
129182000,
132229000,
135602000,
136234000,
128766000,
153229000,
144198000,
146983000,
137996000,
150517000,
142422000,
142357000,
144729000,
146474000,
138646000,
153236000,
142456000,
146172000,
138439000,
140561000,
133445000,
136940000,
127786000,
142826000,
146602000,
139469000,
142905000,
144982000,
139641000,
142769000,
133224000,
138419000,
139533000,
142530000,
135596000,
140550000,
131072000,
134926000,
149877000,
143213000,
144502000,
136937000,
149775000,
143026000,
144976000,
138104000,
141061000,
133682000,
146550000,
139053000,
142495000,
134893000,
148527000,
139850000,
143659000,
136494000,
139416000,
131374000,
134855000,
138525000,
141698000,
134210000,
135906000,
128026000,
