85230114
100233408
85153881
100157281
85111029
100061736
85022967
99984935
84941264
99907748
84862435
99829696
84780800
99764134
84709355
99695752
84642100
99611980
84569311
99545904
84511990
89565518
84442631
99409630
84373966
99346701
84302980
99278256
84250768
99234951
84187421
99158740
84116152
99099248
84060081
99034542
83987723
98967668
83927113
98910891
83861545
98784959
89043496
98665739
83591721
98568316
83534199
98498159
83462893
88493876
83401306
98397807
83324821
88369341
83275742
88314883
83263060
88383177
83367963
77864965
63287801
68312081
63283321
58267640
63214652
58194582
63161274
58127793
63149143
58087650
63039026
58031896
62988609
57946418
62932689
57875550
62853058
57813058
62774481
57756159
62725660
57681172
62634084
57613033
62584029
57555454
62513151
57462424
62442328
57410669
62398918
57337759
62315269
57255771
62204729
57181918
62155591
57108822
62085927
57049079
62044544
57015666
61992432
56971083
61929053
56851413
61858855
56814982
61801476
56733763
61737143
56711671
61673629
56662409
61600066
56565776
61547774
56520225
56457524
61395185
56400752
61377981
56375203
61302364
56236408
61210021
56178910
61140877
56081908
61087388
56048894
61004344
55989061
60920972
66174900
60860707
55828076
60769470
55727755
60717849
55693664
60652110
55616936
60599559
55572879
60534875
55482365
60464366
55426866
60378320
55352967
60323920
55303860
60264633
55214774
60184128
55134032
60134688
55084958
60056930
55010930
49999403
44973039
49091152
44019151
40667335
35615951
40642015
35585676
40594241
35524268
40514369
43747242
40453212
35451964
40483580
35483760
40477886
35436615
40438008
35450652
40446051
35463706
40464905
35473086
40469264
35464406
40458322
35433095
40411007
35482024
40464139
35482985
40466992
35410038
40444657
43020686
40454488
42978782
40420716
35417391
40461914
35466652
40477008
42814425
40435757
35426149
40440914
35484435
40472105
35472406
40413038
35488635
40451672
42440403
40474381
42395993
40395396
35476094
40407721
35407822
40389594
35320450
40320205
45325597
40291276
45210732
40200840
45170738
46980785
45073073
46900877
44994871
39958600
44949410
39917645
44876854
39857265
44793847
39763980
44814212
39730796
44736052
39711403
44686028
39668974
44626533
39613527
44578702
39547480
44512307
39483175
44457876
39431140
44401946
39386874
44371733
46015493
44344543
39331274
44313305
39284069
44222951
39225116
44209376
45777923
44172545
45735377
44083155
45658079
44020637
38994681
43963063
45497095
43915397
45429910
43854340
38829822
43791534
45323086
43752721
45231908
43707045
45196352
43649070
45124493
43552535
38518979
43490181
45027522
43508346
38454810
43461383
38440455
43418235
38376696
43341060
38337372
43287336
38278127
43224975
38188892
43157960
38141377
43112466
38111950
43072588
38048803
43030443
38006971
42987916
37962446
42918017
37912347
42885690
37864557
42871401
37829112
42811137
37795825
42742696
37709386
42699488
37621336
42594016
37556701
42519109
37538724
42474836
37442616
42410095
37382360
42379203
37361262
42344097
37321339
42272338
37242809
42292482
37221265
42095238
37010841
41948102
36973725
41946737
36912317
41875427
36824310
41772516
36799310
41764420
36691643
41669320
36638805
41641899
36620025
41573391
36557110
41493401
36470259
41489980
36446828
41371192
36350280
41314898
46328000
41292982
36260355
41194581
36161041
41123225
36124887
41091880
36074941
41004537
35980594
40939100
35941021
40914392
35893225
40878703
35810478
40834296
35815629
40778659
35763327
40731038
35724043
40679851
35667941
40647717
35623988
40592575
35569150
40527675
35517380
40517183
35490057
40451795
35498310
40449046
35436917
40394688
35443624
40442097
35483403
40464427
35469925
40480482
35470704
40439010
35487087
40477335
35487387
40477546
35505635
40474793
35484535
40462256
35474874
40461357
35444443
40390804
35412183
40426327
35398574
40384169
45367983
40382399
45348898
40323992
45266015
40213658
45213367
40146080
45133103
40128069
45098834
40077634
45023970
40022510
44997187
39967790
44955977
39924716
44921372
39840082
44817923
39776726
44761393
39717650
44693859
39651705
44687762
39657726
44638101
39608917
44561787
39540065
44508065
39465758
44457893
39425476
44343716
39300839
44285383
39239874
44221599
39175990
44157269
39123385
44095814
39057634
44029825
39044643
44038039
39001951
43984452
38910492
43880389
38851673
43821219
38780574
43758401
38714019
43685423
38644207
43639712
38588052
43598265
38513793
43517565
38484374
43460154
38453044
43470880
38439989
43411245
38418270
43355458
38333463
43291887
38286975
43233605
38204294
43148478
38113475
43091533
38040146
43014791
37977695
42955251
37914198
42912837
37861134
42858208
37819539
42818787
37770373
42728846
37681353
42655824
37596846
42570894
37549768
42521234
37488165
42448058
37386256
42364393
37323809
42308905
37264650
42242944
37196552
42164706
37159112
42127076
37127582
42078180
37033328
42008811
36977553
41959426
36907983
41880102
36826979
41837151
36787124
41766107
36723910
41678001
36636192
41614023
36574741
41555828
36552767
41539044
36512692
41510598
36441246
41412924
36368383
41352281
36311969
41291932
36243471
41220282
36153493
41155251
36116327
41089992
36051645
41058419
35993620
40946311
35898138
40929671
35892431
40824954
35820593
40792894
35737595
40700873
35655076
40639055
35590043
40561359
35531401
40518177
35487986
40439782
35425007
40385679
35389980
40371385
45330360
40331644
45302302
40268453
45245613
40223355
45214193
40180249
45151173
40149615
45124177
40093631
45036891
40007233
44977117
39954169
44914542
39884463
44856605
39825789
44779249
39742873
44761443
39677538
44642819
39601959
44571253
39542769
44501098
39469421
44443089
39415336
44378491
39349480
44327236
39283897
44242298
39214327
44191495
39171230
44132965
39100772
44090633
39058859
44025490
39004663
43992827
38934779
43905427
38900726
43867179
38864566
43792841
38764380
43773710
38740507
43705079
38690353
43651104
38620404
43595037
38572460
43523472
38488942
43450696
38461219
43457178
38424170
43388929
38369628
43336974
38302253
43249538
38207488
43173359
38125695
43080786
38044887
43008656
42306242
47287276
48868421
42892837
37910538
42891986
52892728
42842401
37818521
42744509
42771667
42688622
37656515
42632990
37596944
42560842
37524371
42490768
37457459
42395246
38257361
42349305
37323541
42279128
37280431
42219387
37181480
42127823
37099262
42061806
37024364
41990852
36965621
41928356
36901792
41860321
36838424
41827134
41886947
41760714
36736409
41708811
36680020
41642368
36591332
41606293
36551998
41509847
36483459
41452255
36433474
41396064
36378987
41321838
36289935
41251999
36221012
41182646
36165673
41132402
36086756
41038581
36026518
41002690
35964789
40955933
35914446
40865454
35820580
40796137
35768096
40738635
35695563
40656530
35632536
40595074
35563290
40525737
35496974
40461578
35424442
40394945
35400683
40336790
35303116
40265557
45234602
55279915
45197376
40148304
45122721
40066217
45045238
39993952
44964833
39926435
44905205
39863208
44835317
39788695
44759065
39714309
44693912
39682632
44631663
39603575
44571746
39542428
44494278
39441532
44412304
39376709
44360515
39321546
44290382
39251379
44220828
39184517
44143493
39117756
44094161
39051625
44020123
38987171
43961674
38925031
43939033
38902273
43860808
38788245
43759325
38710419
43700891
38664100
43641865
38602598
43572573
38533309
43521781
38479293
43458093
38418018
43395849
38356911
43330165
38299342
43271376
38276357
43290096
38252223
43169018
38132904
43095336
38051307
43022957
37975856
42952844
37923142
42889082
37852845
42826841
42107901
42760133
37723750
42701166
37664920
42640063
37635518
42619569
37603477
42572499
37513229
42496322
37446501
42423690
37369296
42346726
37317133
42284992
37241386
42214953
37173339
42148177
37109842
42084389
37055573
42034781
37004212
42010665
36985215
41969789
36939052
41883996
36846270
41821431
36783621
41749597
36711506
41662573
36618327
41597141
36553405
41531575
36494373
41466384
36425667
41401533
36360323
41367371
36342044
41331404
36289310
41292078
40413207
41282387
36251730
41210457
36204570
41194499
36118488
41111626
36090713
41092170
36069148
41078266
36041301
41027362
36008321
40976991
39802175
40953314
35915350
40897520
35865577
40832299
35831099
40806533
35775631
40738909
35698579
40690843
35665267
40641904
35581454
40569678
45575331
40548053
35517242
40491180
35461573
40444749
35448685
40430756
35428880
40402792
35393794
40365472
35330366
40309990
45285376
43840713
45218479
40195400
45156374
40143214
45053484
40065448
44986221
39960910
44949134
39917330
44920342
39897620
44879876
39820106
44773979
39737126
44706117
39681465
44649877
39622739
44588180
39594798
44519974
39502879
44448384
39418570
44392150
39360239
44327008
39287672
44291031
39278825
44250000
39231226
44168164
39134164
44103021
39064485
44035526
38993923
43955544
38928285
43892993
38856684
43820397
38794977
43765218
38734618
43703758
38676742
43623147
38616780
43587543
38561964
43514532
38457782
43427865
38404801
43383327
38342661
43304365
38273034
43227325
38194060
43163614
38123890
43112965
38066786
43032650
37998720
42965251
37966248
42939723
37899009
42862034
37844828
42787129
37756176
42728708
37705319
42696180
37643003
42637415
37580450
42539397
37508574
42488922
37455860
42378328
51669170
42387382
37338304
42354800
37334267
42306742
37289569
42215267
37176328
42132909
37103567
42064341
37042019
42008844
36976820
41947065
36924352
41900579
36860120
41844832
36817508
41776714
36744077
41739220
36722377
41692907
36666209
41639883
36622886
41552290
36508615
41454586
36447421
41408422
36376136
41346617
36317084
41284139
36257666
41223339
36180786
41148910
36115846
41082008
36106624
41064242
36057939
41047538
36031569
41023016
36011307
40987087
35957566
40941202
35900225
40838683
35828810
40775211
35746446
40716149
35688686
40650785
35666432
40630716
35588567
40573353
35511662
40471487
35443202
40428472
35438782
40391499
35402177
40364978
45345398
40303943
45279174
40212505
45185956
40137536
45106232
40060721
45041794
40001819
45025670
40000836
44997024
39985356
44973055
39945925
44913297
39863670
44862003
39793376
44780523
39742790
44716167
39670821
44645510
39603078
44561416
39518764
44506355
39462246
44448021
39453382
44445746
39427276
44389855
39359104
44329137
39300407
44276343
39231504
44205827
39164287
44138195
39103057
44066325
39026881
44006993
38970962
43955186
38909548
43884936
38888317
43909580
38882387
43824043
38813352
43779532
38738802
43688091
38644414
43631090
38584401
43563858
38526451
43513178
38496275
43451896
38407477
43389929
38358080
43338213
38297126
43323603
38298748
43298479
38263610
43253253
38183437
43163749
38120970
43100663
38053977
43027455
37985494
42957595
37913447
42880866
37841750
42814154
37781482
42746127
37710386
42724902
37681570
42661702
37625429
42623062
37575200
42513341
37473712
42445831
37416596
42406578
37354563
42321278
37276441
42261883
37221494
42203839
37168814
42141556
47102883
42073346
37071205
44816312
57945719
55543904
56940302
41893955
36842396
41787266
36745909
41706900
36666129
41637118
36594435
41573348
36537059
44315124
49301995
41444353
36402287
41380694
36380926
41379701
36355763
41372466
36314057
41337621
36265193
41249997
49705094
41191169
36155632
41107094
36068844
41041503
36004552
40972924
35934042
40900536
35866973
40842333
35803568
40826218
35747566
40725908
35685750
40660326
35622111
40605372
35568506
40525754
35500617
40485642
35443772
40415162
35380203
40368757
35349057
40324230
35285415
40264485
45224254
40233405
45197416
40166770
45157225
40138727
45068538
40041314
44994835
39965721
44931188
43313761
44867452
39845313
44808011
39769572
44704615
39671290
44686102
39613518
44546550
52966432
44599684
39588167
44565450
39539938
44478791
39456138
44415492
39380704
44347399
39325951
44290086
39254006
44209543
39172075
44151957
39114078
44065972
39037979
44001546
39004124
43986758
39001183
43907925
38883245
43832575
38806464
43774787
38740590
43706245
38677714
43668896
38643932
43582066
38550200
43515307
38494716
43453836
38421078
43387691
38347279
43316939
38302191
43263648
38211400
43164733
38135232
43096370
38061921
43027936
37999193
42966149
37927809
42889058
37860287
42835192
37808558
42771494
37753677
42710971
37683434
42656804
37647782
42624571
37579795
42518968
37481691
42461259
37426273
42369778
37336189
42301336
37264944
42230061
37209851
42178048
37153895
42117556
37095710
42064360
37032852
41989538
36990682
41954881
36936194
41915936
36859069
41825012
36776095
41737407
36715293
41678425
36646820
41605250
36580337
41546839
36517021
41471778
36439000
41407483
36381172
41343891
36319402
41338419
36315231
41298018
36296204
41285399
36251450
41181738
36150160
41108450
36086419
41048246
36021164
40979347
35942294
40904037
35868735
40828334
35805199
40767403
35740088
40736218
35736197
40710551
35689294
40675028
35677225
40632553
35561325
40510913
35476640
40400002
35367635
40362518
35331846
40306781
45301245
40269666
45248809
40210359
45373534
50367711
55359372
50994143
45271147
40222552
45210761
40178159
45154412
40131176
45127514
40084441
45076724
40058492
45003591
39992113
44971741
39945014
44961864
39935719
44927502
39890220
44840171
39774860
44766457
39736399
44721162
39694685
44669912
39624664
44614275
39587029
44580404
39536328
44527875
39477342
44459412
39423908
44399211
39368859
44352831
39322377
44287571
39232830
44206246
39172703
44189692
39154063
44153826
39117235
44089983
39048718
44050211
39000846
43983507
38961620
43948010
38905064
43889746
38839755
43843375
38817410
43810837
48812038
53806809
49557342
43671660
38632217
43600704
38564675
43524983
38493246
43461602
38415072
43390414
38360210
43358019
38303831
43269188
38228555
43197984
38162937
43142606
38097784
43078007
48038760
43007017
37965004
42952358
37908740
42877488
37839312
42816413
37766156
42749667
37708508
42689252
37655111
42654378
37620668
42591133
37554801
42535020
37491835
42460121
37419727
42405594
37379775
42354882
37327203
42292179
37261306
42249384
37221686
42181602
37149334
42134296
37101505
42079851
39591777
42031358
36991586
41975421
36936492
41916692
36884485
41839044
36803026
41779435
36733300
41720045
36676587
41661344
36619177
41600868
36559148
41538256
36504371
41479754
36445385
41424671
36382081
41374610
36338198
41282424
36247335
41231255
36191918
41163458
36125525
41112685
36076589
41054153
36015730
40993596
35956967
40942358
35907467
40880186
35849531
40822772
35794762
40771201
35738982
40713510
35677539
40659309
35633071
40618240
35587648
40561103
35522372
40504344
35465892
40434589
35397211
40374753
35342139
40316197
35298440
40273933
35244201
40229018
45202312
40174544
45152207
40134087
45114682
40087536
45060581
40031990
45000992
39974796
44948713
39921336
44902329
39873801
44840990
39815149
44790845
39771488
44744599
39720034
44689064
39663914
44645533
39620252
44596755
39558839
44523709
39496660
44460478
39431595
44405466
39386626
44353478
39333082
44302802
39277445
44250573
39227298
44201235
39183543
44160972
39137970
44105929
39078077
44050425
39024150
43997846
38966423
43935402
38914615
43881749
38854678
43827843
38800987
43777846
38746960
43716743
38687170
43645573
38622694
43592409
38559458
43522333
38494282
43462497
38432555
43406949
38378376
43342921
38319511
43280718
38252871
43213548
38183745
43150304
38118785
43092382
38057018
43018774
37993979
42964427
37941929
42916357
37894297
42867029
37912231
42868531
38592404
42697242
37670371
42649171
37601651
42582916
37560091
42521910
37502838
42464493
37434931
42402394
37382367
42408125
37318315
42277363
37230365
42224026
37201602
42165177
37137237
42104779
37082501
42044494
37016373
41990416
36970556
41940032
36891260
41881674
36864940
41842971
36785035
41763541
36745230
41712204
36679893
41649025
36626880
41591708
46581861
41550172
36519762
41481865
36437646
41415355
36392219
41365182
36347429
41319662
37194880
41256062
36228819
41203912
36165441
41140382
36116855
42904571
47881925
41036671
35995502
40966731
35938656
40900931
35881101
40852390
35835902
40819945
48452563
40765053
35741078
40710294
35687425
40658957
35630040
40589991
35568172
40546272
35517726
40487390
35463277
40437230
35423643
40403485
35417702
40392005
35365992
40348795
45326051
40283462
45262212
40229401
45209108
40172014
45159351
40121611
45103982
40073444
45055284
40037902
45007987
39975864
44945413
39910585
44888224
39861991
44834042
39799811
44783379
39749169
44730164
39702289
44686471
39644252
44619149
39577251
44556839
39530203
44501570
39465109
44424555
52009180
44410073
39349209
44335198
39310594
44289105
39252968
44239667
39207817
44184523
39144246
44116925
39080013
44060578
39018032
43997936
38952897
43927773
38883083
43867175
38832855
43798137
38764380
43747513
38706772
43691088
38663654
43642644
38599590
43578370
38553061
43538258
38497810
43481673
38444047
43429926
38392217
43381068
38337650
43324159
38297942
43281238
38245025
43211794
38177624
43156746
38120485
43095779
38054730
43043002
38012154
42987374
37961236
42947836
37912523
42886363
37855354
42842325
38709603
42792366
37769534
42746538
37715139
42697662
37660198
42641610
37613926
42592626
37557119
42541478
37505980
42481685
37454551
42431548
37397679
42373018
37345610
42317960
37290635
42272543
37244216
42233601
37206605
42188937
37147725
42126437
37094073
42079702
37048382
42026033
36989297
41973078
36948913
41922352
36881532
41859947
36839427
41812678
36771896
41755369
36727624
41706336
36670125
41654955
36622237
41596166
36558852
41524822
36486349
41443348
36429170
41418559
36397377
41379499
36349207
41331536
36300169
41288739
36258845
41244337
36217334
41199163
36161552
41133074
36101563
41081437
36052035
41029754
36004152
40959854
35929483
40909894
35874201
40860123
35826709
40809598
35757521
40756409
35714702
40702688
35655011
40652143
35612070
40593349
35566594
40545996
35515495
40500498
35464102
40445447
35416928
40390840
35398922
40379840
45343442
40326502
45299343
40275294
45244108
40222478
45199365
40170840
45139150
40120641
45082839
40058231
45035183
40004642
44980852
39938838
44916419
39915899
44878599
39861557
44842046
39815026
44781790
39753545
44718037
39671838
44639324
39625918
44599461
39565772
44544080
39516456
44497297
39474485
44421115
39446289
44412576
39389377
44355029
39329829
44303905
39286124
44245754
39215714
44188447
39159929
44126577
39103013
44068920
39037532
44015325
38986626
43960047
38936129
43908956
38889613
43845733
38845159
43824185
38796281
43767711
38745821
43722367
38692280
43727074
38687733
43647209
38628614
43593474
38576030
43538945
38517468
43494624
38462458
43447599
40139822
43392238
38363125
43336986
38313732
43286189
38254804
43228855
38194427
43166446
38133004
43100070
38069334
43028962
38005226
42975042
37953449
42926095
37901896
42876291
37850827
42818894
37799111
42765205
37737478
42705694
37675741
42639887
37611364
42585413
37557331
42528628
37497100
42459896
37434293
42410483
37388267
42359706
37335793
42297445
37272501
42246376
37212985
42189797
37164272
42130734
37104911
42073330
37051361
42017841
36994816
41964449
36938455
41900523
36862975
41836467
36815878
41800149
36769505
41744809
36729038
41700002
36667827
41633744
36611145
41574110
36550113
41536018
36519199
41490700
36460886
41429526
36398420
41377628
36352808
41314610
36294976
41273059
36248799
41219435
36191112
41157637
36135222
41112639
36090181
41046318
36023817
40991499
35968847
40941622
35913114
40880937
35854502
40855239
35844715
40819134
35790532
40766793
35743162
40721666
35695869
40709280
35659953
40622876
35598858
40586447
35560447
40540187
35516550
40490751
35478998
40461945
35456953
40435183
35465333
40436158
35447891
40436123
35462184
40428626
45475226
50541763
57708770
52699043
47663673
50296971
55378142
51852861
45285812
40237592
45207707
40177067
45162354
40130309
45104715
40083524
45061024
40029953
45009251
39975778
44945545
39912625
44892215
39866874
44852790
39826277
44803690
39771504
44748185
39729201
44708883
39679038
44653559
39615475
44596663
39564522
44550400
39538584
44498920
39462964
44445674
49420284
54432818
51924958
44358578
39305577
44290946
39248290
44232833
39200496
44172278
49144423
44119124
39076882
44057942
39019602
43995994
38970577
43949689
38914861
43897229
38855586
43834686
38800135
43774617
38742339
43726275
38692619
43670622
38634857
43615113
38580873
43558479
38519717
43503781
38473832
43446485
38410428
43453600
38416180
43345950
38307297
43292234
38252688
43232599
38198234
43170601
38130348
43106016
38078919
43047816
38007755
42982826
37949486
42928703
37902111
42880304
40725382
42825263
37797468
42775463
37737778
42719202
37684681
42661697
47627034
42606309
37582137
42560038
37525219
42520816
37473961
42460791
37424674
42406798
37364782
42345697
37295648
42280212
37247240
42225199
37192505
42166832
47144991
42117648
37068120
42045534
37020693
41998232
36959347
41937724
36907207
41880045
36846421
41823925
46818310
41775381
39741392
41713198
36674482
41660386
36630827
41609146
36572591
41554681
36526842
41493980
36465871
41452738
46421614
41397218
46360994
51363361
48691326
51293642
59440424
54402222
59346933
64324755
59302609
64267624
59261102
64242408
59212558
64212874
59164861
64172487
59144636
64107770
59080003
64049477
59005664
63986008
58951143
63930348
58904213
63864112
58846383
63813524
58788282
63768860
58721965
63707666
58709581
63651482
58650598
63623558
58603109
63601419
58590986
63574712
68552903
63534797
68507682
63476621
68445227
63485931
68460132
63438853
68426333
63422085
68373209
63362633
68337538
63330964
68288560
63269608
68240047
63230805
68219210
63185427
68179952
63193997
68171459
63150196
68121542
63103016
68097105
63116198
68077637
63077172
68056183
63062977
68024908
62991591
67988939
63002049
67945265
62934771
67902068
62908875
67874332
62875527
67837981
62821006
67814643
62799431
67770198
62762048
67780835
62762072
67748742
62723803
67725199
62694639
67689722
62657859
67634614
62651758
67610271
62623920
67563036
62606094
67559191
62559620
67516629
62492516
67505454
62480382
67468102
62450898
67428736
62425165
67425603
62402881
67364154
62345994
67351163
62331453
67308396
62293477
67465624
62213964
67210436
62202710
67145602
62118499
67082859
62088095
67076151
62043185
67033135
62006743
66989215
61958751
66950124
61926040
66919620
61910028
66897017
61860954
66855329
61817112
66798881
61766583
66771562
61764175
66756703
61765477
66730952
61709442
66696740
61720813
66695771
61682207
66674392
61696015
66663801
61649920
66642474
61608042
66589271
61577356
66553789
61543225
66513098
61496043
66484746
61475361
66447123
61443422
66408650
61402094
66395178
61409188
66370270
61383989
66340533
61314469
66290192
61297572
66265472
61247908
66226207
61199272
66204294
61152763
66153216
61122543
66126975
61085446
66075786
61067667
66044899
61034054
66029910
60982820
65943687
60937608
65892860
60925183
65928261
60892071
65872088
60853971
65854713
60827204
65812923
60789025
65775160
60755383
65758927
60727578
65710201
60684027
65666029
60644503
65619715
60602474
65582586
60576604
65533179
60568311
65504051
60488595
65455507
60470745
65468524
60464482
65463726
60414248
65414079
60359339
65360058
70379548
65337969
70333079
65307641
70290287
65232315
70240652
65200289
70234512
65204498
70198881
65138573
70161422
65122037
70122828
65082661
70095230
65054527
70077568
65007545
70024233
64977540
69973459
64934931
69922479
64915897
69893127
64847004
69822585
64803268
69777024
64738344
69703693
64668774
69650893
64630122
69593728
64578152
69566036
64549790
69534761
64503000
69475965
64459908
69456281
64415615
69418885
64378793
69393956
64357650
69368020
64298336
69302100
64257250
69237107
64178588
69225236
64169361
69164688
64116674
69149025
64099309
69088397
64049163
69025688
64028098
69025817
63993684
69004959
63964081
68937320
63901870
68921811
63889544
68904992
63868987
68834728
63783251
68814575
63754133
68746158
63688054
68654217
63625332
68570262
63562486
68510311
63477367
68448402
63414492
68393933
63350708
68306004
63319347
68281667
63261257
68215379
63197684
68161329
63122724
68114891
63065997
68060669
63026241
67992842
62966650
67962769
62936284
67918768
62851741
67877964
62814444
67801778
62771598
67731567
62664606
67680667
62637418
67602947
62578698
67561988
62531858
67517739
62476380
67475655
62430320
67427825
62376280
67362689
62320111
67318047
62259008
67265883
62224581
67177798
62162131
67127464
62117483
67092511
62055511
67055356
61993267
67000659
61980890
66948428
61886985
66893375
61831070
66817467
61793640
66781798
61734197
66722924
61666385
66648683
61634527
66607289
61563110
66553001
61514942
66524545
61481609
66484597
61420938
66438815
61377733
66357539
61336956
66308905
61272437
66239935
61234683
66197493
61184313
66132089
61126077
66070135
61040376
66009499
60994489
65973982
60966281
65927619
70901928
65877551
70846009
65855620
70841762
65838617
70796673
65807648
70765581
65751815
70716598
65701382
70663440
65638428
70594677
65576724
70575138
65541024
70508798
65487436
70453269
65435902
70391926
65368005
70341621
65330074
70284029
65256507
70222173
65192058
70183379
65179401
70142279
65104763
70080386
65052489
70020069
65020944
69969651
64972273
69914459
64892256
69860726
64852437
69799680
64791636
69739821
64727557
69699158
64660140
69634635
64629889
69589385
64548194
69550183
64537595
69512540
64484051
69456363
64463390
69427320
64406095
69402275
64393463
69373583
64358507
69326327
64317230
69297822
64298712
69300653
64289728
69232266
64205997
69192992
64170608
69198663
64183400
69159087
64139128
69123064
64102505
69082191
64069722
69065345
64048971
69031493
74024755
68981294
63938934
68954521
63947314
68896069
63880589
68872140
63861269
68824943
63815835
68802125
63814425
68756340
63768831
68758182
63731839
68731100
63707202
68711592
63662122
68615174
63619039
68583679
63604904
68600389
63594017
68560768
63550485
68517967
63514762
68465283
63488583
68450189
63470675
68457755
63450694
68434420
63423041
68413724
63404934
68372460
63355175
68266258
63282393
68286045
63284763
68270022
63221066
68223029
63184580
68148474
63136047
68118680
63091476
68098013
63074535
68070567
63067141
68030437
63031231
68035376
62995064
68005719
62995254
67947088
62970338
67908056
62899123
67866949
62870538
67815199
62829565
67783141
62764168
67729982
62728124
67653992
72664945
67657703
62655708
67641755
62627347
67614458
62605431
67548022
62515721
67485762
62443685
67450487
62408285
67415984
62382897
67354040
62365425
67327252
72319231
67294776
72296913
67231027
72226811
67196974
72208470
67191771
72168224
67184863
72172657
67090501
72111467
67102151
72058540
67074008
72078865
67065117
72057032
67008241
72001839
67006884
71980063
66962555
71941035
66955572
71912491
66896029
71872102
66861458
71859261
66819760
71832273
66804820
71813520
66776870
71764410
66759143
71744844
66727793
71697592
66683873
71684281
66638432
71652940
66655168
71622652
66606048
71592394
66555179
71565214
66551720
71531178
66481253
71464471
66413501
71438003
66411178
71408768
66384051
71396996
66353678
71358306
66326528
71294480
66263229
71244817
66254611
71243272
66235711
71190756
66158594
71159342
66125249
71104275
66101545
71083450
66061958
71048089
66013551
71005174
65985600
70981224
65975785
70966250
65933541
70953214
65924634
70921267
65881631
70896001
65878114
70880417
65819771
70818599
65781088
70769665
65733909
70762345
65711756
70736036
65715956
70705528
65648533
70652103
65602562
70603016
65559238
70578339
65535577
70523020
65507376
70516184
65475042
70460700
65486261
70462654
65440835
70423360
65412828
70379513
65343032
70355379
65334862
70305624
65288555
70288199
65285709
70284877
65271168
70262636
65231278
70226287
65179067
70162721
65136032
70130214
65122378
70107517
65068799
70088218
65038075
70056043
65007308
69982843
66533612
69945618
64908028
69903748
66430620
69842425
66369673
69842913
64784758
69786265
64770002
69719929
64706460
69702009
64681050
69649204
64640735
69623976
64624005
69568729
64555705
69574668
64558647
69516021
64506305
69485821
64456877
69476489
64431033
69421616
64354170
69357246
64334381
69330309
64321412
69308034
64263989
69272594
64232434
69235987
64180774
69162012
64118222
69133629
64078860
69076935
74069698
69069345
74034688
69017292
73991506
68992369
73992915
68958832
73954990
68914832
73925532
68882852
73886462
68860400
73841288
68843936
73841793
68806901
73789301
68807594
73758816
68732748
73738449
68736999
73688533
68678200
73659195
68631744
73621520
68606073
73596863
68569158
73586322
68561714
73550442
68526832
73510965
68487978
73468987
68439673
73428618
68422996
73398215
68406689
73387173
68370202
73337549
68321496
73300956
68272919
73249364
68237641
73215301
68166128
73181888
68177669
73136393
68132425
73111132
68102207
73090287
68084392
73040039
68039027
73033675
68014109
72973780
67965444
72915704
67883064
72868116
67862701
72823862
67836082
72819854
67798124
72760976
67737420
72749239
67716957
72703890
67693280
72692338
67677559
72668542
67636242
72626959
67605745
72583526
67550764
72533888
67519667
72491911
67488879
72467690
67439931
72430679
67413594
72382199
67360508
72380296
67328320
72310059
67281894
72270411
67260495
72229691
67201970
72186115
67156291
72156573
67144924
72116662
67095178
72092653
67100587
72055145
67043619
72012179
66993758
71979798
66980322
71932982
66934569
71895212
66877501
71854801
66859345
71839444
66808819
71780790
66800314
71799443
66752533
71755956
66732672
71712752
66670977
71655417
66611037
71627870
66583215
71558613
66522222
71548003
66534562
71508391
66480884
71454486
66426174
71418587
66421656
71395788
66363721
71324946
66335469
71308421
66302138
71282015
66256264
71257311
66219631
71190298
66210866
71169134
66149277
71138548
66126022
71105764
66084510
71051232
66023753
71001630
65958126
70952577
65965130
70921051
65923802
70871813
65876917
70832099
65840739
70809361
65794693
70777276
65762358
70742770
75756973
70766046
65718656
70696587
65671852
70685071
65637835
70627073
65637480
70605459
65588581
70576304
65558122
70537778
65493386
70463302
65470324
70433751
65434659
70393069
65399194
70368327
65371200
70353041
65325680
70304243
65322913
70282544
65263541
70258016
65239821
70199628
65172128
70161189
65161197
70124875
65170952
70119872
75101203
70062427
65056672
70043848
65035890
70006084
65015282
69992933
74961595
69946798
64934261
69913090
64866117
69871856
64841300
69810455
75708860
69759560
64719457
69674780
64644484
69629328
64600726
60453647
75578250
70506382
65443107
69555589
74514072
69476495
74478457
70287726
74440084
69417505
74411232
70227204
74385589
69341288
74341417
70177494
74330253
70165970
74281978
69242078
74240394
69217876
74188700
69996776
74175916
69208623
74175337
69126615
74115538
69906787
74115229
69898309
74067827
69054322
74050455
69014959
74014227
68969263
73963465
68938099
73934977
68915137
73911010
69724279
73888108
69694807
73827947
68825812
73794657
68758742
73762415
69561740
73696720
68668149
73663848
68622140
73643579
69439462
73584444
69383083
73559602
68504672
73514939
68489930
73492944
68455500
73430300
69263541
73383362
69209216
73319437
69164048
73276434
69108028
73230004
68206782
73181876
68160501
73125478
68080366
73065003
68059815
73035505
68032967
73013731
68820895
72966293
68792855
72927939
68739456
72892861
68696590
72863643
68696110
72821397
67807849
72805918
67782775
72770325
68586184
72715571
67716909
72713747
67686414
72662444
67632709
72615861
68431383
72582016
67558749
72531435
68352419
72515187
67495549
72494949
68242471
72432807
67440451
72412999
67385606
72388621
67365047
72340626
68177739
72291510
67273960
72249318
68089793
72275147
68079956
72238951
67237583
72215078
67255856
72225216
68010024
72189781
67959933
71648634
66607181
71596019
67391852
71578589
67343747
71529907
67318007
71484069
67256681
71437122
67218066
71427738
66422979
71396640
66396084
71386540
67213964
71349018
66320433
71320262
66300186
71306658
66283672
71263627
67092964
71234368
67051967
71174680
67004811
71160479
66132617
71129478
66155161
71131608
66947764
71096673
66130250
71102684
66075985
71077829
66032874
71023032
65989832
70968624
66806558
70940230
66741716
70906960
66753129
70863903
66694211
70840878
65805687
70791208
65765785
70738350
66525569
70702597
66514909
70670808
66470724
70648204
65637513
70630036
65597937
70582793
66405078
70554624
65521719
70541156
66354721
70494994
65465416
70435349
66250269
70407379
65409062
70371529
66147744
70319808
65304126
70271093
65255130
70219307
65236634
70209588
66037775
70147604
65970386
70118612
65061866
70050962
65004516
70001219
65831710
69939749
65780470
69876463
64844170
69828486
65657025
69749905
65582277
69684541
64664696
69623345
65471651
69593745
64558384
69523033
64494124
69452341
74441977
70319148
74391658
69362438
74359489
69305386
74292135
69274313
74229483
70111818
74156608
70057404
74101960
69089367
74061269
69034013
74025960
68977644
73961437
69854284
73909971
69811799
73869021
69748709
73819779
68814329
73777803
68755551
73714832
69589799
73658097
68633043
73610315
69496717
73552483
68538083
73498678
69393725
73445239
68436339
73405936
68372324
73327692
69244548
73289183
68263570
73231435
69126502
73169978
69062198
73141852
68093693
73052027
68957062
72989371
67965617
72948660
68837268
72885061
67866059
72818766
68729399
72782353
67751552
72711760
68629142
72659013
67658814
72605536
68517207
72567142
68459008
72525151
68403756
72458742
68351181
72404097
67382564
72354730
67318851
72337068
68178874
72241535
67232027
72186063
68070473
72121329
68005901
72088737
67950048
72037202
67013078
71957708
67859852
71905079
67798292
71859558
66843003
71804613
67701899
71745109
67648319
71700134
67589859
71662089
66625024
71603611
67470184
71565152
66531796
71494467
66487188
71436033
67320234
71387183
67276039
71336838
67214295
71279795
67148020
71242083
67092331
71176777
66174614
71126915
66112065
71094803
66963663
71026719
66896620
70957564
65941856
70905305
66789952
70846342
66741597
70802024
65771399
70740053
66632973
70729201
66581890
70643327
65621290
70578417
65568181
70533629
65522360
70482482
66361815
70414751
65372542
70346289
65327564
70306086
66222867
70235892
66159637
70188883
65167520
70128849
65120396
70071971
66025078
70027683
65959367
69966686
64939804
69905956
65850315
69842135
64804446
69781511
65740833
69722102
64703890
69682885
64644614
69608355
64606954
69555170
65507528
69485701
64457706
69442187
65438541
69384496
65432128
69313170
64277521
69253482
74235781
70295628
74156472
69125471
74114262
69070946
74059501
70128794
73987567
70071627
73922375
70014754
73892996
68850521
73814341
68801942
73768559
68737709
73710043
69815578
73662021
69765300
73612286
68569757
73546688
69652544
73494752
69594568
73432173
68391237
73391602
69472231
73322249
69418110
73269523
69374321
73229117
69322908
73186718
68155035
73129689
68106876
73085993
69170126
73004098
67977947
72955763
67924009
72900079
67867934
72842949
68971109
72788638
67775488
72744941
67739565
72689878
67677493
72640731
68766440
72581778
68712597
72531381
67491754
72462852
77429869
72440014
67390873
72358922
67324096
72303768
67284294
72241391
67207088
72199622
67147561
72133563
69531688
72066441
67042003
72016158
66982733
71954527
66936094
71900391
78139305
71884271
66809574
71793951
66765938
71741405
66698445
71679044
66646712
71626122
66596227
71567183
66523066
71487601
66472051
71441846
66390431
71382288
66369379
71332404
66296346
71264038
66242297
71223778
66162498
71178593
66137081
71113182
66081307
71075234
66037389
70992726
65997069
70964068
65929289
70936973
65897291
70856271
65817869
70808297
65793458
70755635
65712624
70696083
65672981
70632411
65592204
70583834
65553597
70544706
65517758
70485238
65449419
70409462
65381753
70351141
65319287
70298356
65256721
70234488
65214945
70194957
66505821
70129289
66464448
70082155
66416989
70014318
66360653
69961376
66297660
69893233
66245642
69850858
64799943
69794208
64743492
69731156
64668979
69653634
64620354
69608868
64591685
69568411
64539551
69495314
64469412
69449487
64409420
69398874
64340784
69322580
64313660
69299579
64251882
69219067
64174958
69173657
64139272
69109634
64076468
69084853
64020592
69010356
63955688
68955533
86832376
79098776
103453402
88319736
103290776
88211154
103181232
88108543
103079738
88022073
102956816
87887323
102854614
87774860
102720987
87658832
102617697
87552058
102484203
107432558
102360739
107293396
102224201
87187725
102122973
87063825
102002455
86933538
101901641
86823226
101789866
86735918
101668988
86590608
101551316
86478861
101430316
86357174
101319913
86248824
101197517
86122594
101080940
86017367
100959187
85902247
100857668
85815275
100734460
85687140
100695908
85592515
90643027
85552218
90614027
85527190
90503676
85423502
90426547
85364215
90322954
75353088
70333871
65310271
70234666
74046687
70086415
65024565
69973790
64901524
69849914
64767163
69707090
64591268
69533317
64403788
69353054
74265496
69192215
74106261
69074291
74010804
68923800
73845588
68796269
73755458
68672097
73613005
68556457
73546517
68482767
73413392
68362360
73313208
68252657
73205688
68223116
63139382
68106967
63046712
67993823
62923050
67893223
62813854
67765719
62717088
67657961
62589693
67532358
62465944
67418750
62342013
67290879
62224287
67183845
62107796
67049976
61981192
66942893
61870322
66867918
61809448
66749161
61688200
66620714
61553089
66505494
61442980
66408132
61335130
66268103
61199851
66147287
61071374
66022370
60961387
65912865
60839381
65805590
60717133
65679346
60595421
65548709
60470850
65447934
60364009
65305407
60226516
65179342
60120622
65053787
59997586
64939682
59882330
64815686
59757083
64703578
59632070
64587686
59534214
64496288
59410263
64371707
69315717
64252476
69184866
64130803
69092989
64023730
68972183
63909272
68857775
63786763
68728496
63669044
68623020
63562437
68508523
63450679
68389516
63340386
68280468
63209684
68146256
63088251
68034764
62976815
67913709
62875326
67833355
62763811
67700243
62644292
67579397
62531562
67469671
62406720
67338801
62289812
67229672
62168946
67117979
62052664
67006132
61947847
66888049
61846905
66771790
61714389
66645133
61606885
66535949
61492879
66431128
61369833
66301718
61268649
66199103
61148015
66086316
61039812
65971702
60923232
65853076
60807321
65739753
60699113
65635913
60583372
65515221
60449327
65414089
60372412
65317021
60264242
65191219
68664581
65072742
60026792
64948360
59887673
64821987
59767363
64705956
59632156
64585613
59518483
64463206
59407415
64344612
69316137
64236261
69192403
64134873
69087484
64044951
68989183
63918494
68871021
63810861
68755571
63702737
68645716
63578003
68515175
63448234
68420412
63353322
68289560
63261161
68200550
63143466
68101065
63024983
67995928
62915110
67878023
62808014
67743804
62677181
67635014
62560074
67513251
62442124
67402222
62325391
67264019
63342925
67160078
62115578
67047861
61987947
66931853
61860692
66810793
61754123
66696500
61621625
66570932
61505299
66461834
61385563
66328700
61268377
66211164
61152465
66093699
61026436
65976459
60923422
65873653
60806552
65748412
60688783
65628819
60586962
65530586
60472497
65415085
60362682
65306024
70255522
65216909
60148529
65085260
60019032
64958522
59906644
64860292
59795338
64754844
59685059
64629364
59563544
64510099
59450766
64422563
59335063
64284173
69228886
64163996
69125569
64057217
68969886
63916363
68853054
63809491
68760146
63707267
68638454
63596175
68529918
63476269
68404353
63386080
68320662
63250166
68201272
63155849
68092248
63036522
67965570
62917581
67865605
62814382
67753568
62703029
67648452
62588077
67521422
62472374
67418016
62374493
67297635
62249693
67193810
62132299
67077999
62015626
66933543
61902732
66847301
61784823
66741386
61691217
66630551
61574676
66530146
61484388
66412966
61356556
66288104
61239960
66165327
61140891
66064639
61015860
65947378
60878992
65835908
60789833
65740833
60696833
65626375
60578554
65510492
60474832
65415127
60359523
65296857
60230888
65194395
60145298
65062749
59981622
64946652
59892398
64834754
59779493
64719372
59667316
64599730
59541387
64482166
59423331
64362553
59320860
64253635
69204755
64139381
69082908
64019535
68982011
63901096
68852725
63792305
68725631
63653009
68593794
63555453
68475429
63400718
68353983
63308908
68238311
63190389
68128785
63052472
68009349
62954210
67905739
62858849
67804145
62735990
67683472
62616152
67573990
62498492
67459700
62393511
67322952
62265751
67211112
62148238
67094403
62037032
66988540
71918127
66874322
61811668
66736175
61698901
66657735
61584169
66531411
61469006
66425491
61361991
66318795
61239891
66198966
61134242
66075854
61038471
65992100
60935930
65855093
60813566
65752616
60704729
65651076
60602798
65575923
60492256
65436325
60358050
65307742
60235264
65183496
60124208
65074143
60016374
64946314
59881930
64829781
66147583
64703979
59643202
64589797
59512881
64469947
59404681
64357460
59313328
64249392
59193060
64143350
59085894
64011787
68961707
63894719
68859910
63790791
68736502
63681180
68617714
63569906
68501023
63472283
68393602
63359549
68289553
63234873
68181763
63117332
68067368
63023033
67947787
62899890
67837279
62772278
67725419
62689383
67622623
69017521
67489956
62437174
67372879
62344064
67280828
62219202
67162736
62116150
67087525
65738363
66961926
61907430
66840596
61792205
66730460
61678741
66622031
61587821
66535620
61487244
66403133
61347724
66285480
61228088
66157505
61118641
66051924
60993057
65934090
60885683
65820122
60763100
65699885
60652767
65584135
60553964
65472609
60406415
65367390
60302844
65260079
60187436
65141761
60092889
65028464
69995138
64927627
59879769
64813212
59765320
64698588
59643360
64577087
59528140
64478874
59411860
64366379
59310982
64254306
59198863
64139905
59099632
64046812
58979104
63928388
68870933
63814061
68760507
63688930
68614040
63553234
68474665
63419943
68356478
63292741
68238036
63196509
68118959
63053374
68008652
62931836
67884393
62826744
67771376
62716750
67660059
62593856
67550484
62512918
67450957
62395387
67348762
62298448
67255418
62191242
67144887
62076674
67044179
61970070
66918589
61854581
66800272
61748037
66684083
61619434
66579126
61510153
66463835
61409899
66369760
61286577
66250392
61191235
66139591
61073547
66014413
60964799
65902907
60834948
65778997
60719081
65656886
60586277
65560770
60476806
65433785
60368481
65312795
60256239
65208280
60133409
65092200
60020959
64974311
59909865
64851496
59786136
64755638
59697141
64639289
59590225
64527874
59486993
64419615
59357218
64300250
59243724
64197046
59150008
64088030
59024308
63963715
68904260
63851506
68808059
63737652
68681288
63616505
68553787
63472561
68405203
63344899
68299312
63249788
68202023
63148696
68060466
63044480
67980069
62932116
67887633
62820761
67738083
62670319
67651351
62580796
67491753
62487873
67415007
62356711
67313640
62269750
67213883
62157238
67107502
62065699
66993589
61939091
66872965
61832711
66767606
61708686
66653935
61596355
66548136
61492632
66427670
61348891
66308501
61263918
66201785
61140158
66076755
61026062
65956147
60889323
65842170
60792965
65721838
60675435
65606851
60566907
65495267
60446265
65392079
60342493
65268231
60202679
65156356
60095282
65054508
59979114
64929114
59881156
64821086
59751171
64704995
59655077
64611002
59549327
64478994
59420816
64363742
59304961
64256469
59196343
64143501
69088421
64010512
58954492
63904703
68859806
63787962
68733182
63676576
68621439
63544074
68478174
63414356
68364803
73299076
68248837
63187769
68133595
63072759
68026372
62943103
67908643
62847998
67800829
62716728
67673240
62584278
67548604
62506048
67456798
62387559
67325055
70797492
67211933
62162282
67116865
62053098
67001877
61957188
66910688
61832442
66773305
61708908
66681388
61607664
66572743
61505331
66459488
61391191
66337682
61280915
66225420
61157128
66096059
77778326
65984668
60906013
65865908
60788695
65749435
60692094
65658153
60591163
65542802
60490721
65440017
60373948
65314213
60246378
65216137
60147400
65114386
60028778
64995237
59932872
64879536
59821294
64769370
59711784
64674534
69611909
64552298
59498527
64413047
59336957
64296792
59225930
64166792
59106291
64047882
58991691
63922999
58865981
63840313
58765428
63725549
68647481
63601270
68541533
63497310
68424511
63387562
68319701
63257658
68197509
63134992
68071890
63019723
67968109
62901050
67832033
62781027
67738009
62669862
67613079
62565889
67524487
62464201
67397892
62356561
67290342
62217619
67177910
62144505
67078437
62001581
66945239
61887072
66836150
61796051
66718564
61661853
66594385
61561346
66473993
61430126
66358731
61325966
66230198
61212014
66168359
61115206
66065050
61017548
65952447
60909395
65840169
60789722
65722422
60679081
65633455
60587147
65536810
60479535
65413036
60364985
65305296
60256335
65185852
60133059
65075017
60030428
64959779
59891272
64845910
59806445
64744925
59690634
64625747
59562037
64496802
69468173
64396557
67089176
62005008
66965894
61902989
66847271
61790205
66739165
61670682
66613491
61534214
66493515
61442481
66383159
61326716
66278741
61191697
66160508
61084305
66035132
60972771
65937293
60887002
65824615
60765793
65706669
60643213
65593156
60532475
65458682
60391294
65352174
60272411
65244464
60149560
65105259
60043044
64993147
59934016
64897371
59821082
64776263
59720139
64660254
59582418
64551656
59473970
64412442
59347431
64304026
59236098
64180863
59145083
64059045
58999443
63954641
58898293
63842354
58788670
63737264
68669395
63622845
68554664
63497950
68426877
63381238
68313663
63266507
68196697
63131165
68072861
63025193
67972140
62909630
67833771
62784361
67718005
62674202
67606039
62572501
67512045
62447013
67372707
62326013
67257203
62212669
67149311
62099038
67013805
68825705
66900274
61843773
66754849
61711113
66630468
61573231
66516873
61462331
66388733
61335893
66290677
61213731
66170206
61110178
66038827
60974653
65911503
60857551
65789684
60726020
65674681
70621089
65549271
60511143
65438253
60387860
65311662
60259819
65199681
60149617
65070957
60017227
64952167
59906094
64851478
59798773
64733776
59675229
64606069
68121979
64477226
59414845
64362989
59302550
64247472
59202938
64145964
59096107
64018887
64840774
63908161
58852754
63801795
58741971
63689336
58645972
63597680
68542033
63469530
68420081
80366701
68298193
63208516
68176523
63102926
68045440
62987285
67940285
62891089
67837635
62763891
67709215
62648443
67593565
62532215
67475789
62420481
67367996
62283696
67234456
62226853
67130989
62070023
67015399
71945123
66884927
61838507
66797387
61732817
66671857
61602413
66560797
61491385
66440790
61380949
66330523
61270578
66217529
61157405
66091462
61038819
65979076
60921801
65856946
60816306
65753948
60693009
65636362
60566642
65513655
60448885
65399950
60323688
65267581
60205758
65155696
60084163
65035371
59980892
64930554
59873433
64812655
59751623
64691192
59630836
64572492
59516898
64469951
59403339
64348837
59287171
64228587
59164505
64132127
59048087
64012695
58938039
63910020
58852518
63760422
58735426
63669568
58628911
63581000
58482552
63450891
68406526
63325274
68255381
63226007
68133017
63116561
68023506
62980250
67927844
62866924
67828159
68616438
67700255
62645570
67586821
62524084
67458944
62431023
67344122
62295503
67243154
62191827
67142908
62071789
67018642
61970196
66915893
61860520
66795938
61738401
66687009
61698962
66583101
61509392
66442527
61382925
66316425
61260020
66218060
61187524
66096432
61038159
65965570
60926685
65872266
60815444
65751753
60710732
65632968
60624001
65514613
60474109
65418561
60352699
65316423
60255558
65202092
60120905
65080912
60030094
64977594
59926611
64858281
59814615
64754728
59698257
64625745
59545267
64508401
59452667
64391247
59342773
64273223
59216581
64158533
59090814
64056066
58965552
63927063
58844801
63817022
58730888
63689832
58636222
63578046
58518141
63486800
58421289
63382487
68308657
63233353
68155037
63125670
68082265
63032209
67960813
62907487
67857490
62801618
67743988
62685599
67638707
62573667
67506210
62434464
67379342
62320063
67281372
62213413
67151960
62087967
67034493
61977502
66912304
61861902
66795043
61736874
66685625
61619684
66559936
61508410
66452690
71394311
66350643
61278772
66231051
61163418
66098193
61031558
65986526
60920521
65884330
60813295
65771079
60709587
65658102
60593134
65556844
60480273
65416344
60366168
65310831
60239916
65191316
70130036
65075147
60011192
64948502
59866648
64854491
59716875
64721493
59664285
64607312
59538503
64491692
59433804
64375292
59314767
64255325
59191922
64141654
76358350
63999906
58952381
63903793
58830427
63784506
58718484
63661745
58615679
63546235
64340361
63462169
58369534
63306856
58270545
63210928
68138714
63096111
68023110
62991835
67894793
62876774
67796926
62742995
67663677
62596380
67528713
62462789
67432751
62372828
67314768
62265023
67199285
62128803
67075587
62021245
66959115
61886706
66841693
61776353
66721642
61660273
66589058
61543137
66487930
61441198
66380493
71362566
66288349
61225545
66161187
61108941
66037649
60978769
65911248
60867060
65799183
60741264
65705331
60640255
65580978
60513120
65461089
60397988
65330158
60281344
65213753
60168678
65100059
60059890
64999210
59916879
64851446
59798959
64729805
59678241
64623791
59564100
64507851
59449083
64364215
59351145
64257377
59210847
64141539
59090388
64022139
58977145
63910195
58855525
63791002
58728951
63667168
58607169
63552552
58486906
63424692
58362119
63295046
58232612
63170918
58109801
63034947
57991632
62916518
67868297
62803514
67752811
62688785
67653052
62588028
67544446
62455952
67397173
62340692
67283727
62227260
67170555
62091206
67052890
61992536
66938586
61889130
66846950
61750820
66702991
61638972
66597719
61520597
66477043
61404189
66390574
61332356
66278250
61213627
66176955
61104682
66037170
60977902
65924015
60868352
65813536
60750460
65694834
60643345
65581980
60519555
65478085
60417793
65353700
60293413
65248691
60180955
65138708
60066769
65012291
59946985
64900274
59836855
64781447
59733640
64667240
59604882
64564958
59495993
64427580
59369336
64325939
59238737
64196925
59132383
64066091
58996096
63967972
58889296
63839132
58765362
63708035
58654309
63583682
58534679
63473081
58409301
63360768
58281158
63233255
58170492
63111326
58050175
63005794
57947337
62896948
57840975
62787452
67722666
62672997
67606577
62553408
67490491
62431892
67344277
62297873
67213881
62165592
67102515
62055713
66979767
61932267
66876604
61827726
66771317
61720592
66665452
61589257
66534438
61490856
66414204
61359545
66286722
61227834
66173299
61106621
66053776
61020872
65938411
60903143
65826600
60788147
65711903
70677403
65670817
60621920
65563536
60512638
65438543
60391658
65333747
60288885
65213664
60148516
65102201
60048147
64981698
59907016
64874365
59846141
64767817
59703918
64638156
59595785
64543475
59477876
63105865
69412920
64334353
59298066
64174230
59125738
64057984
59011974
63943945
58889255
63848149
58785078
63724059
58675363
63603228
58548538
63509705
76186467
63421457
58334212
63299096
58238985
63172725
58115341
63056499
58023876
62939899
57887723
62821708
67766147
62693517
67651875
62585471
67538565
62483445
67410533
62363341
67295898
62231335
67163873
62127172
67049292
62005834
66959515
61887924
66801721
61743620
66716821
61650783
66587829
61494191
66446164
61377501
66328244
61256423
66212114
61153770
66099143
61052783
65999923
60943369
65902188
60829575
65791909
70741336
65703887
60636400
65588563
60521191
65461638
60400165
65366167
60288055
65239223
60174842
65129457
60053178
65002420
59941592
64889216
59829044
64767238
59713755
64646145
59588217
64541720
59470249
64430299
59367575
64322288
59255218
64192420
59150295
64092155
59039471
63979956
58910180
63846652
58791939
63749061
68700702
63635595
68574362
63520581
68459925
63414742
68363565
63314317
68240165
63194901
68138689
63062712
67999224
62939808
67882336
62833267
67768841
62708041
67644566
62597747
67524727
62462468
67404485
62345946
67278570
62229522
67160555
62114757
67047536
62010328
66936061
61880674
66827202
61769399
66750350
61672167
66639591
61555028
66494878
61440252
66373383
61324482
66257796
61216416
66173076
61118302
66068395
61015175
65946720
60886617
65837342
60798899
65725834
60685926
65627724
60568977
65511203
60441778
65372412
60319673
65244151
60209885
65138262
60094658
65010620
59970289
64919254
59859919
64802629
59751249
64681951
59627792
64595621
59522195
64461260
59415656
64347037
59297191
64240202
59180086
64123469
59067275
64006569
58959202
63900513
58842395
63775978
58730158
63662732
58600175
63537093
58482120
63404722
58357973
63308047
58258188
63202450
58146996
63079555
58044642
62963561
57908793
62851464
57826424
62749543
57700489
62634141
67586992
62536738
67496863
62440488
67390058
62330552
67294428
62212087
67186225
62117977
67063499
61986858
66948602
61880275
66835499
61771895
66696875
61637214
66588928
61524129
66477961
61417928
66352913
61281361
66244883
61182716
66095180
61052317
66002928
60955772
65900705
60841625
65778713
60713044
65673386
60609824
65538282
70477324
65489287
60394623
65321696
60275401
65207205
60169780
65113146
60051696
64999859
59923826
64871152
59818691
64777692
59716127
64671848
59603915
64552522
59487988
64424384
59364484
64304493
59243170
62939425
69197292
64136299
59078805
64027456
58981690
63923129
58856197
63800901
58750965
63722994
58654756
63609674
58537510
63471132
58412669
63367216
58303389
63253758
66828345
63146229
58081551
63017416
57949084
62906106
57830935
62791393
57723321
62708876
63532471
62586768
57529226
62489606
57420326
62376479
67301677
62270763
67187309
62147746
67073160
62021455
66962399
61898995
66826152
61794696
66730727
61669311
66601942
61563528
66499383
61436629
66377267
61324627
66255753
69362771
66165402
61102334
66044734
60998819
65930301
60878444
65819998
60773751
65794465
70735803
65676477
60608982
65548959
60490454
65434253
60377525
65311466
60258937
65199621
60138508
65073312
60028650
64949575
59903032
64837499
59788294
64726985
59671960
64608119
59556887
64488237
59449045
64389998
59326648
64271174
59218267
64170154
59123966
64052275
59000544
63935723
58885944
63809544
58764182
63690250
58636375
63568878
58513400
63453140
58397472
63337760
58284965
63223311
58162922
63109001
58040605
62979729
57922499
62836378
57786799
62740558
57675760
62609843
57577349
62499314
57440915
62372425
57337705
62261123
57214171
62138456
67099495
62014732
66984233
61913782
66865744
61795090
66738262
61671803
66607677
61556853
66484432
61441432
66373351
61329416
66270032
61201510
66157827
61096487
66052915
60978863
65939154
60865147
65809682
60747969
65699495
60643889
65594029
60534440
65471393
60406883
65379687
60292176
65239308
60189389
65122240
60046252
64988434
59922310
64879274
59809822
64759652
59694272
64639204
59551514
64523906
59474857
64439032
59365957
64325276
59248777
64203770
59137727
64094892
59032918
63980558
58914297
63874955
58800838
63749367
58692093
63645677
58584442
63545399
58480270
63421264
58361441
63312959
58245132
63208342
58132113
63088223
58022199
62961913
57913979
62854250
57746423
62724880
57657092
62590298
57535379
62484146
57416876
62368632
57335014
62268950
57222760
62158920
67087613
62030522
66976613
61914686
66850782
61801996
66741914
61695922
66630751
61572473
66514916
61454566
66394782
61362305
66279660
61219259
66175294
61122441
66064517
61020790
65939678
69295049
65832513
60784488
65716847
60661086
65605798
60554373
65501277
68858022
65372298
60326850
65258301
60189300
65129234
68532441
65015506
59958529
64890774
59847853
64777731
59736149
64675842
59635342
64561823
59514872
64446248
59398359
64340101
59283178
64221490
59151187
64077267
59041211
63967623
68919843
61778297
65340302
71660043
66612491
61530037
66490072
61415310
66361159
61296381
66239712
61174853
66107050
61046202
65992593
60935553
65894299
60835422
65773858
69414233
65668917
60618892
65564363
60506666
65445385
60388213
65333031
60273732
65231141
66065400
65103922
60040372
65012944
59921781
64874019
59822136
64786396
59711497
64629178
59577359
64521235
59459542
64428176
59344514
64306767
59223817
64183567
59109066
64051940
58988083
63939263
67560856
63827639
58775600
63726407
58647294
63599469
58548055
63490415
58427555
63386425
58311740
63280014
58204703
63166709
68122383
63055193
57989978
62937003
57875284
62829699
57768129
62714927
57665054
62607474
57551955
62499844
57436137
62404074
63275008
62302355
57239418
62181442
57133098
62076264
57016635
61958389
56891574
61847626
66784456
61733571
66669970
61616473
66544724
61493605
66429233
61388745
66302171
61256081
66182584
61121763
66046511
61009576
65950873
60920594
65860175
60803219
65749893
60686917
65613084
60563249
65495420
60439122
65355887
60311512
65269958
60215156
65149588
60100398
65046898
59994346
64927646
59861408
64806480
59753923
64686776
59651760
64578448
59491159
64454457
59416330
64337463
59276373
64230573
59173935
64141412
59066512
64002867
58955922
63895812
58843613
63795323
58734865
63671716
58625183
63565384
58527151
63467185
58414793
63348044
58290864
63236883
58184898
63124315
58070959
63038400
57971502
62910147
57852194
62791223
57740227
62675349
57629863
62563527
57528256
62458633
57411845
62358400
57307972
62232354
57177930
62110454
57049579
61983151
56931031
61854413
56806819
61757056
66681813
61623184
66561840
61516168
66460829
61402555
66334985
61289774
66248831
61181987
66123045
61054598
66005313
60927407
65891331
60819472
65764607
60711930
65662336
60593162
65540524
60463812
65412596
60351311
65302081
60243553
65197128
60140536
65090679
60015783
64981403
59905403
64850216
59774052
64711524
59650295
64602260
59551081
64499883
59436560
64391850
59315265
64264193
59215771
64171780
59115525
64095914
59029382
63986346
58917349
63888396
58809248
63751489
58689545
63632969
58578577
63515768
58455978
63395906
58345839
63292828
58227802
63181704
58121131
63058870
57992671
62933367
57882387
62813889
57757500
62710709
67623801
62607414
57519341
62452932
57394440
62331703
57272587
62221007
57159417
62096934
57041627
61974769
56903078
61851552
56809160
61752442
56703484
61653401
56586729
61523571
66469517
71412002
66352357
61309121
66232519
61196207
66114949
61058480
65987539
60945437
65886195
60838025
65763907
60711053
65647690
60594374
65520623
60474154
65408921
60379866
65309025
79293944
65193541
60129246
65074567
60002352
64936939
59875320
64821748
59772649
64703622
59652610
64608784
59559680
64485083
59415625
64334948
59297311
64229516
59198538
64140217
78134057
64002145
58941738
63876336
58831358
63747380
58698273
63631786
67200873
63501369
58456988
63380440
58336655
63272627
58215064
63151490
58103266
63034393
57988701
62924036
57880975
62829616
57759760
62695692
67656619
62584098
57548069
62483865
57428503
62363156
57311149
62241013
57193675
62133924
57074973
62021947
56973689
61894944
56853275
61794386
56705309
61663015
56597978
61531353
66478370
61414958
66368854
61310825
66269128
61199400
66127869
61071051
66010125
60945486
65913740
60829887
65765978
60711993
65653072
60579253
65530093
60479401
65417012
60357177
65303576
60229821
65184032
60114568
65064043
59991976
64930365
59868480
64820659
59773250
64717343
59660775
64620355
59549812
64509115
59443034
64393258
59324924
64266911
59213869
64164690
59123663
64043129
58975057
63926209
58866784
63808576
58751720
63692948
58632722
63592800
58534118
63461998
58419567
63352430
58303701
63234236
58184864
63123181
58062230
62998358
57934191
62889027
57814429
62772818
57697737
62642259
57586603
62512313
57459900
62403299
57339760
62289057
57232691
62171276
57108033
62043213
57004227
61948946
56866433
61820982
56765594
61699037
56629055
61573125
56506369
61449530
56386765
61329518
56271988
61226924
66149661
61098738
66028912
61004322
65917693
60862759
65798569
60753675
65672298
60621460
65555775
60496906
65428039
60376864
65312146
60259507
65199497
60141546
65083434
60011382
64960343
59922556
64849110
59804410
64728961
59671004
64614850
59561234
64511901
59452120
64380709
59325702
64280633
59221857
64163391
59113322
64073390
58993046
63941857
58879627
63830802
58756405
63692694
58644693
63573919
58525680
63454359
58396565
63352654
58302500
63244415
58210398
63113929
58074329
63033933
57972296
62902165
57853223
62825334
57762244
62700646
57654005
62589497
57530975
62482394
57433001
62359892
57302612
62231878
57180390
62123162
67059551
62050346
56968836
61887358
56830553
61782493
56741215
61665419
56608234
61556513
56507244
61430360
56394232
61319098
56273584
61217849
66160034
61100952
66040488
60972809
65927104
60870229
65810414
60752468
65007504
70703073
65616891
60567447
65521692
60449764
65399769
70331867
65275468
60222786
65171110
60102691
65043991
59970762
64919737
59866418
64806395
79112909
64778956
59670650
64635360
59539920
64500957
59427588
64382003
59320886
64295287
64947386
64165775
59105764
64068411
58984516
63934657
58888679
63836114
58772322
63729132
58659616
63596529
58544994
63489222
58423591
63364694
58307519
63251511
58186676
63127028
58070020
63016513
57961869
62911494
57858910
62812649
57739162
62676512
57626714
62561275
57498368
62451630
57384746
62326178
57284859
62216385
67159940
62116069
57057730
62014117
56949004
61905519
56839667
61779533
56724421
61659693
56598486
61541438
56483869
61436893
56376599
61326324
66257574
61210676
66155261
61106660
66047723
61007464
65931715
60887043
65829219
60770264
65702598
60653184
65587572
60525114
65463678
60414120
65344925
60293737
65227892
60176725
65104416
60043323
64975902
59929174
64877969
59821302
64776874
59714368
64668510
59604734
64561258
59496012
64435237
59381166
64352132
59270527
64228815
59143526
64109962
59036038
63989344
58917854
63878268
58802176
63759067
58691925
63642814
58602064
63535587
58478468
63430011
58380825
63305303
58266218
63197653
58141146
63082454
67284820
62970648
57937743
62873335
57813527
62741205
57700954
62651437
57597174
62536277
57492464
62429821
57378754
62310456
57262974
62213591
57126296
62066981
57020206
61950431
56909179
61861747
56815855
61747555
56693533
61634088
56590291
61525321
56470101
61398650
56351775
61291119
56242898
61181745
66123058
61081168
66027671
60959689
65915713
60832343
69697285
64629047
69563295
64490405
69445178
64374106
69326231
64255827
69198881
64138187
69086581
64032951
68975715
63916215
68876447
69231419
68742803
63680360
68611669
63556226
68486217
63418586
68370646
63309213
68260865
63204352
68163346
63103609
68051841
62978199
67926081
62873913
67813647
62776748
67709283
62665043
67611215
62518483
67461280
62399886
67351113
67776263
67241541
67657840
67129468
62086506
67018644
67444223
66911727
61847659
66805043
61728961
66678093
61618830
66561293
61492624
66442153
66848429
66313450
61261689
66207442
61143585
66087511
61027120
65981064
60923590
65857279
60791932
65752151
70684386
65600728
60560286
65513478
60460200
65420068
60330389
65270912
60209736
65145615
60090627
65028105
69967046
64913641
69857285
64798160
69719532
64669037
69602563
64526070
69464212
64408726
69319787
64269325
64704246
74147771
69080783
64037047
68989105
63926818
68863733
63794337
68728316
63671325
68609778
63559621
68503638
63456678
68395457
63343363
68296019
67893852
68154991
63114254
68036860
62983015
67908741
62860156
67792834
62745208
67685883
62630268
67571349
62523963
67488049
62416805
67345499
62275440
67240722
62181297
67112582
62043621
67001238
61962192
66886849
61811416
66745227
61687717
66618743
61583982
66525751
61478868
66410191
61366313
66300926
61255383
66194599
61155546
66094698
61038977
65971837
60909790
65843735
60809758
65736787
60694739
65646967
60581708
65535560
60468902
65405788
60348471
65281993
60242531
65187391
60135307
65067137
60024697
64956176
59920276
64850563
69797181
64726027
69684372
64602962
69541554
64458454
69395959
64320953
69259171
64202516
69154442
64093893
69067129
63986873
68939841
63877806
68820212
63758236
68707304
63644556
68587437
63530748
68470715
63402946
68345508
63289359
68235852
63165798
68110634
63056786
68006804
62947884
67877527
62818385
67755610
62696237
67637464
62586070
67528424
62459201
67409035
62329703
67283417
62219718
67166343
62090144
67034765
61974574
66918714
61857419
66808027
61735290
66707311
61625079
66576404
61512236
66458321
61400709
66351073
61290495
66241873
61165972
66107984
61070138
66030133
60946336
65904208
60850211
65780510
60722141
65667648
60602673
65569081
60489149
65465006
60393282
65336772
60284990
65236119
60176175
65120445
60033349
64999694
59906510
64881531
59789009
64743889
69686979
64642969
69577200
64584441
69456708
64401712
69330111
64287297
69214769
64158394
69090226
64040285
68981976
63925840
68860018
63816327
68740231
63705515
68631076
63580231
68522561
73460291
68393252
63342297
68267582
63216731
68154351
63097841
68037190
62989627
67936131
62877517
67825116
62780623
67705069
62658113
67562469
62533274
67468237
62398684
67343705
62292958
67220247
62175745
67107598
62062716
66980690
61909454
66877722
61827186
66774090
61720692
66656901
61609594
66533096
61481348
66407749
61357147
66290888
61271382
66204402
61152495
66085191
61023525
65949596
60916284
65842874
60800698
65709367
60650514
65610653
60572099
65486206
60433303
65382247
60332156
65266453
60217363
65152314
60103220
65020930
59979005
64908711
59853188
64786532
59720941
64661310
59603355
64542794
69486784
64444520
69371905
64322474
69251922
64189432
69137878
64074670
69008426
63947448
68877321
63814647
68774820
63715529
64627125
73604007
68544399
63487172
68441945
63381255
68332599
63275422
68218712
63152628
68099748
63031835
67971250
62913297
67859380
62803854
67751260
62698808
67647369
78620505
67533952
62462668
67427536
62368487
67325290
62247978
67198764
62142188
67092790
62026276
66965992
61918576
66865221
61798937
66720816
61698736
66618900
61547962
66499900
61450056
66384867
61322154
66266546
61234535
66151676
61093869
66035369
60988333
65932372
60867650
65821419
60757313
65724051
60669783
65603204
60526502
65495556
60416058
65398046
60346741
65290714
60205542
65160457
60101221
65047069
59985014
64929645
59866713
64808333
59743696
64681303
59628855
64572309
59507229
64463555
69388426
64339142
69280299
64237575
69163374
64111920
69039307
63991076
68918913
63870843
68819891
63744408
68682627
63638792
68573302
63518740
68457872
63415516
68344865
63302110
68235877
63176005
68102872
63050740
67982506
62937403
67858577
62823271
67765484
62726887
67662044
62612303
67553249
62506561
67434639
62382498
67343066
62288603
67217302
62175528
67100422
62043186
66979756
61928907
66863717
61803393
66723967
61672836
66602641
61557938
66473476
61418020
66355980
61301195
66247330
61190651
66115311
61064952
66026670
60963325
65911681
60856578
65800717
60728279
65687768
60623124
65607150
60530142
65476813
60418250
65374408
60315594
65272025
60224636
65164782
60119127
65057429
60011718
64943262
59890319
64827369
59783783
64707028
59665707
64612788
69554117
64492563
69453904
64373201
69313241
64254186
69201763
64142844
69110218
64027539
68980958
63901994
68848539
63777856
68729060
63672181
68622319
63560887
68511756
63456271
68407248
63330007
68270456
63217553
68155547
63096227
68033193
62983529
67913164
62859231
67812709
62744485
67685289
62623201
67554892
62492998
67425761
62379312
67321176
62257950
67205769
62144543
67086601
62026496
66981409
61910334
66854533
61807212
66779284
61698284
66656894
61603735
66549563
61486030
66434445
61363515
66313672
61241178
66202499
61129263
66078944
61014705
65959675
60899472
65849367
60789330
65735557
60681946
65617660
60553962
65489991
60431941
65361724
60292566
65387393
60212940
65161896
60095786
65028545
59986997
64906855
59862434
64815314
59760507
64690018
59642356
64613617
65541034
64486480
69409411
69307049
69304068
64242898
69188273
64140131
69083833
64013050
68950032
63884491
68842467
63782274
68728637
63684056
68616616
63569055
68512705
63478145
68404059
63345198
64339116
73223368
68160296
63100230
68035083
62967455
67902779
62857392
67789653
62741768
67665477
62629719
67533020
62507388
67455139
67336434
67269610
62281109
67198348
78506230
67088699
67000994
66969684
61919452
66860839
61800214
66731933
66671945
66599631
61554783
66502632
61456836
66386261
61331197
66271532
61210933
66177687
61085832
66044756
60980526
65895835
60851509
65774148
60724307
65658188
60605467
65530749
60484502
65413912
60368763
65308557
60245757
65165753
60139352
65073431
60021881
64961215
59909299
64825677
59781992
64745286
59681160
64620352
59560789
64508378
59436731
64402654
59314638
64271592
59206755
64162843
69109253
64034694
69010957
63926524
68893008
63812921
68792564
63728016
68677916
63613396
68556686
63503365
68442185
63376231
68310146
63253293
68196812
63137780
68098141
63035222
68002814
62922636
67861385
62800196
67764616
62695213
67636563
72571767
67513530
62464622
67397379
62339816
67285383
67321073
67146023
62097304
67044691
61985231
66934355
61874630
66833949
61760734
66706298
61653058
66585032
61527786
66488110
61415487
66379074
66469661
66247671
61185423
66136663
61072828
66023155
66084593
65891299
65974810
65772533
60698608
65654758
60586127
65547112
60498501
65427399
60379222
65324374
60257718
65195105
60128646
65057604
59993446
64942426
59882950
64824555
59772908
64718017
59642758
64620816
59536949
64470293
59431308
64365108
59320382
64265054
59183036
64181995
59082625
64032146
68983810
69110668
68867695
69031674
68735926
63671197
68597502
63551940
68498852
63443916
68375866
63333406
68250512
63213817
68156735
63110473
68038851
63002330
67935892
62884574
67796232
62758365
67714354
62646258
67572110
62521755
67454164
62399914
67366517
62296481
67225571
67425343
67126203
62063975
67017472
61962509
66905229
61859748
66769251
61718538
66638460
61596987
66525036
66689482
66421133
61380085
66320789
61264572
66215678
61157569
66091006
61050733
65976025
60937197
65878000
60834608
65776724
60724413
65672820
60609491
65556012
60504047
65433051
60371784
65310181
65424953
65208547
60164226
65109662
65211840
64987094
59936411
64866290
59814289
64746955
59697117
64619481
64791080
64510820
59487432
64375008
64533903
64283561
59244319
64168133
65689146
64041909
58995481
63947594
68903395
63837237
68760212
63713140
68701526
63605551
68558895
63469612
68451181
63372582
68291473
68450089
68191936
63143194
68095320
68217373
68033359
62918915
67857989
72793345
67778263
62694905
67659957
62575572
67522703
62449499
67391018
62315825
67278675
62193309
67164957
62100520
67043690
61989795
66936736
61877489
66814240
61761574
66716676
78381252
66611844
61541621
66487821
61427262
66373545
61318618
66263501
66513995
66132770
61098317
66036874
60972477
65926167
60854884
65821077
60751028
65698975
60636643
65566961
60507459
65445250
60334351
65317854
60255659
65213423
60152256
65102296
60045912
64990811
59922308
64878977
59813121
64768595
59696373
64646283
59582510
64530542
59465823
64413695
59351263
64295364
59238126
64187745
59123867
64087563
59016843
63960939
58912048
63869027
58797780
63741906
68693435
63632989
68578233
63512947
68461638
63392325
68337234
63278571
68212593
63177345
68130609
63085386
68030198
62977228
67890894
62854083
67785592
62735960
67657236
62612373
67536652
62471353
67423256
62379775
67316900
62263414
67208120
62143873
67061404
62032628
66970666
61919311
66859884
61798690
66738867
61692765
66654041
61568826
66504553
61459641
66388266
61345489
66288976
61225764
66158548
61118988
66048348
60994993
65939682
60884103
65832730
60779342
65717496
60667822
65624748
60573536
65517521
60466098
65400592
60343434
65275726
60232071
65159648
60113962
65041392
59985428
64924673
59870407
64824551
59778319
64714002
59653350
64572757
59526275
64447712
59407542
64345839
59292208
64226184
59174559
64118495
59064172
64006125
58958657
63895610
58845699
63807088
68730522
63663194
68641526
63536285
68491662
63424449
68380843
63318868
68268868
63177947
68134365
63103864
68045297
62982466
67930444
62845511
67828634
62767663
67690312
62637848
67597492
62534547
67483405
62418970
67374601
62296712
67245182
62192719
67132211
62080221
67023280
61971450
66920805
61858738
66803005
61731713
66678469
61620043
66574187
61513463
66458122
61406365
66340746
61297015
66247450
61175408
66129769
61076269
66012521
60947737
65880148
60836804
65779238
60705437
65662812
60601629
65545563
60475064
65408615
60348754
65298084
60241776
65181928
60128893
65075073
60017219
64953116
59895733
64855755
59777644
64722859
59677918
64610466
59541848
64501283
59449589
64389125
59310254
64255568
59182032
64127721
59062188
64009814
58943857
63896834
58829167
63774519
58718464
63662937
68602776
63552934
68506559
