39059
32498
23928
37186
88175
57698
48679
35188
24659
25747
25993
22275
21601
22177
22202
29285
26936
26132
26724
25328
23977
24220
21729
26276
24356
28964
27058
28823
27845
30089
26196
22374
21699
21704
20953
28750
27535
26639
26507
26101
27774
27730
27297
26499
26459
27995
26809
26294
26322
27091
29334
26343
26537
26089
26381
28382
27452
26395
26549
26816
31280
26397
26671
26267
25766
27633
33652
27341
26386
26436
26847
22317
22609
21608
21374
28122
26792
26651
25938
28467
30372
24881
25017
34091
25204
29499
26736
26823
26475
29392
25383
22091
21687
21700
33827
25678
22147
22197
22777
24618
24859
22160
21763
25698
23661
28977
26493
26129
27387
29140
25594
21869
51272
50684
24320
29214
27503
26556
26233
25706
27658
26840
26282
26321
25541
27850
27500
26743
30145
28327
27717
26460
81133
48774
40106
30783
26536
25329
32251
25221
27407
27957
24898
25297
37303
27624
25879
25422
25119
27486
25567
21427
20321
20214
21127
27789
25501
25141
29010
25523
26981
25805
25171
25997
24963
26816
25513
25195
25765
28609
27117
25288
25363
25340
25148
26797
25555
26597
25136
28065
23160
20822
21645
25347
350677
33605
26546
25761
25332
27746
25006
20882
20733
20187
19577
27435
26668
25755
25080
24736
26998
27476
26059
25142
24118
27270
25130
25181
24851
27736
31969
26064
25448
25153
24490
27530
28430
25215
25581
24378
26796
25085
24551
25045
25240
27270
25197
25094
25280
27426
25595
25284
20546
20770
20198
24410
20694
20250
21112
19769
27380
25690
24979
25859
24517
26894
25536
25375
25381
28518
27278
28948
25729
25323
25330
26892
24853
24929
25361
23712
23296
23099
24385
23107
22538
27603
26292
26476
25388
27600
24544
20800
20743
20997
20363
27824
27053
25240
51568
58488
26718
22626
33290
31617
22440
28364
26667
25600
25630
27820
24920
20819
20948
20642
20303
28188
25623
25453
25481
25275
26878
25701
25591
25571
24590
27933
25242
25593
25213
29218
24676
20969
20477
20485
20085
27202
25329
25590
25445
27835
26479
28299
26442
27450
27495
27033
27762
23834
21044
19782
28514
28453
25562
26251
24710
27024
25011
26114
25500
23999
23160
21116
23900
20987
21950
27529
25649
25621
26241
24655
25030
21935
20381
20714
24850
30762
26168
25535
25448
24848
26854
25933
31090
25981
24651
28578
25963
26308
25494
28500
27263
25807
25244
25276
24581
26895
25609
25300
24189
21709
23014
23029
20785
45089
38123
35386
22926
20840
23650
24838
24547
21025
20931
21629
20345
27708
25797
25521
25740
24878
26596
25376
25021
25335
24420
26882
25363
26311
24939
24564
26770
25253
25940
26580
24583
26719
25423
25689
25202
23970
23123
21613
23877
20598
25030
337823
33281
26049
24272
24574
25603
25058
25055
24850
23961
24765
24265
24641
23898
25795
24188
26204
24066
24633
23913
24612
25613
25254
27598
25375
24855
24961
24186
24725
24012
24433
23828
24331
23960
25776
25383
24983
23902
24989
23684
24638
23983
24355
24118
24190
28409
28744
36339
26991
24243
24892
24320
25273
24035
37886
25267
25067
24024
28179
24051
25048
24359
26377
24558
24594
25910
25593
43828
27790
24920
25087
28328
33108
31381
26741
24828
30788
25257
25491
25991
31933
25226
24967
23921
25787
25470
26230
24656
26409
24349
24578
24364
26556
24067
26018
24209
26577
24583
64623
29690
26144
21901
20752
20607
21984
23601
21102
23602
22006
23963
20968
20752
20945
20589
19984
22540
21348
20751
20695
19808
22144
20868
21389
23130
20201
23644
20807
20703
20376
21620
23351
20466
20574
20486
19828
22287
23611
21043
20129
19800
26429
24060
21388
20624
26058
24787
20726
21026
20533
21511
21549
20672
20801
23310
26239
22791
20747
20870
21781
19431
20461
20223
20655
35182
22652
24194
31539
334738
28514
21414
24961
24428
25009
24307
19985
20283
24067
20839
21430
19796
20024
20430
22675
23233
19619
23673
24073
20568
20741
19630
20844
20175
20800
20410
19465
20263
22541
20353
20442
21960
19980
20198
22441
20898
19539
23681
21419
20475
20461
21190
20385
20451
20515
19853
20037
19923
25693
20910
20227
34374
113667
59853
35598
23015
20481
24576
19942
19599
19449
19388
23558
22862
19543
24296
20202
19305
19644
22890
19700
19282
19578
19475
21403
19823
20601
23117
19921
23840
20589
19604
19980
21330
19860
19696
33223
21673
25149
20117
20552
19746
20239
22741
24063
20287
18876
23900
20303
19777
19682
19273
20149
19693
19363
19948
19126
19978
23766
20536
19771
19139
20359
19957
21832
20023
33699
23727
20320
19818
26330
20013
20088
23037
21404
19881
18804
19834
22609
21965
22121
22827
19953
20006
19620
19702
18812
24136
22968
20610
19740
19578
19679
19860
19476
22321
19549
19696
22226
20721
20024
23484
19667
20001
19678
19461
20602
23327
22184
20202
19769
19568
19860
21516
19956
20073
19216
19678
20014
19740
19608
22847
25420
20403
19750
19677
20662
22894
22103
20847
23457
22167
20031
19680
23761
23273
23537
21005
23422
21949
20096
19345
28644
21324
20164
20010
18677
24138
20014
20352
19568
19109
21971
22594
23255
20079
22938
21248
24376
20421
19883
18931
19776
19725
19352
23436
20322
23241
19929
19722
19815
19857
22110
20157
19280
22535
19276
19467
19685
20417
19812
19189
19971
19822
19412
20685
18940
23020
20049
363661
26305
20584
22225
22039
20217
19969
18888
19948
19420
20771
26115
19347
19848
19533
19390
19640
19396
22932
19747
19940
23669
20080
21726
20639
24509
20426
19351
19767
24155
19892
19621
19480
25308
20278
19889
19717
23694
24235
25414
23445
24402
20406
21717
19974
19648
19669
32937
21862
20217
20126
28428
22936
20613
20259
19728
19672
21023
23158
25019
23251
20366
19472
22148
20137
19808
22876
19125
20154
20896
24074
19638
19413
20135
19596
19574
23012
19485
24676
20521
20903
23660
19797
20416
19800
21858
22808
19643
20217
24737
20258
19902
19161
20371
20752
19765
23123
26309
24114
20028
19647
19997
19299
19505
19978
21930
20134
19184
20654
20277
19766
19775
19262
20001
23265
19656
20012
20499
23219
20506
22820
20019
20416
19677
20029
21430
19981
18915
19828
23704
20451
20025
19242
19792
25753
21025
20772
23130
25079
20724
20487
19824
19520
19991
20081
23031
22561
24871
20204
22321
21505
20086
19436
19459
20158
20393
22603
25969
24025
20224
20206
19920
19260
20027
22068
19901
19933
21295
20121
25215
20890
19940
19415
19739
19983
19948
22819
20745
23509
20136
20399
19783
19197
22835
59695
24214
20647
21927
20231
29034
20293
20152
20191
19799
373971
26282
21280
21136
28559
20766
20014
20135
19335
19514
19631
23697
21051
19157
21445
21955
30255
20155
21383
20287
20146
19795
20436
19073
23022
20142
20593
19790
18972
19272
19752
19507
22602
23250
20281
19886
20675
19731
20860
20084
20653
20160
19762
19421
22850
19823
19602
25436
19992
21375
20191
19869
19740
20835
23037
22067
20164
20093
21053
20198
19622
19769
19829
23000
24006
20386
21099
19726
19413
20489
19745
23126
19863
19736
19611
25116
20222
38331
22926
19616
19455
19559
23562
21850
23323
19867
19686
19211
22480
23291
23700
20016
20009
19125
19842
19423
19510
20527
19279
20159
19860
19221
19391
19086
22588
19808
19973
19726
19282
19781
21693
23914
24120
19181
20153
23058
21095
19748
24451
23289
347493
25907
20558
19044
24069
20816
20546
19263
18880
21387
36481
20073
19599
18784
19464
22211
19673
19482
19316
20790
25229
20382
20011
20591
23116
20394
23063
26596
19667
19739
19944
21722
19992
19874
19397
19801
19494
19582
19344
19553
20109
19319
19590
23754
20966
20290
19636
20275
19100
19602
19660
23995
22327
23125
20289
19222
20127
19793
19304
19858
19551
20568
19748
23110
20323
19321
19701
19356
22601
20297
28972
31879
24686
20118
19810
22374
23674
19840
19480
19491
19632
19925
19387
24349
20693
19613
19757
19238
19189
22050
19835
32929
21219
19259
19473
19137
20173
19562
18994
22401
20093
22466
21877
24654
20157
19445
19324
19860
19285
19295
22794
19437
19786
19299
22069
19211
19602
20467
19424
21715
19910
19501
19912
23016
20787
19378
24791
20370
19535
19619
19460
19982
23234
20871
19564
21766
19779
19923
19641
21709
19902
23311
25106
25035
20279
23220
21846
23499
20345
19739
22638
19552
22367
20130
19659
19359
20609
19324
22707
20153
24178
19520
19631
24048
20541
19418
19646
19138
19666
21660
22793
19686
19528
20490
19645
19328
19476
19293
19679
23682
21568
19716
22506
23082
20154
19507
19487
19938
19274
19711
19522
19149
19506
19030
19736
24265
19994
19515
19100
20049
21619
20094
19282
23075
20905
19131
19399
18947
19324
19778
22640
19633
19759
18765
23936
20710
19395
19097
19356
19730
19417
21604
19669
24779
22727
19964
19602
22981
19712
20355
19814
22804
22394
23461
20211
20030
20265
19628
20643
19527
331232
26910
22780
24736
20333
19930
19482
19087
19288
25200
20383
19371
19486
18791
19012
21914
19766
20097
19034
25304
23195
21361
19386
23504
20118
19649
19372
19486
19202
19247
22901
20675
19591
19003
19231
19334
19909
19361
19289
19573
22620
19664
19573
24572
20090
20072
28326
20267
19134
19269
19481
22159
19759
18736
19488
19259
19860
19366
19397
19657
20279
19969
19524
25385
20150
19355
19820
23095
19627
23121
22936
19811
22052
19185
20346
22047
20865
19734
19242
23145
19858
19500
22463
25204
23386
24838
19976
19887
19989
21205
19552
19356
58057
22931
20731
19473
19537
27866
22803
20149
19918
19624
20912
24387
37105
28055
23935
20688
25751
19921
19809
39800
21730
19155
19258
19511
20281
19643
25959
19969
19646
19271
19391
24339
25878
19629
19360
19222
19690
23695
23246
19524
19458
19385
19365
21517
21147
19367
19515
19641
22756
28817
20559
23605
22836
26323
24581
25625
19982
19643
19242
19716
20203
18850
19500
18917
22022
24616
19745
20321
19457
20285
19565
24142
20221
18969
24052
19705
24621
19686
19376
18962
19532
18890
19364
19838
19338
19570
19203
19226
26513
20283
20213
23084
20024
19371
19153
20690
22513
20437
24434
19704
20462
18811
19597
22010
19370
19008
19486
18824
19555
19246
19129
24727
19904
19756
24683
19596
23714
19581
19786
19393
19389
19414
19639
19255
19375
19738
19300
19136
19341
19370
19237
25358
19984
19342
20163
18788
19293
19052
22768
20468
20155
18579
19250
19139
22138
19619
18968
19698
323979
26224
21805
23395
20131
24988
19791
19476
19114
27447
26108
23640
24008
24862
23938
25800
25296
24461
23698
24106
24076
29330
24673
24780
20277
21747
19592
19194
19615
19088
21844
23433
20343
21041
19529
19511
19160
19352
19400
19567
19138
18883
19377
23922
23112
30094
26632
19707
19729
20089
19698
19358
22877
27505
23021
22891
19925
23675
20378
19451
19381
19152
19396
24504
20404
23828
20211
19769
19379
19866
24434
32513
24053
21971
20178
22184
20884
19505
77879
21207
19786
19601
19537
24140
20407
19460
23680
19189
18960
21969
19680
23178
20103
27138
20822
19471
19391
19201
18917
19309
20124
19179
19312
24998
20484
19287
19535
19447
19229
19301
23029
19321
19486
20994
20393
24021
20060
23293
22514
22167
284318
22960
20437
24302
20160
19885
19537
19289
19916
19109
20183
19156
19470
21260
20982
22694
19767
19348
19133
21970
22935
24793
20976
23972
20077
19868
19440
19213
19228
19351
19657
19490
23209
23009
20043
19356
21415
21643
19619
21402
19914
19491
19815
23746
22865
23835
20151
19141
19153
21546
20702
20087
19467
19098
19666
19107
19731
21576
19303
23192
20000
21569
19795
24886
21126
19610
20200
19379
19124
19379
19373
23206
19821
18946
19586
21724
19663
21048
20369
19193
19588
21231
20883
23577
19851
19443
20819
19822
19370
22481
19409
19375
20494
19251
19173
23474
19910
19646
20924
19392
19410
23473
20253
24737
20078
19464
22929
23606
19394
22871
20176
19474
22367
19270
19676
19509
20257
25205
21762
23652
21136
19175
20582
24621
20105
25025
21780
19575
19296
25641
24484
24040
31205
28793
25232
27589
24532
24466
25038
24286
23903
24123
27550
25428
20023
19643
21369
19531
20339
20334
19676
19333
19195
19549
19638
19181
19515
19584
20967
19873
21288
19648
19513
23917
20578
19204
21224
19699
19316
19731
19433
23377
20129
18805
19889
21707
22923
20593
20964
20306
19583
19392
19401
23757
20168
19153
19678
19352
19389
24942
20526
20286
23596
19286
23227
24913
21591
19473
20683
20072
19399
19381
19793
24738
20048
24248
37519
19977
19356
26087
25062
24059
25870
24909
24337
24494
24288
26806
23874
25148
24417
27833
21094
23414
19869
19751
19691
28142
43528
39079
20274
19478
21836
25590
23396
20120
19912
19035
19274
21331
372419
27217
20845
25051
20077
19983
19603
20040
19098
19279
19802
19357
19557
18977
