128783
95335
87633
80884
82066
81053
79099
77071
77740
77873
77935
83958
80006
83203
81160
78469
78924
90268
80131
81903
76517
80515
77235
86068
76680
76506
79981
81404
84235
77924
78918
79999
84405
78432
78831
85974
78341
80417
82258
84406
77292
80374
78710
77831
78638
76812
77548
93143
79542
80727
77367
78931
77515
81886
77132
78135
76990
81178
79675
77659
89258
82738
77847
89234
78736
100405
80757
80290
80342
76687
82163
84504
79146
87977
75801
77749
75891
76507
87565
78846
79798
85129
80582
85936
80947
77065
78664
81221
79548
78525
81425
80552
76934
92036
79801
84783
78761
80354
80791
81205
85944
460858
82714
85106
77997
80851
80447
82787
79998
87736
76325
82026
77623
77938
79080
82270
81628
79757
80379
81389
79853
77865
76671
79107
94673
90007
91120
90740
89804
86344
87360
92621
88074
91497
86950
90687
85974
91328
79991
88727
78256
81437
79957
79512
77529
79592
79693
78264
82152
83096
79323
76867
76698
79738
76678
85820
78712
79346
80520
76975
78974
78652
75906
78302
76489
79980
76676
77315
76943
77726
88232
79038
84583
80426
81572
83753
79927
79431
83367
77867
77937
77983
80696
80346
78343
86006
83242
79693
77714
78800
81806
77975
81458
79811
79032
78110
78621
81657
87558
78106
79653
82948
79836
79054
80442
77352
77813
79770
80196
78206
84167
78820
77695
79385
77617
76798
82485
79904
81043
80318
79319
80110
77120
80942
77361
78452
77528
79179
78524
78520
79732
85377
77063
79510
80477
82952
78108
80597
81493
77813
77821
79036
79851
78041
85604
78876
75648
88677
77032
76306
81848
78529
79281
77960
76786
78821
78162
79779
81430
78547
81554
77916
85941
78342
76526
80722
77747
80831
79868
77277
77587
77454
81118
77485
77452
83465
76820
90562
81543
76596
80681
87535
83589
81646
82010
81458
80820
76616
77406
76561
77984
76367
78352
89175
79869
77273
82812
77237
81578
76471
76021
83448
80609
77621
77617
77745
77094
76814
91031
83245
79516
85897
77364
77059
77939
76641
85427
79869
85011
79423
82198
78897
79155
90469
81905
79293
79977
80889
76135
77157
86295
82386
97438
77824
79503
83477
80857
82581
82282
85141
79044
469398
84500
78365
78366
80253
77044
82139
79197
75406
76571
77378
81351
77095
87623
80171
79322
79487
81692
79910
79248
84283
75945
81466
82266
84144
79387
79814
79776
106590
86582
79626
83168
80865
80186
86943
80729
80394
79521
82011
78400
84035
81599
78548
77163
88414
78176
77908
84781
77584
77594
79634
77949
79846
78636
79936
77322
77599
80001
78549
92010
80587
77430
80919
76256
77065
77798
78601
79367
79955
80294
77247
81673
76371
78468
86683
77413
83166
82931
78422
77971
78108
78594
79941
83523
83817
81317
79501
78842
78063
78554
86386
76606
79350
77787
78022
81639
84444
81257
79366
79588
83460
77037
79882
85764
85016
94644
87755
90331
86075
89883
84624
88387
86114
85131
85452
83667
86576
81007
82375
86680
439101
84805
80930
77510
81848
78632
85607
76894
78323
80968
80549
76520
80815
77817
77882
77924
86288
84247
85519
78118
80961
76896
77138
77386
76674
81324
77958
79417
81312
77268
82269
86790
82506
77624
77947
78939
79163
80466
79702
77063
79258
78734
86762
78331
79205
81796
90307
79216
76716
78701
79897
80972
77803
79581
84442
79103
78310
82743
80852
81061
77922
76164
85504
87489
85788
86305
90026
87928
84148
84900
94345
86481
85794
85491
84977
87035
86141
94813
78655
79819
80175
78132
78013
81325
76722
77109
77372
78207
77175
82456
80172
79518
83959
83349
81704
80067
79662
80570
79109
80861
76333
80358
79803
81121
76038
78799
76876
79153
87147
82858
77259
80655
81620
81742
81625
82153
80964
87834
77754
78164
77720
80437
77230
87060
79949
85881
86935
79902
78232
80592
79461
77822
79036
78452
87444
81355
82992
89049
106247
80784
84932
82054
100152
79917
86035
80189
83003
81757
78739
84961
79535
86279
76947
77786
90183
81555
80044
83884
79680
78141
79268
86164
76819
76645
77114
78873
78383
79684
78932
87805
77803
80686
80105
83100
78901
80506
86928
77009
76448
76807
77569
76102
75755
77241
89006
81807
78869
80184
76112
77610
76602
77852
77556
79292
82285
82883
81223
79251
109722
81369
82414
81734
80668
81641
80426
81705
78493
80340
79285
83412
77598
75700
84935
84587
89097
83293
85539
78918
77096
82425
79998
81772
75154
76000
75171
78049
78308
75641
78509
75011
83116
85484
83578
84481
85002
81379
81870
75481
79591
76450
440109
83395
75776
75546
75478
77655
76524
75880
74980
83528
89240
84043
89951
83982
84311
75788
79920
74650
76105
81866
79655
78016
77035
76812
77622
77779
80276
75477
84937
82775
84775
88371
84339
82274
79430
75183
80674
74634
79685
74961
75086
80731
76005
75300
75550
79800
83396
82707
83948
84891
89035
83105
84893
78207
81962
76336
82620
75299
78666
75421
75704
75483
86645
88243
83376
118307
96924
94568
101189
91897
93112
98842
88363
91330
86338
88283
82514
77050
79913
80127
79459
77966
76666
75330
76019
91698
83009
81747
83332
81975
82195
76891
74825
78125
75538
76919
82623
79919
77359
77160
84722
76286
76820
80878
83121
80088
81209
81085
85833
86023
76529
75067
77093
75401
76985
75229
79454
76114
84110
77212
77046
79555
77329
80226
84437
83929
85347
83423
89262
77963
79918
74405
74547
76980
77280
74222
80924
75901
76097
78367
76485
76315
94896
91677
93382
94644
88651
91996
85909
83442
85554
82510
86302
84237
85320
86236
79413
79918
75649
85905
76685
85145
82679
90393
90380
108317
91344
87371
89973
85110
84365
100745
86061
87211
86664
87536
86716
90168
84856
89355
90701
80127
84566
79140
83450
81370
75778
74907
74342
75249
86347
79365
75442
74483
75237
75893
78089
74660
75794
81196
80608
79699
84738
83814
80993
82669
78575
79542
77624
77606
77675
76454
76672
74789
76363
78272
85492
76691
83553
79536
81441
81174
81783
86841
79803
77877
77784
76134
78304
74599
74939
73939
76769
75059
74873
73975
75905
79254
83375
80957
466353
88854
83637
77357
87444
84775
87443
89638
82751
84489
86964
85353
85222
84668
87160
90972
84720
83209
101229
81550
82698
85951
88778
78566
76441
76414
80225
81074
75441
76010
76877
80393
74938
74110
75557
82248
86963
84135
87747
85546
86287
75307
75032
77477
78281
77257
75977
74515
77817
76253
79936
85868
77357
78747
86579
86569
93959
79693
84422
84938
77836
79091
85803
84225
84280
83067
93920
84092
84542
84295
87182
85033
85580
88265
87814
87646
90450
79404
83571
74497
75670
75895
79483
74358
74997
77680
77090
76495
79699
77391
80246
73866
86710
87650
83281
84009
89026
77835
79616
74230
74898
74443
82751
81337
75666
75293
74835
74289
76280
74649
76807
83450
84144
81096
80570
84304
88650
78732
75778
77225
441838
80363
80945
77527
77515
76379
75555
75634
77330
78704
84363
82654
91986
84080
83939
88789
81706
80135
76945
77553
79997
76549
85486
83630
85162
83191
88527
83337
85593
90826
88415
91787
101487
98978
90099
87442
77462
82199
77508
75522
75085
74878
74197
75972
75567
83136
75220
74721
81431
79500
83396
82019
85220
83782
78054
78191
83011
79845
77025
79368
76343
74731
80137
76567
76855
76549
76758
80935
81904
90026
86600
81478
79931
77157
79744
88590
77355
79347
80886
91545
74527
76934
77951
75636
78070
77058
85973
85136
83240
81271
83117
88880
78631
74344
77972
77485
78948
76375
84179
77441
77608
82076
76057
76079
76920
84710
84894
89218
84303
83471
88105
80337
76920
76713
79228
77344
81320
84144
76341
82518
77631
74186
77453
79426
83723
82156
82555
80421
79934
78793
75492
75671
74534
75053
75358
79579
77836
78825
74912
76775
75830
74826
75961
80915
79296
79497
80703
81473
81418
78789
76175
75777
74186
74564
74467
77185
75414
74477
75651
74793
78651
75860
83059
87769
86914
83178
81784
80403
76764
76432
75881
76571
77434
78654
76474
78618
77495
74403
73599
73445
75179
80727
83067
84046
81979
89662
81249
76117
76040
81934
76027
73399
76172
74040
74595
78034
78046
75341
81031
73877
82024
83310
82757
84625
80307
81732
74102
74217
74218
76840
80464
77845
77872
74382
74166
76887
76888
74820
74743
82651
86741
81011
89329
83454
80768
76463
77634
75733
83011
78079
75765
78311
76701
79003
77093
83777
76810
76087
79404
80318
435678
88286
82502
86431
77037
78303
77624
78772
77045
76468
77412
78047
74469
78056
78246
82961
78018
79422
81137
81478
80088
8035697
111615
78888
82986
81212
79627
82878
80142
79184
80071
78860
79533
77065
81202
86944
82195
80866
81392
90388
94424
88926
85583
82889
78612
80534
76988
75125
79964
76855
75037
79136
76856
77031
80796
79093
77570
89364
85923
83963
90156
84505
82631
88764
87727
81614
79296
100107
75019
82741
80160
78958
84554
77942
82606
85925
77618
78703
85720
87760
89928
81780
86340
82479
86231
83177
87480
83757
76637
76741
77152
77223
75246
88864
78774
81224
77601
76744
81914
76249
76645
82963
80459
82251
81454
106552
80171
86819
86555
100783
83733
79526
82376
78967
80699
80720
79749
78165
80907
76651
78765
77049
85526
101049
83612
85510
85787
84990
86142
85315
86281
86192
81267
86904
78242
81583
81792
81343
78278
81901
78979
79922
80007
76984
78572
88927
84929
81746
87182
83033
82845
83201
86847
84594
80787
81931
78728
82179
81686
77645
79171
80613
78032
76256
79368
85601
79807
87175
88689
87446
80453
84545
84282
82901
85536
86362
79276
86527
80190
78476
82686
79214
77665
79420
79065
77923
75822
77581
77422
86634
82275
82058
83665
89167
85382
84442
85825
83059
75856
79092
81285
82436
78656
78165
76468
80090
76549
77680
75452
77988
75518
86298
84902
81413
87769
83348
80931
86871
85614
81418
77982
78073
82508
77256
76232
78961
76372
77862
75375
82974
77314
78053
81028
87189
81675
86320
97755
83318
82414
82461
434525
89109
79489
78548
77042
76527
76298
75995
76335
77655
77134
76440
76716
76717
79080
87130
88608
83260
85506
84736
94864
83684
85593
81299
78320
75561
81672
78542
77284
75227
76205
77115
79615
79526
77704
76832
77943
83797
87662
83073
94425
82681
85924
84923
91170
81155
80591
77875
79421
82414
77683
75594
77362
75667
79543
79607
80313
77111
79930
85702
87697
81630
83158
82803
82380
82533
85814
80898
90938
77601
75699
75345
77105
76353
77048
79888
77481
76704
76721
78135
77683
89241
83839
85490
82468
82710
83975
86407
87477
84497
76817
81709
80852
79537
78423
80834
76840
76982
80844
77168
77575
78353
76256
89974
82425
82766
80532
82609
82937
85147
84478
88039
79603
78521
76814
80042
82423
77694
77711
76781
416205
84828
80244
78640
85362
83815
82348
83576
86455
82229
82786
80634
80632
80389
92891
79131
82534
82731
96078
76623
88583
82220
78700
80387
79170
79565
76719
93266
88339
83044
86152
88538
82543
82264
84907
85691
77277
77907
77616
76513
81853
77942
77020
81231
76494
75945
75406
76997
79117
86494
87412
86874
85901
81776
85838
82419
85217
82359
79530
76339
87438
85764
85759
93170
88198
91191
87894
86243
87666
86142
87839
92456
92780
91535
90897
81510
82425
80739
82264
82264
78402
75884
79023
75492
77949
77352
81883
75392
77057
75467
76596
75047
83463
85575
89270
81340
82249
84062
86287
79746
84869
81774
79586
76472
77487
77696
81470
74065
79107
75163
75879
78561
76684
74861
81283
84926
81149
83000
90228
84359
84716
82514
87417
86683
79574
75670
78539
78064
76505
74444
76145
74958
77100
76500
82320
80760
77517
88510
82061
86163
93220
93024
92828
92517
96144
90079
92509
85243
85535
84885
85747
86077
85442
84162
80363
76454
78116
76574
80428
86659
87208
83631
83578
85760
91689
82979
84637
86227
79314
80773
77994
79551
80735
76244
82068
77625
79081
76446
79596
80367
77469
93478
83556
87987
81101
80856
80796
82727
82107
80409
77368
74755
74874
80724
84971
76360
77956
78667
78734
78834
76922
80158
76153
85728
81478
83293
83357
83685
83688
82920
86902
84648
79345
76852
81182
76777
75573
87060
79713
77426
94087
86583
86509
87215
86904
93059
91636
93135
90445
96067
91510
94150
90931
90122
79765
75967
84792
78062
82211
77344
431731
82508
78028
78072
76676
79872
75822
88564
87185
85804
81248
85262
84807
85995
89283
80552
82538
76002
77767
82441
76648
75951
77937
78547
83318
79451
76475
77011
75617
92396
84948
90965
83840
83365
85415
83801
80295
82637
76474
75403
77517
76412
79739
78296
93153
78075
80928
80662
80031
92267
77622
91076
85761
85146
88008
89862
85965
83184
82539
84212
91283
85271
85701
115529
87446
91644
100220
94196
106892
91329
91285
86075
86212
100958
100149
86199
93301
87891
88669
88189
91382
2808763
101335
81885
85355
82669
85103
81310
84073
80357
88632
82092
78713
78815
81716
85767
89875
83920
85089
