30531
27361
26342
27153
26039
27166
26259
27310
26482
27526
30526
27449
26161
27066
26047
27355
26097
27527
26097
27061
26103
27192
25988
26970
26344
26996
26141
26896
26153
27458
26287
26954
25856
27171
29308
26922
25903
29375
26640
27532
26156
27707
26099
27034
26104
27116
25956
27081
26154
27735
26134
27126
26390
27550
25985
27219
26236
27539
26276
27377
26160
27229
26132
27222
26185
27137
26266
27521
26219
29305
25984
27241
26307
27173
26404
27311
26187
27226
26277
26969
26251
27051
30386
27464
26057
27227
29859
303818
26445
27398
26266
27397
26272
30510
26107
26963
26089
26952
26093
27087
25984
27519
27247
26063
24043
25348
24292
25288
24052
25698
24350
25027
24083
24446
24503
24688
24124
24432
24002
25329
23917
24944
23766
25156
24242
24871
24091
24542
24056
24916
27065
25139
23674
24918
23892
24825
23768
25320
23967
24644
23581
24503
23751
24540
24050
25004
24235
25117
23994
24894
23654
25199
24141
28807
24711
24765
24288
24546
24468
24701
24570
25611
24489
24685
27483
25738
23891
24568
24523
25334
24600
24852
24004
24363
24215
25705
24379
54316
34996
26978
24712
24507
25521
25316
23882
24666
23824
24338
23984
25589
24154
24627
23957
24847
23742
24771
23699
24559
23830
24752
23840
24571
23725
24935
24394
24439
23833
25025
24390
24922
23634
24597
23751
24290
24164
25093
24611
25522
23670
24323
24026
25416
23545
25325
23897
29815
23985
28948
24491
25307
23999
25152
24036
25307
23876
24588
23934
24369
24411
25441
23531
28209
24656
24673
23792
24416
24629
24709
24086
25009
23869
24680
24088
25026
23892
24687
24119
25734
23644
24547
24422
24249
24022
24440
23429
24784
23560
24507
24119
24673
23884
24680
23744
24688
23610
24797
23603
24808
23548
26567
23622
26043
24268
25492
23674
28896
24366
24804
24490
25683
24104
24470
23491
24568
23710
24813
23598
29063
24235
24864
23992
25151
24124
24713
23996
24936
23667
24461
23881
24938
23833
24583
24220
24775
23994
24621
27224
24828
24110
24628
24275
24747
24279
24632
23468
24408
23934
318112
28278
23928
31482
26808
20700
33458
25090
21299
32686
26496
31121
32764
25022
42366
34117
25335
34504
26622
20473
33717
25027
22904
32382
26451
30657
33005
25095
30923
32842
25105
32944
26897
20922
33614
24672
20849
33054
26021
31780
33764
25060
55127
44279
32261
33978
27824
21874
33909
25243
20708
47827
27616
31306
33049
24478
34075
33420
25899
33199
26521
21076
24307
25368
29986
20435
26158
20924
31233
30538
23374
33004
25161
20834
26658
23988
25463
28627
22050
34062
26328
21911
34365
23928
20277
32564
24808
25411
26300
20619
21878
25343
20268
30015
26199
20496
32942
24344
24067
32843
24876
20211
26313
20957
20436
33900
35084
33851
34686
37711
34858
33225
33788
25447
27607
20886
35702
33667
37963
25129
365308
34857
34192
33089
27080
22242
33696
25099
20378
71659
31777
21079
26520
25481
22136
24921
21386
30719
26457
21672
33045
24788
19922
32776
26293
20384
26437
21499
20366
24994
21919
32227
26527
21515
33798
24789
20497
32553
26438
20413
26567
21735
19401
25341
21985
30858
32438
22044
33979
28573
20304
32525
26198
25800
26445
21474
20341
25180
22554
30918
38356
33675
26611
21281
21872
20882
40175
35570
25981
20552
34856
23358
21005
32292
24102
20288
25439
20074
20174
33122
36969
36301
41278
30869
19800
21398
19629
19365
22343
20623
19924
20013
19288
19794
20084
20513
19414
19702
19822
20080
19123
19922
18916
19925
19437
19769
19730
19170
19764
20176
19510
20283
19192
19821
19583
21887
19853
19421
19432
19350
19255
19700
18928
23442
20253
19759
19669
19298
19511
19594
19247
21550
24279
20185
22102
22083
20351
20335
25246
20279
19531
20894
19733
20255
19663
19292
19508
19319
19573
19851
22014
20459
19602
19411
19635
19346
19377
19429
19414
19665
19575
20750
19608
19501
19175
20243
19167
19615
19454
22599
19528
19342
19617
19283
19514
19597
19324
19563
19433
20177
19545
19621
19322
19592
19292
19705
19153
19503
19530
19562
19734
20280
19014
21059
22126
22596
19692
19399
19617
19598
19499
19492
18925
19696
19375
19750
19319
19900
22116
24402
20117
20160
23799
20069
19438
19594
21589
19228
19590
19547
19439
21355
19073
19635
19144
19609
20008
19200
19346
19569
19450
19446
19048
19336
19663
20416
19710
19274
19106
19967
341512
26682
20193
19754
19965
19658
19551
22397
19256
20493
19165
19305
19307
19427
21508
19606
19242
19522
19504
19691
19191
19474
19108
20299
19347
19572
19413
19420
19161
19495
21996
20636
19409
19164
19145
21918
19768
20198
18872
19564
19174
24550
20297
19698
18957
19706
19053
19279
19304
19255
19416
20274
18917
19390
21936
19579
19163
19357
19636
19434
19494
20260
18908
19991
19075
20212
19312
18929
29474
19885
19474
19140
18809
19628
21151
19824
19613
19288
19616
20338
18981
20616
18959
20535
19249
19067
19469
18913
19855
19206
19273
21635
24465
21020
19094
21657
20829
19374
19696
19665
22007
19587
18720
19706
19617
19445
19384
19876
19391
19703
19077
20496
18681
23972
20251
22195
19757
19289
19137
19514
19154
21415
19480
19710
19437
19262
19111
19234
19218
19608
19429
24365
19324
19309
21187
20065
19056
19897
19084
19359
19364
20293
19357
19358
18941
19598
19218
22231
19228
19688
19692
19323
19320
19321
19223
19363
19351
22123
19677
19582
19644
19258
18932
20107
19343
19726
18966
18955
19696
19322
19410
19485
19020
19777
19303
19640
19155
19812
19491
19301
19681
20072
19231
19665
19191
23215
19931
19509
19886
19053
19227
20951
18995
19845
23794
21957
19866
19333
19338
19153
19137
20490
18879
19663
19201
19820
19759
18839
19271
19412
19252
19779
18676
19001
19395
19112
19749
19181
21851
20593
19864
20559
18925
19449
19733
19222
19652
19406
19080
19189
19077
19461
19260
19155
20149
19364
19275
19379
19381
19496
19356
326202
28095
20999
20135
19663
19490
19547
20308
19732
19730
19651
19510
19512
21719
20030
19220
24307
20079
19391
19620
20571
20451
19544
19377
19855
19349
19447
19613
19524
19531
20295
19312
22973
19290
22072
20064
19316
19590
19536
19619
22574
19110
19843
18965
19764
19324
19002
19594
19463
25918
20990
23930
20513
19439
21744
20404
19688
19510
19196
19249
20100
18992
20010
20286
19460
19528
19227
19442
19354
19254
19783
19193
19399
21753
19587
89215
20526
20210
19706
18970
19768
19070
19500
19472
19612
19629
19336
19119
24935
20115
20039
19638
19594
19738
19340
19390
19416
19579
19876
22296
20878
19544
19673
19881
19372
20261
19727
19592
19677
19345
20391
19372
19444
19410
21938
19499
19519
18989
19748
20404
351267
27457
20485
19561
19475
19571
19800
19526
19603
19881
19453
19550
20028
23161
20179
19413
19626
19602
19303
19488
19287
19040
19791
19309
19694
19231
19226
20565
19597
19678
19389
19277
22348
19348
19886
19416
19108
19737
19436
19048
24216
20388
22331
19286
19329
19373
18948
19490
19307
19281
19579
18866
19512
19352
19228
20265
19354
19680
19477
19149
20680
19088
19323
19587
19564
19716
18805
19006
19630
19631
20333
18863
19364
21908
21969
19756
19323
19288
19760
21801
20705
19087
19450
20345
19403
19177
19344
19186
19112
18884
19333
19198
19518
27860
20578
19020
19902
20174
19873
19216
19534
19279
19479
19042
19523
19054
19527
19137
22138
19902
19179
24683
19892
19499
19423
19156
20029
19393
19346
19567
20396
19509
19800
19261
19467
20153
22401
19509
19240
19447
20696
23777
20089
21655
22034
19498
19208
19740
19590
20292
20792
19111
19575
19130
19832
19295
19021
19406
19494
19169
20120
18946
19794
20103
22162
19850
19168
19499
19461
19202
19839
19112
19899
19341
19274
19556
19183
20517
19519
19199
19704
19294
22550
22142
19959
19818
19256
19496
19544
19422
19697
19766
19498
28139
20922
19898
19078
19358
19579
19141
19466
19320
19570
21818
19464
20202
19503
19504
19705
19202
20768
19676
19420
19734
19189
19120
19354
19528
19627
20162
19645
19600
19292
19574
19635
19302
19436
19316
19562
22699
20395
19618
19527
19932
20054
19479
19304
19348
19528
19976
20177
19902
19499
19426
22121
19592
19125
19723
22093
19921
345302
28077
20850
19516
19450
19467
19305
19416
19531
19655
22170
19065
19964
21727
19730
23983
19935
19647
19305
19278
20745
19171
19646
19414
19585
19480
19888
19684
19349
19254
19539
18935
19514
19413
19467
19754
19018
19436
19623
19019
20989
18911
19090
19631
19355
19671
18980
19337
19569
18892
19482
19068
22963
19949
19879
19525
19167
24887
19784
19078
19281
19343
19117
19524
19085
19235
19124
19067
20320
19223
20142
19287
19116
21723
21941
19857
19602
19278
19678
19252
19345
19560
20279
19263
19658
19351
19468
23639
20767
42192
22877
26762
20226
20686
22315
20062
20335
19519
19521
19694
20562
19591
28406
20348
19916
19089
19087
19511
19308
19401
20253
18897
19684
19738
19634
19291
18922
22108
19862
19755
20594
19216
19882
19637
20227
19715
19097
19946
19471
19441
19580
19151
19339
21580
19723
19260
19208
19908
20137
19483
19523
18819
19686
19067
19443
19650
19066
19589
19407
21533
20447
19258
19955
19712
22070
19832
19445
19129
19493
24305
21454
19200
19217
19351
19231
19785
19843
18998
19818
19165
19454
19488
19586
20060
19228
19448
19400
19324
19649
19164
20938
20185
19411
22199
19859
19249
19717
19512
19676
19147
19555
19671
19426
21524
20553
22247
19500
19391
19090
19601
20287
19350
19457
19133
19610
19156
19460
19114
20056
19554
19327
19072
19440
22749
20067
19404
19037
19574
19366
19554
20393
19019
20508
19044
19436
19231
19142
19516
19193
19228
20276
23380
20265
19659
21629
19817
19704
19678
19393
35366
22103
280212
28405
24606
20479
30307
25399
27012
25075
24489
27508
24102
24487
27374
25357
25089
24345
25460
24726
24519
23603
28045
21129
20173
19958
20090
23394
22090
20902
22944
20088
20936
20133
23922
20690
19637
19947
19677
20508
19837
23290
20442
39964
24835
21145
21162
23431
22654
20026
20349
21388
19950
20214
19831
20216
24455
20220
19506
19738
20526
24194
20273
27340
26423
21190
19864
19668
24786
29110
24083
20165
22740
20205
23248
20696
23688
20350
19951
20197
21485
23514
19473
20355
19706
20202
19445
21332
22468
20074
19407
20183
19139
20151
19456
19994
19676
19291
23790
20271
20860
23183
24024
20726
19725
23213
20536
19788
19891
19873
21964
20339
19433
19686
19877
22796
21126
22509
19850
20190
19875
23551
377445
25368
21427
20047
19973
19878
19693
19899
24944
20517
19935
19645
22313
28447
20935
20147
19349
19963
19491
24374
25962
20907
21526
20942
20188
19798
19913
19617
24711
20263
19925
19406
20686
19947
19346
19867
19361
20426
21479
24037
20230
19651
19473
20234
19712
21310
23722
20391
20376
21777
19937
20700
19485
20040
19621
19498
19899
23448
21939
28120
20107
20500
19359
19983
19559
20175
20044
22817
21622
21484
19457
20171
21995
20279
19717
19641
20130
19740
20190
23365
19498
20226
19609
19665
20109
24269
20788
20410
20181
21629
19489
23313
20120
21154
20368
19896
19891
20163
19601
24262
19913
19825
19967
19943
20274
19794
19932
20897
22920
20767
19616
20601
21166
20166
19803
19408
21941
20351
21275
23582
20218
25087
20283
20063
23781
22400
19667
23014
19756
21030
20067
19897
22398
20200
23578
21132
21985
20564
19814
24088
20204
20176
19732
20275
19653
19960
23209
19946
20181
20911
19799
19781
19561
19972
19542
19809
22113
28139
20850
24477
20146
20206
19671
20730
19891
19718
19896
19845
19776
19822
19328
20188
23726
20694
19604
19597
19897
20585
21419
23055
19619
20137
19605
21818
20449
19709
20495
22262
21745
20317
19545
21075
22480
20010
20072
19559
19831
19872
19729
24502
19593
20387
21996
21705
20231
22143
20087
20118
19790
20296
19296
19800
20114
19842
19958
19799
19736
23153
28038
24056
19629
19785
19939
21832
20293
19763
19886
20039
19908
23859
20439
19914
19978
20293
19731
19890
23865
20515
19438
24563
328211
25889
24382
20428
20270
20200
24848
21394
20101
23210
20320
21718
22497
20578
19506
19854
19579
19735
21532
23200
20325
20595
19875
20486
29848
23334
20099
22848
24273
20224
19676
20453
20690
20454
23528
20933
22243
23264
20411
24336
19891
20084
19672
20202
19237
23002
20539
20339
20217
20715
19514
20368
19912
19496
23854
19891
23662
20351
21027
23024
19710
25130
20367
20812
23726
19687
21920
20012
19580
20267
19406
20427
22303
20263
20022
19533
19470
20667
19506
24507
27945
24035
25240
20505
19823
19452
21929
20455
19617
21231
19132
20508
20133
19584
24481
20437
19923
20053
20792
23892
20155
23021
20579
20214
19856
20533
22197
22951
20496
19772
19862
