54051
39988
49906
48190
37134
68809
46945
37911
52247
47091
36411
53071
37364
46690
45421
38775
45003
46579
37354
46638
45387
37778
49572
46981
36472
49227
54599
47384
36532
47722
53261
50071
51285
48977
48679
39796
38229
48703
37357
35707
46292
38982
35259
52033
38925
47632
46639
38434
47176
48092
37285
47608
37717
35348
46907
38517
45001
365924
44939
47470
50898
38257
46730
47766
37480
48086
37505
35312
52223
38621
55843
47496
37513
47735
47471
37779
47388
54780
37057
52403
39177
36190
50574
39236
46574
48106
38332
47383
47539
38797
47329
47997
36866
48074
37306
40678
46910
38965
45525
48094
37409
70621
52051
38991
47288
48136
37281
47872
50427
48103
46367
47426
47873
48347
39915
45065
46149
38938
46194
47030
49099
71174
47816
38742
47372
49677
47578
38762
48293
52639
38986
46724
50041
39930
35803
49521
38588
35230
47029
49166
48706
85944
47286
60597
38164
35396
48164
39676
35619
38895
34446
34298
47011
46991
40846
35023
33871
45984
44941
46754
37425
35068
45488
50704
45552
39417
34616
34984
46650
46662
45926
37107
35081
47872
46597
47024
37159
34615
43407
47423
46904
38419
34499
42954
46131
81600
50710
41412
36582
47731
45305
46943
50505
48042
38481
35898
34116
51929
47565
48710
38084
36468
46728
47838
48884
47630
49059
50058
51166
55271
47008
48524
50153
40508
43864
46119
49048
47633
48135
49767
46796
49932
37045
45600
44996
45978
40066
52425
46308
37811
46091
46867
37126
47915
37842
38141
46286
38699
44948
46107
37333
52630
46092
38573
45806
45876
36841
67013
40820
39309
46921
38466
44662
46545
37022
47592
46103
37559
45866
40624
34692
47364
38479
36760
46604
51331
46570
48095
37789
70292
45406
38017
46244
39013
43952
58032
50172
48482
47867
49116
47059
48770
47445
49186
46698
49428
63920
43810
39054
39220
44529
47415
45736
49484
47432
46592
37227
387804
50160
55465
47244
70752
51230
47984
38390
37282
46651
49766
47117
48008
36874
45038
37812
34959
45481
39072
36091
48005
37950
34991
45568
38715
45627
85494
37190
45744
38310
36680
50772
39289
34233
46656
37826
34537
45913
39179
44315
46761
36676
45208
38022
46018
45292
51411
55200
53544
47382
47535
47175
39465
48193
49607
48129
46997
49392
47407
49099
62795
38908
36013
46210
40329
35866
48330
52852
49230
47162
49073
48117
48470
48652
54150
46140
50017
48146
39896
35119
34424
46378
51748
38647
47263
46435
38250
48200
98065
56740
49497
45951
49897
48504
46597
49489
49221
45275
49628
47760
47037
48780
47756
45453
50732
46090
53705
48250
47727
48780
58627
45699
49715
47196
47023
48045
47306
45271
54726
46006
49616
48222
46011
48484
48758
53594
51862
52000
47030
48427
47149
44983
59614
46002
38020
45175
47535
47701
50274
47356
47000
38314
46990
39098
36137
65940
51856
57035
47637
39069
34200
46701
48763
46062
47533
37747
47368
45463
49544
46768
48695
47849
48816
38085
47156
65693
39352
50713
46916
46746
47483
46248
47382
46592
39760
43979
59461
38195
46935
45441
39387
47631
47268
48023
46934
50007
46097
50215
39469
44623
47135
37792
46990
46585
38926
45485
47135
46501
47028
46314
47005
45348
39120
44737
55863
42346
74127
45908
38497
45768
46307
46537
49197
38805
47665
47291
39957
46102
46355
36168
46177
37707
34890
46229
39849
46113
39486
37802
48086
45250
38000
45039
39608
35425
48066
37785
36158
47078
39120
45837
48040
385715
62166
47388
38020
45012
39445
34834
46827
37945
35338
45472
37625
45801
46660
37083
46549
45999
37188
45796
38506
34086
47342
45697
41040
45513
38087
46017
48029
37356
47659
45977
37139
45964
38982
35085
55556
37263
45246
44964
38099
47538
48063
37461
48326
69149
38366
48786
40079
35587
49046
38279
36171
38082
36374
46066
39334
46656
49986
38204
136597
46483
37161
46207
46559
39489
47519
37718
51156
38961
35494
44611
47343
50707
48640
37482
37600
45967
38877
35817
47662
40806
47721
45639
37519
45804
66735
47626
46176
50310
47312
46323
49625
47368
47005
36682
47025
46181
46492
45783
47173
45247
47328
37863
46974
45540
41881
46670
56305
37747
47028
45958
46227
45664
47018
45571
47153
37891
46956
46087
38571
383149
52677
37282
48157
46110
45752
46489
38524
46489
46786
37958
47882
45118
49393
47986
49166
38090
46582
37740
50657
48140
43914
49786
55026
39097
47357
46692
37523
46273
39525
34969
48580
37463
46831
46647
38631
45839
47194
37093
46367
45604
45039
46608
42315
36579
47222
37664
51051
45576
50434
47304
48394
46298
46896
37735
47372
45907
38384
46377
57130
37966
50290
46971
38060
46494
47889
36494
46512
37539
45770
45444
38558
45663
47497
37393
47077
46581
38545
47012
57381
36414
47755
37894
71386
48557
40715
49022
48690
38635
49247
47685
39794
46573
38012
43712
46417
36676
46433
37573
34839
45646
38574
36181
47636
41566
40246
46955
39507
45277
47385
36510
46850
50728
49138
47278
40608
34640
48248
38103
44661
45844
38547
45656
47224
37172
46383
46542
35499
46499
38836
34342
55529
37779
46524
46227
37545
45325
46893
36213
47130
37958
34974
46303
39521
36396
60577
38316
45255
50691
38005
47462
47347
36615
47159
37892
35589
46391
39133
35257
47312
37973
46199
46738
36980
54535
49553
38350
47369
49591
70214
50991
49160
45874
38918
34880
47825
37703
35212
47076
39311
43622
45787
36139
47744
38248
37062
47822
39430
35326
39187
34387
36409
40472
34454
44755
38053
34745
44687
37345
36834
44642
38742
33833
46071
36708
34581
48050
48828
48543
45391
36603
56958
46842
47569
50356
49488
41961
48834
47247
39230
46801
47545
42003
48137
46654
47523
46979
47504
46053
47525
38106
47789
46942
38772
65829
51253
37234
47420
46244
47278
350115
48215
46680
48153
38191
48622
46677
50007
49742
51385
47368
49117
47351
47462
46621
56713
35331
47278
50887
75594
48471
56168
46380
48084
37668
68103
42282
50487
45767
40011
48502
43366
36683
49808
61495
48697
41170
47339
38033
36161
47223
51153
48592
47744
38450
45210
50661
86087
49924
51040
52906
46545
49613
47864
37618
34414
45007
51045
46441
46470
48844
47962
46030
50566
46492
46348
86793
46770
48385
46468
44803
50295
46041
80056
50462
49682
45356
50486
48179
47156
51106
48231
48280
51635
46841
61786
46451
46304
49551
47023
45164
50431
46549
46315
49183
47833
49406
46597
45254
50504
46595
46906
70055
52475
45606
50761
55077
46449
48905
39320
35652
47976
48674
54513
47846
46801
49468
47812
48619
47329
45818
54627
47056
47024
49048
47694
47099
50374
46354
46192
49875
47159
50061
47914
46015
50452
46558
46297
48548
47948
84107
88439
45647
50730
48047
47447
49998
47612
45895
55756
46272
46195
49052
47094
44836
51079
46599
54026
53327
53107
57619
47688
44842
49675
45978
45002
48768
47911
44876
50440
47069
50595
48500
47479
49605
47300
45396
55879
59910
49430
50511
47806
45706
51300
46531
50505
48414
47803
48787
47642
45861
49637
46402
46785
50051
47972
46085
59119
48434
57815
48296
47316
48836
46614
45050
50080
45812
45787
48261
47995
45725
50549
51463
50328
48414
47512
133129
51320
45952
50819
46135
46851
48861
47690
45390
51344
46373
51255
49199
46865
49537
47981
44853
50520
72137
46617
48997
47372
45160
50099
340101
56212
48109
48212
48080
47374
45743
45792
49052
51243
58341
47218
46244
47582
45504
51186
46455
47213
37856
46105
45255
38291
47170
51133
38579
35220
53106
91407
37938
45722
46710
49967
47273
48398
47705
41691
39553
47985
49418
48768
46557
39400
45303
46824
47125
44548
44643
37836
35369
34609
34146
33911
33968
35471
34203
34390
36223
43901
35836
37512
34854
34695
34637
34724
39194
34673
34645
35200
34038
41714
39995
39593
39752
43515
41151
39955
39822
40557
39679
57277
42270
39160
49897
41276
43576
40648
39557
40648
40362
41987
40491
39968
39803
41632
42226
45222
39572
41793
40146
41949
45850
40314
40077
44305
38773
35079
39289
34810
35066
41925
40224
39688
39946
40207
41293
40223
39628
39557
40083
44199
348001
43201
35334
35489
37384
34435
35676
34476
34252
34598
33867
34663
36527
35204
34250
34382
34516
43128
37109
35194
48140
36327
34538
36901
38462
36712
35098
34415
34230
34667
34034
34438
34494
34684
42948
35502
34284
34580
34266
34227
34123
34173
34980
40615
39963
36007
35056
34698
34399
34808
35134
34216
34514
34444
34744
34922
34596
34253
34753
34763
34861
34542
34408
35863
39064
34939
36605
35208
34952
34479
35661
38088
34287
34198
34411
35195
34357
35028
37004
34555
34766
48957
36333
35068
37004
35176
34938
34605
34329
35005
35794
34441
35720
34820
36368
34817
33864
35093
37916
34310
34661
34961
34366
35077
38733
35057
45644
40385
35069
34699
35828
34980
34573
34549
34749
37212
34946
35057
34625
34224
34103
34621
33857
35987
37575
38577
34828
35922
34348
34883
34897
37214
34442
35010
34617
34484
35103
34774
34595
35234
34668
35813
44670
37704
37815
35941
34624
34645
34742
34974
34975
34291
37795
34716
34870
34631
34058
34937
34163
36701
33840
34549
34390
34560
36889
34591
34350
34825
34425
34715
34349
37862
36874
35004
34238
35522
37880
44062
35430
40617
34926
34406
35119
39112
38270
34986
34897
35622
35191
34336
35099
34642
35068
34884
34533
36160
34619
34775
34895
34947
34614
38440
35610
46804
38122
37430
44136
37191
34496
34289
34756
34016
34395
34583
33984
36036
34047
37113
34728
34388
33704
34380
35339
34767
37131
34751
34432
34658
35186
35340
34672
35135
34945
39120
35091
41258
35230
34982
33910
36325
394662
41179
35688
35690
37723
34869
37551
34881
34510
43597
37618
35149
37317
34468
34530
33998
35137
35128
34256
35635
34227
33930
35665
34731
44522
38190
34816
36900
34770
37123
42753
35850
35164
35319
34801
34599
34508
38006
34719
36611
34194
34283
35583
35911
37137
35631
34155
37618
34184
34030
34800
33948
34596
34556
34315
35476
34686
35101
34200
35558
35326
36197
35671
37088
41444
40338
37958
37136
35046
37477
35135
34780
34812
35741
36732
65174
34537
37314
34988
33711
33994
46024
36683
35030
38333
50083
36953
35755
34557
38414
34460
35120
36453
34704
39368
34866
35073
33670
34171
34790
34243
36747
36808
36251
37082
35219
34494
34376
34514
34751
34641
34818
34841
35091
34846
35541
38318
34458
34259
35443
35497
37099
35698
35945
38997
35232
34902
34989
34860
36205
34600
34580
35070
34906
35231
35043
34289
35591
35199
34767
36815
36364
36163
41840
37693
34919
41003
37828
34462
34233
34600
34366
34129
42876
34916
35007
36657
35452
38141
35212
34713
34194
35934
34672
38727
35004
34695
35101
34694
34617
38152
35467
36408
34734
34391
33949
37595
35084
35220
34650
34315
41559
35273
36429
37515
35827
35633
35064
34634
34744
35293
34818
34546
36065
34307
34689
34437
38469
34935
34993
34845
34814
34188
35966
37184
34971
35786
43822
35525
34294
34017
37953
35136
34937
35173
34594
34403
34255
36835
34992
36356
35323
38930
34645
41101
43096
35823
36208
36922
35251
34542
34818
34685
34773
35068
35012
34689
34946
34761
34543
34354
379062
43264
36079
38117
35255
36329
36960
35360
35284
35494
34529
36737
34282
34979
34236
35311
35428
34513
34768
34510
34709
34902
35537
38887
35018
34911
35193
48987
37293
37296
34657
34087
34236
36949
35486
34317
34410
34349
33929
34494
38964
35199
38811
36094
36025
34778
34737
36239
35002
35352
35248
38266
34942
34640
40845
35118
42290
38110
34549
34178
34387
34078
38200
34724
34479
34816
34075
35681
34876
34658
34315
34912
34623
34470
34522
35245
34961
35354
34944
34326
40609
39004
38785
35009
34842
36032
34957
34615
42752
36252
35024
36263
34860
35124
34589
35762
34333
34820
35212
34870
34655
35007
38001
35550
34536
34366
34332
34769
40635
36028
34410
34473
34575
34982
34354
40192
35791
36691
35277
36739
394056
39993
39470
36079
34640
38652
35301
35263
46007
35995
34860
34761
33854
34801
34781
34227
34748
35235
34720
34278
39975
35986
39349
35165
34738
35522
34779
35147
34342
45126
40702
35389
37264
33930
35289
35088
34692
35305
34739
34703
34319
34738
38279
34997
37142
34569
34558
34139
34573
34662
35440
36649
35324
38007
34367
35955
34843
35981
34438
38974
34459
34572
39921
35287
37335
35567
35005
34585
41686
40591
41471
39645
40242
39743
40396
40262
39715
41071
41605
49079
40955
39522
40713
39622
35632
35054
34883
34699
34556
34228
46423
35616
34911
34767
39545
34977
35092
34434
35215
34382
34487
34201
39968
34905
39251
36375
35158
34053
34633
34318
39625
34275
34187
36270
36001
34502
66598
35909
33903
34777
34059
34088
73640
35151
35606
34591
35288
34806
34438
35982
34614
37471
34554
35700
37124
39104
34737
34823
34652
35213
34957
