111216
54986
59404
53912
49828
49398
49057
51062
52073
51752
48785
48268
48160
54969
49500
48641
49885
48476
51938
49008
48299
53952
48627
48620
48975
48988
50246
53682
49598
52276
49000
49685
48340
48290
49377
63239
49902
53625
48363
48659
49899
52070
48273
49250
47986
48227
48145
51448
48255
48521
50976
48654
54198
49413
49440
49181
49830
49954
49222
50737
49527
51766
48809
52318
49002
48976
53239
48850
53684
49327
55177
49015
50382
48863
48539
48891
49348
50275
48315
48184
47940
52179
49138
49158
48338
55224
54028
48102
47436
48605
47889
48375
48831
48201
47888
48601
48383
49007
49933
48246
48059
61184
48913
49520
53491
49347
49799
49310
48607
48795
48966
49178
48214
51012
48516
49088
49759
48357
49414
48957
48651
50937
48009
49310
49814
53127
50099
48593
47527
50792
48160
48304
48234
48673
56228
49772
48764
50021
51441
48383
50374
53005
49776
49086
49456
51713
48046
56151
55084
56525
54775
56306
53719
54903
54189
54937
54628
63046
55556
55055
55236
51142
48010
54425
49154
49822
49119
58301
52676
52181
51328
49894
51789
49051
48552
52482
48101
48526
48043
49093
49170
51910
53444
49301
48025
48543
47873
48867
47610
48832
52665
49221
48250
49134
48527
48921
48662
49029
48682
398243
65597
52095
48894
49427
48390
48775
49374
51428
49077
55428
48526
49194
53352
48734
53003
49420
48417
48813
47751
50615
48318
52082
49178
49498
48651
49760
48280
48983
48490
56650
49070
49355
47968
58495
53339
49541
49327
49181
48185
48533
48623
54051
49319
52676
47788
49078
48658
48184
47547
48872
48038
48665
47483
47983
51764
49309
48661
49186
48706
51438
49192
52343
50957
52450
50068
48965
60477
50237
48660
53119
48002
48110
61009
51263
47393
48524
51761
49218
47937
48197
49823
51367
48490
49659
48585
49553
48213
49772
49056
51655
50275
50163
48347
51511
48351
49067
48536
50923
48418
59615
49429
59369
49959
51737
51278
49470
48905
50292
48541
48651
50761
48447
51592
48545
48120
112382
50914
49878
52056
50773
51871
60294
50330
51020
50420
49373
50257
50025
50622
50052
52848
49523
62060
51637
49321
49998
48226
48789
48981
49243
49233
51866
48309
48843
54682
49651
50059
51647
49325
56560
49862
51681
48065
48085
48410
48926
48096
48404
48496
48976
48068
52561
51984
49171
49058
62556
50846
50564
48768
55168
48725
48527
51339
58708
49815
50494
49079
48823
53477
48791
53877
53092
49230
48445
48707
48480
48464
48602
51483
52835
49546
50564
49400
49760
47916
50435
48160
48629
56740
50073
54871
51774
51023
50130
48460
48603
49209
53465
49390
49531
49082
49032
48650
50281
52290
54228
49433
49781
48978
51517
50274
51034
47979
48100
47488
48263
47905
53007
50710
50334
48073
58904
48680
50790
48860
51068
48680
48973
48583
49287
398133
57635
52516
50084
63673
57584
55652
52374
48465
57240
49994
48031
47843
52623
47772
48685
47802
48572
55823
48629
50480
52153
48415
48007
59579
49366
48233
52080
51552
48611
49765
50900
53197
49931
49430
53533
49027
49420
48628
50073
52776
51556
49329
57803
48656
48410
48494
48601
48964
50105
50774
51728
48781
49598
49260
50233
51493
64676
49906
53287
50690
54291
47972
48359
48336
48922
47723
49193
48746
49171
47550
51095
49641
48056
47793
52177
59916
59394
48389
59898
49551
51054
47530
48639
47847
48538
48149
48032
48049
48756
59562
49978
50393
50918
50798
57778
48848
49170
51228
53000
48572
49783
47694
48020
47485
48238
48410
48761
48350
49501
49047
50215
51202
49902
52249
55433
51015
49812
48007
48880
388333
54564
48997
55143
49916
56233
54624
60393
54901
61714
53663
55251
55926
55950
54660
54862
53907
54430
54662
54827
53319
49263
48388
49068
47956
52899
48038
49403
56059
48680
50285
48872
48862
48577
48104
48157
54108
49345
49653
48912
50824
49893
52216
48256
47770
52109
48861
48608
49972
51826
48986
49322
48240
50848
49553
48988
48466
49230
48006
48821
51731
48973
48404
49893
48688
50546
54813
54274
53980
63268
55515
53936
54389
56782
53819
54540
54240
54690
54924
58265
50460
48078
52468
48390
48448
48630
49907
48924
47679
48192
47886
49259
49048
48869
48703
53825
48305
48155
49017
49073
58890
51727
63034
49478
48291
48487
49230
49292
48087
48504
47749
51188
47893
52277
47667
48810
47650
48271
48927
48692
52535
49448
50189
52228
48325
49476
48702
47968
47522
54090
50037
49494
48377
52271
48854
60548
50741
48543
48929
49094
52518
56134
49846
50556
48813
49275
48391
54328
48934
49275
48890
49501
48143
48451
48444
48287
47606
74786
50151
49571
53973
53252
49993
51294
49897
48879
48145
50209
49320
49875
48102
49410
62356
50352
49512
50775
52547
49973
49453
52982
53643
49835
49227
50677
48576
48621
48471
53444
54985
48881
48308
49618
48249
48069
50556
49939
49562
48845
48566
55277
54000
49065
48939
53170
49024
49448
48825
48015
47349
52050
49670
49569
47435
52556
48436
48023
49700
49274
64449
62016
51893
49583
47809
49413
48417
48257
48856
52891
50473
47801
47978
49570
48202
48691
47952
48417
47926
48566
51804
49336
394410
55054
50299
52305
59951
49393
49104
49041
63704
51750
52077
50101
48154
49568
48387
49064
48651
49120
48071
49218
55271
49632
48995
49018
52642
51311
48027
49189
49474
48069
48788
49310
47772
48285
47991
49343
48662
48072
48534
66160
50661
50178
48497
48506
51020
48661
48109
49038
47925
55443
50782
48442
49816
51921
49182
49318
48908
49068
48510
49138
52594
49090
50454
48423
47588
52149
47628
48609
47262
106321
49611
66127
50799
49332
48800
53556
54718
50314
48621
53296
53878
49171
50365
50933
48805
51003
52983
49585
48965
51521
49933
49100
48920
49984
49538
49237
53684
48561
48895
53140
59853
48970
48189
48488
47769
48510
53052
49785
49465
49063
49542
49987
48797
48861
49000
57025
49136
49991
48165
48839
51310
49992
49755
48733
48656
53610
48394
48863
48113
51821
58294
49124
48417
50246
49275
48338
48472
50904
49024
54215
52485
48805
49131
49343
48664
53587
49342
58023
49062
49039
48127
49031
48333
48944
48207
48807
55838
51477
48493
48885
50721
55349
48510
49189
52779
48511
48798
52125
48260
48634
48233
48719
48163
48454
47985
48529
49864
49056
51374
51879
53808
50377
50730
52300
51302
49007
48637
52767
48763
49232
48300
57622
49010
48509
49489
52391
50814
49885
50953
49639
51182
49559
49302
53632
50396
48322
48344
48830
48106
49268
48269
49138
49431
51362
48732
49271
48674
49816
51268
61743
51824
49662
54645
50959
47733
50087
49958
51687
48031
48195
48001
49097
49220
48528
48163
48213
48903
52772
47778
49529
387234
57583
50958
49410
56504
55409
54111
55489
54103
55124
53508
55571
62186
59940
70709
56037
57856
65897
54796
54161
51932
49188
65244
49309
49029
49507
49465
51498
51178
52788
50365
56972
48075
48704
48762
48770
48353
49582
48990
54059
51133
48637
56717
60641
50912
48740
48683
49827
50942
53337
53655
56788
49683
55101
57881
48406
54968
49161
49679
52308
50893
49298
48128
49134
48976
49004
48644
49582
50320
53279
48100
49664
48317
62664
50056
48761
48558
48506
48336
53494
49862
48081
47834
48599
48261
48636
50114
53223
48530
51892
47819
49419
48140
48483
47733
48624
48052
48488
48605
49733
52377
49679
47724
49328
68126
48777
48006
48647
52282
48935
49072
49228
48894
49600
52193
48576
48038
47961
48569
48779
405493
56975
48705
56472
48918
48927
48028
49729
50503
52826
48394
48336
47873
51213
60538
54402
49571
48916
49949
53257
56188
50055
48851
49055
47682
48958
48703
49212
48354
49496
54208
48936
48207
48417
48495
49711
50806
49083
48936
53030
53668
48976
49497
48398
49090
58832
48549
48199
48022
48294
48186
53376
48095
47987
48884
48623
50862
49204
49504
58224
51867
49923
48873
49407
48359
48658
47820
48730
48303
49338
49225
49371
47961
49579
48555
62773
49328
49383
48876
55207
51061
48182
53706
48498
47944
48302
47951
48536
50287
50843
48672
48960
50678
49458
49208
49358
48805
51426
48428
54602
50680
48280
51030
48176
48107
49181
61452
48704
47949
48451
49383
50023
48162
48117
47521
48162
48163
48525
52641
54304
51120
48724
48068
49102
48076
48647
47669
47734
47809
47398
50903
49094
47714
48793
47834
48630
56813
49274
56095
53888
50495
50936
47929
48553
48498
48690
47893
55445
47954
48340
47999
49234
48021
50907
49450
49191
48374
49406
51074
51887
53045
49238
48508
50003
48058
48410
49015
59058
50505
51121
48475
49544
51167
48333
48928
53070
47885
52500
48541
51990
50006
48763
48689
48495
48849
47898
47744
48712
48552
50384
49231
48146
48799
48933
47874
48679
49324
56677
48836
50222
50993
48362
48584
49539
49619
48410
48115
47902
48046
47358
47893
53526
50028
50306
48566
49486
48759
52296
48606
60499
52903
49187
48413
51575
49938
48713
48594
48930
60808
48439
48618
48636
47665
49586
48045
48496
51771
48547
47913
52635
389222
54330
49961
54696
48446
50001
47966
48550
49813
57054
48532
48765
49481
52795
50618
49047
48789
50220
58258
53350
50458
48756
48884
49557
51925
48903
48011
48868
52033
48929
48066
47895
48012
47840
49110
50002
49017
49254
49072
52905
50450
48272
47703
48496
48240
48950
50680
49293
52591
66151
54635
49998
49753
48488
49584
49991
49130
49158
47370
52651
49580
57211
50693
49782
49060
48109
47545
53263
48309
48000
47039
53537
47641
48777
47109
49171
50055
49020
47298
64490
52223
49859
50329
50099
48349
49474
49167
56368
50493
51408
48803
48628
50449
48334
48216
51750
51435
47915
50027
52975
49338
49384
48616
49710
48179
48047
52598
48616
47954
49233
52911
48494
48875
49239
48948
48711
51749
48489
49339
51839
48050
49396
55249
48929
48086
47819
52597
48361
48130
48135
49017
49464
48611
48778
48717
48261
47801
49067
50525
53252
53847
50925
48886
48063
48594
47436
52274
51359
47364
47301
47255
47955
47411
47965
47689
48437
47629
48211
49468
53915
49115
49715
50370
48241
47457
56694
52231
48267
50537
51074
47259
58903
49788
48194
48186
48286
47566
48034
47710
51616
52979
51705
48928
48521
58629
59237
53837
55140
55177
54799
54632
55050
54172
65146
61085
54702
60382
48766
47049
52982
48280
55383
53105
50548
48571
49070
51833
50030
49878
50215
49104
48070
49432
48784
48965
48423
49279
48953
48841
52797
48624
53458
52050
50895
48659
48656
48622
50016
49165
48644
48867
53621
54136
49631
49389
50404
48769
52283
48911
48636
404135
54608
49322
49914
61299
54670
55296
56392
51181
50214
48629
47884
50785
47903
51648
50966
48686
48487
48340
54034
48374
49006
53894
49704
48204
48353
55839
48545
49706
48411
48940
49781
47514
55377
48176
48852
48109
48370
47482
52909
51756
48591
48049
48911
48559
49938
47968
48431
50815
48621
48217
49444
48585
64077
51717
48607
47216
48281
48000
52952
47841
49756
51567
50356
48838
49915
48809
49139
50770
49326
48499
49616
52109
48868
48746
48532
48687
49192
51704
51703
50340
49375
48164
59932
50467
48984
47767
50626
50403
50851
48196
48476
54029
48929
48293
54171
49117
49085
56460
57212
48008
47747
48048
48037
47434
49442
48239
49897
47440
48472
48328
48403
50512
50023
58836
50474
51476
49568
51833
51413
371167
54546
50267
49803
52871
49975
47855
49636
50175
47732
48314
48335
47774
47883
47824
48588
48456
48430
48309
52500
51637
48917
47977
49704
56191
49438
47779
50276
54370
48596
47125
49209
47986
48592
49182
50767
48399
48463
47866
53467
49840
49723
48648
48982
51476
48326
48606
49339
51156
50790
56697
48939
51372
48844
49991
59923
48746
48184
50512
51610
47826
48905
47959
48233
49112
49087
48936
49406
54419
49847
48884
50086
50215
48127
49022
49000
47954
47864
51171
51450
47773
48335
48014
53775
48987
58450
48625
48677
48101
52260
50103
48407
48713
48169
48388
50344
48771
48521
47743
53091
48808
51201
48836
53465
52918
48762
47544
49229
48220
51176
49505
50390
48645
47801
47415
48380
58740
47695
49511
55267
48421
49223
58468
49388
47885
48785
47839
48024
49323
50446
48956
49545
50563
48755
52557
48928
48100
48765
52208
53022
50687
49243
52110
49410
49543
57069
57462
56353
55048
54739
54250
55954
54304
54882
53792
53737
59871
54819
56573
55783
47961
48457
48186
49022
48107
48256
48238
48130
47268
47704
48815
49695
48385
47937
47776
48678
49162
56416
49792
68375
51882
49477
48214
48155
48358
48742
52556
48402
48281
48124
47903
48606
48860
59886
49183
48610
48676
49047
49232
55379
48200
47996
48174
48031
49282
49304
49243
56500
50229
48204
48051
49041
49139
49272
49252
48972
49248
49345
53152
52142
48575
53819
48861
48340
47097
56367
55138
54753
55247
56268
54285
54714
54335
54319
56441
55565
59968
56879
62767
54631
