12835748357,
265168037,
252249158,
252968664,
244018021,
243647012,
244619432,
258500453,
247299223,
239743248,
240023278,
262911550,
282578025,
282963835,
272519445,
265881771,
267636814,
268131069,
270159011,
270197507,
271563677,
272370887,
273970336,
274504328,
277159206,
277320655,
279023223,
280244089,
281269812,
294465931,
285345212,
296211073,
297495231,
289424765,
278884831,
269904662,
270778938,
287296550,
274396142,
268232449,
266978060,
269260037,
271539502,
272431015,
273534542,
265818819,
266892088,
266451212,
267490041,
268910112,
270321084,
262481297,
252403765,
243177317,
259284028,
258823495,
279838654,
270828859,
271610523,
272067063,
273231697,
275041092,
276409654,
279402605,
292337396,
294196343,
284933342,
273490078,
296607657,
288222342,
276809617,
268207560,
269893307,
284256899,
271895007,
264565399,
266490956,
267735110,
268932277,
268696741,
271075257,
282276201,
295040954,
295573203,
288368086,
289323226,
289523447,
290540894,
301115763,
301845673,
296169991,
295037807,
286847309,
287920025,
278332035,
280153712,
294076624,
294910949,
296661383,
296697040,
297679485,
298897817,
302392765,
294143374,
285097733,
274483742,
274643771,
276678678,
267440358,
290286654,
291986783,
292022313,
284759558,
273756274,
267249934,
267634757,
282575223,
270015122,
272002103,
274107620,
285442482,
286531702,
296929758,
297432747,
299833032,
301283129,
294312537,
294795304,
286947984,
289581044,
297814319,
301194405,
301847655,
302775551,
293847219,
287579919,
288142032,
289484631,
300249975,
294385211,
295032386,
284845854,
277233881,
278249213,
273356457,
272939893,
272969354,
273772409,
276701265,
277987224,
269164209,
263566319,
264097483,
266284176,
266344150,
258106378,
259342351,
260632455,
262233379,
253867101,
244170460,
245050837,
246895536,
259112388,
260335140,
261762769,
263970625,
264747199,
265749158,
267160115,
260398683,
261486880,
261994285,
264194502,
264718085,
266155076,
267315985,
269406828,
269207446,
272043835,
273189448,
265576647,
275447271,
277147733,
278728752,
269781217,
295645991,
294015976,
287411119,
276072753,
266976455,
269497601,
260951741,
261901246,
264788845,
255954011,
266894754,
259250508,
261342749,
261529920,
253186424,
252712374,
253358204,
260783726,
262129429,
254559066,
243175565,
237128428,
247047746,
259729202,
260731184,
261919936,
263431328,
263575311,
265203685,
257685328,
258526408,
260064017,
262231731,
262578730,
264199544,
256348468,
257625546,
259225145,
261822725,
262921697,
264458869,
266011905,
259271824,
260665368,
263807507,
265612833,
266809185,
259474676,
260827245,
261945388,
264806421,
266143380,
267052041,
259641240,
261677248,
262937047,
254570486,
256234906,
258019206,
269127134,
269226573,
272930312,
273083213,
286273863,
277565348,
278489909,
302193482,
294830197,
296854718,
299522494,
291488867,
303652574,
303187993,
296548602,
296425922,
297969537,
299266443,
301176597,
292714988,
286421456,
287258467,
290739239,
282855426,
295392295,
295392562,
295855374,
299918625,
300943909,
293543657,
285308622,
287536541,
276965339,
268741958,
272296359,
294788004,
287799382,
280771277,
268630666,
272693851,
287794945,
275645086,
268238311,
268229389,
271418255,
272825752,
273548510,
275727171,
267243359,
270822833,
292177422,
294195565,
296218626,
298394545,
301127378,
301514677,
324065205,
348032678,
348273809,
349959384,
341939163,
331936457,
333434303,
325372245,
326642663,
350276657,
343052793,
331821603,
324323502,
325974425,
328853932,
321822958,
321713576,
322678524,
324674176,
336984503,
327420027,
320241709,
322536767,
321987622,
324732059,
317207514,
318142178,
310810903,
321887545,
322749184,
315082975,
316584002,
319026013,
319485637,
312408270,
313463209,
315737681,
316480554,
318974421,
319933156,
311911804,
314989723,
315621732,
317310514,
307927008,
310723816,
313681410,
301796508,
304093549,
306869668,
307835657,
298013593,
300180300,
301371176,
293278969,
285857266,
286990746,
288802758,
281646267,
293609832,
293257018,
295143760,
297190099,
288692356,
279479263,
269981446,
272658360,
273901454,
265168017,
288906291,
290789859,
283002180,
272946173,
264535625,
265949783,
291246258,
290928634,
283560754,
271895567,
264047634,
265114850,
268090924,
268823931,
270199387,
272735541,
274052599,
274417334,
287708265,
290293260,
302390770,
315244729,
316721027,
309063642,
298271746,
290124445,
291707634,
293282779,
304339127,
306493378,
297851880,
298468347,
300595590,
292888354,
285659377,
275065243,
290272196,
292352196,
291901009,
284751647,
296284902,
296573586,
298348462,
292040516,
293405976,
284633400,
286057013,
287643353,
289047158,
291411676,
314310687,
316819465,
317589208,
319494234,
311341596,
314378915,
302910066,
316259778,
317511890,
319648337,
312525878,
322021007,
324394582,
325799539,
326155375,
328036534,
330445483,
331747382,
332834376,
335494578,
358158428,
350792684,
341350988,
331885528,
333997848,
329363915,
323405132,
322631393,
324607951,
340300366,
328839004,
321895801,
322691423,
323943657,
317364541,
305982478,
319897364,
321934473,
312954073,
314434148,
315628947,
305657534,
308474685,
310154587,
299912319,
301784912,
303356823,
305014635,
296895402,
297359383,
300432153,
301399420,
303416123,
295840300,
288187902,
299838795,
300911422,
301781956,
303937105,
296595691,
298079427,
297604880,
299230189,
301696148,
304313600,
295847634,
297472069,
299540566,
300848301,
315023719,
324599403,
325780329,
339203203,
329627928,
320944711,
322701530,
316772563,
309428526,
320068160,
321718351,
344654041,
347054880,
347029868,
348292883,
339636305,
330899178,
322873198,
322834706,
323890804,
325433688,
319654237,
321242976,
321351539,
322992309,
324512798,
325835471,
319125754,
320441391,
322260950,
322373421,
315315608,
304986822,
296096294,
297774307,
320358581,
322097010,
314811946,
318123416,
319539992,
319892971,
312361056,
314480613,
303437052,
305964139,
307523748,
299565082,
301332729,
303515836,
306880946,
298544827,
298852556,
300758521,
302421565,
296012872,
296394702,
297776753,
299331462,
292984740,
284423713,
294459384,
287504766,
277595902,
279284822,
282185675,
271466873,
294090079,
288097823,
288231194,
289229769,
280860036,
270845241,
272882403,
264276455,
288344416,
290420998,
290786498,
283622772,
272975214,
264453747,
257354887,
268843029,
269924883,
271416811,
272912815,
287007224,
287693050,
290500808,
290478394,
282805399,
272565652,
265036115,
266065913,
290381248,
282070684,
282871634,
285855307,
275676943,
278896944,
281752871,
282027607,
293632983,
294176450,
287192433,
290026304,
281570804,
283257652,
284272273,
286234821,
296917372,
290071540,
291879175,
293077256,
284773473,
275441073,
268861725,
261154796,
292413694,
287059675,
287012029,
288357933,
289121744,
282208918,
284335164,
273948421,
275458043,
278735098,
292872148,
293005101,
287309773,
275707987,
266950526,
269152544,
270257425,
272042363,
264856265,
265628413,
290948970,
289898195,
281873405,
271780538,
274275784,
266507524,
290857543,
292131202,
284014565,
273405809,
264891165,
265798022,
268387823,
269034543,
271494858,
264293433,
274070433,
276523375,
277308725,
292305752,
292109733,
293394611,
295207895,
287481003,
277397276,
280598246,
282336037,
274009156,
295095870,
298303917,
301042175,
302767925,
292219132,
295283773,
298221505,
321014506,
332870307,
324203654,
348815794,
340448732,
351056789,
353843418,
356221721,
379683038,
371636535,
361613264,
355179585,
346698298,
335200854,
338531565,
329597972,
331756575,
332057810,
332738575,
355702195,
344371410,
335338228,
326103907,
327435001,
328672713,
322267867,
324336856,
323646562,
327125025,
327977371,
342432026,
331388889,
322316629,
323492039,
316148670,
318663580,
320120443,
320446458,
322018059,
314336615,
317299700,
318953468,
319692029,
313803405,
313842377,
304918805,
307194397,
310384296,
300061481,
301195535,
302862049,
303246096,
295133145,
297026099,
298600644,
301060551,
293333149,
285809108,
287427002,
290090874,
292172807,
302001504,
293642321,
296428355,
298247160,
291132958,
282660264,
284421622,
273905463,
296325471,
296937539,
289846175,
291334472,
283914904,
273925601,
265699367,
276142893,
290457696,
293041716,
285696829,
274427828,
265148611,
267178265,
269403226,
270505404,
264765884,
265510019,
289666015,
291699755,
282736266,
272358414,
265537822,
265565170,
290598078,
291887581,
285162645,
274299172,
266803260,
267671609,
269887831,
285703450,
274433575,
275246676,
278278105,
282460008,
282357027,
284088721,
273848305,
287989273,
288404784,
289832064,
292998004,
283951796,
273051372,
264550272,
265961612,
267692788,
271264915,
273139942,
265008082,
267198941,
291657631,
292451377,
294062696,
265398603,
267212532,
269073660,
263442453,
263745876,
265728426,
286997325,
279482421,
290074314,
292474101,
283397834,
286042810,
294798893,
295814655,
299029129,
290621309,
281794513,
271661491,
274062095,
276442198,
289818176,
292273400,
292015250,
285326238,
274889135,
267404271,
269647112,
271127869,
272312152,
264458476,
265540015,
267357888,
269406266,
270361007,
272728846,
276337435,
289795992,
291646175,
292478373,
284931072,
272951055,
265302440,
266741389,
267980204,
290352625,
261587009,
273387799,
266188788,
265674178,
269170534,
271351837,
271963605,
273709873,
265396646,
288392599,
290329734,
291282786,
262513068,
263854298,
265348887,
266662494,
259843872,
261843713,
263596445,
254642431,
246437418,
246622405,
269420278,
293400809,
294651634,
287960354,
289896934,
281664333,
282490866,
285960130,
296678936,
289960322,
291454306,
293278303,
284764773,
275950250,
277196031,
278568648,
291474903,
292822232,
292772122,
285282277,
274594404,
276440776,
279630749,
290762890,
292462957,
293771846,
287582501,
279152682,
269260970,
271451329,
285725336,
273734966,
266672686,
278194666,
268547052,
283470890,
284133879,
274470652,
275943995,
298399065,
291836165,
292327554,
285055464,
287152122,
278109158,
280352627,
291921684,
293495070,
293713324,
288062845,
287870200,
279877938,
271318521,
262563239,
254526675,
276631297,
278317281,
280416189,
283302552,
284908521,
274802878,
276753366,
279373700,
290939821,
283166909,
293938378,
295423547,
295131638,
298050711,
292351822,
282534346,
285402736,
289419227,
297603936,
294627959,
292489543,
294328620,
286009569,
274529848,
267723271,
268516656,
291593420,
277074359,
280795781,
270220815,
263460863,
265498272,
265410215,
268267693,
268302212,
261999688,
261930526,
263741515,
263861277,
265237120,
267160256,
267753121,
261969959,
263675482,
265536270,
264748556,
258672322,
259911723,
261619734,
263142540,
255035147,
255494831,
246953345,
250610228,
238964864,
231009682,
232756816,
274839251,
288192010,
299464050,
299291073,
301704910,
304906906,
294505928,
288489291,
289979212,
292071221,
292852741,
303979742,
305609688,
296590225,
298063318,
302554133,
303001816,
294515805,
288210461,
288506640,
298033529,
312755432,
313712791,
315809389,
306298083,
319892451,
320592969,
323310103,
313956299,
317351141,
317761821,
307960203,
297862474,
299969621,
302070430,
316567220,
317049418,
327673732,
327661902,
320447913,
312614123,
315536674,
303202656,
295881837,
307501655,
309086745,
311662623,
315016000,
314159791,
315582357,
309262245,
297064580,
310355406,
301180687,
294231455,
295563864,
296970967,
299788722,
323541253,
324393717,
323456801,
316905334,
321262826,
321858088,
322719170,
323404435,
316310841,
318108348,
320331678,
321402180,
312953144,
315903227,
315490509,
317089441,
307578247,
312692898,
299758538,
300893015,
302039033,
294203312,
286368953,
287723111,
289432033,
290972584,
292048176,
292942756,
295636890,
296121844,
297025767,
299218999,
292686954,
282662255,
273103142,
273834010,
276033408,
291352392,
291373992,
301404490,
293942917,
295561866,
296580700,
296909157,
300486199,
300714259,
295126538,
284648556,
274029452,
276667258,
289866274,
280116354,
270821023,
294242180,
296057549,
320837107,
322285259,
324964963,
348520647,
348682718,
350470258,
343147767,
332705381,
324002670,
326917981,
318798293,
320021947,
321483575,
323510962,
325220855,
327685508,
329531427,
321735097,
322729461,
324418485,
326439660,
328701762,
330278475,
322450048,
323284343,
326465415,
319356251,
319811813,
321579749,
323025982,
315000639,
317207882,
319970155,
320520328,
322363405,
315809281,
316609677,
317703614,
319592312,
312385732,
313235134,
314112868,
305083249,
306901461,
311330743,
310894510,
300730187,
302945164,
294871595,
286653224,
288707917,
291284160,
293017534,
293118522,
296099601,
297555112,
298304595,
291698579,
293605647,
285338185,
286017063,
287725279,
289800753,
291629930,
284218485,
294557534,
296091770,
298876725,
292369761,
292369265,
285232107,
275682759,
277004311,
280325959,
269333693,
292737118,
285734335,
274326602,
266492628,
267485093,
269249977,
263453239,
264030188,
265956002,
289607376,
292414704,
293450178,
296069732,
296456533,
297924869,
300750656,
293548121,
294250580,
286135606,
287715615,
277366810,
279493598,
290230232,
290263522,
292377675,
285593936,
274331405,
267759477,
268029703,
269210852,
271354773,
273009693,
276375898,
289662327,
290462092,
293230620,
285284055,
286409168,
296166884,
289915241,
291041140,
294384764,
284995722,
286260469,
320988369,
313930496,
303602305,
317088163,
318536199,
330149631,
332469514,
324672514,
316779608,
317695950,
319295936,
320697406,
313922804,
316476793,
316237125,
318821183,
310773692,
311390567,
313132078,
302157021,
304156163,
307875191,
296942829,
299496253,
291547741,
293029090,
285981278,
296702326,
290518183,
283380078,
292322204,
284144330,
285995648,
296328973,
289827388,
290409427,
292513812,
294261016,
294344584,
295783529,
320101320,
321358723,
316340638,
316572121,
318811181,
319799968,
312144280,
314704910,
314857927,
318654484,
309808655,
312221898,
313324346,
304776738,
305561929,
306797365,
300304225,
300194214,
302232267,
303181931,
295610598,
295807119,
296829245,
298910235,
292290149,
284648335,
285457333,
286093049,
297830645,
290414345,
291775717,
292248893,
285205295,
276251243,
277071049,
281076927,
292413767,
293899783,
294581067,
296010569,
291058809,
281673551,
270901148,
274826566,
274440533,
267579074,
278767502,
293010259,
292527606,
285869387,
295296172,
295764516,
289888135,
290400475,
282991595,
283598980,
284703377,
286902345,
287373301,
297907620,
300183863,
291987659,
292368702,
294509395,
295368045,
308998019,
298023557,
300071257,
301318649,
303071223,
325600900,
327250892,
340918184,
351944940,
347440597,
347608466,
348780432,
370879871,
362409292,
375195595,
376991116,
378755773,
370795632,
372679559,
375276625,
364000940,
368202663,
378979285,
372127458,
360968025,
352938130,
354491016,
354785567,
347299572,
339338389,
351605181,
343503983,
333742195,
336661133,
349311026,
350456324,
352977235,
343826249,
334009369,
325188769,
327271899,
330048990,
331960453,
332740630,
323721144,
326734854,
339719765,
341048890,
330631687,
322006742,
324243967,
325461730,
319745226,
319763362,
320985952,
312769113,
314973446,
316775345,
317780967,
327591368,
330113784,
343102880,
344683895,
346698676,
348899292,
349736910,
351014887,
373466915,
376457943,
376426381,
370825888,
380509633,
371967450,
373048474,
375616080,
366159975,
366561449,
358197990,
359826368,
362007287,
363604515,
354413450,
347343019,
349096649,
361410058,
353128204,
354215111,
356240485,
357529709,
351046489,
351943907,
343983449,
336369055,
325780416,
327910332,
328706542,
330441019,
344860837,
334032208,
326223592,
326933344,
328860513,
330346167,
322000645,
322697787,
325076389,
326999476,
329587909,
330655758,
322445198,
323512495,
325469598,
327513480,
328838651,
322149202,
325267738,
326158556,
327775491,
321099783,
321160599,
323076977,
323873848,
316806801,
318522518,
315623367,
316008545,
308338945,
308646299,
312654583,
312995602,
314202944,
315082934,
305774560,
307077974,
298807120,
299862894,
302997949,
304007879,
295880199,
296726714,
298573253,
301192610,
302011738,
293604161,
286191463,
297267323,
298863689,
300648634,
302064718,
294851452,
286891585,
297031173,
290820765,
291572810,
293024483,
284483798,
274942619,
277135885,
270664686,
292196538,
294088529,
285705726,
275799114,
267131457,
268435216,
268766517,
283201327,
292965214,
293718319,
317548548,
319904183,
320101407,
321994620,
323672303,
324968612,
325956709,
327658880,
321133624,
323658265,
322979044,
315827944,
326066308,
319541001,
319772669,
330746521,
322291146,
315336126,
315723378,
317783026,
319959725,
320726296,
312808261,
314547787,
317071931,
307684389,
310229858,
299164261,
300764927,
302568656,
295021344,
295353707,
297823924,
299701569,
300955498,
294901019,
286333916,
286900579,
297293457,
298154527,
290868512,
292462878,
283947692,
285737958,
278614244,
279523754,
291045882,
302133071,
304004318,
303825140,
295154139,
297315237,
300738052,
312191928,
301962018,
293918601,
317879149,
319843668,
320309737,
321546433,
314671318,
316675389,
317384791,
319741393,
321049490,
313087084,
314249854,
314956078,
305660568,
305572797,
308550642,
298897504,
300558141,
302581763,
303949193,
296701020,
300031006,
299539964,
300584108,
302227620,
293649083,
286147253,
297128744,
298873690,
301148014,
294065673,
285221507,
287788504,
278351472,
291541417,
291191655,
294006167,
296227894,
288106435,
289600953,
292322260,
293803320,
286657231,
297241470,
297838836,
299268982,
300521066,
303075454,
295801288,
286587386,
276104031,
290725639,
291754858,
284180400,
294591237,
296118633,
297523517,
299764406,
302161863,
293730388,
286034769,
287703111,
289548305,
300758077,
302118948,
293191077,
285393465,
287993018,
290768326,
291056924,
282811047,
294325800,
293698937,
295994755,
297539921,
299662730,
292194870,
286325596,
285426093,
287279474,
288890145,
279870057,
282529343,
293624275,
293744283,
295417487,
289821892,
279293117,
269434671,
271700759,
272902366,
274923616,
289839213,
290573645,
282988275,
293868183,
286522822,
288446097,
298694617,
292372764,
295124235,
296045128,
288684683,
289887878,
302803619,
304204195,
308559780,
319864401,
320400768,
312762179,
314746448,
324957085,
318313922,
320357414,
321074655,
321651504,
323310862,
325052402,
318652061,
319623185,
321389867,
326577823,
339743616,
341327448,
343483452,
333415556,
336083514,
338166065,
349920271,
352452343,
352928209,
351856124,
347665585,
337444282,
328995896,
330266347,
323839497,
324133645,
325073710,
326779336,
329212593,
320919658,
322977595,
315584224,
299129549,
291585703,
315721779,
325355846,
328392888,
328850125,
321588680,
313693137,
314095871,
304381083,
295301322,
289839554,
290987221,
302196930,
303980183,
305789529,
298010481,
298977640,
301897493,
304448150,
294761553,
288315559,
289890989,
299557060,
300752506,
293451372,
294854233,
296097181,
298725264,
299266420,
293442585,
284531552,
274061707,
288499407,
289904933,
291611060,
302272492,
294323317,
295161279,
296143657,
299403831,
302623792,
293173720,
285103501,
287977448,
298331834,
298571712,
301474479,
302878727,
296102278,
286903089,
297950748,
299636643,
300247928,
302162287,
293060989,
295679275,
296596854,
298948305,
300106201,
302091355,
294427537,
286409241,
297326314,
298684216,
292653539,
292810954,
286646904,
275082857,
276746241,
278940961,
293110472,
293365595,
294979105,
296753481,
296446209,
289843533,
282775663,
283602872,
284900051,
287019860,
290846669,
290963623,
291985370,
294490055,
295878934,
296953803,
299914670,
292892044,
285059272,
285694615,
287193298,
288644196,
300471311,
301747385,
293131889,
286633110,
287681900,
297851361,
299808397,
301935365,
293131330,
285834913,
296422746,
297136447,
298405674,
301418137,
292037078,
284640606,
294863936,
296435671,
298321086,
291228753,
282966073,
284196023,
286119103,
296913715,
299055219,
292349341,
293192468,
285661449,
287294386,
298376658,
291053456,
301019015,
294462157,
286157045,
296339761,
299491281,
301694682,
295932918,
286428005,
287878747,
298691529,
299383078,
301467656,
303059206,
296214989,
289086104,
298429680,
292388329,
293784564,
293850138,
286808347,
296593242,
290111312,
279716647,
291837186,
283622960,
273606873,
274655541,
278272802,
289538638,
291208036,
292974651,
294148603,
294985854,
296539096,
298722312,
292151445,
293830844,
284555678,
285905193,
275620778,
278267564,
280516693,
301352145,
301953224,
294103768,
294487418,
295592410,
297024660,
299079275,
302008421,
295705865,
285790992,
287556310,
290923316,
291116012,
301547147,
303459111,
305595889,
308166629,
310065947,
311726045,
314532103,
304400795,
306433480,
298615892,
298120182,
302394106,
304045621,
295501017,
287497126,
289036932,
290863035,
292977439,
293562634,
285919552,
287264493,
289163381,
299956269,
293066951,
293537804,
295697082,
287518106,
288825196,
291989596,
293974675,
294644682,
295838502,
296258237,
298215796,
298946635,
300581397,
292652619,
295695443,
286361164,
289410753,
281139319,
292111150,
303752873,
304967485,
296234694,
297894957,
300049072,
301938978,
294154276,
286115024,
287600940,
289666729,
293301040,
293873598,
295590299,
297962890,
289893823,
280576169,
272429404,
285452005,
296562038,
298771700,
288637791,
291289154,
301419769,
302616498,
304486202,
297139295,
298013104,
300015302,
302340374,
294275587,
286363678,
287454100,
291207675,
291122697,
293440799,
293353011,
295108378,
295617769,
297644246,
291503142,
292205747,
286009433,
286725761,
296858527,
300745543,
300926826,
293990807,
286284684,
287417989,
290823722,
292168155,
293178120,
295548231,
296059330,
297755682,
300550737,
301224741,
292853650,
286436004,
287794847,
288080790,
291825920,
301750887,
294078102,
295331140,
296847469,
300044329,
293911196,
294341335,
285748880,
275561043,
278071608,
279628118,
291891283,
293131554,
294667103,
288034015,
277988081,
278750543,
269493621,
292120031,
293758271,
288683412,
276620456,
266903879,
268537184,
271270734,
273391731,
275326514,
288889315,
300335439,
300676823,
303175323,
294527931,
286908458,
298219879,
299231843,
301040819,
302806694,
294619034,
295535111,
297304599,
299505739,
301326893,
293576337,
294198126,
286733591,
288547018,
300638294,
302486860,
305003373,
295783152,
296464730,
298412939,
292371218,
283707688,
285045078,
275514549,
277105321,
279105597,
282504668,
292807903,
285629992,
286759774,
279185680,
282533830,
283253102,
283441145,
284809415,
295434821,
296847931,
299124236,
301574759,
293142825,
285114947,
285972835,
287969858,
298274179,
299623027,
302095684,
302442886,
294368812,
286882005,
298674296,
301247723,
293341452,
294326899,
287520675,
298575296,
300672280,
292980385,
285894535,
287232506,
288425367,
300116987,
293104577,
293522774,
294615947,
288339369,
290668896,
291097730,
285528085,
295008711,
295108213,
297575088,
300134985,
301536515,
295702129,
287881685,
287593684,
298637478,
301142365,
293432514,
295147935,
286981157,
297748398,
300137984,
302247354,
303522357,
294322737,
287053823,
297031857,
299252382,
293223724,
292963121,
285092725,
275296983,
277443206,
280495465,
313150369,
315848529,
317748269,
306775358,
311524564,
312864059,
302787876,
304617375,
296954767,
297893342,
299661211,
301167051,
294447767,
286388030,
286875408,
276499681,
278726036,
283177734,
295401876,
293185886,
285432446,
296058341,
289465692,
281073324,
269901278,
272138477,
273745009,
274761154,
288631655,
288779103,
291816381,
292537748,
284634639,
274512821,
275896337,
277280635,
268664439,
293188170,
286964713,
275856396,
298583632,
291568705,
292283391,
285452889,
287055751,
288465310,
299077034,
300611028,
294867457,
295132764,
296868396,
297883997,
291709402,
283412565,
294905860,
295704507,
310387276,
296406028,
290972851,
300885664,
301663104,
303646249,
304383242,
296803172,
298341793,
300109591,
301003191,
293527985,
285328042,
286952766,
288417342,
300056436,
292337642,
293781040,
294545362,
287615131,
276898443,
278783435,
270404903,
283406823,
284453383,
285978724,
297782013,
298353844,
299164354,
300550386,
293922551,
285804695,
296070918,
289043601,
290825226,
291667807,
282898036,
272593223,
274626643,
277547475,
290816741,
291550100,
292852894,
285078729,
274356455,
266424672,
258554378,
282850289,
283592057,
286049155,
277772985,
267652791,
269081549,
272174504,
286338360,
277226558,
290142230,
282717264,
285660121,
294990888,
295967311,
297645202,
298718906,
300310953,
301959834,
294560202,
286737140,
296766847,
299227219,
300304973,
302184593,
293712773,
286420720,
297077451,
299681909,
302812738,
295308261,
287014546,
287303713,
297501997,
300190414,
301450457,
294043663,
287683166,
287622876,
298956932,
290628998,
292862334,
293884427,
287077056,
276048695,
268226373,
270327468,
292916661,
284316318,
276300960,
288288991,
289435191,
292272362,
301982667,
294305233,
294824451,
295884030,
298284102,
299257444,
294624669,
284715811,
286602724,
287304408,
289401241,
290933802,
291812884,
285126054,
294197341,
295484699,
297554135,
292123868,
282714422,
285545775,
276637565,
278811821,
292550016,
292842264,
295422997,
297182867,
298565673,
301427032,
302021253,
293952969,
286638081,
288608877,
280643723,
292468477,
293792082,
294086524,
287728371,
278292388,
290672232,
282574243,
294233225,
294175990,
295222528,
296526224,
291065715,
281930334,
283820280,
272477307,
273840607,
287636860,
289265240,
291551412,
303279194,
303974195,
305956181,
307525832,
298640650,
299852616,
301554157,
303887381,
294208358,
287618727,
299339880,
300398491,
302537688,
293922314,
294957373,
287298527,
298344200,
300115817,
302348416,
293557660,
286192054,
287342381,
288917714,
291077273,
292676123,
293153024,
294629408,
288174584,
277114225,
268369757,
270394398,
272493005,
273865075,
265470424,
266318285,
268279565,
291246400,
283283540,
272458661,
273019370,
264596124,
265403273,
291355115,
291242524,
283128578,
284923715,
274304557,
277195171,
279681755,
281987268,
292691117,
293496077,
285577223,
274345407,
267913822,
267289384,
292316422,
292289945,
286315965,
274244871,
276756115,
279540257,
290823003,
293967655,
295143892,
285938641,
275032614,
267428111,
269063147,
292762659,
285913869,
276127239,
267563497,
268947537,
270386405,
271749036,
274674629,
267471589,
268035015,
267962717,
269189375,
283953993,
273053201,
276151075,
268331454,
269628262,
271292910,
294525697,
288665594,
277349841,
269303362,
270481824,
293481540,
286510219,
275612385,
266792986,
268669725,
291554938,
282828755,
274025063,
274740260,
277632401,
290648723,
291101038,
293008257,
284800021,
274140862,
276751324,
267864345,
268277558,
270722852,
294028969,
286392766,
276162910,
278488998,
280172536,
291606731,
293047630,
293383565,
286346396,
289620404,
279573568,
268423520,
270001546,
271596651,
272836032,
266541775,
288789654,
290861122,
292167690,
284558875,
274880853,
267066252,
268067230,
294064655,
285341898,
286747053,
288535429,
291887656,
292715183,
294303048,
297014330,
297432397,
300272003,
293467736,
294848155,
285523350,
288054341,
290586617,
291730368,
291708980,
292850303,
293661131,
286608109,
278172392,
267457455,
269771726,
271733666,
272663405,
265182546,
289027168,
290824579,
290902322,
283157119,
273241183,
264762242,
266574606,
290796930,
290768183,
291989998,
284272222,
275779624,
287256518,
290648983,
312333535,
313805197,
324655678,
326677705,
328779119,
330359315,
344533617,
347091202,
348668926,
351352656,
350562629,
351896373,
352559928,
353967861,
356633443,
350200906,
341362916,
343474798,
333009994,
334784484,
326463569,
350419210,
351131847,
353207294,
345034135,
334873675,
336497716,
340297960,
349805122,
352197608,
378425857,
388068034,
390086357,
392809710,
395109020,
397743257,
398189942,
409443201,
409676825,
411916471,
414034135,
408467577,
408531191,
410446949,
403962661,
394086165,
397824102,
400015014,
389122602,
391482075,
406476717,
407965153,
409209321,
402805411,
403440167,
405674976,
393930007,
385087406,
386371390,
379972648,
381068663,
381997638,
383737207,
385980753,
408891854,
403994310,
392171791,
383938729,
386089009,
408018361,
401614744,
390919274,
383507910,
383145330,
407288192,
400917273,
390841165,
382964490,
383896390,
384102237,
388339176,
387768140,
380603983,
382174435,
383368258,
383151382,
399990583,
409698682,
401778773,
390674307,
382268673,
384441932,
377297025,
378447749,
380287638,
382939109,
383680297,
375666242,
379394865,
380254299,
381583112,
373723614,
376248120,
378127772,
379025323,
380398724,
372094612,
375451787,
375802627,
378220584,
378376741,
380331845,
372534459,
374386264,
375395311,
365700470,
356658202,
368902321,
360132483,
363311473,
364111501,
358027731,
358784262,
351519364,
353010881,
354656754,
346506957,
348365667,
340141471,
338139397,
350552030,
352295205,
344326887,
346196737,
335868311,
326712986,
328774529,
329470208,
322003667,
322102842,
323704715,
326149144,
327910650,
328256056,
321637084,
323894529,
322684979,
324138522,
326450084,
327257156,
329663410,
331699790,
333057311,
337087706,
338470872,
328171948,
330999996,
345929168,
345882945,
347287847,
350420467,
350761301,
344233076,
333623875,
323998870,
326869575,
327983048,
351162517,
322836697,
323707681,
323979030,
325662782,
327287833,
321697363,
321850869,
323921214,
324356595,
316835242,
318163773,
320216272,
322158466,
323084370,
315126737,
317019836,
319190073,
312659924,
313899203,
302334890,
303972476,
305794823,
308332322,
298710311,
300773646,
302496299,
303974070,
295957304,
297896472,
298409357,
299943923,
301625324,
294228367,
285319579,
287050594,
288852528,
299570941,
302412659,
303245904,
295622635,
287620481,
298676375,
301397610,
293986605,
296640279,
287078051,
289429658,
291258112,
294113562,
293611567,
296806836,
299368750,
298022148,
293061765,
284595387,
284861815,
288271804,
290816009,
290917139,
292747634,
292033122,
285656533,
275587083,
267585237,
268468677,
270386369,
293814371,
285894623,
274452670,
277571420,
282224225,
282485806,
284701881,
275286617,
290852960,
290932971,
292151456,
293871673,
285456560,
274676908,
276626430,
270238054,
292407532,
285318456,
273891053,
276024506,
268186393,
269755674,
271070738,
273252315,
275465858,
288807043,
290461425,
292775662,
283817124,
273422938,
275376331,
267380274,
290981858,
292213656,
283646385,
285597553,
288735409,
290574212,
291045680,
282251961,
284526737,
274421174,
289251728,
291008194,
281129936,
293446528,
285949377,
286293263,
287631042,
290078889,
302217192,
303751794,
293929332,
296574390,
320278608,
321597984,
314236196,
316725487,
318096060,
320090467,
321625210,
323209822,
346034182,
337715079,
337922474,
329039039,
321231021,
322622701,
323900510,
316975591,
318237859,
320115667,
322137638,
314009435,
315890515,
316689142,
318068449,
311424671,
312473416,
313850255,
304025037,
294211934,
295896227,
308417492,
298701270,
301383154,
302807584,
293920487,
286793300,
288074366,
298968888,
300295572,
302927292,
304675527,
297772295,
299049222,
299854315,
294104503,
284778526,
286926507,
289301526,
281927760,
294034021,
294507392,
286162609,
287971486,
289077886,
291356713,
291587651,
294329478,
293785960,
285886721,
276166526,
277962462,
269918516,
271023632,
285202621,
273708111,
286938463,
289232968,
292030040,
293840456,
294384156,
294872640,
295967818,
297821308,
299003990,
293430905,
292601327,
285801843,
295914249,
298544050,
292300389,
292772431,
285371585,
286985400,
276385014,
291232636,
293552179,
293542120,
295406497,
297252862,
298058584,
300778512,
301451985,
293322140,
285813492,
286518965,
296613658,
289558104,
291486102,
292931676,
284348085,
273505884,
266480032,
266657502,
268322756,
290881732,
285023958,
273069782,
274688885,
268895409,
290119876,
283295732,
293268151,
284538640,
274092373,
266156765,
266706794,
268532296,
270825575,
271955529,
273867347,
294921034,
288589414,
291196754,
291294961,
283000470,
274189019,
265268250,
290669978,
300064061,
302745826,
303904784,
307453655,
311014094,
321132681,
323457507,
325657182,
326755848,
328335999,
352761147,
353273762,
345003683,
338366933,
327543545,
328000063,
329319199,
343029757,
345469927,
348261708,
350653523,
342261984,
343794039,
353268724,
354312616,
357034696,
358944102,
351360147,
344567063,
345104247,
348685296,
340176805,
350514328,
352182815,
354207717,
354074100,
355779747,
348378066,
350262626,
344535341,
344400843,
346357206,
356139689,
358594373,
359674275,
353430051,
353059230,
346433235,
356525558,
349446722,
351022523,
343224727,
353827884,
347009197,
338122098,
341047991,
342142903,
331753624,
354181885,
348445723,
348535948,
348905190,
351071386,
342194898,
344775667,
334657677,
348653573,
349266778,
351549177,
360860112,
375767775,
377602784,
377947497,
377998970,
393616744,
381679621,
374945700,
376542261,
386189844,
388319605,
401203101,
403310710,
404320263,
406962269,
429172041,
431003641,
431664117,
442141923,
455417778,
457182909,
458805319,
469297911,
471804460,
474008255,
476040518,
477463193,
470557234,
493520224,
494643376,
504783454,
507283815,
499212827,
499320282,
492895090,
494653891,
495224479,
488607144,
489488669,
491602915,
493728951,
486586928,
487935138,
488234766,
489317236,
492756404,
483712424,
486288769,
476043130,
478506070,
479893738,
470175223,
472279599,
474267898,
476147877,
468632750,
470225156,
471369041,
464640296,
464314351,
457073345,
458492505,
461328923,
450736028,
453047101,
443017079,
466961828,
468053773,
461556975,
462628684,
464591752,
456688649,
445848431,
440012889,
440706639,
442053945,
444619718,
436985877,
434641019,
436754968,
429979083,
430260076,
432062236,
434023888,
435824440,
437770447,
428631000,
430643255,
433967037,
435539068,
428418018,
416871471,
431338844,
433959822,
434426850,
434368490,
445465619,
446006671,
439036886,
431319664,
435359719,
426540496,
428088053,
428409520,
419565369,
421599480,
412352402,
404984799,
405591544,
397839820,
400631190,
410925479,
403651076,
396731659,
406828779,
408163098,
401331272,
391314163,
405581287,
406358843,
399764189,
387444895,
380312777,
381762534,
383429659,
385699500,
387619190,
388073467,
390273780,
392165290,
395476015,
407574803,
408621731,
410379040,
412134662,
413923151,
406728073,
408216290,
410461188,
411109879,
403961598,
405574300,
416709480,
418106706,
420584397,
410650236,
414536409,
415338926,
417102249,
408925824,
409563508,
402628487,
404975878,
413965683,
415885337,
408114066,
400255535,
410765253,
412060844,
413982062,
415245877,
417213498,
409424899,
402777549,
402663361,
406267909,
416284256,
407651541,
408638408,
410550595,
413078256,
414918808,
416468412,
408778038,
400842208,
403210595,
392349428,
394229267,
384568453,
386914389,
400812798,
401358078,
403472972,
394474215,
396732794,
407535523,
399507116,
401739236,
403404059,
413971950,
416219846,
418825323,
409895744,
412407872,
412197799,
414381349,
415592251,
408054787,
408928673,
401944946,
404464938,
406914138,
407142725,
401398404,
401653354,
403445476,
414105051,
406872301,
407353475,
407872172,
402429401,
392488344,
396318703,
399414527,
399731477,
389877796,
412791313,
414116103,
409173711,
407206891,
409458678,
411135232,
406012422,
406689563,
416731441,
409461615,
403233816,
405148036,
416146901,
409401955,
409936417,
412480863,
414872181,
407705125,
399588872,
401223457,
403375250,
394612098,
396964170,
398250430,
399645775,
389556279,
411903044,
406642787,
407996288,
409205701,
411188279,
412543871,
405287342,
407342676,
407200450,
400592884,
410664129,
404954855,
405559738,
407451025,
419535900,
421449902,
422308718,
425996739,
426995166,
429392215,
419209939,
422591886,
426197233,
415572990,
407472204,
408909993,
403290034,
412618124,
404470036,
407049384,
409371722,
409324145,
411038454,
412769524,
414095055,
427351960,
428531320,
431888525,
433606957,
426797480,
413079199,
428240525,
429919521,
430589630,
431721647,
442575410,
444010662,
436834442,
428084182,
430944500,
421612663,
425620800,
415430689,
408163889,
408281868,
400804637,
412032969,
414916363,
414900267,
416498124,
408742629,
411164757,
402885614,
404819036,
406503344,
406629890,
408285141,
400479801,
402512391,
413166123,
414341075,
416378968,
417899440,
420165586,
410999367,
404668224,
405374453,
407125590,
398917362,
420404761,
414017239,
415450798,
416887898,
408173614,
409921702,
410693790,
412860528,
405499320,
398527399,
400522881,
389403124,
402420366,
392790929,
407975730,
407391194,
408221331,
409722529,
403451048,
404978007,
406126867,
397144318,
387547284,
519083279,
521858962,
516238096,
516747970,
518307224,
520371633,
552409595,
555274829,
555197473,
556693089,
559227833,
561273523,
554077062,
554123289,
556401476,
557847758,
560716327,
552772298,
553658802,
577926611,
578693404,
572850086,
562116247,
553729588,
555293322,
556545090,
559507780,
551759163,
553232216,
555016474,
557620241,
559670035,
551914182,
553587975,
555354336,
557369087,
552138895,
551460617,
552515779,
553545524,
556801105,
558101584,
551208206,
552315739,
553463796,
556499401,
550022698,
551093060,
552086237,
552526859,
556028838,
556638183,
549876013,
550323272,
573421534,
562360960,
553969298,
548027026,
549228427,
550419426,
551416932,
545523841,
547196398,
548103663,
550681839,
551620777,
552610084,
544923049,
547011933,
549076660,
541970921,
543080406,
544298535,
534191566,
536700093,
527999589,
530614182,
531562814,
532201287,
524418072,
526613091,
527827549,
521581872,
512156652,
514682988,
516824014,
528715043,
530595307,
522569258,
514395782,
503864472,
505510788,
508385896,
500053189,
501496169,
503829102,
505426672,
509343231,
498616960,
521328139,
514712393,
503893656,
497826567,
497323944,
521932066,
513582631,
502713448,
503947932,
521023044,
512668375,
502808231,
493491207,
495098645,
520388798,
521395406,
510249362,
500769443,
493859988,
517041144,
506409205,
498215683,
491851685,
493452773,
494287960,
495798527,
497298864,
490658768,
491774599,
493373397,
494633976,
495066172,
488003879,
489821629,
492114157,
494051772,
495136263,
496485396,
489118043,
491816626,
492594014,
484315563,
474728492,
476844474,
477835365,
469544701,
471208638,
471956156,
473841986,
467268183,
468081903,
460615431,
472451153,
463964137,
465607365,
459049256,
459382906,
461205024,
464297802,
464335410,
464916553,
466580610,
470073878,
463001301,
454193238,
445389316,
446366647,
438315661,
440856157,
441240621,
444086804,
445569049,
447222469,
450026385,
440890094,
442524602,
445260012,
459088046,
462918948,
463792304,
456257880,
445461172,
446482408,
448228661,
440784372,
441869461,
445408807,
459657354,
460894966,
462736581,
455362960,
444870480,
437101469,
460720113,
455125955,
442972433,
444464448,
446080648,
460006127,
449486859,
440693989,
441767467,
444382675,
458115064,
446869860,
439716737,
440602769,
442161472,
444338136,
459339545,
447861817,
441321308,
441510454,
443901026,
437444648,
458959113,
449191909,
439324625,
434102588,
435649759,
436060122,
437594113,
439839531,
432394553,
435035521,
436310193,
437817027,
429916631,
431322404,
434147955,
435776615,
426221413,
428632258,
430067713,
430642764,
420961218,
425639392,
413549952,
427368146,
429113016,
419297793,
422821724,
424261376,
413461967,
415094572,
416966242,
419037391,
412227807,
405205133,
405193998,
406200970,
409206974,
400587377,
411264111,
413859338,
416751976,
408468364,
408408435,
408774557,
411077366,
403765055,
394079709,
385344035,
387214805,
389776437,
381186048,
382840223,
383564888,
407236791,
408228102,
401762699,
390119998,
381708045,
382776683,
385389460,
387471518,
379256652,
382194179,
384159629,
385695634,
385377193,
388362737,
389186556,
381314532,
382075399,
383643491,
385246222,
387501027,
379865887,
381523192,
382465954,
385436942,
400294343,
400276553,
389576846,
382487105,
382864870,
385645161,
387065130,
388637991,
380670929,
382207126,
384182890,
407180648,
399664457,
389076395,
380775559,
383636154,
385074977,
386610560,
388852382,
380864576,
382807571,
385316926,
386853219,
400345458,
390553935,
381122963,
382711373,
406139537,
408416262,
401803127,
392288409,
383624415,
385905244,
388892491,
388126468,
410137588,
403158779,
396289353,
407297172,
407351312,
409398399,
402200079,
405418137,
405399264,
405720557,
398591033,
400718967,
411911193,
405139615,
405198333,
408461264,
418049274,
419887624,
412025796,
403804223,
405711334,
407463873,
409604763,
410463424,
412956514,
405233810,
398600300,
407828294,
410148574,
405099283,
393286174,
405567481,
406964911,
399591678,
389656048,
381431881,
382197265,
384383184,
376426062,
378958673,
378901945,
381056895,
383141542,
398766104,
386687296,
378916403,
381344528,
382266265,
376467051,
376875558,
377289815,
379323802,
379856502,
381301458,
375268852,
376960675,
378673554,
379166908,
380084704,
372863018,
374578853,
377237240,
378756963,
379641139,
373989604,
373937787,
376449061,
378496053,
371243834,
371822694,
373760268,
376363896,
377439562,
368555382,
369897531,
359645602,
361607704,
362978010,
354926277,
355311661,
358195603,
360570374,
352816849,
352868601,
346245219,
347732764,
350480023,
341870986,
342926488,
352697279,
354804516,
355261397,
357412081,
359252516,
351566899,
343897385,
345560319,
348336701,
359305610,
360125380,
352455169,
352512419,
354210233,
355982384,
349569470,
350356227,
343216275,
345049686,
347560739,
337811040,
340859133,
330341836,
352474614,
353819483,
356557603,
357698348,
358590659,
351453290,
343191242,
345015068,
347566711,
349953185,
350509253,
351568477,
352255900,
354565856,
357613763,
359038705,
360830429,
351717719,
345364285,
356383213,
358867032,
359985742,
352594869,
354567860,
356167708,
360048617,
360765781,
353007079,
344702927,
346630273,
356958318,
359607597,
351288308,
352990938,
353809457,
356579796,
358600173,
360955379,
353372617,
344841453,
347593221,
356542970,
357884058,
360464514,
362607913,
364770569,
355403443,
357305530,
358237132,
359139266,
362055904,
353757224,
354222497,
354803812,
357908822,
360711103,
352281146,
343356161,
345946034,
356207655,
349124727,
350155604,
350434577,
352751933,
347502017,
338774462,
327607824,
329179275,
330857537,
345447329,
347874981,
347733987,
349360578,
343179429,
332262360,
323705661,
325129527,
326681931,
328399110,
321014556,
323260619,
323304650,
328727330,
326346970,
329215747,
331243361,
323920028,
322984501,
324258729,
327662014,
320748705,
321345407,
322774322,
324318936,
316592680,
318679226,
319569841,
321050748,
313926895,
315541183,
316675317,
319493429,
320207338,
313373308,
313505913,
315930193,
305475616,
309000885,
310381109,
314180741,
302595301,
304718638,
307588960,
309885129,
300342700,
301928203,
303202262,
306480388,
297694017,
288673964,
291057666,
292509732,
294375333,
294462838,
296178755,
298092105,
299851490,
291940351,
284198500,
286270865,
276353842,
297920957,
300188530,
313204299,
314831632,
305123911,
296269919,
310274660,
329669539,
322170075,
323188424,
347912539,
347862433,
351752218,
344977364,
338776176,
338953930,
340958629,
341391252,
352861766,
353331592,
348734431,
348397489,
349395769,
340770594,
332288891,
323091815,
324047913,
325989547,
349623736,
350699756,
321918658,
323249711,
324796674,
329286027,
329861468,
331763248,
322487353,
322993527,
348072984,
342068003,
343219760,
332554092,
325644594,
326461013,
328721738,
330319796,
332581437,
333639732,
347892648,
348078739,
349348546,
342924295,
333298013,
324613035,
325576753,
327472780,
330666908,
322301242,
322476162,
324275883,
325833815,
320576583,
321105999,
321134330,
325780157,
319183128,
318706664,
319964949,
322088263,
323791379,
336531326,
348463101,
350520105,
351432441,
375999187,
407858499,
420743336,
431394044,
464507948,
487775751,
478774166,
500358248,
500498307,
502580649,
505390324,
506636075,
508697090,
520924021,
521694271,
522878242,
524481344,
526515961,
520307313,
521709192,
522254925,
523079077,
516519517,
507871595,
498957149,
499814889,
501250160,
494046594,
495059358,
496871333,
511088796,
502072151,
493070221,
495317450,
488218421,
489293534,
491739663,
495118350,
485846119,
486805070,
489433888,
479161418,
482069784,
471273326,
474429770,
475836097,
477521908,
470168779,
470641456,
471747397,
464126220,
457751487,
467238300,
468428197,
462211208,
453564822,
444783160,
435798636,
427495021,
419943687,
411683736,
402251542,
393868153,
385141801,
356326168,
347439957,
339414506,
330857047,
332814198,
