12762046109,
173344698,
154790794,
160537609,
152110409,
157083522,
150687574,
154906947,
158941409,
163364449,
156559226,
150485472,
144094869,
158569658,
151570360,
144907761,
151062399,
146014920,
138267042,
141717930,
157943361,
151809602,
145583079,
139897623,
145390081,
139994800,
175852817,
178592186,
172815587,
167883881,
161408390,
154551540,
160549265,
165086533,
158779824,
152746696,
157424826,
151184615,
145301255,
149688503,
144249286,
148080742,
141974862,
156088611,
150280345,
144307577,
149561343,
144202439,
147996877,
142523691,
147314950,
140993327,
145509864,
139829715,
143825647,
148871592,
143032589,
158989345,
152939536,
147726019,
141347638,
157450103,
149978399,
154595070,
157867283,
153519575,
144723983,
148993631,
152530781,
157061653,
160639166,
154647019,
148112825,
151502844,
154372303,
147142518,
139992764,
154713897,
147700307,
140580738,
155036685,
148798576,
141652071,
145330064,
149665804,
154414560,
148076491,
153707329,
157771915,
152771391,
157223109,
151309230,
143031793,
157934265,
154399236,
145540242,
149542987,
154150262,
157564744,
152257616,
157099236,
162531811,
167108121,
159962786,
154200541,
158410880,
151419889,
156346287,
150564756,
145295685,
150224621,
143128793,
159922162,
153245675,
157721335,
151927145,
156200882,
150658452,
144968315,
139323879,
143628285,
159596616,
152795176,
146397586,
140312911,
144607697,
138585355,
141010664,
158052445,
151294779,
156252998,
150949280,
154862717,
159911553,
154584730,
147634801,
142487866,
146880982,
141528411,
146273765,
140412677,
145035197,
138550406,
143445940,
148643611,
143159350,
147832400,
141375660,
165735695,
160152987,
152888916,
149252361,
153454038,
156635980,
151498338,
156505522,
150660112,
143621257,
137906221,
142840789,
159111885,
153992602,
160118611,
153239233,
159217601,
152481600,
146623713,
151828208,
166670983,
161658766,
155785492,
157961418,
151975904,
144673386,
138674749,
153088494,
156868392,
151034741,
156662680,
162668802,
157430158,
149042177,
143156844,
137416275,
141647917,
158154817,
152318016,
146462486,
140773427,
144519905,
138964022,
143994130,
147614928,
142587875,
146953789,
141157275,
145016528,
138484997,
142062294,
158442484,
152708875,
158678351,
151848266,
146924210,
140405658,
145850066,
149891675,
144441954,
149886538,
143992662,
148316961,
143154689,
148057051,
142515652,
146829568,
141195112,
145491611,
139524500,
141905739,
159148283,
152467116,
156287721,
149256798,
163737687,
157593471,
151768713,
155079886,
160420262,
153723101,
159844258,
153516465,
148586307,
142677633,
157801620,
151089096,
155306696,
159239976,
163081724,
157167585,
170337083,
163639421,
157373497,
150847105,
153836653,
147056066,
139839812,
154759259,
148406248,
140691103,
155745577,
149304462,
142387316,
166511873,
160554183,
154271756,
148397633,
144043800,
137601050,
153517165,
157759641,
151202043,
155370502,
148732214,
144255776,
149771603,
144394398,
149047045,
142878080,
158253041,
161938104,
165961985,
170899913,
163723829,
157271376,
152011666,
155985097,
149471195,
144396151,
150357263,
154004659,
157999445,
151745389,
156191093,
149962488,
154420160,
157368184,
150744672,
155113425,
159515947,
152802762,
156357004,
150639756,
143008117,
147776627,
153139633,
157917735,
152314233,
157193882,
151227460,
145355058,
149318953,
155092355,
149664746,
163594636,
157624025,
152034774,
156224215,
150974117,
145771047,
149715472,
143697541,
148663943,
141635761,
157294720,
152038351,
156840906,
150712090,
155865675,
149947448,
155473484,
149628017,
153667388,
147635789,
162383625,
155282791,
149022478,
143651078,
157812909,
151544053,
145023538,
160050394,
153570948,
148315176,
152488330,
157115897,
160901929,
164772076,
158829297,
152807409,
157197620,
151902646,
146340682,
151455782,
145089201,
150151195,
144199979,
149153788,
143317736,
148325496,
142764163,
147059788,
140895918,
145579270,
140123545,
142724726,
138826775,
143277832,
147521417,
141388082,
146399244,
140010893,
144538466,
148890928,
143521552,
148332166,
142007889,
147668386,
140731882,
142968200,
137323011,
141036172,
157486031,
151145024,
155469398,
158613075,
155652951,
148007815,
141098466,
156859076,
151299044,
155997425,
149429671,
154776585,
159012338,
153196704,
160399351,
152645172,
147617072,
140592645,
146106549,
140015689,
144917726,
139218936,
144047219,
147985329,
142253094,
145476734,
139190054,
144036566,
137901688,
155758123,
149779418,
154291178,
148579959,
153966572,
148327063,
147315996,
142363718,
146752551,
140524391,
145247404,
139167148,
143931836,
147721350,
140845662,
146089620,
140883343,
145759973,
140533497,
145277876,
139583176,
144276589,
138234349,
143975697,
148317250,
142106914,
147935312,
141769964,
147071572,
141399454,
146420483,
140545000,
144419319,
138366671,
143959984,
148918650,
153284125,
156670427,
162257271,
155828298,
159779916,
154179489,
157397406,
151685084,
157507323,
160365320,
154674390,
159182000,
152879512,
158228279,
151747144,
144915789,
138561099,
154673934,
158664029,
152645760,
158692974,
150646661,
155698577,
149226009,
153476254,
150572966,
153860746,
157355565,
162006367,
164858293,
168973936,
162713622,
156446625,
149885196,
143007270,
157632786,
150216198,
143909709,
158649454,
152267747,
145503516,
160342725,
152613347,
145583320,
139009390,
153019811,
146276196,
138838975,
143421570,
148021184,
141662241,
146326702,
139845981,
144565714,
138508480,
143351721,
159430685,
152331038,
147069770,
142259198,
146079143,
139852690,
145303126,
138408808,
144277879,
148570197,
142232959,
147789669,
141014191,
157319108,
152231196,
146452517,
152374345,
146949454,
152258830,
146478218,
150305462,
144836623,
150559481,
144287229,
160136948,
153703377,
159115446,
152426067,
147896226,
141951249,
147266109,
141618695,
146676135,
140818714,
146468399,
140507843,
145278982,
139117641,
154266326,
148816223,
143816632,
148875783,
143678735,
148436010,
143390183,
147776050,
142128416,
146882886,
141110375,
146426906,
140446461,
156968270,
150121233,
154743799,
147773469,
154047203,
147845767,
141669337,
159349089,
152593893,
158896565,
152576462,
146585639,
140511057,
146461083,
140237491,
145461865,
139484150,
144884902,
139774208,
144421197,
139553704,
144008544,
148409014,
143001442,
147346943,
142612274,
147676262,
141992438,
146430591,
141043980,
146297718,
150815722,
144775753,
180192081,
172275816,
167120366,
163357088,
156672624,
150647166,
144834459,
150476587,
145563948,
150209732,
145057192,
149680750,
144450173,
148735431,
143351288,
148678362,
143376638,
148357355,
143045975,
147291787,
141635465,
146986430,
141455761,
145758445,
140547631,
144855655,
138354596,
143160852,
136720602,
141071409,
144005515,
148548932,
153210951,
156478584,
151304594,
155916622,
149077122,
154128359,
147341714,
152038670,
155030805,
148522356,
141104862,
156366755,
150071584,
143140947,
157547910,
151696866,
144645572,
149255806,
143770283,
148199070,
141996568,
156000083,
149626499,
154017406,
159427191,
153700741,
148516363,
142406825,
147695158,
162237093,
156132114,
170271982,
164538614,
159414829,
162634248,
156266996,
162199791,
157318886,
151560832,
146291165,
139151630,
156099915,
150400581,
165458139,
159343666,
153448806,
147096785,
141777353,
136475273,
141000324,
136354603,
141036975,
135835583,
140277774,
134915083,
138607273,
142679760,
148452015,
143088718,
147632955,
140987377,
156691862,
151059935,
156074891,
158488815,
152064561,
145753654,
150608081,
154464761,
148763435,
142121850,
148579324,
142179637,
138071951,
142691006,
147645607,
141993946,
146978107,
141449967,
156987911,
150320832,
156337350,
149740105,
143488581,
148555349,
152320116,
156673195,
150650441,
155348419,
149111820,
153743367,
156891436,
151297114,
145194625,
182401904,
176400190,
168394349,
163813016,
158329470,
163545273,
159686849,
154140765,
159056190,
152041065,
156060637,
150601040,
156241715,
149134441,
144170634,
138480651,
141908717,
147620950,
141289224,
157863818,
153086673,
158087292,
152648660,
157585539,
152637387,
147811833,
152272911,
146377935,
150373848,
154877817,
148609009,
152523112,
155959242,
149730454,
153165101,
146418532,
139747929,
155156993,
149407492,
141766313,
158215626,
152960877,
159346397,
152361497,
147960505,
141897173,
147515718,
151527469,
146002279,
150064986,
144075891,
148763581,
143305756,
147218517,
141450089,
156249409,
150612201,
155818573,
150675917,
154622027,
149171637,
154478298,
148730723,
142621818,
148145235,
141792671,
157963755,
152203582,
146266388,
140691391,
145938405,
140163008,
145334019,
139644236,
144096102,
137656674,
142494125,
158882182,
152375586,
158533702,
151548865,
157747320,
151143960,
145939475,
140675838,
144851682,
138707262,
142738168,
147589598,
141670182,
156346665,
150115803,
155891527,
149951471,
155050496,
158239246,
153011277,
146398026,
150527755,
155044340,
148151427,
163784811,
157542215,
154196646,
157193601,
153345487,
147474464,
140857106,
145526381,
140912997,
145163009,
139319982,
144811209,
148671765,
143048045,
147538865,
139927074,
144503763,
139315938,
145056012,
139289065,
143887949,
147692624,
142182635,
147579292,
141588261,
144719332,
139099070,
143920957,
137626404,
142190165,
158422741,
152569226,
148326029,
142543526,
147155278,
140611699,
157174468,
150869018,
154790517,
149727798,
165359391,
158588118,
153838422,
146319815,
152661520,
156643980,
160685160,
165776101,
169970658,
162819607,
158891217,
152475064,
156620948,
151861537,
157288254,
150194530,
143565716,
137346364,
141923329,
149699453,
143657409,
149574001,
143774764,
148801677,
142536545,
148426309,
143319432,
147866824,
142363478,
146246748,
140715134,
145646971,
140366763,
165543359,
159487905,
145529924,
141077639,
146392095,
149437903,
144284550,
149075906,
142433671,
148393901,
141990659,
147243186,
141532294,
147082975,
141329711,
145259751,
139783212,
145245947,
139088224,
143859280,
158700368,
152882876,
147807122,
141902514,
148200680,
142571831,
157762419,
152762586,
145873947,
140208719,
155827957,
158919162,
153195961,
145669010,
139114298,
154324883,
159241550,
152564410,
155886944,
150820932,
143924170,
147911529,
152338671,
155305873,
160426342,
163727396,
156495162,
150389059,
144020296,
160240236,
154303360,
148162073,
141961556,
146308058,
139918509,
143521233,
148086751,
153200390,
157547202,
152073015,
167675491,
160571387,
154203741,
157727416,
153768995,
145213015,
150068574,
154227563,
149779873,
144102785,
149417480,
142084129,
148114738,
141816853,
147005039,
141338278,
145629928,
139808293,
145493588,
139779138,
144286348,
138191575,
143203928,
147829141,
141998177,
147415150,
142017694,
147174004,
141145414,
146361308,
139993265,
142696883,
138741147,
140473847,
158404234,
150928353,
146102219,
138910408,
155138708,
149089316,
142366021,
149245650,
143378038,
148247346,
143079915,
159664016,
153560917,
156064558,
150188796,
143376121,
148242562,
152164534,
155676047,
160091067,
154480849,
148553246,
141578015,
136462148,
140157420,
158572336,
151637256,
158163748,
151165654,
145344439,
139211620,
144160121,
138332550,
143007380,
158484547,
152745691,
158625850,
151313605,
146705438,
141428510,
146675814,
140667902,
144919563,
138900931,
143886915,
148306639,
141645565,
146900567,
140291172,
156107823,
149408007,
153965654,
159876017,
154112190,
158922063,
154355162,
146007822,
140967311,
158246695,
149881859,
155295640,
151046411,
176837147,
169293258,
164682437,
157762237,
152473324,
146496681,
150734263,
153973481,
158127586,
173201801,
166559472,
160256147,
155447022,
148498221,
153286478,
156402237,
150787297,
164628031,
169106830,
163747764,
157617969,
153445338,
155663042,
150617398,
143310646,
148335891,
153100631,
157090518,
151370776,
165895565,
160328063,
153582723,
148030134,
152591339,
159595442,
153788934,
157677583,
153415825,
145432639,
141781132,
145744928,
138992799,
154332019,
149055978,
162976168,
156417546,
150027332,
144498016,
158804420,
152619830,
157369455,
151343637,
156106214,
149307934,
155194547,
148989209,
154965653,
149788964,
144509864,
149802906,
143527078,
150005954,
143976730,
148932417,
142666178,
158548146,
152095473,
147108762,
141285732,
146779190,
141262874,
145791672,
139714577,
144836463,
139124758,
142221876,
149347106,
143332176,
159929814,
153696219,
148376103,
153713766,
157576791,
151645494,
156255132,
160744955,
166867523,
160700428,
154131070,
156989009,
151469038,
144327537,
149312715,
152549655,
156267689,
160416918,
153944320,
159305599,
153109846,
159096611,
153336228,
157649580,
150680065,
165288430,
158321110,
152885467,
156857189,
151054537,
144268851,
137522840,
132538538,
148004383,
153745868,
158677348,
152859608,
147617568,
151886157,
157798108,
161517098,
155103716,
148796641,
142817167,
159311310,
151949923,
157694446,
151439318,
144565293,
140554202,
144363439,
137684868,
153707590,
158205061,
161893896,
155667151,
149491214,
143023836,
160104982,
152953451,
158659511,
152339081,
157824013,
151596442,
155868765,
150583471,
155305236,
150529052,
143049273,
149799536,
144604649,
158922085,
153248713,
157207882,
150662104,
164467123,
158615849,
152246467,
156013528,
150140422,
144196618,
158427065,
151659390,
145213446,
158942074,
152912618,
158142137,
161979557,
155790691,
150343784,
165776105,
160411146,
152845670,
156809245,
151132876,
143823648,
148191057,
151091139,
155255327,
160415312,
164392450,
159070205,
152465332,
157873134,
161127837,
155092252,
148498077,
141431169,
156479852,
149998335,
142895724,
158208851,
152520861,
146176296,
150676518,
154659475,
148208543,
142239437,
147922507,
154723129,
158734475,
152094017,
158445128,
150189935,
154814053,
147845556,
152200590,
156423780,
149487255,
142436412,
157423822,
151163579,
154966460,
159593378,
163448594,
155805197,
149541370,
141911572,
158361707,
151809220,
156360856,
160266723,
153679785,
146602728,
161024302,
154109720,
159683407,
153091642,
158772383,
153092623,
157436046,
161635420,
165440281,
160504819,
154398244,
156241428,
150166370,
142125613,
147165165,
151044528,
154450965,
159870601,
163659909,
156888470,
150229150,
155955666,
159207691,
152387353,
145414063,
159828969,
153740535,
146051436,
139452136,
153984230,
147136548,
140398060,
155421709,
149220540,
141752217,
156986681,
151143003,
144251731,
158529553,
151323998,
145202478,
140091402,
145399713,
138972729,
143840826,
137552948,
142987067,
147682042,
141213496,
146453729,
139490594,
144298548,
149280118,
141987330,
148624131,
143920101,
148517009,
140677979,
159085960,
152294559,
157429568,
152242121,
146705349,
140071519,
156482256,
159963113,
154953344,
161415603,
155417329,
148639108,
144086592,
137862403,
142526445,
146819574,
141684596,
147295506,
151811576,
146606089,
162908756,
151502205,
146539903,
140699230,
144728713,
149995968,
154799759,
148099548,
153313879,
147031993,
140920292,
146647740,
140037322,
144611185,
138495139,
162803652,
156195631,
150473596,
143823813,
158059275,
151261445,
144320670,
159013270,
152521395,
145927056,
159293685,
152645331,
146087927,
138771239,
153396088,
158518082,
152707470,
146702736,
140934233,
145119458,
139772006,
144538996,
139544310,
144439824,
138777428,
143307154,
147170825,
142274476,
147459657,
142055826,
147155486,
141408395,
146874456,
141015437,
147120906,
141508045,
147246842,
141348693,
146825859,
137910119,
142195637,
136448550,
140297669,
156039770,
159080910,
152746874,
156453012,
160832216,
165733200,
158974015,
151979088,
165716735,
159316974,
152564557,
166949902,
159964189,
153524435,
147497194,
161473816,
155437470,
148779230,
141471187,
155456808,
149254182,
141793353,
147040305,
140898550,
146689815,
140764995,
146613248,
139905132,
144726033,
138102458,
143105208,
158760554,
151646710,
146404361,
140511961,
146075519,
137699977,
141418599,
157886712,
151968241,
157032467,
150177179,
154550455,
148500614,
153168396,
158016128,
151497044,
157132537,
150794102,
157331535,
150490941,
144287371,
140156118,
145722533,
139182484,
144228990,
148806226,
143276627,
147596496,
141490543,
158625490,
152610612,
147066449,
139920405,
156128607,
150039934,
154381564,
158910981,
153493457,
156838146,
151601755,
145793148,
140038846,
145636328,
138110443,
154377531,
148756601,
153380304,
159109598,
153693098,
148194411,
152575771,
147778006,
151801928,
156805374,
150010458,
155583379,
151181722,
155264100,
150805278,
154631123,
150017164,
144487983,
149371256,
143995468,
148968015,
143609390,
148084420,
152997883,
147489943,
152738616,
147202199,
151853862,
156871997,
150527999,
155789937,
149195398,
143076317,
148427834,
142909783,
148447138,
142286886,
147205767,
141830605,
146423309,
140470293,
146258465,
140270767,
144834466,
138778654,
143890343,
137409639,
142492227,
156723847,
151881759,
157243580,
150141741,
154925132,
149438228,
143454780,
157463856,
151903223,
154725971,
148706396,
141917393,
156520657,
151636229,
144036458,
149050404,
153280786,
157127427,
151633786,
155568258,
149233293,
153747157,
145979410,
150353499,
154899825,
158471607,
163567954,
157846588,
151566980,
155194252,
148648988,
142161141,
158129884,
152431208,
145330632,
151066680,
158598122,
151567251,
146037185,
140629184,
145828041,
149886964,
154220512,
148058130,
152953546,
158663379,
152570140,
146055289,
139760070,
144872763,
139516381,
145718502,
140379771,
145166243,
139198288,
143175354,
157179981,
151719087,
156379982,
150386407,
154287392,
148773292,
153207074,
157760573,
151214923,
144720460,
158600510,
152423860,
156318145,
150534560,
144729138,
149612166,
143823597,
148539562,
153196512,
157745020,
162647229,
157660203,
152026885,
156099792,
149152720,
154552467,
149067059,
155486787,
148624661,
142022189,
136447434,
140203066,
156145322,
150009638,
154907338,
148489123,
152215859,
156116187,
150420641,
154341614,
158253551,
151865549,
144571507,
160474301,
153928122,
147279177,
151464219,
155321852,
148978298,
142448320,
156897673,
150377945,
143169346,
158030506,
151407367,
144692846,
159859979,
153371158,
146207010,
138603301,
153555411,
157712468,
151661729,
146340333,
139950714,
144433042,
139144110,
144094032,
137725869,
142472998,
146779452,
140625527,
145954817,
140595785,
145227170,
139441916,
143852813,
148379454,
142079236,
147345382,
152409512,
146223131,
140517559,
144710069,
138312622,
143334263,
147992456,
142249855,
156531397,
150421075,
153945007,
147901019,
141847776,
157488628,
153907965,
146787137,
141959505,
158207536,
151515260,
146101296,
140191330,
144501301,
138725662,
142803468,
158227114,
152401452,
146542698,
140696802,
146486390,
140428235,
145400416,
139884067,
145110684,
139099983,
141851938,
148083583,
144316860,
149574344,
141875583,
159538036,
152914543,
147601917,
141521125,
147020810,
141371396,
146505705,
140666682,
143732597,
138125033,
153716547,
158635059,
153859631,
159867101,
152889308,
147712454,
142249539,
147294810,
141254951,
146463462,
151290744,
144502484,
158521111,
153149863,
158686427,
152225788,
157607887,
150603747,
145342586,
139071404,
143914848,
147979527,
141346032,
147033542,
141049332,
146797026,
139832399,
145144196,
138291739,
142462415,
147003998,
140399975,
156403806,
150721675,
155042600,
149255925,
153285198,
158194435,
151885151,
155335588,
149071923,
141551436,
145747815,
139758775,
154341725,
159077391,
152607607,
155437200,
148891390,
141456531,
156475204,
150629265,
143763332,
157872339,
151926365,
144659706,
158817852,
152689374,
156355565,
161203947,
165172869,
158632311,
152268645,
146352025,
150220787,
145646111,
150547181,
154108101,
158424972,
153062467,
157653342,
152281465,
156506309,
149774289,
153804326,
147244804,
140519764,
155551231,
150755425,
143613213,
148769934,
154084813,
149399709,
144115789,
148586486,
143060718,
147843888,
142284708,
158524651,
153800341,
147787106,
141250254,
156774999,
150354651,
165846818,
159623425,
165747870,
158295790,
151948353,
155141838,
148323743,
141540272,
156836279,
149734421,
142763464,
157296131,
151141477,
144253919,
158196406,
151577923,
145439448,
159949031,
153077901,
146199528,
139123629,
154451090,
148267565,
140252260,
155485879,
149738918,
142340411,
157351864,
151296171,
144729257,
160574450,
154221856,
159758942,
173350356,
166989739,
161170152,
164636555,
157997193,
172976327,
167001191,
160214131,
153880002,
157842002,
148370868,
142352791,
156980840,
151286953,
156544161,
160727060,
154485233,
148981414,
163887813,
156060361,
149612465,
144668657,
159702360,
153995995,
157643439,
161352506,
154323848,
159148115,
152613540,
145697052,
140531283,
145406067,
139603740,
144263016,
148454873,
143355913,
158407984,
152735067,
146993886,
140883409,
146485521,
140451970,
145023294,
139232876,
155308927,
148891102,
154141830,
148490668,
153556662,
159154531,
153218193,
147637869,
142070753,
147066080,
141572986,
146594360,
140158845,
146194306,
139817364,
143925373,
138316584,
143693782,
148808652,
143018407,
148564753,
153944305,
147054974,
141213610,
154554942,
158398288,
151931020,
144810580,
159497546,
153349364,
146231117,
139170960,
153991831,
147375876,
140179154,
154533287,
148088030,
141317518,
146846174,
140167451,
144553017,
137600351,
153192499,
147770495,
151559326,
157767148,
150828622,
146151247,
140341565,
145461546,
138780601,
176477032,
168848820,
162575705,
156818856,
151026755,
166025427,
159497397,
173943410,
166982188,
161341125,
156068082,
150196010,
156158761,
149468863,
154542898,
149941678,
154535804,
148902006,
142994952,
159101444,
153984927,
148076150,
142263410,
146988101,
141796766,
146921849,
140381027,
145008146,
138626663,
143172087,
147467656,
140899151,
146138042,
140760861,
145877088,
140276992,
145556094,
139105520,
145398773,
139982095,
145489641,
139581657,
144204689,
138332307,
154042005,
148823643,
142882812,
159068704,
153710817,
157389194,
151401748,
155373368,
159176813,
173730069,
167942838,
161624543,
155803087,
160480217,
154069186,
157236764,
151878291,
144268949,
149776177,
154535091,
157819091,
163559864,
156804545,
150944024,
154735560,
148811749,
142016792,
156381853,
150642720,
144024776,
159230280,
153282789,
146455702,
160639122,
153612394,
147203984,
140486366,
155201681,
148790586,
142106207,
156783882,
151784697,
145995001,
149811393,
143803070,
149770395,
144115880,
138091555,
143272171,
159012553,
152994154,
147597054,
141192696,
145975862,
139337333,
145677488,
139256972,
144626244,
137678612,
171033599,
164168046,
159008585,
151896980,
155407297,
159973371,
163942348,
167661274,
161427672,
155152895,
148291343,
140651298,
156445893,
149964395,
142539374,
157149673,
151166349,
155179975,
148662264,
154207225,
147403971,
141974466,
146922063,
141539110,
146815932,
141580816,
145429273,
139248000,
144349044,
137616127,
153182016,
156088380,
150367433,
143073011,
148578427,
151956630,
156085110,
150000035,
165807061,
159947648,
153900605,
148627853,
142424082,
136511185,
140857621,
159569942,
152460041,
147654376,
141217179,
157013776,
150820026,
154889145,
159502367,
164140630,
157317557,
151474160,
144608158,
149739686,
144854631,
150723122,
145015701,
150070197,
144736132,
149028698,
143393425,
148717047,
143330117,
149289613,
143575979,
159282354,
152398892,
147061655,
141051558,
145869648,
138789086,
143535114,
137861110,
141441210,
159535586,
151933396,
155287697,
150096737,
154194778,
158093342,
153201697,
147365256,
152037759,
157565289,
150438635,
144918592,
139066983,
143715655,
158974104,
152078934,
146097571,
140074106,
144006105,
138244321,
144395751,
148987068,
142966324,
158735773,
152308063,
145008276,
150366208,
154965390,
161207803,
154740490,
158478260,
153244323,
159368236,
153561507,
157150455,
151846872,
146021404,
150052141,
155660447,
149854676,
154747299,
150282060,
154349681,
157910058,
152279842,
158928005,
152153730,
146899400,
141311525,
146773744,
139413623,
146724747,
140839508,
145658046,
139906894,
144257638,
138587190,
143294245,
159450557,
152861614,
147394631,
152235963,
157574058,
151529952,
145590621,
150141992,
156230469,
150807882,
156003908,
160515442,
153781131,
149692000,
154349578,
159127666,
162262743,
155887071,
150399951,
144938126,
149410100,
143335775,
159022730,
152847396,
158828552,
153647454,
147476478,
141600077,
146384482,
140985154,
145928947,
140395080,
146014362,
139629824,
145015594,
139271538,
143411790,
147525303,
151498925,
155907782,
150641547,
154877392,
150117330,
144465203,
148772507,
143412081,
159357674,
152109527,
158052535,
151932689,
158296685,
150850693,
157567154,
151157872,
157530338,
149803702,
144903577,
139082769,
144036218,
138405469,
142727529,
158216432,
152075944,
145981979,
140435101,
145789336,
139799152,
146166782,
140614390,
144496777,
148461864,
152303769,
158128973,
152132474,
155138770,
159189836,
153754756,
157568939,
151459727,
144289445,
159871783,
154295552,
146759857,
161083819,
155521080,
149468092,
141769718,
146685322,
150717432,
155765068,
159139217,
153283799,
146936462,
151491319,
155577088,
150707098,
143409146,
148192294,
154111492,
147549882,
151319995,
155428949,
149917862,
165806717,
159393077,
164221909,
157841291,
152183230,
156097661,
159227642,
153363161,
156455117,
151051984,
143534611,
149657414,
153943295,
148512197,
152954518,
156850527,
151963028,
144859888,
139069275,
144500093,
138298066,
157813904,
151041145,
155883434,
150380630,
154056147,
158761809,
164017242,
157085299,
152641396,
146503592,
150730129,
144066929,
158134194,
152700986,
158973322,
151399468,
147965031,
141903262,
147225089,
141619740,
147154670,
140942269,
156065321,
149558684,
153777225,
160402277,
164671659,
157016666,
152884398,
147617185,
152647473,
147614773,
151041725,
145174605,
150502788,
145130361,
150192646,
145228459,
149689359,
154849752,
148275433,
153392579,
147691379,
142138675,
157376479,
162704073,
156578467,
161765133,
152156570,
156464446,
150715133,
154951403,
150302841,
143859008,
137810317,
154467006,
149549073,
154581114,
148012003,
142174803,
148083375,
141538622,
148035636,
141640573,
147717856,
141752645,
147055526,
141280753,
146676182,
141367366,
146194717,
139188079,
176728317,
169007513,
162500343,
155803105,
150344585,
144822080,
149873621,
144573000,
149920612,
144244090,
148538825,
142910580,
148011062,
142252479,
158435141,
152493532,
146438531,
140681650,
146247397,
140426613,
145446077,
139253791,
143573629,
138105524,
142713166,
147906757,
142450227,
147023746,
141558884,
146750737,
140728281,
146129735,
140531549,
145515953,
138657919,
154175909,
148144279,
143535617,
148868439,
141465277,
164915700,
159169267,
153671230,
146387559,
172056488,
164615451,
159281702,
153841380,
157413817,
152664872,
145261768,
150721268,
154695773,
148619791,
153361883,
158680667,
152683972,
156806888,
150623673,
156060485,
150423359,
155667521,
148879396,
154272347,
150165474,
144465392,
149569215,
153546284,
158122582,
161822144,
166446774,
170480515,
163924310,
156774251,
152602680,
146535126,
150139863,
146271420,
151008973,
145634471,
148974357,
144848370,
149795429,
144710486,
149164774,
144260702,
148966827,
143823136,
160543582,
154222081,
159328713,
152385943,
147606708,
141750930,
147107216,
151352346,
155326985,
159116938,
152502950,
158322879,
152694905,
145941339,
139054478,
133434542,
137984512,
132756580,
156420461,
150989853,
144736691,
149142624,
154254234,
149160542,
153222721,
160033760,
154265978,
156745484,
152014837,
144683469,
149781143,
154500934,
147985049,
152772546,
156557005,
150047192,
155336535,
150095962,
143688328,
137306519,
153907658,
150434570,
142089544,
149259195,
143960455,
149019144,
142332896,
147207494,
140924209,
145997730,
139842703,
144555652,
138704025,
143147339,
147348289,
151590655,
155816886,
161246770,
154404778,
148051165,
152141579,
146541488,
150727636,
155534035,
148875037,
141830732,
156539406,
150098384,
142830981,
157318674,
151037048,
144377130,
158763286,
151664241,
145263466,
138557616,
153226345,
157914355,
161068195,
154040586,
159403541,
153186299,
157093601,
151570421,
146218081,
160813657,
153192370,
158717463,
152678795,
158718710,
152820629,
156520765,
152630401,
144351237,
151394745,
143136190,
150517847,
144868833,
149856587,
144680784,
149970782,
144514671,
149826430,
144897170,
150619335,
144770729,
150123996,
144890275,
149051690,
143895032,
148430392,
142885361,
147556684,
151675076,
145022277,
151045629,
156131178,
148935722,
143346581,
166682630,
160605227,
154259311,
148483826,
142873582,
156595645,
151264494,
144021065,
148247883,
151775221,
155448829,
160086330,
164159168,
157044766,
150568454,
143986779,
158691644,
152596510,
145648379,
160079424,
154072680,
147872339,
141795811,
158293284,
152961700,
146804471,
140843072,
146238795,
149906184,
144327983,
149549127,
144419155,
148931013,
143005118,
147639014,
141924386,
147541360,
141930603,
147436389,
141003185,
167937564,
160727229,
154313345,
159362599,
153845402,
156967217,
151685794,
144913611,
180072305,
182683000,
176826346,
169874641,
174921981,
169225625,
163234882,
156222279,
160480830,
175603027,
168717706,
163884911,
157784122,
152073539,
156872223,
153254306,
156710851,
151769413,
165657059,
160178482,
153586620,
157504025,
151491113,
155606846,
149249828,
143492445,
159203804,
152548597,
156477182,
150085989,
145461304,
149288039,
143781405,
149015381,
143460171,
148885483,
143720135,
158538610,
153716943,
147655393,
152169594,
156346223,
150096823,
153160624,
160774463,
153499087,
157878895,
151891901,
156544787,
150934486,
147259999,
152252716,
146849100,
161624148,
155066243,
158691686,
153392892,
159888660,
153779212,
147611443,
140180991,
136323067,
171795006,
164587559,
159646558,
152079182,
147293384,
141178027,
145680444,
140587668,
165665704,
160756025,
165220872,
159442195,
152954502,
147453203,
141994175,
145718081,
139672604,
144493696,
139007042,
143411644,
159563147,
153735545,
159230389,
153010388,
148433281,
142257636,
146832578,
141448781,
146367386,
139639013,
145047622,
139037360,
144230830,
160627455,
154341841,
149022383,
143034361,
159678179,
152651597,
159602333,
152265046,
147224136,
140968039,
147023086,
141616811,
146021469,
140578952,
144516460,
139199691,
144265191,
149919354,
144693117,
149131565,
143762249,
149260450,
144609519,
149087694,
143975810,
148537203,
152724981,
146022899,
150490261,
155015921,
159898420,
153689416,
158121112,
152262532,
158902636,
152151144,
157154710,
150768491,
155130911,
150019795,
155210756,
158827046,
152887298,
158535131,
153267953,
157365146,
161920067,
166324512,
170311141,
175606952,
168381457,
162328487,
156579993,
150048040,
144327979,
150046962,
154201800,
149072287,
143429512,
148147047,
143339091,
158989570,
153376273,
147887646,
142694605,
146651838,
141135740,
146065734,
140949521,
145692666,
139866791,
144549369,
137860738,
154076204,
147255875,
139834622,
155504663,
148436442,
151628011,
155233604,
159612119,
163736255,
157084743,
150679347,
143914879,
158172401,
151476492,
155982983,
150148017,
144109408,
149318880,
143941029,
148362582,
142880488,
146847132,
141211133,
146501026,
140397831,
145129587,
159658907,
153571681,
180601817,
174862449,
168419106,
161973249,
165973658,
170503943,
162505522,
156234031,
151151115,
156629779,
159589597,
152996776,
146004593,
160356135,
153805195,
146580840,
160745080,
154443548,
147737967,
162880123,
152475214,
145022005,
148974366,
142813316,
158174564,
152245854,
156267805,
149467021,
154682287,
148704866,
153994312,
158756546,
152967497,
159607101,
152364546,
147309084,
140873021,
145680500,
149292422,
154396094,
149766078,
154286077,
159349118,
153944253,
159136066,
152618191,
145660667,
141827398,
146509709,
150915826,
155878734,
149786690,
165048961,
157909364,
152656233,
147086160,
151832008,
145460915,
161541796,
155884406,
158019296,
152360722,
170176948,
163762361,
156919406,
151959772,
147003959,
151266574,
145560239,
150125165,
154808567,
158096264,
152487572,
157822143,
151573810,
157981048,
152764612,
146962258,
152651376,
147262694,
150441352,
143888092,
150918559,
145763463,
150801978,
145612375,
150807640,
144647370,
150261708,
145272244,
149660807,
143737968,
148318009,
142730758,
147524101,
141431554,
147634911,
141186074,
146707850,
140338057,
144933146,
138872712,
143835833,
137804012,
152815426,
158154780,
152453618,
146841688,
140911838,
145984732,
139895182,
145709348,
139275521,
145067136,
139309871,
154301209,
157647052,
152415336,
145121198,
149899128,
153690969,
158036029,
151301318,
155078153,
159586813,
154086644,
157857522,
151241388,
143984977,
158189416,
151864937,
145172770,
160013102,
153492121,
147140272,
161028095,
153937288,
148487183,
140704036,
156049364,
150660349,
144622983,
170452399,
163573771,
157473451,
161380554,
164930424,
158270000,
152350619,
157276358,
151627067,
155963582,
150078452,
155506881,
158289154,
154314872,
146973440,
140215440,
156532749,
149955630,
153934061,
157119245,
151871896,
157884010,
151730272,
158314362,
150713273,
143978407,
138025149,
142620408,
157664903,
150746235,
155191816,
160266138,
154877451,
158158349,
153383237,
146901390,
140418374,
158186732,
151252917,
157732233,
150422757,
144920099,
140839671,
145269264,
139771464,
143373929,
138271562,
143337853,
158445992,
151371805,
146002872,
140269900,
144844814,
149298249,
154443976,
147412259,
141689514,
148081535,
152612582,
168066896,
162538390,
156043805,
149677908,
154295346,
157986554,
151892980,
145065415,
182749032,
177058918,
170699081,
163607297,
157095863,
164794291,
157721841,
152438225,
157497312,
161328121,
166208727,
169186878,
163588552,
156995145,
150987146,
144021174,
159477655,
153308848,
156735415,
152186630,
155858335,
160894306,
164647017,
157296933,
152714307,
155930373,
149824974,
143465627,
148763106,
145280558,
149186577,
144108095,
148324801,
143410123,
148269190,
142302776,
147384433,
141527652,
146297208,
140833084,
144875057,
139357999,
143742393,
136472985,
153111924,
148111279,
152348815,
157732945,
151425805,
156029939,
150341587,
143564981,
137419009,
174415473,
168521267,
162880044,
157894932,
150589732,
157647294,
151296875,
145964876,
150453312,
144931283,
148904095,
153403994,
147664720,
142343164,
146476717,
140316765,
145602690,
139974461,
144422180,
139216875,
153771454,
148838756,
143182624,
148756879,
142922200,
147667936,
142123769,
147542435,
142615027,
146924852,
140706195,
145798977,
140925116,
145083779,
140132795,
144208794,
138605323,
143752105,
136841291,
140514076,
158045699,
150482389,
156036407,
148682022,
154120208,
147718693,
151879530,
167259535,
161549948,
155104221,
157668466,
151172208,
144055445,
158837807,
152588224,
145688653,
160584185,
153396606,
147162687,
140105850,
145756891,
140055871,
144468890,
138142501,
143012185,
136749118,
141684019,
146193847,
140208031,
146505403,
140266017,
145318847,
138869079,
143432741,
158647990,
152555491,
159276425,
152274573,
159046192,
151924401,
156467178,
152034404,
157212599,
161117331,
154305192,
159198627,
153173427,
156893711,
151262485,
155475949,
148982690,
142224756,
157646945,
151851873,
144176341,
149443137,
152807289,
157315010,
151962187,
156103485,
158832122,
153152713,
146931954,
160261782,
154524161,
148540100,
141359797,
157033300,
152518638,
145427777,
139329290,
145484569,
139367259,
143217370,
158784061,
152246210,
146818545,
141107380,
146384349,
140783068,
145850071,
140154307,
145410644,
139204120,
144717910,
138775952,
141496966,
157948507,
152451485,
158303352,
151486845,
155400527,
148457330,
153550840,
157678949,
152145473,
155904111,
152661673,
143921029,
137836583,
142316690,
147798268,
141619245,
157867660,
152219813,
159249558,
151618938,
157699681,
150985508,
146806623,
140492809,
143589382,
137535608,
142099078,
158525710,
152543730,
159544308,
152580754,
147577381,
141602753,
145305336,
138625145,
143665750,
147911816,
141485374,
156526339,
151083906,
166041144,
160428164,
154657650,
148678539,
141992528,
135833137,
140409542,
158728143,
152054691,
144768001,
149756263,
154581054,
148452202,
163637218,
157883636,
153567735,
158063758,
152871828,
146195098,
141008893,
135871603,
139751888,
131719050,
136616682,
130192929,
155970207,
148606796,
142433103,
148368799,
142522725,
137158118,
143679241,
159908177,
151744478,
158561739,
150311544,
143364597,
138118790,
142270685,
148076119,
141540450,
157828137,
151990435,
157759559,
153193283,
147031682,
151900624,
146001718,
150710598,
144859435,
149722969,
144376221,
149870415,
143726900,
159803697,
151958412,
156732741,
150704357,
155573406,
150282241,
143796775,
137301287,
141059210,
159712860,
152280004,
157565315,
152478872,
145657234,
146891874,
145004754,
139075745,
144317585,
149319415,
143784551,
159785414,
153846791,
147515790,
140783693,
146068902,
140093994,
145370928,
139879366,
144488463,
139268103,
142245437,
138036945,
142250583,
147904728,
152446997,
156459239,
161383484,
165373631,
158876250,
152798037,
157522758,
152135732,
146524993,
151580439,
145304646,
151215184,
145474350,
150172350,
143751389,
148991444,
143085785,
159183090,
152612338,
155911275,
149694225,
187351084,
180638019,
186931886,
180843391,
174641696,
166523944,
160627757,
155102342,
148234554,
141765625,
135773951,
142900341,
147591692,
142835695,
147084194,
141858076,
146649021,
141412894,
146273027,
140697037,
145537046,
140096102,
145911051,
139538555,
144625042,
138641083,
153073160,
157887776,
151901736,
156926958,
161209039,
155810627,
160182390,
154457810,
147176349,
152342115,
157842011,
150765529,
145630524,
148665901,
152103933,
156472446,
162014812,
155596002,
149830947,
154377732,
148902752,
143421827,
149334015,
142200882,
146726329,
150946914,
155396188,
149136998,
152627900,
157617860,
152350612,
155783846,
151753689,
143984873,
137375268,
141667379,
158728918,
152497032,
157824610,
152276172,
156897265,
151363882,
155964294,
148808012,
154559048,
147000116,
152456487,
159113127,
152163708,
158016070,
150172434,
157039891,
150423232,
144992457,
138517299,
143168694,
159612198,
152768352,
158700493,
152591141,
157731955,
152159833,
157642802,
151176111,
146483335,
150181853,
144675605,
138429284,
143412593,
147630825,
142356914,
146921989,
140987098,
145678241,
139476239,
145895977,
139978274,
145044544,
139042570,
143894968,
148655152,
153372769,
157207399,
161652057,
166381649,
160337786,
153924400,
148547854,
163372632,
156786304,
151820059,
156294618,
150473817,
145059714,
149207226,
143313878,
148208774,
142765598,
158317219,
152464022,
146306432,
141001362,
144962536,
139849919,
144250831,
138309331,
152967501,
158002111,
150616293,
155601394,
151262456,
155695573,
150297661,
155712754,
149526641,
143991071,
149111043,
143848896,
148948559,
141895572,
157969497,
153121144,
156905521,
150748512,
156617716,
151611952,
155846336,
150768316,
155275847,
159397478,
173194709,
166998505,
161331436,
155295611,
149587830,
153715748,
149189743,
143307013,
147942602,
142058093,
147738869,
153398546,
147502943,
142068106,
147742378,
141899459,
156653852,
150942257,
154570310,
148719327,
142474158,
157567429,
152277227,
144945816,
149894428,
153434512,
156763289,
162523930,
165480500,
159121621,
153605766,
147325132,
140420066,
155905884,
159002955,
151973060,
145548450,
138229926,
153358788,
146980011,
139632498,
144160637,
180297816,
173685222,
178369915,
171681682,
165411485,
158403202,
153841492,
157780585,
162859783,
158799479,
151853235,
165684343,
160142644,
174294407,
167433919,
161275030,
154184214,
148682591,
142155039,
146588914,
141888282,
147167577,
140761686,
146427100,
139680669,
145632126,
139806031,
145438327,
139837333,
144694668,
139517543,
143919383,
148830956,
143072582,
147975850,
142930927,
159820712,
153580437,
147897054,
142410931,
146699058,
141567768,
146357682,
140585260,
146034226,
140269718,
143990346,
138534249,
142153539,
147758651,
163833380,
156129586,
151960551,
145521564,
150414789,
144503024,
149602762,
141771731,
159634879,
152124203,
158822859,
152049763,
146161736,
140265590,
144683238,
139617300,
144623523,
138945378,
154498035,
149191317,
153633792,
148706264,
142539237,
158853877,
152369223,
154940953,
149182150,
141622014,
146839916,
150795772,
154568429,
159408996,
153778320,
157253197,
151217858,
144681085,
158435233,
151726331,
145630157,
159136655,
152664068,
145811494,
139112186,
152891201,
146059793,
139418432,
154623115,
148201037,
141010077,
155963553,
149164311,
153249603,
158213198,
162375694,
166571459,
161053724,
153372654,
156634767,
150813173,
164787020,
158195953,
151362780,
144366986,
137981545,
155698281,
148758917,
155032827,
149024064,
153409172,
157245617,
151163458,
154274376,
147425509,
140810417,
155271573,
149891072,
144117410,
158630491,
152795339,
146213975,
151424295,
154742092,
147447303,
140194446,
165731308,
158942111,
152515927,
166339018,
159426145,
153305430,
158177768,
151679045,
146582879,
150739646,
155180418,
148992908,
143034851,
150542131,
143026030,
150011890,
141449400,
160379261,
153097377,
159873832,
152577785,
158812237,
152529209,
156860554,
151154838,
165165669,
159641984,
154434248,
158592283,
153835290,
146211062,
142176928,
147334167,
141683817,
147018241,
140676474,
145326158,
150014920,
143055715,
147379808,
141067640,
146625025,
150614250,
145240183,
140226920,
144790906,
148576438,
143233805,
147891908,
142332686,
146520820,
140381810,
145232969,
139683999,
144315796,
138868571,
143688835,
136469298,
140137661,
158046911,
151435674,
157453439,
151154438,
145941214,
140201944,
144140459,
139728124,
145329862,
139917405,
144669407,
138261894,
143175962,
158823222,
153755925,
160235118,
154251118,
148495252,
143067241,
159615759,
152272093,
158277707,
152885293,
157569705,
151404755,
154829988,
149495060,
156071415,
150682481,
143167301,
139329330,
131645398,
159832646,
154022141,
158141909,
151291727,
144803540,
150640824,
144336990,
139069201,
142508838,
156406603,
150890661,
145901238,
140689453,
145207407,
149948346,
154495933,
158491881,
162400290,
165814078,
160169179,
154114783,
147180655,
151733981,
145757435,
149665727,
144406917,
150205080,
144927590,
139087066,
143758612,
138542610,
142426582,
147395304,
152641849,
146389904,
160790574,
155168669,
159266508,
163572734,
158091827,
151484042,
156204341,
150143288,
155166260,
148611108,
154539893,
149478488,
155505171,
149208204,
142975436,
157766284,
152581261,
146213928,
139687674,
145320136,
138837663,
144681680,
149638858,
153658505,
148468420,
142772866,
158096465,
152616910,
156979437,
150712055,
144649533,
160619707,
153086869,
156089264,
150922008,
144434477,
159163909,
153217602,
148475945,
152922181,
156838373,
150434744,
143235271,
158256028,
152587683,
145129505,
150101202,
153717066,
157129370,
162785246,
166444145,
159305317,
153403839,
146954502,
139767662,
154552224,
148076437,
140616497,
155919709,
149268794,
142133550,
156899415,
150621489,
143501739,
159249249,
152437381,
145612231,
160141709,
153469572,
157062355,
151163542,
144467396,
138956560,
143830032,
138537951,
141975937,
146567388,
141512991,
146604967,
141377439,
147193160,
142007918,
157410926,
151915286,
146468285,
140202744,
177047906,
171265246,
165503290,
158856125,
153574845,
156785757,
151240294,
145724592,
149525152,
143155456,
149120930,
141973990,
136475009,
141251597,
158575861,
152200234,
146884515,
141502235,
146736186,
150881816,
145206913,
149430173,
143576012,
148395059,
143838100,
147998083,
142660805,
147278067,
140451429,
156779159,
150378329,
164541748,
158320169,
152394756,
146819187,
141613192,
159029271,
152001263,
158696028,
151307856,
155389069,
148531562,
154156304,
148402185,
144085657,
149291745,
143676402,
148249311,
143563950,
148482283,
143058086,
147215722,
141720503,
145783044,
140800808,
145574027,
140253867,
145107700,
139181244,
145448491,
139442194,
145051711,
139690321,
145243713,
139798988,
155048544,
157534292,
153707793,
146121892,
139885788,
157674089,
151689354,
146065825,
140134953,
156313122,
160125486,
163961770,
168680674,
162371405,
156228927,
150248907,
155806032,
150935575,
155683979,
151355624,
145187075,
150218200,
156138916,
150167662,
145167900,
150384118,
144824644,
149706259,
153758858,
148218039,
152739335,
157602962,
151174705,
156479334,
152400862,
146313357,
150940824,
145639158,
150435219,
145265682,
150391242,
144864246,
149029699,
143696213,
149004119,
141375306,
144652175,
