12763956871,
125567350,
120073600,
115358533,
121066057,
116348307,
122100451,
117458391,
123392055,
118612768,
113667927,
119058919,
114257277,
119768233,
115401664,
120573190,
116143751,
122136444,
117258496,
123600571,
129021525,
124595496,
119258866,
115168913,
121557945,
115667263,
121910122,
116699377,
112695758,
118905806,
114915997,
121568976,
116062822,
122181397,
117828481,
113459646,
118925513,
114505996,
120347339,
115568080,
121200856,
116169119,
123160463,
117420647,
112735775,
119435109,
114744208,
120477551,
115266952,
121338403,
116093479,
122426451,
116933996,
112063964,
118004146,
112963283,
119463241,
114146377,
120566526,
116624128,
122714494,
117204188,
112689234,
118439289,
114023891,
119209821,
114442474,
120076871,
116151713,
121900932,
116930319,
123762327,
118207876,
113815799,
119588689,
114920410,
120432245,
115764853,
121560045,
117039033,
123704933,
117920416,
113447237,
118965556,
114381678,
120043489,
115105364,
121043525,
116003220,
121847518,
117329600,
112704887,
118200355,
113709228,
120387001,
116025771,
121789118,
116795633,
123609053,
117937301,
114027930,
120006465,
115024422,
120394375,
116079256,
122555219,
117115794,
112477002,
118189006,
112946651,
119219396,
115108679,
120304426,
115553625,
121116830,
116228064,
122559648,
118008313,
113505702,
119291469,
114285390,
120310006,
115985692,
121916455,
117483963,
123874109,
119357699,
114374924,
119701334,
115689435,
121878304,
117657416,
123854201,
120006129,
114920662,
120960969,
116279869,
123606734,
117866131,
113923335,
120389139,
116408556,
122453675,
118192300,
123544989,
119065112,
114521207,
119876533,
115919370,
122038804,
128532131,
115798051,
121502885,
116865476,
111854723,
117626935,
113783135,
119715027,
114805558,
120774585,
115002801,
120547769,
117325553,
123578311,
118870170,
115136782,
111521946,
107331484,
103439384,
98689459,
94271543,
100373078,
96051898,
103047015,
99308514,
94399988,
100362350,
96276743,
102103626,
97793900,
93034896,
99010557,
94280331,
99317878,
94973490,
100708525,
95894681,
91280814,
97091703,
92911218,
98969230,
94392746,
100398268,
95904281,
102050932,
98026214,
92955117,
99714834,
96087697,
102060242,
107490761,
103354453,
108380399,
113328608,
118771319,
114235823,
119669217,
115073537,
120956293,
115602460,
121933302,
117187802,
112576220,
118622039,
113746796,
119057803,
114858499,
120350874,
115661479,
121821311,
116995858,
112597730,
118296141,
113570961,
119203878,
114762610,
120019685,
115477546,
121217316,
116379967,
122892324,
117579361,
113081970,
118965831,
113750523,
120085572,
117088916,
122179862,
117513452,
122652480,
117931024,
113211698,
118925990,
114338892,
120426090,
115685985,
122053639,
117038153,
112383377,
117956382,
113947439,
119161527,
114581185,
120363956,
115971056,
122696450,
118094761,
123845739,
119012998,
114676440,
120501165,
115984744,
122360188,
116911394,
112785978,
119156776,
115288086,
121024127,
115988750,
122071065,
117186779,
112552635,
118315311,
113706735,
120551430,
116394891,
122542326,
117875625,
113350949,
119615236,
115239100,
121494930,
117511879,
124599325,
119321540,
114502073,
119568492,
115176390,
121531198,
117574399,
124040166,
118735498,
114680257,
120989244,
116464431,
122490010,
117843532,
113308621,
118779244,
114145995,
119522527,
114910605,
120204009,
115527896,
121721919,
116484849,
112081186,
118278911,
113471131,
119370773,
114611365,
120378907,
115279425,
120563160,
115259805,
110982204,
115829909,
112029535,
118003947,
113525543,
119705501,
115433346,
121625113,
117442101,
123410161,
118588544,
114440431,
120828373,
116455113,
122732921,
117359935,
113954090,
119853804,
114595557,
120045062,
115522408,
122091816,
117397233,
112351627,
107752285,
113101328,
119308007,
115066141,
120978271,
116985827,
123467159,
117880082,
113198480,
119183165,
115029886,
121026429,
116769062,
122985943,
118157331,
113532540,
119226483,
114569443,
120361738,
115102394,
121448239,
116009861,
112056670,
118325272,
114082548,
120362847,
115745869,
122336578,
116788572,
112778066,
118650929,
114617880,
120975899,
115717631,
121279525,
117332015,
112878295,
118350384,
113984020,
119969047,
114981944,
120720295,
115571230,
122582291,
116864632,
111898306,
118416602,
113705632,
119335505,
114676123,
120195980,
115710314,
121951536,
116932558,
111954516,
117785114,
112799627,
119346136,
114345620,
119935509,
115985969,
122482280,
117447156,
113298258,
119447402,
115235499,
121515628,
117323822,
123299407,
119199615,
115029279,
121118100,
115840161,
122361584,
117681415,
113164790,
118441639,
114647657,
120696124,
116072345,
122068251,
117779651,
112806594,
118401862,
113991049,
119500942,
115722604,
121913635,
117707090,
123563035,
118641397,
114061636,
120237806,
115086028,
121247590,
117335232,
113294203,
119378228,
115381640,
120946943,
116837528,
123061733,
117826397,
113355787,
119847290,
115574530,
121116319,
116528644,
122483411,
118414041,
114421538,
119849521,
115593181,
121658071,
117833271,
123216144,
118667632,
113617518,
120518409,
115896428,
122145583,
116569246,
112220081,
118602888,
114549219,
120114619,
115496916,
121867921,
116646962,
112104370,
118861383,
114320499,
119709403,
115392996,
121768000,
117368321,
123888454,
118310847,
113726368,
119859669,
114575702,
120345437,
115405522,
122286868,
117288446,
113037811,
119471140,
115158949,
121999947,
117044707,
122991572,
118098193,
113210901,
119948757,
115452592,
121668608,
117306773,
123531615,
118716548,
114151055,
119760652,
114972799,
121633338,
117213433,
123514649,
118960800,
114902798,
120984472,
115873836,
121577672,
117170562,
112767397,
119160626,
116668072,
111840702,
117331041,
113337880,
119443301,
114587817,
120094382,
115475981,
120894289,
116184181,
122349941,
117018851,
112581108,
119042956,
114644941,
120284888,
115566002,
122168264,
116902999,
111873317,
117612368,
113245575,
118501623,
114252910,
120022816,
115428651,
121553203,
116879141,
122141173,
117944199,
113798041,
119313316,
115083574,
121214374,
117602378,
123688958,
118524845,
114713793,
120856208,
116983848,
123388721,
118352328,
114324421,
109998316,
115547541,
121538951,
116523317,
112065718,
117649581,
113413050,
119607845,
115751955,
121295354,
116887142,
122492958,
117921239,
113524310,
119953398,
115673907,
121778165,
117590800,
124376626,
118842569,
114147631,
120872845,
116223559,
123195592,
117784998,
113623220,
119438986,
114851379,
120918195,
115713746,
122329048,
116510178,
112023499,
118419082,
114262855,
120521214,
116245275,
123322954,
117888546,
113105754,
119674103,
115549991,
122149635,
116713205,
112283079,
117701260,
113231481,
119032835,
114923931,
120726227,
116058084,
122001478,
118384141,
114076015,
119659419,
115149221,
122178723,
117006089,
111407441,
117356840,
112675294,
118382831,
113664587,
119133751,
114375577,
119959812,
115099016,
121294225,
116488208,
111783232,
118477740,
113653135,
119469972,
114476234,
120544110,
115582082,
121585406,
117031192,
113009680,
118995306,
114860233,
120557421,
115239756,
120409588,
116045909,
111576206,
117231711,
112839752,
118697214,
114150288,
119695545,
115349143,
121598632,
117254519,
122806678,
117832586,
113457516,
119127167,
114524677,
120142556,
115286026,
121672460,
116837050,
111849733,
117738603,
113699230,
119143014,
114760175,
121050817,
116776502,
122587702,
117836212,
113623485,
119591116,
115878201,
121573914,
116473172,
122016240,
117710683,
113551167,
119067714,
114870455,
121536576,
116559505,
122747946,
117897574,
113287805,
119780824,
115624420,
121371511,
117200340,
123387531,
118301029,
113793924,
119524063,
115008824,
121039295,
117326250,
122854327,
118975137,
114878151,
120709203,
116317391,
122582425,
117826858,
113331449,
119343700,
114442765,
120064801,
115566967,
122022133,
116987354,
112248234,
118007317,
113391954,
119252928,
115395671,
121418187,
117426110,
123252594,
118632101,
114105167,
119970824,
115257824,
120878494,
116682873,
122505231,
117920108,
113359452,
118991427,
114060676,
119909005,
115786535,
122206441,
116473749,
122928497,
118574563,
114475701,
110429313,
116675139,
122393937,
117759694,
113441480,
118556931,
114671067,
120508683,
115688524,
120963448,
117107194,
122738071,
118975252,
114528044,
120422587,
116326989,
122503004,
117638664,
113056911,
118727665,
114004296,
120128876,
115965128,
122344766,
116973850,
112311838,
118106146,
113098498,
118813124,
113934709,
119667822,
115391222,
120830435,
116769932,
121977264,
117395924,
112715905,
118324340,
114234296,
120591854,
116421813,
122429106,
117550515,
123984504,
118446746,
114343244,
119865517,
114863030,
120820477,
116904803,
122613829,
118385903,
114307446,
110489587,
115085257,
120597815,
115632035,
110678037,
116677169,
112264219,
118908905,
114368349,
120578594,
116401268,
122169138,
117445988,
112644247,
118141408,
113985224,
119757280,
115732728,
121718575,
117763995,
123895420,
119197443,
114521073,
119844128,
115869574,
123116784,
117482630,
113983293,
119857943,
115505758,
121577648,
117389556,
123603889,
118677829,
114393011,
120127087,
115467016,
121612975,
117158135,
124187274,
118823617,
113859394,
119231204,
115616033,
111088779,
116419868,
124338590,
118548671,
114357832,
120762814,
115841073,
121830368,
117911288,
113578421,
118849437,
114572271,
121112623,
116565414,
123289056,
118352643,
114604500,
120183100,
115244442,
122041289,
116554235,
112620575,
118951221,
114771197,
120240711,
115535737,
122294958,
117237965,
112417854,
117958985,
113061424,
118825702,
114709600,
121704009,
117172352,
124184666,
118736231,
114504356,
120941105,
116441587,
122641015,
118377760,
114319643,
120179685,
115551885,
121767790,
117292324,
112896760,
118520105,
113804718,
119584266,
114951032,
120422024,
115925785,
121871964,
117041129,
112653530,
118637445,
114638107,
120151191,
115628693,
122419656,
116896726,
113445437,
118706794,
114484726,
120277593,
116295557,
122328031,
117411896,
113058197,
119207937,
114389300,
120398682,
115810244,
122176109,
116790340,
112455056,
118466093,
114360879,
120689065,
115591159,
122003049,
117867622,
113409679,
119578208,
115597423,
121550866,
117276208,
124444718,
118989092,
113554242,
119547325,
114859244,
120562760,
115554614,
121804185,
117580934,
113330242,
119693954,
115349408,
121166506,
116149554,
123454883,
117688158,
112560524,
118245643,
113720564,
119636346,
114521623,
120094441,
115831569,
121454648,
117416348,
113345988,
119102687,
114355794,
120404606,
115496074,
122487937,
116783012,
112136922,
107975474,
112877402,
119564239,
115187748,
120625261,
116668324,
122235923,
118261340,
113219652,
119379698,
114995396,
120343102,
116156982,
122135043,
116989454,
112138940,
118908600,
114649473,
120297006,
115677447,
121557941,
116781586,
113034258,
118892122,
114364764,
119835055,
115181564,
120881303,
116884234,
122341595,
117606435,
113118478,
119358533,
115290703,
121280163,
116512589,
122847604,
117781963,
113388407,
119249348,
114338730,
120206423,
115787999,
122068878,
117120350,
123158128,
118353342,
113806457,
119712074,
114392292,
120234060,
115291495,
121689605,
117015870,
112356630,
117969235,
113184109,
119244156,
114798375,
121105997,
116545680,
122449979,
117992247,
112961766,
118502192,
114369057,
120197995,
115318494,
121621608,
115928309,
122349974,
118594557,
114209242,
120035427,
115467799,
121187287,
116758134,
122267200,
117473023,
113118131,
118675969,
114171938,
119960874,
115393728,
121713824,
117425403,
123381762,
119013710,
114933663,
120197322,
115569382,
121632094,
117190319,
123901209,
118492703,
114252206,
120836634,
116042418,
122983482,
117663370,
113769542,
119396875,
114745403,
120260781,
116020322,
123196047,
118504754,
114345033,
120292424,
115390818,
121439150,
117572972,
113352300,
119492563,
115108943,
120701005,
117179434,
123375994,
118281364,
114272384,
120306957,
116224097,
122276408,
117513840,
112316979,
118182734,
113698009,
119275271,
114478971,
120815180,
116500755,
122378720,
118297723,
114091937,
120907324,
116790633,
123195422,
118222333,
113716616,
119534210,
114860931,
120017234,
115610916,
122204004,
116904715,
111685107,
117254527,
112963863,
118184924,
114673344,
121078122,
116943322,
123187017,
117841732,
113324228,
119825463,
115406668,
121576191,
116215218,
112231798,
118244967,
114610050,
120938942,
116676647,
122208331,
118317477,
114123169,
120703774,
115615660,
122362995,
117650014,
123791482,
118816815,
113988430,
119514997,
115866088,
121650711,
117648681,
123458341,
119423797,
114316081,
120408000,
116058822,
121723000,
116481399,
111898536,
117408272,
112826730,
118477427,
113773775,
119219595,
114608612,
120389443,
115825822,
121129624,
117273763,
112693473,
118227571,
113862550,
119372895,
114708690,
121120733,
117244856,
123953432,
118807077,
114017637,
120905747,
116644416,
123099056,
117882304,
112998916,
118615134,
114093379,
119592740,
114838031,
120866685,
117105986,
123410312,
117947069,
113505817,
119028083,
114564689,
120710440,
116490608,
123033988,
117679430,
113836368,
119699005,
115354884,
131674313,
127585490,
122216791,
117493402,
112235202,
118448245,
113191636,
129150265,
124702002,
119894407,
114778282,
109715864,
104862313,
99697980,
96022016,
101690347,
96838223,
93431666,
99064976,
94595139,
99431242,
95452546,
101777757,
97558725,
92388845,
98508788,
93937082,
100515250,
96363879,
101430471,
96296647,
92366908,
98308401,
93050013,
98489438,
93897113,
99107253,
94890736,
100638783,
97204980,
93137253,
99749374,
95153961,
100800402,
96922271,
92227170,
98187953,
93654455,
98445787,
94591819,
99502400,
95110298,
100684119,
96127586,
91478404,
97428510,
102870162,
109229696,
105276222,
101239989,
96188101,
92438621,
98783055,
94181362,
100041767,
95506786,
102277687,
98836937,
94154006,
100108682,
97057086,
102464024,
98021732,
94523841,
100071454,
96792504,
102529514,
97785587,
93322836,
100071575,
96010215,
101602329,
107856558,
103047848,
109254135,
114482003,
120547162,
115603906,
121615170,
117584318,
113265083,
119777368,
115488630,
122376249,
117792199,
124021260,
118900746,
114091448,
119555064,
115107903,
120966845,
117336031,
123467014,
118526957,
114789641,
120675885,
116367802,
122314977,
117698698,
113178220,
118655045,
114324997,
120917485,
116083195,
122464931,
117158277,
112987335,
118583991,
114689752,
120464079,
116366324,
122389946,
117600323,
112788871,
118302071,
113435823,
119010252,
114484562,
119683248,
115243007,
120730386,
116066731,
121980618,
117217422,
112750764,
119266151,
114716194,
120377488,
115622346,
122170482,
116932127,
111483294,
117315058,
112961899,
118716952,
113640947,
119379690,
115310753,
121880413,
117032375,
123820210,
119050646,
115189373,
121929771,
117858391,
124186001,
119386810,
115172983,
111339832,
107157673,
101795633,
97576777,
92703623,
88457510,
84407649,
79638094,
95349792,
90525418,
96381791,
102775272,
109033568,
104099427,
109912222,
105122298,
110416754,
115749050,
111111306,
116249159,
111580649,
107812055,
112618136,
118965736,
114505864,
120293629,
115871797,
122456399,
118026879,
113895783,
119980317,
115677176,
122423797,
116891056,
112239226,
118083650,
113103314,
119326383,
115102922,
121123279,
116369846,
122988331,
117647076,
113084105,
118585852,
114298329,
119836163,
115169156,
120332638,
115689086,
121335049,
117795661,
113967941,
119580560,
115066559,
120503561,
115892362,
121784410,
116941532,
112435929,
117706087,
113842399,
120012257,
115560944,
121758340,
117505723,
123790229,
118949827,
114279004,
119993950,
115072004,
120291657,
115358405,
121461828,
117599288,
113021168,
118450424,
113875949,
119425137,
115714587,
122495866,
117439782,
123780601,
119454350,
114989085,
120904155,
117166191,
123813057,
118767292,
113929229,
119283999,
114592603,
120338231,
115963151,
122402275,
117094751,
112761666,
117905360,
113309527,
119692253,
115098476,
121950233,
117017437,
111862628,
106991962,
111854056,
117933490,
113933639,
119489270,
114624181,
120302857,
115538165,
122192597,
116487546,
112043828,
117198162,
112900117,
118277484,
113877742,
119328339,
114596990,
120383457,
115549650,
121568801,
116461889,
111304503,
117171140,
112483452,
118656622,
114544556,
120826318,
115396257,
122054834,
117640371,
113037312,
118485768,
113751039,
119397030,
114840499,
119986016,
115349887,
122183088,
117225720,
113102776,
118486654,
114380572,
120725146,
115274639,
122177512,
117496323,
113504285,
119231667,
115039855,
121466385,
117411606,
123318115,
118382685,
114000248,
119916257,
114953771,
120640192,
115419673,
121590743,
117808279,
113134620,
118797648,
114416375,
120115101,
115365574,
121547513,
116802722,
112424972,
117846379,
113686513,
120014410,
115570552,
122027110,
117314812,
124037522,
118802972,
114048566,
120253993,
116259725,
122285327,
117160003,
113166849,
119126662,
114107399,
119797891,
114898650,
120347935,
115411737,
122207382,
116540266,
112027878,
117174937,
112307344,
108248510,
112636797,
117956641,
113787028,
109219739,
115330198,
121262226,
127278920,
122597710,
117582788,
113039091,
119501379,
115305460,
121236343,
116547924,
122466968,
117691978,
113104556,
118535818,
114256883,
119830900,
115256500,
120911167,
116438193,
123506373,
118476219,
113009417,
108281214,
113694721,
119924064,
115693479,
121397107,
116476061,
112145249,
118686549,
114228338,
119526999,
115616466,
121889714,
117778290,
123903127,
118675209,
114801439,
121074690,
116941494,
123588947,
118508379,
112714538,
118712583,
114544185,
120366645,
115631792,
121172408,
116431881,
111359158,
116753186,
112571127,
118937443,
114474496,
119826497,
115633508,
121805894,
117365743,
123280790,
118459618,
113619150,
119180783,
114662259,
120348356,
116401882,
121860818,
117834962,
113683267,
118952844,
114483857,
120943279,
116523598,
122926855,
117747037,
113007030,
119127223,
114594380,
120237111,
114962009,
120943070,
117032898,
122954972,
118484042,
113533174,
118816516,
114062306,
119869512,
115060814,
121361185,
116536111,
121987988,
117942249,
114125914,
120026108,
115130783,
122348618,
117082462,
113215062,
119006227,
115071636,
121221079,
116510262,
122307747,
117937402,
113212502,
118418219,
114473441,
119960378,
115137768,
121434290,
117159906,
123396103,
118718228,
114795595,
120537706,
115734388,
121650609,
116656805,
112013840,
117474886,
112941999,
118470780,
114213138,
119767036,
115736802,
122016735,
117515755,
123414791,
118681251,
114196956,
119510537,
115157048,
131827372,
126519893,
121773947,
117080316,
112398207,
119061894,
114084944,
119355057,
115634755,
121400713,
116535477,
122724984,
117646135,
112990920,
119317797,
114885556,
120143984,
115610748,
122450391,
117136890,
112267376,
117752437,
113334227,
118729585,
114425284,
130545831,
126002595,
121477702,
116675701,
122845535,
117574715,
113140163,
118057243,
113988775,
120654041,
116268716,
123247306,
117528824,
112851029,
118354126,
113839506,
119280093,
114523438,
120369817,
115581516,
121588499,
116434126,
111900330,
117569109,
113514476,
118789085,
114597466,
120160164,
115540851,
122409372,
117032999,
111725999,
117613634,
113417952,
118642923,
114257179,
119743421,
115822535,
121611920,
117336071,
123155336,
118783756,
113791213,
119534404,
114667534,
120384162,
115169001,
121538389,
117809588,
113373538,
119498690,
115156666,
121265371,
117115408,
122385199,
118010847,
113412517,
119179613,
114687667,
120105953,
115478504,
121101474,
116136533,
122815456,
117334401,
112597870,
108068347,
113744418,
109689308,
115168214,
121319998,
116523266,
122678948,
118002150,
113064853,
118775914,
114565471,
120007302,
115876199,
122536673,
117492136,
112878648,
118374449,
113756136,
119803412,
115880524,
121861526,
117363631,
123362199,
118331525,
114051262,
130491975,
125885125,
122318739,
116666928,
112328069,
118556201,
114637802,
120346111,
115605304,
120920715,
115910580,
122158258,
117551170,
113652817,
119856951,
114872380,
121266876,
116407374,
122312305,
118144742,
113500162,
120130253,
115439876,
121624126,
117261740,
123638932,
118354773,
113598692,
119540919,
115223826,
120870690,
116416993,
122809321,
117408785,
112692306,
118586467,
113961879,
119511423,
114903041,
120624099,
115609765,
121538719,
116696252,
112582482,
117921503,
113561386,
119057121,
114558577,
119887198,
115440220,
122469672,
116827295,
112973757,
119238896,
115180797,
120757499,
116189719,
122203857,
116642286,
112245391,
117797981,
113369943,
119144200,
114642940,
119676869,
115145853,
121026870,
116657943,
122632239,
117910484,
113278381,
118442257,
114116295,
120182344,
115533899,
121628065,
117165955,
123640788,
118426184,
114037772,
120427369,
115647027,
121891600,
116769016,
112097073,
117707357,
113228232,
118670175,
113796914,
119083726,
114973448,
110252324,
115579876,
121661368,
117325340,
112707076,
118430872,
113377369,
119927892,
115578249,
122268046,
116727183,
112403754,
118642868,
113938025,
119750367,
115432932,
122101964,
116643067,
112021145,
118303364,
114004512,
120682015,
115850968,
121734580,
117469379,
113217471,
119047392,
114799720,
121027022,
116043770,
121200127,
116988083,
112697437,
117981492,
113372157,
119267848,
114780591,
121153990,
116586664,
122311579,
117726409,
113209464,
118973106,
114507680,
120065315,
115760771,
120717277,
115742707,
121914936,
116829333,
112395603,
118423120,
113433830,
120395550,
115632118,
121388422,
116749868,
112216286,
118112310,
113703498,
119119171,
114563108,
120170504,
115521370,
122193762,
117133885,
112576536,
118058751,
113114405,
119539332,
115210442,
121102292,
117153028,
122985033,
117915429,
113338582,
109336047,
114813388,
121097464,
116391263,
123218524,
117764398,
113704148,
109597605,
115355399,
121364434,
116618117,
111888083,
117536593,
112573632,
118295401,
113111736,
118989175,
114478935,
120033952,
115694721,
121872376,
116807712,
112037062,
117830564,
113159520,
119587764,
115377796,
121453881,
117091305,
122724396,
117907648,
113239566,
119710456,
115094263,
121607429,
116754721,
122959582,
117674835,
113189698,
118779131,
114689812,
121254162,
117022440,
123631824,
118018533,
113566207,
120204330,
115528598,
122545604,
116989232,
112370145,
118404033,
114724136,
119897324,
115183172,
121538729,
116659651,
112343249,
118535806,
113647469,
119259563,
114766829,
121164049,
116604800,
122712726,
117404613,
112804724,
118280180,
114034019,
119599285,
114668320,
121156391,
116969614,
123290489,
118049414,
113611999,
120027229,
116138988,
121644357,
116623892,
122224176,
117866437,
113713302,
119378685,
114505528,
121669151,
116632219,
122825604,
118298372,
114014848,
119011021,
114631955,
120049565,
115483965,
122492699,
117030758,
111345642,
117338048,
113516856,
118564717,
114262691,
119725164,
114801152,
120483442,
116052681,
122455061,
117209655,
112928063,
119211025,
114817528,
120104856,
115321093,
122259138,
116780664,
112695823,
118278319,
113459568,
119029428,
114462368,
119804301,
115001861,
121261964,
116462197,
122339117,
118595122,
114237143,
119712472,
115597878,
121065457,
116270132,
122501744,
117650162,
112658879,
118407544,
114355250,
120499924,
115213102,
121506582,
116015591,
111306873,
117820357,
113886968,
140656027,
115241513,
120357578,
115610988,
121792909,
116959869,
112467840,
118324075,
113938487,
119370067,
114568860,
120899907,
116762074,
122804182,
118090734,
113504649,
119466277,
114470456,
120230232,
115420262,
121231601,
116725452,
111862314,
117648452,
113345672,
119585981,
115647466,
121597844,
116539150,
123052505,
117771423,
113425163,
119085446,
115011597,
120478376,
115502976,
121513859,
116817671,
112605855,
118851622,
114751481,
120620450,
116325323,
122645568,
117204655,
112632617,
118500152,
114405186,
119709687,
114638811,
120333665,
115487700,
121789342,
116643813,
112323909,
117614702,
112917134,
118443187,
114111346,
120420653,
116473810,
123436552,
118043034,
113370728,
118753159,
113855218,
119272415,
114683426,
121362019,
116742229,
123266477,
117953162,
113889191,
119824375,
115825934,
122291317,
118089914,
123924329,
119329404,
114283840,
110507145,
115613641,
121293491,
116904228,
112262223,
118066213,
113622162,
119754840,
114859442,
120458651,
115941000,
121444533,
117310433,
112640011,
119081686,
114845584,
120162302,
115957508,
122114469,
117412959,
112317499,
118198539,
113951598,
120491670,
115672244,
121355981,
116819229,
112070626,
117556985,
113558052,
119239997,
115151916,
121242907,
116604258,
122450529,
117677910,
112925027,
118971923,
114465803,
120310121,
115426794,
121554173,
116710918,
112460757,
118142725,
113217303,
119016766,
113920083,
119616972,
115502207,
121930706,
117835785,
123438538,
118633729,
114168534,
119072153,
114123878,
120930032,
116642699,
123170980,
117766005,
113423080,
118853746,
114678838,
120164420,
115647665,
121674873,
116775591,
112501613,
117899225,
113245420,
119512232,
115477011,
120948073,
116616358,
122923278,
117689840,
113338690,
119035634,
114679355,
120598901,
114950493,
121540770,
117575313,
112840744,
118626991,
114897415,
120962124,
116832940,
123563887,
118632421,
113963942,
120024077,
115715433,
121904090,
116136433,
122386936,
118651455,
113960945,
119518543,
115335171,
121957312,
117334784,
123520336,
118679791,
114378412,
120807864,
115853092,
122623614,
117292458,
112852983,
118996555,
114687817,
120558523,
115928850,
122450400,
118156638,
113814406,
120078536,
115907060,
122673332,
117445400,
113112646,
119733652,
115162740,
120918106,
116093461,
121637849,
117067298,
112735727,
119188510,
114923448,
120896834,
116819656,
122640079,
118073941,
113375946,
119024677,
114459074,
120032232,
115513186,
122691341,
117112651,
112662395,
118258208,
113626417,
119337192,
114334094,
120548036,
116545280,
122701561,
118061272,
113683784,
118958058,
114423151,
119992808,
115324759,
121366501,
116492032,
111816822,
117615217,
112565127,
118833733,
113805492,
119987135,
115664946,
122320485,
117181201,
112874897,
118896916,
115058962,
121456217,
116836962,
122711235,
117933664,
112934645,
118266675,
114823095,
120479037,
115897475,
122831934,
117391354,
113156269,
119135879,
114453213,
120814122,
115701760,
122268523,
117536290,
112360952,
117779115,
113249892,
119448498,
114964880,
121563730,
116478227,
122675477,
117963677,
113403350,
119226323,
114980414,
121483356,
116880007,
122468958,
117777848,
113682527,
119386111,
114148499,
119921876,
115730746,
121506104,
116749365,
121813104,
117600683,
113212022,
109686301,
105133031,
100990724,
95594881,
91626012,
108227356,
104215512,
99110676,
95121661,
101752248,
97024888,
92764442,
88249633,
104663820,
100057587,
106850630,
103871213,
99030039,
95432510,
100143949,
96522473,
91896119,
97530396,
92605950,
99158519,
94769583,
91066460,
86602726,
82129366,
77092692,
93004752,
98482989,
93844954,
99630950,
94715972,
100206548,
96130247,
91519755,
97049609,
91869817,
98546118,
93921767,
99215130,
95300563,
101582495,
97967600,
93747729,
99011758,
95200745,
102086115,
97404405,
93697586,
110137983,
115514620,
120815816,
116527895,
123916603,
119587336,
115217260,
120677119,
115925972,
122431135,
117632576,
112334918,
118755890,
114259595,
119958707,
115894015,
122136579,
118138234,
124110800,
118750039,
114482883,
119957071,
115814827,
122146129,
117363068,
112347854,
118062296,
113690558,
119468552,
114937081,
121300241,
116908888,
123878377,
118632896,
113845364,
119442402,
125159308,
121398825,
116560701,
122790938,
117531573,
113327567,
119882483,
115174247,
122651375,
117018736,
112753608,
118016877,
113408247,
118951013,
113981061,
119535044,
114874709,
120624964,
116467035,
122852638,
117683906,
112844047,
118750120,
114258734,
119886905,
115281481,
121618890,
117066897,
112264318,
117795740,
113135099,
118618398,
114210081,
119836007,
114639623,
120520128,
116337616,
122534015,
117542629,
113093765,
118599473,
113879212,
120050317,
114888453,
120923937,
116102589,
122860815,
117836951,
112905766,
118482137,
114203809,
119913511,
115201193,
121754526,
116459069,
111085444,
116722414,
112483472,
118571052,
113763546,
120235998,
115777345,
121303140,
116826745,
112251918,
118019252,
113309119,
119391908,
114334773,
120435833,
115583680,
121751369,
117260137,
113336657,
118981337,
114705284,
120774613,
115241653,
122376400,
116831526,
112230042,
118420136,
113774589,
109348052,
114906048,
109772804,
117672688,
122947047,
117451088,
112672073,
118366125,
114059400,
119430013,
114730592,
120410841,
116555574,
122505031,
117697383,
112901941,
119216024,
114474685,
120151630,
115739508,
122170763,
117030599,
112355920,
117906801,
113752573,
119934703,
114829045,
120327608,
116162893,
122861654,
117532426,
113083683,
118925661,
114320481,
120113939,
115443942,
122323216,
116913959,
112651548,
119234502,
114845322,
120041056,
115502118,
121344475,
116681382,
112047680,
117375586,
113050548,
118800615,
114661695,
120255511,
115862193,
121453930,
116731857,
111886266,
117954315,
113024275,
118607367,
113841191,
119258848,
115019085,
120477400,
115956227,
123421572,
117853789,
113102392,
118676795,
114733730,
120925588,
116237712,
122629846,
117334202,
113060630,
117939056,
113584183,
119734738,
115815048,
121539697,
117429336,
123935937,
118559320,
114171411,
120578395,
116688374,
122668923,
118285424,
114333233,
119872519,
115238561,
120581638,
115692000,
121508350,
116548635,
111854556,
117751462,
113087518,
118837219,
114324724,
119898019,
115658705,
121479886,
117338669,
123989234,
118332457,
113796054,
119055525,
115481228,
121226967,
116633299,
122433188,
117778393,
113629210,
119520633,
114895340,
120407784,
115798340,
122704752,
117341634,
112782188,
118722400,
113918822,
119525537,
114541346,
120304191,
115700252,
121451291,
116720376,
111954323,
117897244,
114725321,
120142448,
115672422,
121602541,
116709998,
112453587,
118745200,
114435683,
120474357,
115994007,
123133292,
117977198,
112576206,
119067617,
114633032,
120603448,
115766167,
121290623,
116889274,
112036943,
117686323,
113420685,
119933154,
115513208,
121557540,
116620292,
123103086,
117646821,
113142114,
118569662,
114446686,
120248280,
115198508,
121749460,
116817712,
112513379,
118708638,
114697658,
120169680,
115701265,
121621583,
116725799,
112215514,
118016853,
113193693,
119647008,
115402816,
122080192,
116816565,
112987251,
119526956,
115272958,
120413707,
116982706,
122932057,
117930611,
113522211,
119079110,
114817462,
120929419,
116597180,
123646277,
118487587,
113223105,
119073116,
114760848,
120389053,
115611301,
121733806,
116950861,
112564593,
118402762,
114202943,
120272875,
115478789,
122167825,
117009552,
111670796,
106993937,
112792210,
118498292,
114224682,
119836145,
115176033,
120751624,
117128406,
123438624,
118240617,
112766587,
118662058,
114138206,
120629910,
116406878,
122699165,
117558687,
114134541,
120277188,
115342554,
122378683,
117885132,
113442975,
119750733,
115456645,
121490707,
116504656,
122934122,
117643983,
113635683,
119861293,
115369824,
120936140,
116733044,
112283717,
117597267,
113828038,
119113117,
113803845,
119666661,
114762694,
120329592,
116828664,
123515812,
118077614,
113830966,
119633553,
114831350,
120590790,
116094884,
122219234,
117321277,
113201939,
118744119,
114344149,
120327089,
115155460,
121242985,
116238458,
112155078,
117772081,
113633603,
118855036,
114968113,
120548816,
116030303,
122043429,
117304439,
112732123,
118688750,
114825804,
120638183,
115567075,
122397759,
116824814,
112747058,
119123807,
114925226,
121236733,
116885421,
123137847,
118840296,
114589325,
121120709,
116777869,
123634852,
118078160,
113033300,
119532175,
114469717,
120396722,
116143976,
122376896,
117053836,
113565580,
119616440,
114961221,
120366983,
116002801,
123140320,
117725345,
113307898,
118731613,
114596591,
120956430,
116807033,
123461147,
118004301,
113330964,
119069103,
125946441,
120835641,
115719826,
110603559,
116425607,
111660864,
117403922,
112884490,
118867946,
113660824,
119407816,
114605329,
120102340,
115540950,
122413942,
117079867,
112056777,
117629854,
113154055,
118607542,
114153890,
120131523,
116083524,
121910083,
117232866,
112381195,
118184297,
113356517,
119305451,
115303924,
120682057,
115939183,
121704417,
117340362,
112774094,
118331348,
113739672,
119411421,
114909618,
120350821,
115748964,
121625324,
117616002,
113355318,
118785639,
114387426,
120167496,
115361458,
121336635,
116333272,
112125920,
118151593,
113147158,
118789213,
114378397,
120121610,
115477916,
122260739,
116760325,
112104830,
118124840,
114001476,
119388775,
114951901,
121226492,
116728813,
122453830,
117843296,
113306612,
120037586,
115393662,
121919112,
116407915,
112026208,
117434637,
113444174,
119546604,
114633240,
121008125,
116648714,
123244002,
117688305,
113257689,
118913365,
114676557,
121149621,
116979414,
122916212,
118490359,
114639177,
120068156,
115867270,
122624864,
118288150,
113316583,
108657205,
103446218,
98645470,
93965535,
119739682,
115330738,
121444249,
116727580,
112095426,
117803965,
113122452,
118821466,
114820462,
121114630,
117360695,
123054227,
119248291,
113903917,
120128155,
125866377,
131569198,
117687296,
112932754,
119230302,
115288017,
120813621,
117265358,
123341398,
118773973,
114184731,
110185803,
116237653,
122606180,
116810043,
112201448,
117973780,
113476767,
119649800,
114748971,
121001161,
115426275,
122274688,
117909615,
113160924,
109428157,
114706747,
120531238,
115881031,
122723665,
117571375,
113394398,
119338876,
114550156,
120119939,
115610336,
122283423,
116697268,
112418227,
108055292,
113759515,
130101375,
125904053,
121660602,
116317345,
122516423,
118619103,
114672267,
120189024,
115652327,
121539708,
116554718,
112030102,
117892576,
113475153,
119551737,
114627464,
120989978,
116590331,
123109747,
117718305,
113454223,
119720683,
115521963,
122055744,
117938663,
124623787,
119827643,
114277778,
109711212,
116114543,
122617732,
118053324,
124276976,
118589299,
113568893,
120662284,
115660216,
122166265,
117619872,
112965492,
118678009,
114230170,
120656344,
115815972,
121646597,
117009319,
112138373,
117790164,
112756874,
118345342,
113661993,
119610597,
114329171,
119928934,
115332860,
122172742,
117516262,
123517221,
119368412,
114494390,
121129904,
116515185,
122862636,
118145421,
113337618,
118933112,
114257640,
120058615,
115569498,
121958261,
116910036,
112244354,
117768718,
113630656,
119226123,
114705706,
120386790,
115569400,
121315583,
116939518,
112219708,
118566153,
114220991,
119695952,
114699989,
120377776,
115496195,
121542122,
117485554,
113375411,
119473433,
115365128,
121234856,
116837771,
123175156,
119343899,
125101083,
119969745,
115092603,
110247746,
114970779,
120738949,
115737596,
122625754,
117452937,
113267313,
119023182,
114925091,
121595654,
115552397,
121564996,
116490561,
112499568,
118715127,
114761473,
121017988,
116625940,
122331028,
117572858,
113044411,
119039478,
114584061,
120515612,
115640911,
122138159,
117934921,
124397560,
119145959,
113771664,
120236373,
115613064,
121707631,
116733388,
112187370,
117688088,
113355236,
119326267,
114380743,
120312627,
115460852,
121323878,
116413353,
123353287,
117629005,
112730928,
119116284,
115033785,
121405360,
117333626,
123277607,
118596126,
113813375,
119782045,
114969376,
121437434,
116153759,
111764064,
117874379,
113021281,
118902184,
114380244,
120949457,
116482612,
122872654,
118523357,
114429345,
120962885,
116975519,
123198977,
117787972,
113471519,
120079260,
115640324,
122423280,
116985185,
113141125,
119564714,
115637438,
121861182,
117487066,
123705856,
119127111,
114286193,
120036827,
114988978,
121186655,
116278817,
111927702,
117349458,
112701065,
118768928,
114561318,
120142150,
115405439,
121414677,
116741847,
112809754,
118850155,
114369879,
120892976,
116576559,
123503025,
118149935,
113594065,
119072792,
114476777,
110321744,
115426534,
121705413,
116959029,
113202274,
119345866,
115782339,
122047487,
117161113,
123265830,
118052924,
113426667,
119056087,
114832251,
121572867,
116854929,
122657103,
118154067,
113786819,
119689076,
114685823,
120322254,
115664130,
122054083,
116852643,
112206417,
117665024,
112975139,
118941290,
114252574,
120512498,
115939187,
122232644,
117513743,
112845293,
119100177,
114290025,
120270470,
115513027,
121522848,
116457772,
111865638,
117349503,
112632538,
119175303,
115373825,
121004543,
114803315,
121322638,
117031953,
113010331,
119041121,
115560054,
121391983,
116027434,
122057711,
117302307,
113070572,
118744003,
125759726,
120922438,
116876898,
112227587,
107448178,
103255438,
109265178,
104674515,
100414479,
96594510,
91614380,
97058713,
93472733,
99487322,
95159474,
102580719,
97328865,
92644101,
98463109,
94196045,
99230854,
95489366,
101319065,
97553938,
93084923,
99724607,
105340535,
121916779,
118455534,
113781475,
119399632,
114739905,
120565545,
115584226,
121867639,
117366005,
112773645,
118308618,
113784399,
119226794,
114527649,
121131369,
117308184,
122646713,
117331027,
113341266,
119552679,
115433370,
121681331,
117502655,
124268523,
118903214,
114509422,
120137441,
116480264,
123001427,
117505733,
113211178,
118792298,
114204987,
120389849,
115533456,
121923025,
117430230,
123451991,
118614392,
113696307,
119111470,
114573633,
120201578,
115052884,
121184197,
116140092,
112138295,
118879790,
114236363,
130611790,
125993846,
120675728,
115542733,
110143082,
115721139,
111457236,
117644455,
113317481,
119425831,
115554114,
120771415,
115654634,
121631354,
117545858,
113466546,
119612995,
115781963,
122025640,
117751730,
124038183,
119274858,
115348804,
121361621,
117078687,
123941938,
118597684,
114823420,
121185970,
117374591,
123465403,
118527105,
113948813,
119544348,
115604823,
121862673,
117759765,
124092397,
118960135,
114249024,
119858447,
114889139,
121612407,
116645677,
123373354,
118166368,
113365814,
119651766,
115119275,
120893891,
116432251,
123329810,
117817758,
113532623,
129824570,
125856940,
120842188,
116130180,
121789310,
117093063,
112580384,
117963514,
114047621,
120262623,
115981622,
122412321,
117153277,
111666766,
117420279,
112792471,
118225336,
114346819,
120971029,
115489815,
122154489,
117995301,
114034724,
119873763,
114968439,
120746996,
115762609,
121987479,
117307351,
112917566,
118243957,
113683863,
119988549,
115691165,
121218652,
116113558,
121928954,
118033846,
114009447,
119577706,
114577371,
120663097,
115184960,
122217884,
117722984,
113841621,
119892417,
115347213,
120533055,
115632795,
121523341,
117049999,
112543548,
118557446,
113876315,
119316296,
114495805,
120359403,
116086543,
122536546,
117020560,
112737812,
117887960,
112649079,
118587513,
113789077,
118768387,
114395329,
120760345,
116616903,
123123240,
117984733,
113301128,
118747041,
114415185,
119941740,
115644658,
121859229,
117636594,
124685386,
118974729,
113840027,
119285622,
114748462,
121113643,
116814888,
122524497,
117812899,
113423229,
119524008,
115439182,
121138328,
116813070,
123501002,
118674612,
115164073,
120978872,
116592553,
122843905,
118070034,
113039181,
118626053,
114293491,
120691982,
115589464,
122268706,
118472452,
113837542,
119623942,
115154365,
120919850,
116160665,
122787472,
117425664,
112286473,
118752187,
114633807,
120629340,
115921604,
121202436,
116725778,
112339917,
118967256,
114660389,
120475486,
116274547,
122991133,
117478810,
112725841,
118125087,
113247546,
118525072,
114041244,
120053866,
114627870,
120712792,
115844788,
121531464,
116964767,
112486623,
118619555,
113583440,
119589623,
114747780,
120659117,
116356218,
121650772,
116904942,
123193759,
117607988,
113372972,
118947840,
114263893,
119931901,
115104357,
120558505,
115840360,
121489738,
116896170,
112542762,
119457027,
114763356,
120552152,
115786411,
122374596,
116931764,
112756783,
118685002,
114712557,
121067497,
116446048,
123384990,
118005596,
113574747,
119097921,
115319118,
121578358,
116747287,
123091995,
117813600,
113373076,
119034524,
115036617,
121194726,
116487665,
122506121,
117838584,
112852357,
118687066,
113879981,
120027922,
115616368,
121568881,
115438712,
121895244,
116635628,
112446835,
118025249,
113204725,
119477903,
115230704,
121533358,
117330838,
123278116,
118693925,
114296463,
120062885,
115512734,
120652621,
115788156,
122351959,
116904604,
112391149,
119148769,
114916100,
120587688,
115694464,
121555377,
116953250,
112747390,
118652646,
114202654,
120043796,
115134353,
120516825,
116226179,
122191243,
117411700,
113134083,
118540523,
114174922,
119726231,
115230959,
120836138,
116424310,
122101540,
117515198,
112616604,
118143253,
113917192,
119681483,
115509436,
122012922,
117368333,
123589364,
119338695,
114141318,
119945671,
115789466,
121565524,
116743242,
123931380,
118303689,
113429274,
119185466,
114190798,
120792978,
116634479,
122540232,
117746182,
113078201,
118762542,
114223916,
120295774,
116173964,
123256036,
118079791,
113504993,
119064578,
114975462,
120518467,
115696881,
120467325,
116182986,
121727786,
117272861,
112407987,
118163311,
113268925,
119686251,
115190309,
120362671,
115434676,
122665718,
118607980,
114242146,
119415310,
114863919,
120521883,
116216612,
122569981,
117010463,
112937015,
119046812,
113999562,
119994187,
115053135,
120706822,
116180412,
121936282,
117422138,
113044777,
119481852,
114122168,
119671209,
115432175,
121768048,
117508676,
124522491,
119145158,
113785172,
119656519,
115447200,
121310711,
116607593,
122482125,
118416334,
113676404,
119202394,
114608048,
120609492,
115604436,
122026643,
117929822,
113120414,
118855999,
114514300,
120138430,
115273620,
121194575,
116405049,
122433614,
118048006,
114004337,
120294162,
115111464,
131610893,
127084463,
122346420,
117536958,
113174673,
119635088,
114831220,
120302718,
115428894,
122393017,
116952897,
112585851,
118240678,
113912492,
118720386,
114148847,
119676084,
114898251,
120582298,
115771638,
121985977,
117600493,
113021056,
118475115,
113992665,
120465450,
116276913,
122629850,
118044200,
123998403,
118416550,
113713237,
120042212,
115544542,
121752673,
117323603,
112521646,
119447765,
114832537,
120415286,
116103863,
122358753,
117012680,
113285185,
119181481,
115077570,
120235110,
115842305,
121309515,
116615601,
112272284,
118671474,
114676246,
121135840,
116410813,
122662778,
117922823,
113622686,
119197108,
114843887,
121000727,
115580355,
121606302,
116401587,
111958812,
118229759,
113879884,
109755290,
114726024,
120269411,
116503091,
122566355,
118561731,
124227973,
119320284,
114849731,
120192127,
115847214,
120616484,
115968749,
122204881,
118266349,
113929853,
119647143,
115563225,
121738137,
116060463,
122586293,
117763006,
113508192,
119896013,
115388500,
120670706,
116223602,
123082949,
117846765,
112440596,
118880135,
114299884,
120109255,
116250210,
122131581,
116946784,
112474212,
118038305,
113648304,
119289360,
114680112,
120363068,
115728984,
121776729,
117785109,
124394368,
119137451,
114718799,
121081236,
116511489,
123158926,
117504861,
113333803,
108858732,
115475234,
121343815,
117240625,
123393295,
117561357,
113159028,
119381980,
115323964,
121396031,
117071925,
124395503,
118703435,
113499586,
119071306,
114656606,
120886697,
116775474,
123914655,
118832714,
113760709,
118956822,
114440936,
120115260,
116026750,
121991523,
117042075,
123659153,
117422329,
112299787,
117921940,
113425951,
119379779,
115091715,
120983266,
116312884,
122317337,
117100506,
112590662,
118002987,
113516415,
118920014,
114655062,
121035244,
117176091,
123040419,
118791902,
124573098,
118553073,
113466005,
119736893,
115542526,
121066468,
116965777,
123608417,
118167595,
113947781,
119999761,
115871348,
122207892,
118039437,
123178712,
118698870,
114205489,
120364729,
116068200,
122607420,
118564615,
124007175,
119352443,
114389700,
120833419,
115149162,
120941696,
116809794,
123201691,
117959270,
113618665,
119056013,
114671825,
120499655,
115823736,
122092901,
117355891,
112416302,
117777623,
113141546,
118677527,
114309538,
119996391,
114870865,
120821303,
116628439,
122244541,
117567767,
112928163,
119399860,
114950865,
120649533,
115496439,
122046466,
117060529,
112815635,
108362350,
113550195,
119485890,
114953956,
122016712,
117280510,
122553962,
117768030,
123786887,
118730463,
