18891746,
7761801,
7424535,
8016771,
7283031,
7325170,
6946022,
7639231,
6875577,
6864869,
7871903,
6866788,
6991935,
6899278,
6817041,
7195959,
7293965,
7071539,
7085894,
8632004,
6647872,
6791670,
6852267,
6960311,
6940675,
7153103,
7348124,
6868454,
6897998,
6795332,
7360360,
7118089,
6980528,
7128163,
7067801,
7209151,
6628984,
6964071,
7393525,
6887709,
6845023,
6736299,
6686271,
7232069,
7025903,
6831083,
6773781,
7114543,
6753354,
6944035,
6685574,
6527544,
6304500,
6664388,
7039418,
6723552,
6669892,
6858836,
6976467,
7011324,
6748258,
7105658,
6933458,
7073890,
6796815,
6687727,
7038792,
6651163,
7356578,
6773101,
6822304,
6474807,
6657688,
6841169,
6778293,
6800276,
6871596,
6943998,
6906765,
6576398,
7237876,
6901325,
6921085,
7257633,
6868499,
7266303,
7299907,
6522578,
6733905,
6753424,
6831042,
6733370,
7082914,
6835053,
6637958,
7060401,
6749906,
6609068,
7111848,
7011155,
6763936,
6748378,
6845045,
6717677,
6552462,
7065434,
6785413,
7019757,
7156548,
7034300,
6810369,
6887192,
6826532,
6992568,
6803937,
6949719,
10514461,
7058624,
6685781,
7067963,
7033704,
6775756,
6832378,
6534404,
6736107,
6894739,
6836441,
6817556,
6484056,
6391042,
6607744,
6860588,
6632067,
6885734,
6495099,
6543819,
6479312,
6618417,
7050437,
6924879,
6810996,
6832973,
6483079,
6473803,
6766629,
6723161,
6552222,
6572006,
6488591,
19262412,
6443258,
6622245,
6501023,
6581136,
7192416,
6751926,
6753565,
6804057,
6901152,
6712106,
6880082,
6881104,
7521099,
6575852,
6774423,
6752196,
6816333,
6800474,
7017235,
6936108,
6882533,
6751071,
6616419,
6597633,
6714909,
6983581,
6593935,
6614941,
6937365,
6743311,
6613205,
6670584,
6597094,
6981565,
6576548,
6665133,
6851613,
7573703,
6684305,
6641448,
6566765,
6319348,
6555308,
6375686,
6384750,
6325665,
6951466,
6754053,
6731661,
6564205,
6525545,
6719244,
6858679,
6907686,
6969552,
6949596,
6930565,
6981470,
6632450,
6546346,
6649528,
6585852,
6600224,
7069253,
6718072,
6875709,
6955455,
6942150,
6675135,
6680177,
6630988,
6620600,
6391096,
6422596,
6448783,
7357191,
6791122,
7058401,
7428637,
6995348,
6754672,
6776356,
6993665,
6755496,
6898791,
6700070,
6525372,
6932982,
6801416,
6718445,
6715110,
6819760,
6758217,
6542270,
6558165,
6574771,
6646484,
6477716,
6606861,
6476155,
6950193,
6887209,
6979602,
6969914,
6757373,
7264719,
6569539,
6615205,
6505833,
7028321,
6920368,
6802263,
6670624,
6687923,
6458940,
6482169,
6604168,
6686101,
6543198,
6674084,
6625995,
6405232,
6521995,
6387263,
6406223,
6804963,
6553762,
6642768,
6667311,
6566424,
6523355,
6673074,
6494368,
6873700,
6882598,
7006840,
6715086,
7017934,
7045657,
6975828,
6945612,
6801019,
6947328,
6772573,
6831479,
6856263,
6735435,
6653871,
6467260,
6800339,
6595081,
6555843,
6598548,
7053746,
6909565,
6592319,
6741027,
6643506,
6584695,
6671697,
6990072,
6760530,
6596465,
6706816,
7217810,
6857729,
6549451,
6647486,
6579339,
6596489,
6702331,
6596928,
6454652,
6442593,
6828606,
6559998,
6656954,
6808573,
6581222,
6369480,
6243000,
6378491,
6581642,
6483466,
6518469,
6303800,
6893895,
7034927,
7150780,
6300885,
6381577,
6476046,
6386573,
6554632,
6571075,
6537127,
7237130,
7701730,
6814330,
6724477,
6707957,
6677836,
6402285,
6362594,
7252482,
6936448,
6719971,
6768513,
6813889,
7147996,
6893063,
6723704,
6644311,
6553022,
6618356,
7476658,
6886231,
6861539,
6896712,
6643902,
6868270,
6533565,
7116167,
6966084,
6827536,
6481979,
6615864,
6514662,
6473829,
6463183,
6816318,
6569235,
6622135,
7169068,
6627356,
6659140,
6946260,
6834915,
7029172,
6756884,
7267592,
6820513,
6607974,
6637002,
7651182,
6982451,
6871958,
6768813,
6702947,
6912117,
6725557,
6822883,
7134133,
6734600,
6740767,
6838769,
6518639,
6541589,
6832516,
7023533,
6947428,
6857613,
6748104,
6960011,
6911142,
6789370,
6983449,
6837496,
6588322,
6619347,
6692821,
6854480,
6648581,
6712637,
6582638,
6727509,
6777374,
6614441,
6498425,
6585903,
6520116,
6482875,
6825796,
6803459,
6603647,
6675204,
6621871,
6619325,
6645081,
6845683,
6595732,
6861227,
6690405,
6613475,
6855108,
6751749,
6742452,
6547942,
6554646,
6589545,
6708338,
6639318,
6533209,
6632690,
6428969,
6562548,
6707694,
6599481,
6562263,
6715863,
6510045,
6690437,
6879785,
6782739,
6671417,
6519150,
6306060,
7753517,
6550379,
6236405,
6137004,
6318115,
6622145,
6437276,
6470253,
6751444,
6701571,
6615083,
7067410,
6718034,
9634397,
6534845,
6610107,
6525377,
6601681,
6791980,
6722408,
6508259,
6548725,
6819359,
6682721,
6799983,
6736333,
6969327,
6497553,
6478972,
6488462,
6963544,
6728418,
6502042,
6345550,
6421390,
6394434,
6816335,
6759148,
6679844,
6535009,
6596305,
6610211,
6850360,
6830790,
6770796,
6804303,
6749626,
6522678,
6348637,
6341803,
6849929,
6389090,
6446130,
6590698,
6424416,
6465632,
6702207,
6957702,
6694582,
6597958,
6520119,
6815519,
6522390,
6396227,
6582026,
6499105,
6334556,
6390436,
6766377,
6632215,
6546089,
6517859,
6415745,
6655194,
6505768,
6347704,
6426202,
6395201,
6326513,
6334633,
6398866,
6398713,
6272194,
6304184,
6250785,
6493842,
6386393,
6425865,
6839507,
6404489,
6457232,
6301411,
6322865,
6439426,
6451709,
6376739,
6431610,
6247758,
6462926,
6402700,
6443433,
6787129,
6558618,
6356250,
6318237,
7180382,
6556288,
6462997,
6490499,
6406600,
6587028,
6452612,
6277881,
6638521,
6581962,
6618218,
6708823,
6606630,
6646671,
6912553,
6438150,
6464993,
6579205,
6762410,
6712630,
6845305,
7009154,
6491468,
6888270,
6866115,
6762277,
6383116,
6464492,
6590077,
6852065,
6616828,
6617268,
6667869,
6679734,
7027546,
6703081,
6560791,
6808625,
6852183,
7162850,
6724097,
7204930,
7037227,
6728306,
6611805,
6780694,
6976699,
6658878,
6502322,
6658988,
6436203,
6282619,
6455742,
6490842,
6637584,
6536732,
6594108,
6585423,
6420368,
6592205,
6655459,
6422784,
6500747,
6510856,
6554788,
6617761,
6904798,
6602901,
6265184,
6163676,
6145778,
6353654,
7053100,
6828249,
6656601,
6541426,
6481905,
6547615,
6740688,
6654873,
6659524,
6284210,
6566771,
6778886,
6371667,
6877947,
6763016,
6537080,
6769819,
6737794,
6447101,
6619857,
6476623,
6562565,
6860948,
6489329,
6519389,
6765346,
6436075,
6518466,
6865861,
6608891,
6721260,
6519813,
6330741,
6824913,
6697139,
6445164,
6728332,
6469013,
6650792,
6676047,
6645044,
6714670,
6404248,
6605001,
6537177,
6725911,
6865325,
6637308,
6380399,
6511018,
6685377,
6504759,
6592899,
6490313,
6792043,
6311891,
6021743,
6070671,
6124696,
6474533,
6666063,
6479988,
6444449,
6657717,
6507593,
6787656,
6769727,
6520072,
6450900,
6436344,
6539905,
6662074,
6421109,
6752527,
6764420,
6829916,
7114979,
6485763,
6586811,
6708197,
6575628,
6504336,
6701204,
6774284,
6649894,
6513562,
6760786,
6588546,
6417774,
6535003,
6623233,
6520602,
6536790,
6463982,
6579113,
6368900,
6673728,
6556389,
6415354,
6562611,
6652380,
6642105,
6567226,
6636568,
6723284,
6702947,
6441580,
6562433,
6772284,
6723757,
6512401,
6798096,
6601815,
6509352,
6702757,
6470563,
6545439,
6706978,
6834642,
6528401,
6639258,
6634411,
6540639,
6794436,
6869406,
6795186,
6223614,
6681837,
6708958,
6685431,
6726601,
6661967,
6421985,
6426947,
6503423,
6426249,
6363200,
6380213,
6439499,
6531345,
6302219,
6139504,
6341583,
6476170,
6709090,
6365184,
6605467,
6522132,
6596384,
6506379,
6565318,
6333128,
7153873,
6541335,
6753787,
6769250,
6888896,
6558614,
7036824,
6677826,
6903732,
6864109,
6587424,
6709345,
6295053,
6490179,
6238809,
6400772,
6537021,
6729146,
6413262,
6368700,
6544081,
6691521,
6597858,
6434958,
6372710,
6895808,
6727984,
6703492,
6427321,
6413414,
6423092,
6525351,
6725292,
6737160,
6506058,
7093943,
6780096,
6645608,
6576188,
6690691,
6525678,
6903988,
6558795,
7406413,
6563989,
6643399,
6552253,
6477863,
7011607,
6519735,
6568491,
6593092,
6444892,
18462368,
11298572,
10076665,
7273751,
19158753,
7026524,
6664924,
6403150,
6445542,
8848243,
6304827,
6143399,
6322113,
6495398,
6540511,
6555398,
6374953,
6652174,
6569296,
6678074,
6644708,
6399490,
7210893,
6807708,
6521820,
6432363,
6354727,
6565791,
6530436,
6444942,
6367957,
6342635,
6654609,
6924568,
6548320,
6616595,
6527643,
6528197,
6519235,
6798673,
6494097,
6665448,
6752033,
6859819,
6657106,
6698277,
6576739,
7100695,
6805205,
6760068,
6470355,
6612969,
6800016,
6670297,
6855823,
6597666,
6907426,
6558432,
7533059,
6860336,
7014707,
6815921,
6720807,
6690376,
6989664,
6896288,
6737263,
6534902,
6530503,
6632727,
6641074,
6598038,
6628325,
6883624,
7488682,
6477559,
6649906,
6843844,
6640466,
7061311,
7362777,
6845832,
6832587,
6935845,
7268345,
6846140,
7115307,
7165749,
6894633,
6919158,
6905073,
7061718,
6949702,
6879446,
6561631,
6711323,
6720700,
6704267,
6686514,
6926132,
6943398,
6773186,
6673798,
6882758,
6832875,
6857606,
8177614,
6553617,
6727991,
6507239,
6748447,
6626750,
6467660,
6693480,
6706070,
6664839,
6705128,
6755614,
6763773,
6952781,
6674982,
6599921,
7043800,
6821506,
6711630,
6780986,
6635451,
6813885,
6720233,
8330407,
6978145,
7747417,
7167732,
6963784,
7567392,
7964062,
7149655,
7838936,
7836020,
6499077,
6611737,
6915946,
6964159,
7002301,
7034474,
6890899,
7062920,
7066577,
6723457,
7541747,
6744768,
7608352,
7088906,
7350231,
8381598,
6670927,
6790095,
8084811,
6602595,
6690314,
6564321,
6448360,
6615584,
6358514,
6571761,
6754377,
6717467,
6673718,
6557235,
7003015,
9233666,
7151879,
6332815,
6249983,
6389576,
6608892,
7427842,
7830316,
7172672,
7390478,
6681351,
6648021,
6443100,
6544521,
7696188,
6618535,
6620214,
6566590,
6700995,
7767468,
7590931,
6690441,
6760178,
6740577,
6558175,
6670194,
7598958,
6466099,
7198934,
8883410,
7982312,
7392474,
7419913,
6420949,
6391290,
6472540,
7873870,
7792964,
7886172,
7963648,
9053102,
6821745,
7416313,
6548711,
7690535,
6466161,
7491564,
7086769,
6521198,
7331738,
7268482,
6218426,
7694057,
6448555,
6933235,
7691301,
6581613,
6781847,
7589528,
7478919,
6418305,
6842017,
6673203,
8917903,
7474654,
7786616,
7220945,
6618797,
6733575,
7171206,
6513575,
8144534,
6637097,
7584702,
7852400,
6863777,
7393105,
6558780,
7824173,
6745377,
7275892,
6869810,
7033621,
6959618,
7356321,
6687008,
7643510,
6630291,
7929466,
6734913,
8318290,
8051931,
7935883,
7576057,
6748711,
7560622,
7584903,
6518682,
6542626,
6497653,
6628968,
6409928,
6455672,
7273567,
7251548,
7289274,
6428586,
6378810,
6310814,
6435284,
6659801,
6583888,
6580131,
6636158,
7694778,
7515206,
6403520,
6583194,
6551171,
6360043,
6775852,
7263705,
6667019,
6392651,
6482575,
6471206,
6694606,
6399905,
6450845,
6463845,
7603523,
7356491,
6540758,
6413130,
6385367,
6327120,
6587314,
8016787,
6761944,
6483208,
6688673,
6368094,
6585774,
7453072,
6842755,
8679249,
6523297,
6618951,
6535537,
6534376,
6294030,
6500123,
6602848,
6492949,
6452811,
6488522,
6587128,
7594725,
7069454,
6794524,
7105921,
6509874,
6730332,
6396295,
7269731,
6618112,
6493026,
7023335,
6864916,
6479882,
6451029,
6572552,
8081987,
6896866,
7011144,
6777360,
6642087,
6716233,
6894732,
6944689,
7063590,
6755294,
6771457,
6925652,
6804359,
6618533,
6684612,
6861915,
6721087,
6805306,
6656351,
6775303,
6883242,
6761305,
6787200,
6813919,
6950592,
6822376,
7051210,
6901068,
6734168,
6770809,
6766512,
6849727,
6672481,
6860502,
6846355,
6675857,
6537158,
7557712,
6773813,
6882205,
6697807,
6960525,
6900205,
6741236,
6769966,
6832832,
8258023,
6488469,
6652362,
6937802,
6396133,
6836818,
6605939,
6878392,
6866996,
7048817,
6913512,
6729941,
6772166,
6766509,
6859806,
6760576,
6791985,
6566940,
6756414,
6682081,
6759560,
6749663,
6655715,
6793092,
6625338,
6571225,
6680350,
6548883,
6641760,
6604414,
6614855,
6603498,
6664311,
6834178,
6639241,
6799136,
6682371,
6884116,
6825432,
6916078,
6701354,
6720297,
6971311,
6727954,
6873884,
6803268,
6679034,
6699523,
6823776,
6635544,
6709704,
7053701,
6608969,
6795826,
6762829,
6842369,
6684657,
6795476,
6469652,
6504706,
6497116,
6608617,
6463063,
6920954,
6691137,
6675670,
6672347,
7156349,
6716530,
6774317,
6815588,
7082753,
6828385,
6844035,
6592179,
6638130,
6893335,
6644942,
6694176,
6737430,
6769299,
6625688,
6773550,
6739274,
6760836,
6664988,
6573887,
6691425,
6800186,
6730399,
6603295,
6819269,
6691793,
7603328,
6753874,
6928049,
6884027,
6594868,
6767690,
6740494,
6841956,
7025665,
6734090,
6654925,
6963161,
6920519,
7331934,
7021744,
10600125,
6697164,
6962265,
6995728,
6667144,
6783896,
6898068,
6773139,
7017137,
6653275,
7118273,
6796988,
6934675,
6908555,
6842433,
7255202,
6800219,
6713262,
6937935,
6740920,
6853589,
6533179,
6691991,
6882988,
6635881,
6690688,
6880086,
6879622,
6623857,
6926935,
6635369,
6891878,
6638968,
6823651,
6667755,
6543798,
6703074,
6782617,
6604552,
6815560,
7069837,
6979929,
6831113,
6592018,
6858322,
6758537,
6794110,
6658918,
6881126,
6781887,
6794061,
6848948,
6448409,
6798037,
6932413,
6677637,
6794313,
6859618,
6937919,
6856390,
6649562,
7139353,
6955688,
6777309,
6960655,
6979693,
6805789,
6827818,
6768707,
6795517,
6876858,
6665848,
6632701,
6703610,
6937155,
7576631,
6840013,
6915259,
6420553,
6546841,
6656279,
6719977,
6727693,
6589679,
6551845,
6619204,
7340385,
6669634,
6563494,
6561965,
7081818,
6848901,
6604949,
6814577,
6410683,
6453064,
6872331,
6375220,
6295167,
6225545,
6377523,
6552186,
6569127,
6173131,
6079289,
6397573,
6572522,
6595119,
6564954,
6364683,
6452213,
6525986,
6379096,
6516335,
6386227,
6377937,
6578092,
6412603,
6388543,
6371719,
6527653,
6462230,
6531666,
6490479,
6446896,
6568968,
6488335,
6431049,
6676406,
6591511,
6749641,
6623808,
6618968,
6717704,
6894526,
6560954,
6652255,
6839222,
6098303,
6407733,
6348617,
6182411,
6645695,
6641240,
6491341,
6516299,
6831252,
6410152,
6673974,
6655394,
7073037,
6821349,
7035429,
6656002,
6604614,
6581477,
6447480,
6788159,
7007354,
6592465,
6648646,
6528893,
6725414,
6530783,
6595193,
6819716,
6812069,
6628698,
6660966,
6777561,
6882237,
6809986,
6843994,
6658625,
6925447,
6831763,
6359031,
6454919,
6409718,
6319508,
6212258,
6409097,
6281561,
6501536,
6745172,
6719544,
6836706,
6769932,
6546808,
6774896,
6775024,
6721970,
6637853,
6819223,
6767213,
6829496,
6557903,
6816367,
6819486,
6888579,
6800596,
7020947,
6530239,
6538742,
7089563,
6705650,
6748143,
7422701,
6681563,
6407530,
6765039,
6538908,
6762519,
7650108,
6704416,
6725221,
6806228,
6701379,
6644088,
6578864,
7582103,
6606777,
6543325,
6812076,
6675013,
6958774,
6941632,
6705737,
6824056,
6776817,
6752189,
6644593,
6763192,
6642790,
6536441,
6659684,
6661867,
6881022,
6296941,
6224769,
6378007,
6409283,
6617548,
6735706,
6677923,
6415026,
6569668,
6453267,
6380667,
6540434,
6643074,
6460775,
6337193,
6326901,
6924945,
6892947,
6694684,
6664126,
6318739,
6484231,
6653302,
6547872,
6287277,
6404634,
6954940,
6836876,
6647534,
6661737,
6686567,
6625987,
6627444,
6788152,
6640811,
6861651,
6900734,
6822320,
6808350,
6676805,
6963511,
6811366,
6900926,
6899820,
6856774,
6971187,
6998130,
6893273,
6833869,
6876274,
6808868,
7527569,
6744546,
6671267,
6818326,
6686576,
6747786,
6782892,
6840911,
6771962,
6654197,
6899675,
6893613,
6890618,
6690404,
6303304,
6276637,
6861443,
6478826,
6624444,
6442658,
6430039,
6289031,
6535415,
6632324,
7176802,
6775253,
6944222,
6676658,
6612401,
6731344,
6519691,
6735245,
6721755,
6727704,
6927923,
6809972,
6547054,
6261714,
6229037,
6037169,
6302080,
6335075,
6447663,
6500362,
6630402,
6515213,
6686440,
6719427,
6620894,
6884950,
6531857,
6853004,
6676422,
6746418,
6510529,
6526882,
6754190,
6747267,
6646647,
6721837,
6325156,
6681894,
6900232,
6440100,
6788747,
6414033,
6941792,
6849820,
6778797,
6910863,
6906040,
6403853,
6728770,
6907428,
6818663,
6691268,
6897938,
6801303,
6681014,
6527965,
6535461,
6564479,
6319749,
6521259,
6736997,
6841843,
6490709,
6560899,
6913015,
6785526,
6905862,
6512712,
6631878,
6474139,
7073725,
6798103,
6588224,
6660003,
6633084,
6660847,
6887105,
6806166,
6938582,
6631081,
6703873,
6769613,
6701034,
6613550,
6863065,
6715520,
6585419,
6600386,
6791351,
6477335,
6627731,
6535138,
6619715,
6575320,
6606098,
6784279,
6838009,
6943300,
6571433,
7041155,
6864239,
6800936,
6863566,
7527186,
6466166,
6576713,
7019709,
6995041,
6665804,
6900243,
6704338,
6857754,
6887736,
6567736,
6710714,
6628154,
6562371,
6872390,
6769706,
6971161,
6713155,
6605221,
6637104,
6738320,
6847479,
6678045,
6727443,
6818033,
6672924,
7421945,
7083964,
6817410,
6874285,
6831732,
6594701,
6719487,
6889145,
6959411,
6563091,
6555177,
6611691,
6538305,
6812822,
6837202,
6905939,
6802169,
6888098,
6724451,
6766501,
6709241,
6900035,
6725803,
6861745,
6600329,
7677189,
6898139,
6821451,
6626008,
6535146,
6703612,
6926991,
6642516,
6779975,
6784876,
6561351,
6824230,
6741240,
6626331,
6603997,
6675451,
6510532,
6655458,
6617601,
6878282,
6586291,
6537577,
6725598,
6609941,
6438497,
6593891,
6756502,
6720031,
6769503,
6728812,
6764333,
6693390,
6455365,
6799029,
6709917,
6896473,
6379080,
6274053,
6451948,
6608395,
6564811,
6671506,
6631237,
6422358,
6749363,
6799172,
6560119,
6518594,
6559812,
6658537,
6792753,
7196729,
6670997,
6732364,
6529975,
6718820,
6730084,
6589400,
6901007,
6813030,
6909799,
6546439,
6633263,
6663778,
6715649,
6773247,
6904969,
6827570,
6444076,
6567384,
6657938,
6597803,
6754359,
6559109,
6670045,
6433757,
7777120,
6419098,
6588106,
6822676,
6556075,
6520792,
6976611,
6774816,
6363425,
7431352,
6252616,
6218575,
6569884,
6578828,
6303464,
6539726,
6489278,
6901739,
6469720,
7390028,
6828975,
6785720,
6885823,
6701637,
6528928,
6891932,
7808337,
7040263,
6633141,
6854919,
6388604,
6415585,
6596151,
6658701,
6786443,
6843166,
6791533,
6814955,
6675505,
6594060,
6667837,
6586691,
6365674,
6493145,
6667367,
8020854,
6332220,
6576831,
6416896,
6292411,
6276791,
7111899,
6770722,
6365402,
6686620,
6709843,
6680054,
6644058,
6425417,
6619088,
6784376,
6568498,
6554916,
6645409,
6593522,
6601218,
6434393,
6506570,
6568789,
6364100,
6407672,
6315011,
6415799,
6649057,
6526436,
6420316,
6409057,
6526655,
6536502,
6650220,
6422754,
6578416,
6810989,
6955107,
6719516,
6534099,
6481947,
6537101,
6538483,
6507283,
6538477,
6527482,
7127170,
6437655,
6523421,
6569281,
6484179,
6690463,
6767593,
6661956,
6824062,
6794741,
7399528,
6687454,
6714420,
6639567,
6755246,
6614211,
6578049,
6720486,
6638963,
7007218,
6786636,
6705538,
6813913,
6801286,
6683067,
6430230,
6711387,
6402490,
6467477,
6635864,
6650595,
7195370,
6852003,
6688204,
6823028,
8034144,
6688111,
7345508,
7182628,
9177457,
6721642,
6831753,
6722448,
6535068,
6824095,
6697968,
6653337,
6770134,
6776940,
7061204,
6744577,
6738343,
6751083,
6829642,
6882102,
6749960,
6656078,
6711348,
6907351,
6823156,
6687263,
7145383,
6838656,
6838503,
6881682,
6803661,
6897899,
6468091,
6724899,
6732149,
6712410,
6862640,
6814506,
6660874,
6458859,
6668840,
6564531,
6565282,
6601338,
6472329,
6547986,
6259361,
6217206,
6218347,
6513969,
6564721,
6639335,
6466300,
6502976,
6454833,
6641871,
6667567,
6334161,
6557285,
6596975,
6420990,
6377252,
6334643,
6341610,
6521682,
6450921,
6308581,
6258686,
6511448,
6364540,
6242799,
6361605,
6571651,
6246754,
6341567,
6348441,
6362476,
6224231,
6187419,
8565193,
6346670,
6286727,
6401763,
6431136,
6361464,
6577645,
6363617,
6337165,
6337948,
6577442,
6337903,
6378057,
6540745,
6339034,
6215714,
6379911,
6442000,
6356760,
6465073,
6667008,
6513344,
6486637,
6610147,
6614498,
6380288,
6925314,
6486568,
6608815,
6483539,
6434821,
6339160,
6636007,
6500795,
6404193,
6151935,
6106059,
6034681,
6049526,
6027124,
6040773,
6245005,
6143711,
6288539,
6424680,
6410303,
6397146,
6411155,
7054836,
6582381,
6683767,
6566249,
6443707,
5973278,
5851252,
6269068,
6155999,
6147409,
6127741,
6282777,
6432446,
6598138,
6686174,
6647137,
6584041,
6499486,
6583388,
6544479,
6622013,
6557148,
6793323,
6487989,
6373900,
6543839,
6617434,
6543262,
6621368,
6460763,
6827773,
6766969,
6399268,
6514295,
6554955,
6711527,
6784994,
6610438,
6647008,
6817439,
6745817,
6666339,
6416723,
6699450,
6632645,
6615714,
6751982,
6698980,
6542253,
6570532,
6701701,
6787520,
6411187,
6399901,
6273996,
6512258,
6673294,
6624433,
6739777,
6702107,
6490098,
6788239,
6550723,
6555146,
6526705,
6555525,
6489909,
6473209,
6167522,
6586651,
6534366,
6572598,
6460684,
6609968,
6587359,
6500867,
6354158,
6485031,
6707929,
6589157,
6577937,
6538612,
6569641,
6625983,
6615626,
6569765,
6743919,
6737908,
6516658,
6560294,
6386270,
6454529,
6680797,
6626281,
6588879,
6582574,
6728269,
6577684,
6671337,
6541091,
6489446,
6575082,
6732103,
6482723,
6443276,
6584628,
6247762,
6157492,
6363717,
6311899,
5906746,
6052573,
6286237,
6172038,
6321809,
6441367,
6302830,
6361150,
6501318,
6395620,
6591672,
6713872,
6876476,
6829929,
6783889,
6561261,
6674205,
6932314,
6717747,
6635018,
6517062,
6719057,
6669913,
6796647,
6877509,
6887650,
6870665,
6395292,
6700793,
6495710,
6579295,
6559672,
6367794,
6440606,
6665551,
6279845,
6837798,
6416467,
6124815,
6651874,
6620488,
6819742,
6693364,
6851443,
6665936,
6186660,
6197302,
6239321,
6453006,
6176805,
6463266,
6772147,
6504313,
6532775,
6556192,
6594278,
6677956,
6480874,
6180215,
5953718,
5984713,
5901399,
6014456,
6003042,
6053170,
6033581,
5936200,
6413846,
6885188,
6414590,
6345530,
6554282,
6705827,
6557641,
6261905,
6647365,
6731966,
6552728,
6449853,
6408016,
6370586,
6352587,
6459586,
6352712,
6326957,
6487835,
6440973,
6456757,
6406427,
6334560,
6585025,
6402633,
6310634,
6500961,
6677704,
6846578,
6450552,
6526752,
6413123,
6562465,
6652474,
6428480,
6959529,
6566279,
6538605,
6414083,
6452826,
6525568,
6427818,
6193417,
6521353,
6593348,
6601550,
6419871,
6464783,
6487099,
6781785,
6666063,
6565855,
7440123,
6627849,
6652277,
6627692,
6647581,
6513268,
6786982,
6438008,
6569676,
6531262,
6732157,
6688291,
6732480,
6531648,
6246359,
6770089,
6580878,
6918305,
6671467,
6554241,
6370834,
6491370,
6475405,
6387926,
6461346,
6655173,
6483649,
6509702,
6335167,
7252959,
6522991,
6466963,
6582605,
6327255,
6815423,
6321778,
6992222,
6770807,
6941798,
6472283,
6611365,
6495936,
6598388,
6764983,
6679721,
6844438,
6501386,
6599709,
6478779,
6693961,
6661820,
6857833,
6671073,
6802048,
6778500,
6646957,
6421573,
7028954,
6703418,
6707850,
6859528,
6819685,
6421570,
6527346,
6715383,
6597416,
6645444,
6545218,
6838762,
6669460,
6734573,
6499576,
6694441,
6504522,
6662944,
7269002,
6514400,
6377347,
6804136,
6790476,
6489973,
6710404,
6765057,
6622364,
6696830,
6661311,
6655914,
6489806,
6740476,
6539020,
6702830,
7022741,
6985218,
6973147,
6847473,
6864546,
6830602,
6435268,
6966465,
7078260,
6740507,
7268688,
6551028,
6548386,
6675723,
6721213,
6360727,
6419407,
6562952,
6569201,
6647290,
6664882,
6677667,
6597677,
6501947,
6504349,
6740992,
6480202,
6884295,
6743024,
6794456,
6833312,
7026678,
6558020,
6911289,
6753999,
6755153,
6984067,
6802143,
6748136,
6950094,
6691834,
6702420,
7013155,
6670867,
6702407,
6837738,
6597397,
6738206,
6883071,
6622691,
6860785,
6564618,
6383827,
6607111,
6957510,
6650948,
6924394,
6757928,
6813185,
7021511,
6697923,
7317918,
6851682,
6530045,
6675927,
6612831,
6754033,
6833899,
6771362,
6747083,
6671660,
6593535,
6569352,
6632748,
6787919,
6726202,
6526552,
6588245,
6526002,
6642602,
6725481,
6553346,
6640341,
6562055,
6726603,
6493489,
7599472,
6689156,
6691903,
6652468,
6721785,
6605128,
6630717,
6524058,
6496522,
6577938,
7020638,
6498522,
6659154,
6758869,
6474749,
6550092,
6502109,
6531896,
6588931,
6712402,
6468252,
6480596,
26602640,
6535262,
6450025,
6299754,
6450312,
6491712,
6667801,
6441968,
6342556,
6482049,
6508683,
6787733,
6630827,
6652434,
6522452,
6718374,
6505669,
6628311,
6413877,
6352983,
6513129,
6843151,
6719923,
6876409,
6836648,
6936465,
6651887,
6804263,
6742407,
6809696,
6671100,
6768943,
6631673,
6423873,
6407667,
7254771,
7014570,
6683497,
6665584,
6779653,
6910730,
6925062,
6524342,
6726874,
6675017,
7257639,
6914228,
6559063,
6704654,
6368593,
6398437,
6554458,
6420426,
7123338,
6557271,
6549574,
6525309,
6609118,
6481784,
6703938,
6599354,
8149026,
6658154,
6471762,
6603751,
6541168,
6403880,
6940651,
6279107,
6166106,
6225798,
6161379,
6168425,
6173305,
6025729,
5995663,
6693400,
6557579,
6534164,
6419285,
6725104,
7257967,
6518021,
6759226,
6540246,
6509486,
6360364,
6553408,
6464266,
6374409,
6441297,
6661675,
6317788,
6690250,
6755989,
6344760,
6402240,
6638420,
6513681,
7320189,
6764991,
6890075,
6616781,
6424550,
6589824,
6972632,
6531073,
6435303,
6472122,
6481192,
6935736,
6535219,
6654209,
6573936,
6472896,
6903051,
6569522,
6498067,
6816450,
6476557,
6309596,
6782628,
6650411,
6416596,
6541836,
6434529,
6607750,
6478639,
6520289,
6559969,
6807206,
6612178,
6470754,
6542022,
6628449,
6573396,
6604258,
6478752,
6385397,
6358339,
6395259,
6482222,
6616820,
6641695,
6630070,
6361428,
6325193,
6514848,
6544088,
6640470,
6621488,
6418369,
6492595,
6634438,
6585407,
6632383,
6827182,
6340566,
6425019,
6666100,
6714493,
6514433,
6796650,
6462729,
6147030,
6350251,
6409985,
6395240,
6624798,
6266706,
6294848,
6383949,
6601864,
6606399,
6316244,
6706641,
6616923,
6450535,
6256987,
6562191,
6747922,
7160379,
6999526,
6839616,
6686543,
6630994,
6554343,
6390204,
6564514,
6810061,
6542078,
6531585,
6834312,
6694064,
6443932,
6867005,
6533041,
6737650,
6527048,
6354146,
6696700,
6726774,
6628993,
6536182,
6723407,
6654192,
6408106,
6475542,
6985321,
6554198,
6522385,
6328983,
6699487,
6646607,
6493949,
6326149,
6078223,
6150174,
6176131,
6516707,
6342039,
6378997,
6722071,
6422785,
6368587,
6400616,
6434535,
6363158,
6286181,
6805482,
6528827,
6688716,
6877926,
6548305,
6529619,
6383176,
6610058,
6487415,
6288614,
6326697,
6450369,
6640471,
6733009,
6558095,
6546138,
6465076,
6394636,
6394317,
6323498,
6391842,
6477539,
6551138,
6351700,
6473023,
6525592,
6413963,
6153452,
6985514,
6342106,
6608771,
6542768,
7085084,
6689070,
6784897,
6827790,
6477970,
6634451,
6337146,
6271621,
6461441,
6387067,
6319423,
6387187,
7250693,
6923529,
6830563,
6623620,
6698989,
6324913,
6384338,
6478869,
6708427,
6622381,
6588070,
6790883,
6605837,
6472349,
6469166,
6557711,
6329186,
6699044,
6824219,
6509569,
6405770,
6614905,
6506095,
6781023,
7016461,
6645518,
6492326,
6600984,
6579423,
6714013,
6529689,
7066447,
6686597,
6557592,
6720031,
7097619,
6827182,
6421192,
7026478,
6727379,
6845112,
6375799,
6270207,
6595061,
6058090,
6531249,
6591690,
6718503,
6791343,
6951785,
6862373,
6746898,
6554648,
6728120,
6619697,
6880105,
6832872,
6922962,
6976871,
6867999,
6886865,
6924563,
7055127,
7052490,
7091717,
7266752,
6744266,
6937721,
6840826,
6867959,
6642510,
6856599,
6586258,
6653738,
6542617,
6828069,
6786640,
6648356,
6577895,
6631585,
6658526,
6684647,
6663657,
6503395,
6619895,
6926045,
6707944,
6620761,
6914685,
6772229,
6581368,
6827216,
6847617,
6808096,
6881522,
6595958,
6605672,
6717309,
6618129,
6689210,
6875865,
7085079,
7182992,
6919925,
6762319,
6760762,
6690146,
6736599,
6551535,
6581672,
6741346,
7607953,
6856128,
6916461,
6472537,
6673574,
6504722,
6742545,
6612511,
7510760,
6664571,
6815121,
6892856,
6852518,
6908021,
6921195,
6701317,
6663370,
6816733,
6732370,
6679397,
6636355,
6501969,
6499581,
7527565,
6846485,
6542850,
6824629,
6983063,
6429539,
6668111,
6321054,
6366722,
6347005,
6563480,
6647338,
6377864,
6497568,
6403875,
6663898,
6623502,
6667931,
6891225,
6680740,
6625211,
6533722,
6610691,
6723630,
6587898,
6787653,
6721376,
6703220,
7196815,
6565502,
6701339,
6691267,
6477286,
6473935,
6533329,
6993738,
6460997,
7325942,
6694672,
6684557,
6730843,
6809662,
7616543,
6772560,
6576078,
6680389,
6540506,
6800525,
6707184,
6851315,
6586763,
6586648,
6551693,
7639357,
6755252,
6846637,
6569415,
6633578,
6588864,
6510887,
6421922,
6240498,
6451792,
6316565,
7064390,
6832450,
6583834,
6669760,
6952426,
6686383,
6750444,
7067198,
6967095,
6865459,
7019954,
6571455,
6689801,
6714150,
6662767,
7659335,
6773651,
6667159,
6779841,
6560764,
6646527,
6694896,
6556158,
6689836,
7663585,
6697400,
6601431,
6655651,
6973752,
6572176,
6656880,
6496901,
6478942,
6626645,
6805950,
6726550,
6385207,
6740376,
6523855,
6585415,
6913048,
6841352,
6693457,
6583841,
6609648,
7009752,
6596866,
6799383,
6514169,
6822870,
6690804,
6551062,
6811251,
6915225,
6580061,
6591733,
6942205,
6771002,
6775452,
6767514,
6719940,
6896025,
6928349,
6624167,
6405147,
6651096,
7504269,
6763026,
6567564,
6810916,
6713987,
6529911,
6725593,
6743923,
6535065,
6322858,
6518293,
6797161,
6703736,
6625444,
6546084,
6555322,
6344745,
6944884,
6842559,
6531830,
6394913,
6399442,
6541563,
6441585,
6621636,
7069344,
6789709,
6709897,
6540264,
6689147,
6509565,
6451093,
6402736,
6321446,
6691530,
6498923,
6279367,
6577865,
6702177,
6539096,
6378360,
6550491,
6572965,
6415257,
6523089,
6418733,
7119150,
6340718,
6514875,
6454549,
6383089,
7091190,
6755843,
6636218,
6404457,
6877511,
6808209,
6288303,
7019678,
6387583,
6579928,
6549539,
6708380,
6945034,
6708457,
6736693,
6543911,
7268076,
6279902,
6517443,
6792177,
6636642,
6793093,
6834966,
7229328,
6930938,
7115973,
6621428,
6785270,
6728447,
7113516,
6811306,
6613204,
6740980,
6661178,
6740116,
6675744,
6664654,
6593122,
7429362,
6505264,
6692857,
10409717,
6743783,
6630053,
6918049,
6685977,
6702671,
7012957,
6642297,
6702157,
7735003,
6851150,
6669184,
6799290,
6454872,
6720700,
6528999,
6426500,
6947901,
6762246,
6734393,
6682487,
6630704,
6961865,
6626785,
6707910,
7032368,
6681703,
6421117,
6544851,
6620901,
7062473,
6716267,
6559718,
6723473,
6750367,
7252029,
6499994,
6714666,
6544518,
6522159,
6734442,
6649564,
6711448,
6940594,
6737590,
6816455,
7190075,
6733354,
6433523,
6685532,
6631887,
6333716,
6775294,
6599831,
6698490,
6994317,
6745383,
6753699,
6601678,
6787579,
7260048,
6819299,
6723653,
6975804,
6951242,
6558046,
6829618,
7055190,
6612076,
6893969,
6633632,
6559068,
6819459,
6556567,
6781202,
6703987,
6894719,
6857871,
6910020,
6745965,
6500229,
6482969,
6683263,
6569641,
6757927,
6655857,
6649110,
6598129,
6536662,
6879884,
6732186,
6781407,
6719504,
6674080,
6609221,
6610504,
6401164,
6602568,
6366016,
6657924,
6559673,
6908672,
6826262,
6959479,
6792456,
6544934,
6452639,
6600644,
6523181,
6734990,
6997938,
6815038,
7009967,
6859569,
6767786,
6520648,
6702661,
6664093,
6319711,
6293262,
6197935,
6415836,
6328597,
6066116,
6325353,
6263333,
6309924,
6499999,
6625340,
6671563,
6476236,
6332783,
6411493,
6716573,
6644976,
6765879,
6972855,
6572158,
6475302,
6465563,
6510194,
6581481,
6751287,
6678452,
6694851,
6763209,
6521222,
6635367,
6424439,
6605508,
6459272,
6714643,
6510345,
6273782,
6637917,
6380980,
6349946,
7909782,
6839880,
6409915,
6706649,
6696390,
6434634,
6403945,
6568103,
6511226,
6276548,
6376298,
6522909,
6569218,
6393990,
6353223,
6699756,
6459879,
6542451,
6485878,
6512974,
6427864,
6546846,
6695871,
6619987,
6383646,
6438244,
6698520,
6314965,
6249484,
6477116,
6765691,
6480516,
6342702,
6325703,
6640007,
6356439,
6411473,
6887992,
6843805,
6571388,
6193845,
6113669,
6883532,
6558845,
6611215,
6621552,
6481752,
6532765,
6605508,
6200947,
6243149,
6279997,
6685138,
6321498,
6344111,
6650740,
6544726,
6340563,
6500055,
6205026,
6232102,
6250466,
6245888,
6454059,
6246191,
6038970,
6484139,
6521838,
6539577,
6284601,
6771645,
6648838,
6314856,
6483335,
6720653,
6615071,
6521754,
6474910,
6556594,
6390140,
6641180,
6380514,
6757803,
6469277,
6650485,
6616514,
6670210,
6531249,
6935875,
6778652,
6674913,
6593564,
6474905,
6457873,
6429080,
6733977,
6555812,
6411625,
6822066,
6709367,
6849542,
6756066,
6532346,
6897335,
6664615,
6462980,
6941810,
6770780,
6759497,
6668234,
6432569,
6643081,
6861751,
6565200,
8083410,
6848593,
6846811,
6704120,
6563960,
6475185,
7256312,
6158786,
6204695,
6589328,
6562372,
7230338,
6304258,
6480638,
6200826,
6284441,
6328203,
6623605,
6806422,
6843007,
6723527,
6736590,
6853658,
6844282,
6682358,
6797679,
6556389,
6894638,
6778433,
6832205,
6708763,
6730069,
6690043,
6364352,
6815729,
6823946,
6698527,
6788708,
6686312,
6425017,
6534460,
6401643,
6672764,
6695309,
6390403,
6336375,
6756293,
6699497,
6645389,
6476210,
6454461,
6534500,
6578721,
6599748,
6696779,
6822552,
6642435,
6640548,
6487115,
6674844,
6568591,
6506464,
6303361,
6415056,
6684467,
6544380,
6365991,
6452325,
6972584,
6179432,
6325286,
7016314,
6692748,
6777403,
6518556,
6578464,
6528945,
6497329,
6813988,
6682913,
6597781,
6756493,
6729780,
6504845,
6414109,
6649763,
6481560,
6391634,
6851738,
6563229,
6553164,
6608058,
6898428,
6853432,
6733849,
6654122,
6634754,
6586674,
6570101,
6442527,
6342231,
6340730,
6411367,
6318507,
6528716,
6752634,
6450323,
6409672,
6459889,
6638210,
6622564,
6787680,
6770457,
6761559,
6599817,
6636061,
6474386,
6466842,
6468483,
7100134,
6606953,
6711797,
6563534,
6517869,
6641733,
6645200,
6815096,
6800353,
6787343,
6501102,
6677053,
6561132,
6690973,
6785012,
6910784,
6745630,
6548556,
6604112,
6841591,
6745700,
6715999,
6804821,
6751684,
6779681,
6748567,
6670737,
6750766,
6637150,
6699483,
6784621,
6788256,
6483767,
6532980,
6508253,
6420905,
6502701,
6276046,
6879375,
6614335,
6585948,
6644289,
7182120,
6763137,
6820964,
6610907,
6662625,
6813696,
6834254,
6682210,
6868226,
7275381,
6857661,
6706469,
6709831,
6643060,
6803862,
6823924,
7000431,
6726126,
6625078,
6353307,
6521099,
6437466,
6509416,
6319755,
6669117,
6649954,
6500653,
6664584,
6576778,
6544232,
6690443,
6898402,
6774177,
6770526,
7443846,
6814338,
7061851,
6772140,
6940392,
6858801,
6824025,
6830450,
6885238,
6648188,
6713283,
7361736,
6950547,
6492126,
6760610,
6730137,
6799887,
6521316,
6638875,
6533859,
6569103,
6510672,
6830636,
6631752,
6592328,
6605104,
7077913,
7221457,
6515506,
6733997,
6658934,
6462449,
6349988,
6324758,
6517544,
6344082,
6381849,
6706687,
6684292,
6485055,
6423992,
6718182,
6550335,
6579591,
6438226,
6608399,
6879955,
7100351,
6875684,
7086548,
6644176,
7141490,
6820836,
6878378,
6846416,
6807202,
6508305,
6654957,
6734500,
6766485,
6952689,
7009007,
7082300,
6989644,
6791509,
7001364,
7013919,
6800146,
6750491,
6774954,
6796051,
6928578,
6893651,
6661078,
6866992,
6924187,
6832838,
7406233,
6859516,
6856228,
6914705,
6602962,
6602151,
6838579,
6824700,
6882422,
6610661,
6920870,
6763561,
6729756,
6774953,
6872278,
6766421,
6778244,
6666954,
6541484,
6797375,
6516009,
6496242,
6612166,
6383952,
6973550,
6728597,
6656911,
6931656,
6659290,
6854284,
6890602,
6873876,
6892899,
6920838,
6881011,
6539782,
6691478,
6691690,
6831459,
6771609,
6946909,
6717590,
6795143,
6907403,
6844625,
6714181,
7529826,
6755218,
6706774,
6820262,
7448664,
6833292,
6740540,
6799803,
6278412,
6243462,
6453967,
6427849,
6415346,
6593888,
6615618,
6805482,
6639515,
6762224,
6794483,
6839389,
6812709,
6740222,
6748062,
6792414,
6831078,
6699670,
6829978,
7109983,
7040804,
6857063,
7237992,
6914182,
6929557,
6738317,
6562535,
6873191,
6619803,
6716710,
6702920,
6769759,
6670860,
6829975,
6731907,
6702827,
7711367,
6895393,
6835593,
6693014,
6864832,
7390284,
6739721,
6940628,
7011397,
6427937,
6644805,
7631339,
6625445,
8000971,
6866295,
7066517,
6859578,
8454950,
6918502,
6812763,
6769380,
7590819,
8215519,
6937849,
7057313,
6492303,
6874247,
6829518,
6798777,
7649176,
7697019,
6724796,
6557391,
6600638,
6561333,
6486529,
6818559,
6811936,
6770246,
8287541,
6892791,
6656464,
6854522,
6921892,
6828945,
6814661,
6767339,
6776790,
6852935,
6721677,
6829341,
6629471,
6779047,
7580042,
6639913,
6946798,
6531008,
6717394,
6883975,
7063159,
6678233,
6681711,
6791726,
6644888,
7541532,
6645748,
6835462,
7804840,
7807106,
7638001,
6573448,
6510442,
6603658,
6517568,
7265319,
8547499,
6684844,
6656217,
7528132,
6770250,
6627248,
6668031,
7830968,
8904037,
6877548,
6918389,
7005138,
7722207,
8149273,
7965422,
6926018,
7464417,
8128717,
8572335,
7945943,
6674470,
7631121,
8901212,
7973722,
7821847,
8234702,
8109194,
7992596,
7087611,
6445753,
8554559,
6451314,
8007078,
8684380,
6506942,
6732793,
6382246,
7696244,
6464418,
7677504,
6746197,
7874772,
7870869,
7680823,
6536871,
7580352,
6516189,
7892306,
8833641,
6558424,
7750642,
9141971,
6873065,
6596271,
7415777,
6613935,
7789410,
7785871,
7649706,
7421626,
7707081,
7509149,
7356058,
7522072,
6825156,
6573718,
6698401,
6801126,
6887520,
9267886,
8040855,
7928205,
7644033,
6491322,
7543624,
7697427,
6661940,
6461469,
7545339,
6462685,
8521834,
7628592,
7606208,
8515196,
7485104,
7956342,
7111369,
7860060,
7718296,
8069877,
6900795,
6717653,
6355486,
