25466259,
8255352,
8906941,
9330253,
8646185,
8159103,
8155390,
8215983,
7872828,
7637247,
8223492,
7667272,
7933969,
7652220,
8061416,
7883432,
8081098,
8452710,
9049781,
9273579,
7845637,
7854523,
7891561,
7798576,
7770254,
7909452,
8115697,
7906242,
8236504,
7477435,
7602799,
7614321,
8132270,
7926058,
7878759,
7792415,
8000418,
7369994,
7580185,
7755977,
7383598,
7899693,
8020332,
7911569,
7839438,
8086124,
7755662,
7552622,
8213282,
7699552,
7500743,
7548620,
8243789,
7713365,
8026235,
8696430,
7797423,
7568885,
8083470,
7799832,
7617755,
7802600,
7639894,
7866302,
7777627,
7681971,
7654048,
7612638,
7580289,
7695344,
8087873,
7553595,
8071651,
7572818,
7658186,
7922164,
7867218,
8219504,
8079741,
7761686,
7276878,
7378596,
7498631,
7897878,
7592226,
7809511,
7863279,
7829546,
7871029,
7663231,
7650276,
7565318,
7726465,
7966435,
8138380,
8080383,
7655850,
7699038,
7999208,
9175601,
7354681,
8019714,
7778645,
7849829,
7794704,
7630271,
7332177,
7799550,
7587296,
7418424,
7688376,
8006888,
7945908,
7760454,
7735321,
8016371,
7754336,
7763690,
7610729,
7631312,
7736420,
7791533,
7881239,
7860128,
7665012,
7788617,
7948518,
7898976,
7703201,
7670057,
7557190,
7771082,
7555161,
7896042,
7602636,
7528326,
7709511,
7702507,
7744277,
7418892,
7572084,
7671883,
7740134,
8049581,
7675860,
7398896,
7600515,
7435684,
7312931,
20387131,
7595775,
7702056,
7706662,
7855663,
7705201,
7755287,
7527566,
7875184,
7517284,
7504430,
7447410,
7996824,
7565886,
7351353,
7219018,
7111456,
7494770,
7360333,
7524823,
7489920,
7556095,
7638373,
7937773,
7973861,
7606195,
7708049,
7666369,
6968347,
7544929,
7656274,
7408804,
7815010,
7736706,
7764003,
7520666,
7345957,
7407396,
7645457,
7644134,
7213955,
7076028,
7429917,
7545939,
7341527,
7397759,
7764826,
7117546,
7283392,
7357819,
7701738,
7601426,
7369828,
7479943,
7882189,
8002397,
7512261,
7831123,
7704917,
7568866,
7889292,
7745774,
7448047,
7223357,
7674034,
7611452,
7495493,
8247598,
7660738,
7317207,
7496169,
7189136,
7449392,
7036731,
7309440,
7257457,
7248042,
7169452,
7496480,
7849611,
7741927,
7424188,
7687365,
7483329,
7477372,
7831149,
7517293,
8093550,
7589416,
7370627,
7094202,
7401771,
7360763,
7625459,
7205145,
7125769,
7504563,
7869149,
7907487,
7564493,
7494767,
7818720,
7463626,
7396783,
7427902,
7321435,
7542400,
7746380,
7307088,
7587038,
7639267,
8145945,
7578962,
7263319,
7592909,
7457026,
7391309,
7590422,
7428910,
7340528,
7338355,
7191222,
7411853,
7780587,
7606551,
7668559,
7390975,
7583478,
7461369,
7249811,
7368180,
7512029,
7370307,
7552473,
7730020,
7697325,
7329492,
7446456,
7096165,
7174487,
7070699,
6847769,
7325538,
7194754,
7403705,
7286404,
7463447,
6853489,
7291062,
7481306,
7365951,
7258124,
6940310,
7575168,
7312248,
8316835,
7223079,
7310498,
7328801,
7391824,
7697330,
7638840,
7493125,
7278445,
7513069,
7289727,
7479780,
7503003,
7384014,
7435290,
7895758,
7583441,
7660472,
7659141,
7672431,
7710524,
7490941,
7759064,
7857929,
7350643,
7329858,
7389830,
7731047,
7393146,
7518723,
7391792,
7523242,
7309576,
7438626,
7079714,
7056546,
7242235,
7604216,
7487999,
7499483,
7175302,
8180636,
7417747,
7277155,
7845663,
7458655,
7237985,
7184455,
7261208,
7143068,
7614578,
7632818,
7254418,
7376032,
7514345,
7541275,
7580512,
7208367,
7095763,
6875273,
7023664,
7179389,
7139636,
7709084,
7211792,
7285468,
7378445,
7306769,
7396265,
7570153,
7587325,
7306713,
7329075,
7995003,
6961488,
7214019,
7167247,
7094331,
7302994,
7813954,
7307351,
7532124,
7200603,
7583421,
7351301,
7499753,
7480349,
7367654,
7843019,
7474773,
8399538,
7192253,
7349404,
7191153,
7409650,
7525688,
7300962,
7316585,
7241788,
7431630,
7614815,
7506409,
7499601,
7543302,
7160944,
7384746,
7444557,
7348637,
7272786,
7826676,
7454437,
8009515,
7799620,
7944826,
7574229,
7687528,
7813607,
8315629,
7621504,
7732872,
7806086,
7749327,
7796957,
7624175,
7303362,
7393894,
7426407,
7550726,
7426223,
7428723,
7754368,
7453372,
7750054,
8046025,
7025055,
7561210,
7485790,
7455517,
7463852,
7165463,
7477860,
7494387,
7345044,
7302171,
7501569,
7187474,
7204559,
6924955,
6964627,
7106582,
7218079,
7397238,
7421428,
7744337,
7502680,
7483753,
7594861,
7783010,
7557510,
7568345,
7426884,
8018029,
7724810,
7536216,
7382494,
7387178,
7155077,
7572058,
7431797,
7502787,
7539108,
7441062,
8057620,
7351559,
7404209,
7124461,
7351418,
7364376,
7324471,
7578955,
7767570,
7284268,
7836450,
7538111,
7203168,
7327928,
7351245,
7394105,
7311198,
7618418,
7576983,
7717992,
7383031,
7691097,
7594728,
7593402,
7526294,
7427697,
7578419,
7614145,
7688050,
7649137,
7790092,
7886654,
7455956,
7868003,
7591905,
7202453,
7708970,
7181410,
7446213,
7282854,
7225459,
7754320,
7276891,
7597815,
7589513,
7607236,
7689645,
7655405,
7444849,
7738775,
7548120,
7139443,
7515396,
7844370,
7505486,
7703774,
7515401,
7570482,
7582422,
7502302,
7555083,
7597862,
8275146,
7314981,
7340762,
7260858,
7144538,
7517763,
7526110,
7292751,
7253136,
7105403,
7185912,
7244862,
7244096,
7274312,
7429397,
7751160,
7536556,
7379651,
7564709,
7624278,
7500819,
7640885,
7290885,
7783964,
7269693,
6916120,
6845667,
7151097,
7157914,
7278879,
7195683,
7127953,
7517132,
7581473,
7317805,
7330341,
7472211,
7512665,
7322600,
7068791,
6822799,
7438740,
7175528,
7273034,
7879486,
7567226,
7334817,
7637068,
7457753,
7290401,
7047984,
7037448,
7195706,
7313000,
6870920,
6905261,
6921925,
6948789,
7217655,
7053021,
7488786,
7494616,
7603416,
7392647,
7655488,
7499022,
7419370,
7530073,
7508166,
7666150,
7573772,
7214905,
7417880,
7503858,
7610928,
7729047,
7191687,
7597745,
7591245,
7733818,
7610752,
7525126,
7330944,
7503725,
7695974,
7492250,
7446563,
7254532,
7531019,
7132359,
7049964,
6994517,
7057025,
7028242,
7180559,
7130249,
7094456,
7003139,
7041288,
7035598,
7209374,
7280962,
7288094,
7271918,
7477666,
7224868,
7123303,
6852615,
7214643,
7436644,
7763661,
7551472,
7438453,
7240728,
7341307,
7573659,
7786823,
8299908,
7564123,
7904909,
7801307,
7500849,
7546535,
7377785,
7616703,
7676680,
7406966,
7464198,
7186542,
7193235,
7456520,
7539690,
7366767,
7251729,
7499727,
7505199,
7466623,
7269430,
7610222,
7708255,
7641893,
7413847,
7410472,
7325754,
7185239,
7179375,
7550357,
7451588,
7375807,
7494823,
7151540,
7403216,
7558646,
7424447,
7340088,
7485957,
7358206,
7164896,
7276699,
7275288,
7242309,
8181446,
7309300,
7481241,
7295125,
7272135,
7644199,
7394143,
7586686,
7309955,
7427396,
7520339,
7268164,
7507032,
7488576,
7407228,
7154566,
7566789,
7503720,
7360615,
7297474,
7415464,
7394215,
7425032,
7297118,
7371831,
7436940,
7527115,
7284044,
7037176,
7383101,
7335344,
7324015,
7518825,
7069645,
7531243,
7561899,
7462622,
7302348,
7402036,
7355345,
7387158,
7298739,
7257295,
7470927,
7818860,
7453463,
7238052,
8245582,
7138623,
7142518,
7073966,
7067121,
7519473,
7425453,
7779260,
7602651,
7434769,
7418372,
7566321,
7355946,
7621681,
7495179,
7606539,
7321844,
7485454,
7483094,
7566516,
7431561,
7596921,
7318758,
7366877,
7393060,
7715231,
7572357,
7481002,
7402219,
7415621,
7372093,
6812984,
7031233,
7391166,
7212909,
7145529,
7372566,
7649008,
7601222,
7398961,
7300722,
7920509,
7075066,
7228475,
7247332,
7355969,
7384280,
7381835,
7493629,
7165903,
7079632,
7585012,
7389785,
7361860,
7419510,
7693145,
7656945,
7410461,
7469167,
7655925,
7252842,
7486372,
7597047,
7385607,
7434800,
7652209,
7468910,
7289692,
7376827,
7550332,
7982140,
7472653,
7178517,
7683171,
7518519,
7408640,
7420830,
7424043,
7376198,
7369581,
7160299,
7284616,
7207405,
7329657,
7147969,
7297828,
7656073,
7600595,
7594721,
7488921,
7463778,
7526187,
7059257,
7025498,
7388430,
7273894,
7501328,
7338574,
7246189,
7084873,
7223484,
7493463,
7446066,
7662495,
7515584,
7860696,
7239796,
7383534,
7266170,
7270368,
7122517,
7360424,
7652458,
7551770,
8147929,
7398314,
7152585,
7164875,
6883881,
7164969,
7119548,
7084870,
6957862,
7429881,
7543033,
7440804,
7569245,
7696177,
7442994,
7802404,
7445407,
7664784,
7240782,
7479810,
7633221,
7486238,
7532642,
7386748,
7682317,
7486473,
7515890,
7476563,
7340131,
7314443,
7236524,
7744040,
7296731,
7446074,
7251642,
7081796,
6963588,
7519569,
7089080,
7266033,
7339203,
7505522,
7582383,
7554860,
8283722,
7401288,
7291793,
8052594,
7201284,
7468449,
7499729,
7778574,
7392472,
7403994,
7436880,
7632121,
7397541,
7191409,
7500062,
7516037,
7474483,
7336491,
7724484,
7726890,
7496243,
7452303,
7114026,
7388047,
7299721,
7722401,
7852969,
7799276,
7601776,
7577222,
7329592,
7313744,
7441488,
7251394,
7228442,
7274246,
7101700,
7691292,
7524874,
7545171,
7578398,
7764267,
7622728,
7667825,
7953556,
7494554,
7326449,
7680597,
7612784,
7439517,
7420892,
7405433,
7477037,
7615931,
7568666,
7698914,
7607475,
7553710,
7468607,
7392588,
7661604,
7679535,
7544941,
7293416,
7521999,
7683512,
7601005,
7467347,
7440573,
7297887,
7508059,
7448083,
7204205,
7703708,
7530922,
7569049,
7349564,
7392958,
7577372,
7420218,
7587212,
7825996,
7633145,
7449413,
7206722,
7436613,
7206592,
7024460,
8698201,
7393487,
7556743,
7339491,
7582862,
7395289,
7512584,
7533122,
7818563,
7500131,
7597742,
7304645,
7522482,
7637720,
7527429,
7515832,
7392460,
7580768,
7420364,
8299699,
7599372,
7256468,
7523923,
7480200,
7608149,
7410167,
7508383,
8715958,
7605064,
8227662,
7402407,
7281078,
7434048,
7068927,
7262705,
7631861,
7499446,
7433517,
7527086,
7583687,
7587034,
7869386,
7807300,
7822532,
8142771,
7673634,
7304224,
7228628,
7146275,
7275422,
7407344,
7384763,
7302311,
7379268,
7361555,
7299279,
7303578,
7651451,
7471470,
7418547,
7479377,
7657381,
7689710,
7888531,
7661411,
7473360,
7739308,
7568505,
7756211,
7575769,
7457577,
7566852,
7628636,
8019725,
7902175,
7473236,
7556261,
7698828,
7474094,
7622641,
7368600,
7491020,
7460143,
7650604,
7384767,
7505359,
7795455,
7572272,
7536700,
7596965,
7446604,
7316431,
7523355,
7630938,
7577686,
7336368,
7119943,
7245251,
7424546,
7570843,
7472878,
7726193,
7271459,
7338551,
7207641,
7636148,
7426800,
7608595,
7626328,
7445468,
7447877,
7517960,
7600601,
7458357,
7579599,
7247221,
7645864,
7735217,
7323695,
7591195,
7647740,
7769323,
7599979,
7596856,
7560103,
7822508,
7384704,
7231035,
7309102,
7207305,
7241669,
7478314,
7324060,
7291681,
7081637,
7269048,
7202101,
7388073,
7261212,
7265120,
7744967,
7573572,
7493830,
7601543,
7496782,
7180202,
7810753,
6758858,
6973894,
7120521,
7006438,
7200405,
7272291,
7411729,
7424750,
7609165,
7787924,
7632838,
7300113,
7310331,
7453548,
7558244,
7399802,
7442543,
7724901,
7570793,
7350311,
7824373,
7684837,
7337465,
7132133,
7063752,
7107393,
7580651,
7504526,
7439613,
7490614,
7361406,
7497576,
7636512,
7553285,
7384800,
7325866,
7876836,
7318087,
7565730,
7602799,
7414674,
7711720,
7150790,
8503660,
7624682,
7791709,
7780950,
7417847,
7364450,
7382671,
7821356,
7785753,
7620445,
7406482,
7149972,
7606649,
7679000,
7435803,
8026659,
7601209,
7753240,
7414744,
7307742,
7500856,
7344584,
7588452,
7594562,
7579920,
7608976,
7864086,
7516536,
7562965,
7628505,
7487950,
7649358,
7222304,
7237106,
7199646,
7292055,
7294507,
7638843,
7291143,
7770467,
7535756,
7600578,
7235792,
7676579,
7844419,
7698651,
7488217,
7603992,
7458630,
7440677,
7079564,
7168879,
7165049,
7210108,
7324446,
7085826,
7089383,
7236288,
7259219,
7206672,
7102789,
7371392,
7134463,
7409877,
7327595,
7234968,
7451270,
7474249,
7370994,
7571849,
7505798,
7778924,
7592143,
7488309,
7857492,
7561789,
7417813,
7214135,
6872673,
7790924,
7576362,
7514890,
7325380,
7271331,
7298315,
7613135,
7697077,
7700984,
7926598,
7390490,
7382231,
7312796,
7492330,
7681138,
7309044,
7295938,
7023324,
7342914,
7481732,
7454497,
7296227,
7485482,
7441262,
7267281,
7165081,
6932151,
7293932,
7657599,
7661811,
7868053,
7483967,
7913309,
7678933,
7072447,
7263153,
7638397,
7313661,
7558666,
7426637,
7535605,
7677625,
7575222,
7590566,
7370679,
7639722,
7893066,
7584055,
7342284,
7606382,
7950149,
7681818,
7488703,
7653756,
7239968,
6851339,
6790090,
6868055,
7169643,
6989837,
7061286,
7219487,
7360037,
7162639,
7244689,
7050097,
7193459,
7345971,
7241576,
7522369,
7555028,
7487037,
7274238,
7359760,
7712098,
7551210,
7297251,
7027631,
7187117,
7084562,
7385424,
7196539,
7988695,
7052981,
7618500,
7670548,
7467393,
7621241,
7546368,
7642544,
7530086,
7473920,
7282051,
7450903,
7341091,
7574136,
7487436,
8157493,
7373987,
7162336,
7048626,
6957411,
6921905,
7260889,
7556371,
7465547,
7342011,
7429198,
7372555,
7752666,
7410530,
7440220,
7213717,
7267944,
7715837,
7603840,
7422620,
7375528,
7507628,
7515469,
7444264,
7187622,
7351968,
7621818,
7975893,
7588515,
7906746,
7591842,
7389768,
7519869,
7428180,
7401814,
7466176,
7389797,
7592809,
7312813,
7657431,
7677924,
7315604,
7073735,
6997310,
7251993,
7364411,
7246725,
7726764,
7463775,
7676740,
7503689,
7284905,
7432987,
7325288,
7281487,
7158302,
7211362,
7439350,
7552939,
7608045,
7488966,
7716823,
7966402,
7495299,
7510672,
7459075,
8148169,
7153072,
7163063,
7148091,
7313888,
7751466,
7580659,
7468564,
7403113,
7718317,
7468973,
7378091,
7376896,
7741367,
7421690,
7537473,
7467263,
7409151,
7594352,
7433705,
7476815,
7493282,
7352282,
7590259,
7481994,
7357620,
7171018,
7328185,
7099104,
7553423,
7523669,
7243058,
7468187,
7769496,
7353836,
7668658,
7490520,
7615737,
7410447,
7490893,
7296345,
7425813,
7284638,
7499810,
7402275,
7617085,
7371138,
7595591,
7729890,
7648651,
7491441,
7819692,
7916158,
7604535,
7285520,
7564552,
7485649,
7564054,
7609928,
7573318,
7489606,
7521729,
7324367,
7721884,
7635638,
7729342,
8096798,
7913562,
7820846,
7487461,
7420907,
7694695,
7776046,
7848638,
7852887,
7998739,
7674757,
8160397,
7585316,
7786124,
7836119,
7495346,
7560563,
7564526,
7508526,
7638765,
7503916,
7660029,
7426416,
7581410,
7432341,
7420851,
7642941,
7743054,
7707644,
7605940,
7446083,
7404357,
7499008,
7715438,
7399013,
7265342,
7265356,
7454347,
7714354,
7467641,
7634532,
7918862,
7546605,
7545802,
7346560,
7262781,
7114547,
7080057,
7397888,
7141046,
7185832,
7311164,
7251446,
7256131,
7350132,
7408452,
7249680,
7345671,
8270832,
7427719,
7708037,
7172332,
7292795,
7409577,
7172182,
7126960,
7341023,
7396340,
7360873,
7432984,
7293605,
7283475,
7604671,
7506389,
7307028,
7425347,
7423100,
7309032,
7143153,
7219572,
7313501,
7420753,
7623397,
7233025,
7401503,
7445757,
7497874,
7506467,
7179141,
8211183,
7223402,
7388147,
7274417,
7099833,
7374321,
7496769,
7281464,
7135269,
7100516,
7511869,
7685034,
7339358,
7915996,
7617098,
7756154,
7584802,
7107888,
7327827,
7364301,
7598952,
7448651,
7390560,
7131261,
7395800,
7630665,
6932080,
7291191,
7575634,
7414158,
7593932,
7398397,
7313041,
7162345,
7515430,
7471932,
7322184,
7044584,
7456713,
7224828,
7080720,
7453333,
7438747,
7137309,
7334797,
7593645,
7421144,
7186865,
7043968,
6907247,
7315000,
7359184,
7300716,
7187866,
7418895,
7172654,
7396900,
7943329,
7506240,
7351053,
7195727,
7417946,
7206665,
7196275,
7314868,
7377575,
7061839,
7263120,
7243281,
7202927,
7238412,
7006359,
7273074,
7322741,
7133097,
7140222,
7053120,
7413908,
7406457,
7340611,
7815946,
7273296,
7530863,
7131385,
6966344,
7212939,
7189171,
7315719,
7031548,
7251264,
7444183,
7311995,
7580402,
7408412,
7502520,
7136539,
7368488,
7453344,
7168620,
6987447,
7381080,
7179656,
7394091,
7192549,
7091310,
7186856,
7025230,
7306325,
7242040,
7338503,
7059350,
7132584,
7215492,
7489646,
7375340,
7235878,
6930608,
7398784,
7365265,
7316903,
7141376,
7118954,
7096747,
7314964,
7200175,
7058504,
7375388,
7318961,
7484754,
7438072,
8182657,
7413364,
7353241,
7123999,
7302363,
7329815,
7448246,
7212088,
7633405,
7032298,
7068413,
7150996,
7294538,
7238140,
7152362,
7149470,
7351891,
7143495,
7137879,
7336428,
7445433,
7446197,
7359367,
7170532,
7258468,
7210179,
7135493,
6950852,
7422189,
6930404,
7152452,
7497416,
7097955,
7236099,
6997198,
6697404,
7191365,
7337088,
7273720,
7184209,
7340689,
7351663,
7401231,
7046094,
7787799,
6936067,
7054542,
7004822,
7145136,
7411696,
7185855,
6798950,
6715317,
6764669,
6774437,
6938775,
7138610,
7477259,
7152926,
7488714,
7427550,
7381940,
7297838,
7462306,
7478745,
7540359,
7479417,
7192493,
7215173,
7297683,
7531105,
7324305,
7566457,
7386734,
7430116,
7482001,
7796657,
7657085,
7441138,
7406846,
7574720,
7189815,
7611477,
7563712,
7687021,
7561259,
7347421,
7639115,
8129873,
7599480,
7448500,
7129232,
7638366,
7895268,
7654263,
7773038,
7821309,
7468806,
7585475,
7812334,
7855913,
7699704,
7799956,
7406641,
7366938,
7542436,
7427225,
7601464,
7375494,
7350798,
7584135,
7848527,
7522551,
7407705,
7276871,
7155495,
7306318,
7665504,
7290183,
7433787,
7453689,
7317095,
7213766,
7497506,
7494436,
7642681,
7397828,
6862433,
7417118,
7597135,
7144582,
7343132,
7343133,
7580624,
7417773,
8248557,
7449593,
7419675,
7939656,
7315038,
7575144,
7541290,
7684141,
7336728,
7745437,
7538828,
7379288,
7481852,
7452333,
7223103,
7401150,
7585567,
7623038,
7627942,
7550966,
7562170,
7500307,
7439551,
7125247,
7569082,
7671183,
8499100,
7563415,
7373850,
7436220,
7796653,
7460234,
7053294,
7093332,
7550994,
7066412,
7029076,
7095517,
7002423,
7214473,
7455313,
7637899,
7172139,
8516553,
7543042,
7664201,
7148908,
7295857,
7663198,
7505534,
7503594,
7251012,
7295411,
7457410,
7696574,
7871484,
8185507,
7252074,
7566525,
7476486,
7537962,
7019191,
7494322,
7768519,
7562935,
7996261,
7599649,
7413983,
7499792,
7545778,
8237636,
7746984,
7661589,
7504132,
7483905,
7583752,
7605019,
7471804,
7580361,
7414207,
8094484,
7531722,
7311629,
8173030,
7452145,
7152008,
7250659,
7455206,
8000348,
8029027,
9037736,
8017331,
7371938,
7639925,
7927370,
8450856,
7316207,
7862583,
7934576,
7796751,
8012691,
7418849,
7536627,
7647308,
7759920,
7820417,
9363378,
7480505,
8361944,
7582509,
7746787,
7911210,
12207342,
9073665,
8300105,
7702392,
7913537,
7625854,
7716512,
7433597,
7712975,
8139403,
7811515,
7947223,
8066825,
9633917,
7637335,
9497380,
7646128,
8038973,
7788321,
7451770,
8858364,
7460644,
8043360,
7518680,
7581592,
7856996,
7578053,
7596113,
7965482,
7692044,
9413728,
7824369,
7549702,
7881695,
7680759,
8408412,
7417849,
7441241,
7560802,
8107521,
7923685,
9233543,
7827573,
7268081,
7194909,
7740001,
7875829,
7410613,
8009992,
7237114,
7365701,
7339551,
7313811,
7143154,
7410330,
7437609,
7522333,
7314035,
7569609,
7568559,
8031564,
7962212,
7484462,
8828813,
7367643,
7523119,
7743797,
7557443,
7681210,
7776927,
7533130,
7206128,
8913826,
7297848,
7862452,
7298901,
7261589,
7489087,
7310075,
7230440,
7185190,
7409851,
7554626,
7451230,
7282984,
7535550,
7353107,
7211285,
7724786,
7728237,
7993672,
7501154,
7964558,
7354085,
7347482,
7518668,
7649944,
7458020,
7339753,
7573052,
7553736,
7354951,
7617025,
7647472,
7409130,
7207556,
7367664,
7444513,
7643541,
7573139,
7521856,
7541906,
7546682,
7477736,
7311091,
7439699,
7497267,
7428707,
7564385,
7868587,
7454153,
7335691,
7535989,
7463413,
7254768,
7423950,
7460363,
7209858,
7211017,
7085916,
7274697,
7597458,
7404381,
7420346,
7699444,
7553475,
7528792,
7390841,
7302644,
7155656,
7457140,
7591992,
7396926,
7497929,
7358828,
7321751,
7402170,
7414787,
7213948,
7369814,
7317342,
7431033,
7680719,
7293458,
7423304,
7136735,
7468137,
7312934,
7649371,
7358374,
7617421,
7324927,
7397293,
8020352,
7434643,
7188240,
7236481,
7593795,
7719264,
7537786,
7253445,
7222322,
7572036,
7429846,
7375397,
7380914,
7596494,
7092707,
7438297,
7454761,
7430980,
7440713,
7299760,
7561401,
7257099,
7569197,
7600538,
7610564,
7817067,
7601378,
7542485,
7944541,
8874169,
7513209,
7788709,
7317314,
7478782,
7075039,
6962958,
7009376,
7295904,
6980925,
6879802,
6927792,
7155067,
6975701,
7347097,
7506405,
7376187,
7342614,
7944115,
7813646,
7515133,
7626331,
7594648,
7766107,
7516035,
7165522,
7182993,
7516879,
7269682,
7449403,
7326628,
7287361,
7475565,
7544619,
7360027,
7486533,
7310517,
7112190,
7109518,
7698461,
7456257,
7645765,
7192169,
7505700,
8221451,
7418217,
7853446,
7090646,
7831861,
7606532,
7452496,
7614767,
7473005,
7608748,
7503310,
7427184,
7441323,
7370459,
7420517,
7653844,
7632991,
7403373,
7246692,
7686334,
7287742,
7249902,
7402704,
7433560,
6983369,
7161384,
7157262,
7439403,
7587398,
7374045,
7417276,
7508163,
7324340,
6946564,
7335321,
7456992,
7454487,
7558835,
7612829,
7495748,
7349400,
7479622,
7407403,
7357290,
8090102,
7156756,
7501771,
7314981,
7348020,
7517391,
7251165,
7565511,
7557676,
7241999,
7194128,
7195755,
7318590,
7262587,
7587285,
7368531,
7349186,
7198595,
7639901,
7461472,
7122463,
7380414,
7494431,
7273523,
7251655,
7237677,
6993309,
7287191,
7377131,
7441869,
7084369,
7491557,
7706850,
7676073,
7358011,
7493397,
7713697,
7584212,
7713657,
7050410,
7364397,
7601539,
7544898,
7349340,
8424284,
7742829,
7648951,
7308711,
7442106,
7223630,
7491926,
7507382,
7468042,
7500203,
7299261,
7375357,
7715918,
7683591,
7427860,
7655834,
7463936,
7545046,
7646471,
7623874,
7430439,
7211074,
7519357,
7541611,
7580618,
7329022,
7775684,
7642651,
7522295,
7644444,
7300628,
7613925,
7616573,
7417596,
7488187,
7392400,
7540722,
7539981,
7315187,
7531706,
7380871,
7559678,
7424702,
7556236,
8289754,
7382850,
7573436,
7238155,
7338007,
7413918,
7694654,
7723100,
7583704,
7677988,
7620831,
7266562,
7679522,
7360596,
7811856,
7230307,
7361296,
8012997,
7764377,
6927875,
7339914,
7513426,
7384313,
7612835,
7400095,
7327210,
7249602,
7313861,
7542929,
7253447,
7507392,
7386769,
7526749,
7425516,
7280551,
7008965,
6860738,
6767695,
7086007,
7378388,
7365483,
7505292,
7274832,
7270770,
8085704,
7617004,
7482675,
7690008,
7235205,
7642471,
7468020,
7300447,
7312541,
7015205,
7188139,
7208196,
7158819,
7022703,
7089050,
7128366,
7293854,
7228992,
7338114,
7484294,
7495151,
7670133,
7454574,
7384313,
7224423,
7679948,
7872056,
7925622,
7557062,
8390227,
7669488,
7558159,
7549140,
7129523,
7259123,
7477102,
7433640,
7791687,
7296612,
7489855,
8138708,
7247682,
7367811,
8354335,
7974194,
7663260,
7682614,
7718940,
7651278,
7834389,
7671767,
7487459,
7516506,
7609188,
7490306,
7532171,
7515299,
7288806,
7127473,
7184928,
7479047,
7381027,
7398796,
7560726,
7501660,
7564368,
7638652,
7344150,
7499927,
7557464,
7345941,
7152356,
7475673,
8407489,
7335193,
7245862,
7501102,
7531577,
8274655,
7760913,
7428660,
7520659,
7251135,
7640322,
7956739,
7377234,
7391424,
7410911,
7795577,
7575979,
7282029,
7465847,
7881416,
7665248,
7536614,
10335449,
7290637,
7543919,
7543562,
7232654,
7353361,
7323408,
7743640,
7390543,
7250091,
7483219,
7439353,
7670653,
7104893,
7525706,
7691844,
7756105,
7280983,
7213549,
7491849,
7716385,
7385480,
7665762,
7325952,
7722850,
7377315,
7378676,
7678592,
8036592,
7522189,
7607955,
7593874,
7546842,
7495230,
7419270,
7424409,
7380417,
7354541,
7130095,
7352196,
7227782,
7158347,
7297341,
7382154,
7587268,
7622558,
7483217,
7440376,
7182833,
7165082,
7323304,
8126904,
7408840,
7219295,
7254948,
7406435,
7390463,
7625981,
7623688,
7276337,
7040437,
7686081,
7324591,
7289690,
7355774,
7364115,
7538589,
7429480,
7671578,
7620051,
7531198,
7478542,
7378527,
7583738,
7215668,
7183928,
7532755,
7374657,
7266216,
7466317,
7355078,
7511350,
7447693,
7368900,
7518505,
7198423,
7458314,
7501367,
6993316,
7012994,
7317781,
7560982,
7560682,
7463959,
7335909,
8001541,
7439917,
7459259,
7669017,
7747183,
7708920,
7308929,
7415744,
7601511,
7510373,
7409884,
7284268,
7320305,
7437538,
7510648,
7428433,
7623152,
7556478,
7661960,
7654474,
7462847,
7531195,
7196096,
7320188,
7487376,
7342634,
7557259,
7698197,
7411057,
7357328,
7956018,
7607375,
7861826,
7199465,
7431501,
7510368,
7637528,
7687224,
7581105,
7524595,
7467691,
7273322,
7571742,
7465414,
7737737,
7013312,
7535435,
7565256,
7629169,
7575071,
7556645,
7628884,
7673709,
7542970,
7423500,
7540065,
7553877,
7575685,
7503305,
7335227,
7708098,
7289834,
7717768,
7418172,
7366907,
7388564,
7350612,
7223028,
7305858,
7355723,
7632968,
7498557,
7036004,
8285104,
7580961,
7374387,
7385681,
7651064,
7252526,
7620902,
7256584,
7626241,
7364100,
7393958,
7003636,
6928432,
6904202,
6902147,
7081240,
7038489,
7260387,
7139892,
6963743,
7165312,
7404093,
7395006,
7091023,
7417445,
7411888,
7756107,
7469153,
7735414,
7961020,
7559155,
7775461,
7647466,
7702691,
7800952,
7442266,
7670504,
7324947,
7207338,
7172258,
7499583,
7671293,
7346556,
7432797,
8158875,
7283941,
7410323,
7517716,
7412055,
7313848,
7278401,
7462962,
7456086,
7335811,
7707008,
7404952,
7398966,
7457665,
7354229,
7971194,
7395356,
7530819,
7366413,
7461363,
7729320,
7577064,
7739102,
7546338,
7401893,
7596037,
7186815,
7619174,
7431153,
7342743,
7512214,
7577467,
7696277,
7463847,
7442452,
7406540,
7369891,
7616179,
7404790,
7278497,
7122793,
7222901,
8052710,
7473639,
7944229,
7214571,
7549315,
7445390,
7257142,
7446707,
7254611,
7499685,
7283698,
7409752,
7638218,
7658761,
7255221,
7307617,
7344098,
7492749,
7382093,
7632314,
7190440,
7616655,
7407831,
7650924,
7360388,
7308884,
7668333,
7350470,
7371591,
7294985,
7305794,
7631258,
7469223,
7252004,
7263147,
7340454,
7553539,
7439597,
7655511,
7493410,
7467030,
7160706,
7291014,
7230342,
7422450,
7211138,
7898329,
7152732,
7376918,
7439714,
7260678,
7539636,
7323167,
7291094,
7384294,
7587088,
7556912,
7302075,
7595290,
7301541,
7454983,
7431223,
7739073,
7267329,
6999072,
6915408,
7397499,
7373314,
7212570,
7328108,
7442083,
7447340,
7375831,
7399693,
7217312,
7350095,
7262379,
7453513,
7254192,
7645856,
7392603,
7341814,
7392131,
7511020,
7552819,
7473920,
7596112,
7474882,
7578071,
7559763,
7932501,
7650421,
7512642,
7649022,
7527349,
7447010,
7529972,
7744679,
7050706,
7449600,
7697314,
7109270,
7760009,
7405144,
7536272,
7335407,
7329184,
7564509,
7345749,
7445433,
7131711,
7519676,
7157766,
7227212,
7378320,
7358656,
7441196,
7733353,
7416291,
8253660,
7277541,
7346307,
7294737,
7560709,
7293945,
7279382,
7487749,
7515910,
6865981,
7337884,
7433300,
7243665,
7368416,
7238319,
7395626,
7319718,
7338643,
7216045,
7093780,
7341144,
7044094,
7387462,
7007733,
7087425,
7052269,
7501249,
7167670,
7222922,
7517490,
7395454,
7681821,
7524622,
7711671,
7281240,
7410519,
7296301,
7504966,
7688647,
7586568,
7522186,
7256778,
7139052,
7486563,
7882510,
7328741,
7311044,
7316562,
7203562,
7525395,
7337927,
7241829,
7266472,
7290291,
7539052,
7052764,
7224023,
7427410,
7359580,
7715147,
7300987,
7620164,
7299565,
7503899,
7505303,
7473451,
7366939,
7881447,
8017128,
7550712,
7459517,
7510687,
7198859,
7367388,
7488808,
7338251,
7132202,
7204966,
7698555,
7659768,
7210960,
7292301,
7679967,
7116006,
7387471,
7261201,
6937274,
6983873,
7775075,
7311678,
7186591,
7354544,
7183529,
7376339,
7278085,
7340341,
7412133,
7464911,
7341285,
6973195,
7246617,
7302666,
7511155,
7290074,
7450457,
7020664,
7003131,
7259890,
7441860,
7160656,
7096327,
7016431,
7223396,
7228990,
7335774,
7668565,
7030667,
7131619,
6906335,
6965111,
6822809,
6820881,
6864771,
6832541,
7011891,
6842834,
7873493,
7221952,
7409867,
7224199,
7253769,
7250794,
7998304,
7163463,
7858323,
7502876,
7086969,
6957661,
7001774,
7279546,
7146149,
6961486,
7555749,
7484325,
7361707,
7509437,
6968495,
7384743,
6758003,
7138292,
7131913,
7072236,
7100862,
6912411,
6899264,
7011752,
7141408,
7466192,
7233676,
7410000,
7033647,
7374761,
7413629,
7496816,
7384337,
7310501,
7242747,
7190966,
7301910,
7584549,
7379356,
7450666,
7416664,
7464253,
7752134,
7514955,
7563628,
7434067,
7358901,
7374238,
7435793,
7153170,
7292122,
8607141,
7248667,
7612457,
7205050,
7275869,
8172391,
7045026,
6751163,
7013557,
7344813,
7318889,
7533846,
7282056,
7526576,
6972274,
7459939,
7397280,
7298605,
7587388,
7602581,
7312844,
7538726,
7715674,
7056944,
6893442,
7509753,
7343834,
7122917,
7073410,
7224418,
7293568,
7203412,
7036607,
7168963,
7188876,
7030847,
6970594,
7215102,
7100713,
7385910,
7411618,
7160277,
7554072,
7626371,
7368796,
7435842,
7440265,
7198083,
7321306,
7453252,
7440440,
7373567,
7025878,
7371318,
7617561,
7034783,
7717412,
7359563,
7479709,
7176317,
7403891,
7346131,
7449432,
7330339,
7681114,
7200546,
7450016,
7098208,
7138002,
7532315,
7172700,
7280264,
7273364,
7069623,
7443997,
7488216,
7306932,
7641532,
7387024,
7675603,
7394302,
7476265,
7629975,
7400051,
7524772,
7301238,
7475518,
7619009,
7105420,
7966938,
7379201,
7630071,
7623738,
7769187,
7472727,
8297162,
7601958,
7753607,
7317401,
7294991,
7846871,
7217515,
7512575,
7519782,
7337181,
7359573,
7317735,
7604721,
7530128,
7434624,
7350510,
7448983,
7561262,
7388137,
7251011,
7336932,
7151628,
7473003,
7184257,
7549372,
7417412,
7333150,
7263292,
7685223,
7472958,
7473613,
7556915,
7339568,
7365380,
7510685,
7829067,
7538206,
7548118,
7375813,
7363226,
7577608,
7443814,
7307521,
7291175,
8385204,
7632164,
7451535,
7417537,
7539465,
7662800,
7606172,
7757628,
7404946,
7040021,
7629710,
7573268,
7438928,
7828847,
7120267,
7501679,
7312685,
7778894,
7684814,
7813950,
7797050,
7820564,
7767782,
7887150,
7684798,
7451877,
7430377,
7291599,
7749550,
7414338,
7282095,
7590608,
7458901,
7574346,
7501039,
7667325,
7454753,
7571805,
7558193,
7227743,
7178601,
7537274,
7409529,
7583751,
8144494,
7383584,
7531989,
7451414,
7371748,
7558199,
7464800,
7476826,
7411369,
7448686,
7636557,
7700120,
7476670,
7464979,
7491197,
7455203,
7541296,
7546720,
7303277,
7153908,
7266235,
7265795,
7482059,
7407834,
7194482,
7310236,
7466191,
7670680,
7428966,
8464647,
7299773,
7137585,
7400826,
7070526,
7292673,
7290503,
7051142,
7158009,
7372084,
7476463,
7326451,
8053954,
7521094,
7577598,
7487092,
7470047,
7793072,
7436820,
7568583,
7550465,
7259408,
7397750,
7613600,
7299481,
7388617,
7327428,
7522205,
7691698,
7581327,
7386534,
7445936,
7444563,
7611293,
7640068,
7496246,
7398547,
7559189,
7439111,
7421088,
7484453,
7340603,
7596261,
7206296,
7488015,
6866804,
6995848,
7267902,
7349984,
7627688,
7500932,
6978856,
6853894,
6976163,
6939339,
6985838,
7054440,
7304344,
7223771,
7620175,
7376060,
7658078,
7335208,
7474711,
7220407,
7356417,
7154279,
7288935,
7524309,
7491687,
7345302,
7758687,
7546569,
7504903,
6981110,
7322411,
7416725,
7012781,
7140496,
7327903,
7250101,
7149902,
7286314,
7239642,
7338467,
7292807,
7349234,
6978457,
8553805,
7381107,
7536666,
7678900,
7560039,
7614212,
7212752,
7372623,
7197229,
7408755,
7199495,
7316354,
7229088,
7061752,
6849132,
7415667,
7010855,
7109868,
7234571,
7092436,
7209069,
7285538,
7142623,
7449779,
7771196,
7140580,
7267990,
7308375,
7320533,
7963585,
7235378,
7391593,
7194651,
7111840,
7109387,
6944601,
7094360,
7222648,
7396536,
7960373,
7523106,
7456175,
7424794,
7153673,
7317137,
7545505,
7143005,
7629794,
7071364,
7427026,
7277700,
7352417,
7546513,
7298241,
7708528,
7327925,
7229432,
7295387,
7454459,
7285907,
7360113,
7075847,
7144905,
7287016,
7007941,
7217726,
7358775,
7477365,
7094212,
7270257,
7473503,
7444248,
7651243,
8137238,
7203137,
7204862,
7499153,
7469684,
7498132,
7466050,
7604258,
7430371,
7451201,
7396803,
7336576,
7266095,
7539847,
7561988,
7560352,
7276085,
7447269,
7523846,
7378390,
7354755,
7109899,
7429223,
7101353,
7345146,
7618112,
7409260,
7748697,
7210880,
7457224,
7344348,
7724509,
7271024,
7519659,
7348467,
7219319,
7320706,
7285630,
7409420,
7503221,
7486086,
7307867,
7166518,
7578031,
7481794,
7370644,
7222288,
7183994,
7376685,
7138680,
7457050,
7435547,
7093468,
7013163,
7278891,
7581557,
7406340,
7372124,
7347347,
7124870,
7197303,
7243159,
7241471,
7079544,
7972538,
7087363,
7499911,
7337717,
7461104,
7599015,
7501746,
7502352,
7341312,
7416044,
7543119,
7538771,
7367817,
7699740,
7720146,
7600638,
7473846,
7384931,
7085212,
7051533,
7408568,
7438570,
7162636,
7780972,
8267102,
7881511,
7307065,
7158419,
7328070,
7339562,
7070817,
7278875,
7688781,
7152022,
7469533,
7137897,
7213635,
7387123,
7440050,
7347825,
7347497,
7503085,
7260218,
7531206,
7446743,
7585041,
7227524,
7551322,
7634541,
7373647,
7274862,
7427476,
7315363,
7594629,
7165972,
7389379,
7122296,
7207740,
7363619,
7178133,
7572715,
7514408,
7465518,
7268689,
7183478,
7271891,
7578881,
7386488,
7337194,
7225108,
7261891,
7519850,
7525266,
7451549,
7245620,
7279820,
7329317,
7290355,
7198819,
7337167,
7369961,
6945055,
7185883,
7423537,
7318617,
7174009,
7242113,
7001105,
7042532,
6981385,
7364618,
7663278,
7446266,
7314754,
7675296,
7571859,
7360730,
7842493,
7270561,
7310184,
7200007,
6977194,
7127736,
6879423,
7074623,
7387094,
7167392,
7488388,
7397257,
7210004,
7242623,
7019367,
7145496,
7102632,
7114745,
7014838,
7179073,
6980422,
7002086,
7111544,
6814844,
7035369,
7237908,
6967109,
7451682,
7155898,
7267259,
7327158,
7514996,
7283681,
7603341,
7488805,
7468807,
7252529,
7478354,
7265152,
7620215,
7528749,
7239015,
7341939,
7547266,
7745827,
7478165,
7405620,
7458353,
7396910,
7679808,
7497365,
7496130,
7407502,
7550148,
7557655,
7419830,
7479254,
7141263,
7325088,
7625995,
7516069,
7369757,
7268765,
7621488,
7397042,
7349354,
7356654,
7545879,
7286641,
7362571,
7265350,
7189512,
7460600,
7501896,
7440608,
7270177,
7224036,
7009449,
7389782,
7213560,
7449510,
7272611,
7428330,
7657784,
7485154,
7476932,
7245509,
7279020,
7500343,
7264962,
7478164,
7324944,
7245305,
7218571,
7301991,
7194502,
7145072,
7068857,
7534498,
7545359,
7401523,
7511956,
7388942,
7255519,
7466002,
7650971,
7463332,
7539679,
7370475,
7470389,
7520602,
7605961,
7128029,
7236165,
7287271,
7286157,
7306688,
8064088,
7357968,
7379086,
7329837,
7454853,
7672969,
7467534,
7380054,
7367737,
7381012,
7471856,
7567759,
7395043,
7372134,
7384054,
7443998,
7402618,
7513118,
7669008,
7302462,
7419400,
7493475,
7590033,
7590866,
7468232,
7624278,
7556345,
7390100,
7396753,
7447900,
7594228,
7688774,
7743983,
7524412,
7403827,
7330501,
7427727,
7759693,
7427611,
7546216,
7390950,
7836583,
7340360,
7309942,
7902976,
7255365,
7556243,
7672934,
7525965,
7343320,
7447670,
7665338,
7576144,
7424265,
6985428,
7501415,
7208778,
7488650,
7552472,
7317268,
7564066,
7747484,
7358116,
7194197,
7757036,
7633458,
7628625,
7358650,
7347071,
7356595,
7659624,
7212282,
7490676,
7147817,
7368706,
7808633,
7687450,
7459319,
7598308,
7573099,
7528252,
7646073,
7275601,
7311211,
7572514,
7268662,
7229464,
7048226,
7445196,
7324144,
7225345,
7063224,
7601105,
7362679,
7389970,
7649050,
7491023,
7266391,
7489310,
7343959,
7227996,
7573052,
7736907,
7442756,
7472286,
7150270,
7144581,
7054095,
7433003,
7217498,
7199305,
7064047,
7174904,
7322381,
7362000,
7197556,
7414160,
8258862,
7221182,
7433084,
7288382,
7412453,
7441035,
7574790,
7258566,
7496015,
7375015,
7021086,
7414231,
7469416,
7256648,
7093470,
7282174,
7186936,
7375194,
7414492,
7480693,
7507046,
7222959,
7326417,
7289021,
7621657,
7328911,
7440920,
7377100,
7273571,
7529999,
7041894,
7304888,
7705555,
7531503,
7702017,
7432433,
7398167,
7200046,
7097047,
7482706,
7396534,
7472519,
7290468,
7574852,
7884529,
7644041,
7369250,
7340133,
7408140,
7778646,
7254599,
7423479,
7300542,
7443379,
7707813,
7529835,
7526009,
7990035,
7527047,
7187758,
7166299,
7524326,
7269068,
7438636,
7423997,
7602158,
7403952,
7192671,
7629541,
7354713,
7619398,
7457830,
7121833,
7655511,
7832987,
7576416,
7466187,
7417210,
7433293,
7370664,
7440640,
7261855,
7059994,
7235089,
7600675,
7494819,
7285647,
7522994,
7994667,
7281031,
8271709,
7577675,
7444670,
7254379,
6856499,
7027125,
7100520,
7031640,
7144937,
7140345,
7346975,
7579622,
7379713,
7801288,
7216018,
7449781,
7485345,
7411814,
7728111,
8020304,
7763327,
7139497,
7419257,
7391968,
7487648,
7649035,
7182935,
7346831,
7606472,
7609875,
7539489,
7533925,
7411951,
7626430,
8117193,
7554022,
7500475,
7739610,
7265152,
7189116,
7633722,
7588946,
8471521,
7679300,
7803339,
7369269,
7269996,
7439726,
7451519,
7032123,
7329931,
7535015,
7962899,
8968800,
7847815,
7565302,
7637464,
7976718,
7658172,
7808556,
7435613,
7266082,
7555905,
8159819,
7560456,
8978147,
7528819,
7372215,
7288619,
8128012,
7727169,
7943015,
7215169,
7299008,
7673347,
7335394,
7493355,
7452847,
7706711,
7064553,
7415654,
7098497,
7591518,
7824033,
7299871,
7454096,
7176035,
7780074,
7945117,
8385645,
7653311,
8193529,
7909709,
8380208,
8025088,
7849535,
7507846,
7551335,
7802172,
7627972,
8074999,
7957562,
7996098,
7579546,
7695800,
8053714,
7831399,
7883046,
8999322,
8058964,
7837866,
8560374,
7429848,
7561142,
7827247,
8080427,
7881199,
7724151,
8817862,
7270817,
8238432,
7366941,
7448300,
