121563247,
115144765,
15829660,
18879916,
17925133,
113615267,
23485395,
14149850,
114040958,
14113171,
314438463,
214742036,
114787199,
49225900,
113928097,
314281023,
214407840,
115553500,
315128352,
215791423,
116436681,
17369367,
48905926,
114499007,
14334761,
14226528,
14118396,
17385360,
14324955,
19877522,
14018499,
113767814,
15232651,
17683436,
114256236,
14588082,
113996567,
15066402,
114741674,
15514676,
111124531,
14614623,
47569937,
114029202,
14749338,
14409859,
114036873,
14489222,
113430003,
113256341,
314680482,
215231465,
115144687,
17186582,
114034814,
14493600,
715586849,
616098994,
516972059,
417583468,
317634796,
218250060,
118315170,
19737235,
113965371,
14273856,
17012252,
16701846,
13884038,
14022623,
13740262,
113786372,
14287335,
17560185,
13862549,
113612505,
14369612,
313574695,
214290150,
114556187,
112229265,
112609049,
113986806,
14655909,
14226037,
14184239,
13886544,
14069091,
13785713,
13865576,
13853413,
47963458,
13775240,
112391784,
21408111,
21414087,
13684129,
13840582,
13930232,
13840968,
13440678,
13401657,
17268479,
13646703,
113424989,
14188107,
17408491,
113782555,
14809038,
16709755,
113721680,
14173129,
13615664,
13743736,
111802824,
13615458,
113746603,
14424530,
47506073,
314059505,
214594307,
115039573,
16723028,
13578207,
13685423,
17415174,
13539443,
13904356,
13101098,
21205997,
112806668,
14233992,
113138820,
13836446,
113846393,
14707488,
13496465,
13388460,
13154169,
313974731,
214255060,
115148913,
15264921,
113779582,
14705548,
17311863,
13441499,
113454737,
14543143,
21562686,
112318718,
14074606,
49069432,
113799882,
14972460,
113705571,
14288338,
112981100,
113685084,
13980612,
113686190,
13809792,
114035547,
14345335,
113522710,
114134549,
14639279,
13777918,
113683371,
14188300,
313879750,
214429090,
115080641,
48325726,
110505767,
14024682,
46924316,
13434682,
47313957,
13333424,
13511328,
13744020,
113318908,
22835566,
13753056,
47507983,
13810416,
47389035,
14024097,
14135269,
13793810,
112950179,
13951412,
13930090,
13706350,
113748066,
14321838,
112813936,
13838186,
47129484,
13552866,
13915241,
113732233,
14428281,
13567935,
114135477,
15100646,
113491009,
14114581,
113703364,
14150624,
48527036,
13580692,
13376507,
47866323,
13319903,
13485523,
13764117,
112340326,
314778861,
215498693,
115456911,
48350412,
47682981,
13601709,
13688700,
113869039,
14811954,
48550680,
13588062,
113748870,
14311237,
18002203,
13543908,
113721491,
14460643,
13472662,
113741754,
14651474,
113442321,
13827993,
112720320,
112602435,
113620387,
14317269,
49249971,
13463587,
113103683,
14006943,
18316167,
113646161,
14382875,
14109766,
14051127,
13960371,
13673764,
13125640,
109211074,
13126853,
13574714,
13622803,
113113404,
13657814,
13858959,
17658910,
113604280,
21109942,
110665719,
13938327,
13558791,
13705528,
113817608,
14438046,
47621053,
13582042,
20926616,
20502223,
13482264,
20221078,
13698857,
13684975,
16941752,
13575277,
13580451,
13642759,
13773207,
23416741,
13905283,
14115713,
20808425,
21219946,
13381224,
47453015,
206521619,
113605155,
115041152,
14877712,
113450925,
106744450,
111691356,
13813706,
13582192,
48692175,
13827125,
20543920,
13708133,
13561035,
13733111,
13560464,
14187562,
13821051,
13830515,
113887916,
14341304,
13873741,
13702246,
13516875,
47540293,
14049084,
13362744,
13458964,
49156761,
13693424,
113085362,
114454826,
112460215,
112621555,
13954184,
16988302,
113902025,
14712992,
16633100,
17151658,
113797258,
14838513,
13721880,
13924451,
13429850,
113181416,
17386099,
13606287,
20680085,
111584142,
13307654,
113347543,
13525254,
111425442,
112993840,
112337419,
113674578,
14823587,
16681838,
48740895,
114541979,
15378848,
48531304,
13476393,
13432954,
113758464,
14471199,
17189193,
13905283,
17620737,
113762322,
14444080,
47365451,
113722378,
14819127,
47836974,
113361100,
14038827,
47916013,
114071998,
14204269,
113092290,
113835316,
14316218,
113909791,
20433132,
13676334,
13503373,
13810683,
13684838,
17639683,
113939593,
14971616,
114099877,
109668851,
13756235,
112745555,
13659157,
113793010,
14625986,
17477159,
17606247,
14264249,
116095582,
16961796,
13637403,
112073468,
14093678,
17589067,
14143392,
206144378,
113887555,
14518846,
113261994,
21644984,
20990437,
13651225,
13666394,
13891009,
13828088,
114079984,
14811693,
17509076,
113793970,
14702863,
17425915,
17376095,
13943126,
113921725,
14456250,
112926353,
113334576,
47006814,
112905005,
113622933,
114291781,
14269584,
18254126,
112098815,
14115317,
17018710,
113378383,
47792956,
23165570,
19831959,
13463481,
47034686,
13364221,
16944419,
13815005,
49146170,
13613378,
13627944,
14206998,
113990542,
14913506,
113774670,
14602017,
515124475,
415630817,
315936594,
216668513,
117221601,
47459350,
13913080,
14019183,
113805368,
21611978,
20655467,
108179774,
14067421,
20460567,
13617230,
13580488,
13544288,
13456356,
13743656,
13586085,
113750176,
14182380,
113697570,
47678222,
13795084,
13845054,
13955203,
111830261,
14304512,
48481601,
113274309,
21730391,
13850002,
112680939,
14413528,
13608474,
13629450,
13604587,
112506618,
47246350,
112226735,
313489323,
214177096,
114489123,
47650881,
13742733,
113522320,
46514748,
13776541,
17210976,
114276471,
15637714,
13873895,
114261634,
14791180,
313595921,
213976494,
114782277,
113896116,
14041677,
13778387,
114283238,
14978812,
49050495,
113791306,
14694321,
13938717,
113842893,
14220616,
13871851,
47619586,
13634083,
47384062,
13856449,
16873977,
113884722,
15387764,
17507720,
113865785,
14314377,
113434089,
14940918,
112851554,
20795422,
13404788,
114003518,
14564901,
13438954,
13854960,
13346471,
13345470,
113206753,
106656570,
113330827,
13831381,
13478178,
23555536,
13786465,
13678410,
17858098,
114151692,
14832484,
112603104,
113929622,
14653382,
313779810,
214020977,
114617672,
113523216,
14930612,
16321866,
13424451,
113403438,
13858266,
13780650,
13307910,
13448743,
47724346,
16502617,
19609701,
13834666,
13714531,
13663054,
13893187,
13889657,
113901077,
14565902,
47636469,
113564850,
14772816,
13427433,
13765368,
13546361,
17911640,
13846112,
20023840,
13648111,
17498484,
110796891,
113244941,
14102753,
312504098,
213040471,
113731370,
112834115,
16212210,
12959649,
312537177,
213466638,
114350693,
314219856,
214971803,
115517980,
17473823,
13574535,
46812351,
17274159,
13578798,
113555330,
14500370,
112300437,
48469281,
48189822,
113356905,
14082980,
48570781,
114372130,
15396638,
17383970,
113167057,
14136639,
111737155,
113107669,
13989595,
13601488,
17301012,
13403557,
112858066,
48532461,
13735330,
13736832,
17192723,
14206802,
22446527,
13497788,
13103114,
113166227,
14215275,
13293201,
47343130,
13579139,
12862731,
13459220,
13369371,
112001880,
13806053,
13591658,
13480295,
314177533,
214996661,
115446596,
15863105,
313197586,
213651396,
114280953,
112883290,
48566024,
110491081,
13726722,
112300102,
13462334,
714884994,
615552489,
516307199,
417376293,
318049136,
217970047,
117956083,
18294359,
13539477,
13470782,
13677828,
13295668,
13384527,
47214903,
20444201,
13413720,
13531602,
113715434,
15289115,
111603676,
113195788,
14300880,
112675009,
14403007,
112931855,
20103635,
14022277,
13658607,
13008189,
13358002,
48120636,
113245707,
14061749,
13250397,
48854508,
13630915,
13655328,
13560659,
16811599,
48108370,
13602445,
13461516,
13366100,
113513676,
14234032,
113477915,
14639934,
13599334,
113587873,
14709823,
13275867,
111078323,
13515511,
48336526,
13257133,
47276280,
13665204,
113684068,
15370394,
314161449,
214580508,
115265845,
16649781,
46610886,
113882510,
14685972,
113522516,
13798013,
46743610,
13348102,
13274427,
113455902,
112485792,
13579443,
13130293,
13304778,
13763764,
13663495,
20184345,
13291746,
13314448,
113065664,
14027973,
48109922,
17518427,
113660412,
14218252,
13296545,
113312590,
14224020,
113743873,
14088287,
113599213,
14844866,
113716469,
14249007,
112916507,
47879870,
13544484,
113768590,
14159543,
17102142,
46944906,
113337638,
14082749,
13465967,
113073991,
14100920,
17308815,
13660663,
13759384,
48310244,
113902417,
14495715,
16111752,
48519481,
13732680,
47055528,
113912905,
14558105,
13786554,
111876137,
48537255,
13374093,
13448028,
16840493,
19564820,
13533784,
111239884,
47578043,
13625351,
13334275,
13453442,
113419419,
14334284,
113991045,
14449416,
48064389,
113662498,
14433184,
114272840,
16014119,
113569327,
14269183,
112356723,
14460669,
313895726,
215744191,
116426617,
16724769,
111892686,
13634101,
13894656,
17001579,
13933197,
13475359,
13418246,
13304677,
14091329,
46917215,
13507096,
114261306,
110391394,
13853379,
314243853,
214620419,
115519378,
16914936,
49237481,
114295248,
14949875,
17400906,
113850956,
14625031,
313331962,
214119318,
114597903,
112538293,
118085901,
111800002,
21062868,
13620061,
17597471,
13694377,
112731819,
13585037,
46808469,
13664463,
13463942,
14039927,
13376308,
111849007,
113723612,
14590566,
313938326,
214156849,
114764110,
112667963,
48427677,
112071203,
14096647,
112128836,
113520222,
14353582,
113089882,
16929462,
114029535,
14732345,
51815240,
19626891,
13859451,
14132492,
13755025,
14063837,
113645639,
14282748,
306680309,
214569234,
115530434,
17474436,
112959713,
14209131,
13859908,
13524526,
109374528,
13696721,
112982484,
51134495,
13963403,
13787889,
13348864,
52186802,
112905905,
22314599,
14122790,
13698875,
13731041,
14130641,
16743302,
13674437,
13816303,
16688773,
17774542,
114349266,
20426229,
114420055,
20338092,
13713239,
13779495,
17712501,
13680718,
13810962,
114021984,
14668730,
114273779,
15060733,
314223380,
214586392,
115140837,
15708022,
112233706,
113650506,
22586109,
19229765,
13847548,
113111673,
20243781,
113547600,
13715285,
113963091,
14632215,
13753980,
13868589,
13412129,
13796037,
13509025,
113510620,
14062494,
113017255,
48787484,
17464151,
114098393,
14377305,
113494796,
20703615,
22933317,
13878258,
13583648,
13827344,
112834782,
14056153,
13766114,
13853510,
13811687,
13925259,
13709088,
21564894,
14062775,
16718760,
13619139,
13781906,
113714860,
13888670,
49038713,
16531719,
13721504,
314489342,
215010545,
115865181,
16887066,
16737465,
110941699,
13954211,
113532761,
14317144,
16940088,
112320267,
113587769,
14625413,
14004082,
17278737,
113979076,
14869176,
16990656,
113471459,
14337605,
113285107,
112281158,
313696883,
215449791,
116250653,
48913523,
313876928,
214270245,
114974327,
47169478,
113112379,
113621538,
14012667,
16825460,
13795312,
13994578,
13612375,
313824382,
214132189,
114744153,
17616600,
114103291,
14891269,
16500328,
22404072,
23004132,
13641172,
21246344,
13798142,
13800169,
13996007,
52003076,
13641804,
113861461,
14823976,
113855238,
14594162,
13509937,
13683897,
113382253,
48732792,
16968003,
13646775,
21803479,
13582951,
13704485,
113595586,
14270241,
47525038,
13726767,
13551254,
16366902,
13816795,
13714174,
313135362,
213877926,
114861787,
113161899,
48524113,
113483123,
14975228,
114031243,
15655915,
17567664,
48330492,
13715810,
113365809,
14082521,
13779482,
13888505,
13706137,
13645631,
110855422,
13513813,
16671345,
13723614,
47641400,
13413583,
13530028,
113979840,
14575789,
16874385,
14098053,
21072934,
13756629,
113679308,
20415099,
19839072,
13844492,
13859628,
21390721,
112749466,
113944450,
14848942,
16430687,
47928941,
115031524,
15042947,
17248567,
13405908,
13281900,
113498890,
13956348,
49343797,
111920793,
16427547,
50942042,
13506946,
47860302,
13758190,
13647220,
13672494,
13654600,
113269511,
14230888,
113472264,
13965415,
16443318,
13319501,
113215320,
14109186,
13415749,
13732182,
112763719,
17231251,
18374534,
13602960,
113056259,
113812775,
22862717,
13547788,
51966681,
13424039,
48992059,
13735407,
48334255,
13823803,
13490248,
14242814,
13948065,
17343525,
13830285,
17811884,
50395396,
23059548,
14306855,
14076044,
17043529,
47458892,
20923944,
13681091,
13018273,
13421875,
46839193,
107793359,
112732970,
14075833,
16588881,
113256815,
15105874,
47618618,
13759338,
113127427,
20416368,
20719031,
13663717,
112623294,
113690186,
14554503,
13704638,
113680363,
14786478,
313429535,
214209458,
114529565,
714994564,
615286160,
515770898,
416800620,
317311641,
217167383,
117350735,
112624935,
14262036,
48259445,
13874070,
17719204,
113517259,
13932574,
113469459,
13951572,
313645952,
214406751,
114672405,
16663869,
113712250,
14122571,
16666956,
113295055,
13878169,
13609687,
13486781,
19258833,
13944062,
16932144,
46712205,
16818643,
13630771,
13720320,
113981280,
14718384,
46659087,
113713596,
15364704,
714618373,
614984445,
515702389,
416681698,
316591499,
216489286,
116804734,
113210819,
47625803,
17055299,
17376644,
13571178,
13552741,
113562274,
14488673,
13654360,
113072096,
313890508,
715629720,
616235960,
517100780,
418038376,
319002333,
218881467,
118734465,
19130011,
114068531,
14701159,
112573297,
19548318,
13783053,
109613207,
114091733,
14811575,
46958833,
113880186,
14174642,
16997665,
113259865,
113424872,
14450627,
22771792,
13865091,
112905646,
16832436,
13899888,
113389250,
13833702,
48032606,
113025774,
14585238,
113474897,
17353369,
13585798,
13775815,
314034116,
214708470,
115289403,
15815813,
14010165,
114063990,
14486047,
112111924,
313591583,
214711343,
115425274,
15880314,
13600596,
113730206,
14210621,
113503156,
113384023,
48432038,
13835505,
13550614,
46658635,
112176873,
13777170,
13859487,
13797992,
18171037,
114105522,
14771794,
47724171,
13669976,
13782757,
113387433,
13973105,
21931364,
13872113,
13770763,
48257952,
112330771,
14134608,
46468633,
17031597,
13211288,
13369546,
111784104,
13886229,
13399665,
13578164,
13356241,
13527970,
312965294,
213657262,
113855512,
113304910,
313598127,
214437192,
115310699,
15338715,
16250810,
113024603,
14145663,
46962027,
13290647,
48114374,
13605024,
13740130,
17103185,
13713692,
13987627,
112496097,
13592706,
112545550,
21178786,
24256682,
21149167,
13412096,
13498393,
13676077,
13663884,
13710403,
13842681,
314512169,
214690451,
115700089,
16916193,
112746103,
18145367,
13809207,
13856882,
47801277,
13350094,
17104682,
13917996,
13373602,
113918035,
14208320,
47295605,
13717561,
111306089,
21288565,
14027700,
112278744,
19582835,
13905128,
113859391,
14146859,
14088606,
13905750,
13581025,
48563177,
13794430,
113635467,
13880560,
113829529,
15356652,
113734537,
14152722,
13701083,
13590398,
113486019,
19901333,
113947324,
14900821,
112450617,
109067717,
13635424,
13554091,
47117854,
113420532,
21754227,
13668797,
13494656,
13528881,
12966440,
13615480,
313911164,
214325170,
114959655,
16344077,
13319059,
13281321,
13848839,
20957038,
13344035,
13537971,
13320702,
113554991,
14173562,
14048697,
13619508,
13499512,
113900322,
14151341,
13284821,
113190877,
17410877,
13509128,
14039927,
13458633,
113632537,
14283089,
14178393,
13285205,
13481538,
114298885,
14722112,
13550998,
113276397,
13890541,
13489639,
113431070,
14616116,
313674382,
214126444,
114853652,
113522595,
313310614,
214198938,
115474693,
113539923,
15458662,
13411140,
13472688,
13357608,
47403992,
13186151,
13254766,
113468676,
14037347,
112030890,
13461048,
13408513,
113528418,
14001669,
111783363,
13488603,
110630445,
13614067,
113186398,
13805095,
113365783,
13758448,
13522592,
13509315,
13585480,
13756206,
113266173,
14022801,
46910379,
113813505,
14146264,
47637128,
13709560,
114118818,
14941134,
47063767,
13650567,
313169634,
213573257,
114525205,
111851864,
113537564,
14662094,
113102483,
13754153,
13570772,
13748899,
14485974,
17674712,
13762023,
113566792,
14245306,
112921130,
17399076,
114322765,
15039207,
113709047,
20559342,
21256402,
13517605,
13576095,
47969000,
13494694,
13692908,
17535855,
13800585,
51370434,
113148445,
13938601,
13485846,
13573082,
19622551,
112885827,
14119719,
13827783,
13693542,
13818758,
21593965,
13511993,
13664604,
14022122,
13602392,
49587315,
13953401,
13632607,
14221133,
113555904,
21498040,
109663014,
20968212,
13563749,
106893982,
13865665,
314126198,
214766752,
115784236,
16995168,
13723035,
13633277,
113730526,
14130809,
16644627,
112934289,
112901052,
14180452,
112321305,
113300580,
18264352,
114369848,
14287501,
112202925,
14185633,
113743364,
15104926,
112716812,
715919794,
616823803,
516679186,
416827434,
317242076,
217880049,
118730143,
18570761,
48464238,
13979467,
14041203,
113977147,
14799294,
113048659,
16953692,
13820289,
13877544,
17543349,
113470942,
16861861,
114209548,
14709880,
113989922,
23411997,
51859887,
13720390,
13742200,
13614128,
113017801,
23402779,
112857048,
14469134,
17989139,
113340754,
14272288,
13819549,
13393972,
47002488,
13269467,
13953859,
13737459,
113581601,
14269313,
46918737,
112517241,
111670989,
13795237,
13670411,
17369225,
13318130,
107417239,
13509496,
13548698,
13498512,
13515659,
13667384,
13445033,
13459169,
13264903,
114146078,
14907409,
16710162,
113109979,
48896487,
13992784,
13599404,
47549397,
112254865,
113127764,
111623057,
13786862,
17068954,
112347549,
13911411,
112829916,
113357575,
14183585,
112783044,
13511695,
21246609,
112895204,
13868140,
112747335,
112641208,
112741106,
13679855,
112561537,
112617586,
16952040,
114021840,
14814541,
18004850,
113297835,
14264155,
17314409,
13756539,
13830424,
113459630,
14620022,
113174388,
112306769,
112931127,
714342247,
614905019,
515613849,
416056342,
316933036,
217542243,
117430780,
19850308,
13502043,
13596452,
113197207,
14101300,
113582984,
13918119,
111168368,
13686935,
13420169,
13745118,
16961417,
113363203,
13596398,
46147914,
14052284,
114355707,
14935326,
314184768,
214924224,
115707851,
17204039,
714386459,
614696657,
515791392,
416669382,
316485450,
216394717,
116854362,
111299495,
111815074,
14403024,
13796837,
21658565,
13930976,
13453786,
13300053,
113115085,
16940394,
113568781,
14226470,
13553023,
110343466,
112670278,
13623769,
13653415,
13676895,
13408493,
113710790,
14800510,
21733940,
13525418,
13308054,
13893064,
14477179,
114065807,
15869603,
113441289,
17828020,
113849142,
14546509,
313723140,
313627860,
214049019,
114992414,
17483681,
13326384,
13402246,
113011789,
14074581,
113454853,
113951295,
15247519,
48800665,
13900152,
113485513,
14103366,
16649730,
113713422,
14263388,
13744549,
13790393,
13844983,
13706778,
17018764,
18019844,
113669715,
15028906,
113025346,
13935058,
47728005,
48861882,
13727210,
13652867,
49053891,
113581644,
14656071,
313811210,
213958594,
114828669,
46975708,
17769450,
13571578,
13730863,
13927414,
19798109,
13858885,
13708233,
113830928,
14956112,
47157533,
113534751,
113385550,
113372236,
313341349,
214138938,
114721089,
312862691,
213247317,
113691220,
111653022,
112559712,
112359116,
113710706,
14728504,
113484979,
13821513,
17222394,
113829155,
14616069,
17302123,
17384787,
13609972,
13533226,
113390260,
13605547,
13455454,
13618710,
13272497,
714858567,
615209552,
516208918,
417126364,
317587609,
217534795,
117785893,
19225860,
48401389,
13652820,
17559361,
113425250,
14108983,
16801447,
113131335,
13874677,
13437388,
17157418,
13385327,
46644399,
113717532,
15037628,
112001986,
13879584,
13535362,
13662666,
49579420,
13639055,
313850516,
214332660,
115189148,
47805785,
13400480,
13583469,
17241455,
13393423,
13749770,
13536293,
13468995,
13103509,
13097823,
314062915,
214763545,
115241375,
16273595,
13564991,
21819281,
13906115,
113243517,
110534653,
16777819,
17190275,
13120479,
13230898,
113699945,
14442997,
49447775,
113282800,
113476275,
14202060,
112894305,
13850440,
17707439,
17431985,
13946155,
112773146,
48947323,
13767210,
13671167,
314710476,
214567203,
116128859,
112770169,
13758772,
13415494,
47517360,
16629782,
13687317,
13414720,
112930317,
113381062,
113465716,
13657355,
113338469,
14036182,
47326193,
13748145,
13846349,
113304022,
14174475,
17706197,
17334950,
13642514,
113426625,
14308442,
13674003,
13446180,
17798760,
113444745,
14639668,
48241324,
16760363,
113870921,
14399567,
113378735,
14391746,
13888905,
18293797,
113211360,
46618132,
113538558,
113598698,
14614872,
48092412,
13330380,
114146473,
15987351,
18309190,
13645443,
13668198,
47563183,
110350895,
14201009,
114092538,
14745687,
113805429,
14372656,
13789629,
13939075,
13895332,
13620207,
47276830,
17237558,
13834322,
21478749,
13791160,
16588444,
113622106,
14502947,
108807471,
113709226,
14519366,
17351779,
113703924,
14341316,
113047315,
113052681,
14429491,
113511708,
14174439,
113013250,
113909191,
14923139,
112173067,
113116922,
14279505,
111775241,
113039575,
13937388,
112913286,
13804962,
48252933,
17074774,
13990568,
13829829,
13666642,
13790324,
21333981,
108207584,
13678943,
20793666,
20606787,
13598914,
13793345,
13526519,
13587512,
51539469,
13974159,
13695339,
14028674,
49358931,
13779975,
13801933,
112799072,
110521170,
211352913,
114290651,
15279273,
17445418,
112847458,
113609158,
48770385,
22983198,
13787559,
13787829,
17476109,
17683030,
112005036,
18266461,
13885108,
13694683,
13646381,
13784180,
13650193,
17463814,
21349835,
14408437,
21401881,
13694611,
20982835,
14197315,
13812970,
14068274,
14257709,
13987287,
17838483,
14205873,
113338843,
113686021,
14395845,
15336239,
108598527,
13888415,
13354610,
13619845,
112722539,
113698255,
14680921,
112497136,
13817985,
113264581,
14072094,
113535378,
13970000,
112243390,
113133436,
13769774,
48007483,
113398425,
13953799,
112671044,
13721990,
12838355,
112906245,
14100522,
46428887,
113254433,
13841498,
47072518,
113677317,
14894447,
113291530,
314282998,
215001920,
115457241,
16780071,
113724934,
14602272,
314103592,
214603393,
115273469,
16633001,
14264394,
14165806,
13806606,
13671799,
13759620,
13848672,
112966244,
14107445,
113551989,
21205371,
16809325,
17796877,
13821908,
13476713,
17535466,
113653050,
14351362,
112889158,
313867399,
214332928,
114760636,
313990427,
214614916,
115094696,
112392132,
314023213,
214331148,
115203777,
16358112,
13739773,
114070669,
15705033,
13373294,
113502295,
14022277,
13457846,
13832092,
21857615,
13509344,
17380863,
14155654,
14002096,
13890495,
13730751,
13816245,
108762374,
13801242,
13923492,
114209524,
14593037,
113642169,
14200526,
13795023,
14310239,
48812247,
13666594,
13991525,
47333732,
113458614,
14287608,
16751308,
112913830,
13922419,
16859095,
13484468,
114213253,
15526708,
47371735,
113677582,
17695902,
113767765,
14529738,
313320316,
213645795,
114470102,
113081154,
16965369,
114263064,
15733050,
18311127,
17181413,
17890741,
14802087,
113158190,
14538064,
13692224,
13929015,
13704731,
13899809,
17359723,
16908941,
13860612,
19715712,
113331319,
14323784,
13512685,
112433918,
14197673,
21427907,
13823119,
13754877,
21857910,
113713086,
13961292,
113159448,
19402699,
114126113,
14254165,
13715360,
112848287,
13967148,
47548190,
114566668,
15813109,
48853260,
205928962,
113557343,
14950508,
17402562,
113707736,
14456354,
113742229,
14863570,
46980318,
113241242,
13808119,
13314631,
13313669,
112018401,
46462994,
49334231,
14128761,
13601214,
13272515,
19729980,
13729310,
113229824,
21589284,
112986870,
13787740,
48133242,
13932910,
113676803,
14621655,
48675423,
13747117,
13349299,
14209395,
112673242,
113211033,
113580812,
15164113,
49610978,
13570425,
114296838,
15097921,
113554942,
14046700,
17600337,
17678732,
13676163,
16908152,
22432625,
13834330,
13628904,
47300332,
17110491,
13488531,
46772466,
113238058,
14059045,
48010615,
17875577,
13426960,
111960689,
17255933,
13095843,
113136174,
14387234,
16740056,
113572967,
14438124,
113049631,
313471112,
213939018,
114542277,
313286026,
213698798,
114380476,
16378605,
112816458,
113816181,
14591499,
313411450,
213846844,
114138841,
46949679,
48412234,
13259991,
16887224,
13365029,
13539401,
312495323,
212822168,
113670919,
16547633,
113339382,
14070515,
48297106,
13152748,
16246930,
113389736,
14149097,
47115225,
113115299,
13809792,
13456233,
13587218,
14405094,
13438392,
112947749,
13645205,
113405123,
14835768,
13530051,
20743876,
13023923,
13168312,
47319595,
13591582,
47045575,
47658382,
113248263,
14347976,
113516964,
14107132,
17468838,
113676633,
14640095,
112475048,
14188151,
13348437,
21522965,
13736806,
13464184,
17276684,
13580319,
13671680,
112445197,
13891721,
17010998,
14131588,
14147080,
13489662,
13380184,
16659666,
113735502,
14645575,
49465224,
48664482,
13489841,
112455944,
14239719,
113777717,
14217270,
47068038,
113872374,
15335729,
112714306,
14207948,
114104632,
14967980,
113609451,
14096687,
48525476,
13560343,
112496944,
48959182,
18315244,
22042782,
13215991,
16917817,
47317435,
114641578,
14559082,
16899089,
113713493,
14667930,
46742664,
13674274,
113703552,
14280918,
13295215,
13357531,
313797216,
214180873,
114930540,
16551751,
112577715,
13586188,
112948220,
13585922,
112881487,
21595717,
13112464,
13633251,
17741831,
13776726,
13742293,
112486845,
16855878,
16747240,
13597238,
13912545,
112981253,
13945455,
16854277,
113667826,
14466508,
47845654,
16824181,
17507096,
13951357,
47318704,
13605473,
112930823,
313189354,
213719422,
113932516,
111631982,
113312722,
13983245,
13597832,
13147664,
13450052,
16896172,
113601267,
14168937,
17448981,
17373626,
13438353,
13418460,
17505427,
113624365,
22741372,
113338894,
14755133,
13815792,
13790679,
113456994,
15419974,
21672781,
20474230,
113169504,
112814048,
14032524,
46965456,
17354802,
13567268,
113971713,
14885416,
714637283,
615242363,
516038365,
416707400,
316558687,
216799992,
117338827,
17986320,
13268293,
13391405,
48737764,
108574504,
13748326,
13414452,
13711643,
13399602,
113762026,
14803201,
112992802,
13805584,
46780186,
46459103,
113811141,
14783822,
112945295,
113151704,
14200066,
13533882,
13357864,
113737356,
14299329,
18021211,
113989750,
15079098,
17200063,
114484061,
14674694,
114561414,
22315218,
22179529,
14348110,
47683741,
20244832,
114085733,
14809218,
113394621,
114665414,
15513483,
111816904,
113204444,
112377518,
114197209,
14776526,
48281522,
16679742,
13648554,
17323673,
13758432,
114198484,
14789767,
17437162,
46180697,
13683411,
16984114,
113503915,
14796983,
212296714,
114244034,
22647033,
20450212,
47350103,
13531881,
13237753,
13210284,
113368914,
13827219,
13525868,
113737885,
14612955,
16874761,
113659186,
15057148,
113827046,
13744047,
14059669,
13007945,
113486573,
14366977,
113277492,
13515365,
112680069,
13989067,
17116406,
113920738,
14535219,
514974706,
415929941,
316781522,
217242528,
118201622,
112179433,
111753307,
113137529,
17466814,
113667968,
14466053,
46999111,
112849502,
13910461,
13487939,
47228087,
13166808,
113575185,
14389956,
113412025,
14208193,
113808475,
108380502,
13322237,
13276785,
17175612,
47822448,
313488761,
214293665,
114913072,
113305463,
13805492,
48605689,
16973886,
13259414,
14023910,
13699644,
113685919,
14704776,
113604427,
13917842,
113889858,
14518173,
113861944,
15652242,
112413114,
114295106,
21029744,
113456169,
13949661,
13889102,
14243235,
14111580,
13769058,
14060993,
14895989,
13869499,
17842272,
114203274,
16203487,
46984790,
20491709,
14352704,
113091038,
314489136,
215009540,
115841857,
17383994,
205659478,
715958324,
615926468,
517025474,
417885771,
320047341,
219884270,
119726844,
19555549,
114119898,
14410890,
16725711,
13928176,
13677662,
13391700,
114282767,
16038201,
113235212,
114013278,
14507244,
16851031,
13884159,
14149853,
17818846,
21642113,
21576489,
13840500,
14099279,
48344813,
13817180,
112745640,
117822895,
18302045,
114065276,
14816430,
313862062,
214388467,
115348065,
114149790,
15299071,
113118528,
314443858,
214707389,
115657653,
16482820,
47245871,
114077900,
14118514,
13814943,
49272420,
113385925,
14183059,
314330003,
215233230,
115614957,
16136774,
112589475,
17227641,
19381311,
13192185,
48079591,
112158973,
13984164,
13040780,
13079136,
113315551,
14459270,
17506161,
13648604,
13678326,
13534181,
13698648,
13670383,
113841561,
14429790,
113130070,
46527029,
46444840,
14357163,
47618765,
17992842,
113480152,
14122736,
113677241,
14418204,
13706685,
48532340,
14017875,
16880071,
17675748,
17609327,
14072468,
113328025,
117106569,
16959143,
13904804,
17664873,
13750734,
17853605,
47503326,
21781883,
13736530,
18465591,
114267402,
15670941,
17583053,
714046026,
614288762,
515369473,
416112612,
315988103,
216220724,
116840803,
113995949,
14730571,
17615043,
113256126,
22147839,
13394650,
46929627,
17385749,
22144336,
13719057,
112297740,
17479624,
113904083,
14805906,
48405057,
112560056,
14101811,
48893733,
17181980,
113734034,
14466043,
21437205,
113492043,
14136969,
47551485,
113920560,
14661089,
13867146,
47637939,
113753267,
13982294,
17087037,
13578509,
113348578,
14133509,
113030668,
17242071,
113686952,
14372028,
112612563,
14145846,
13682094,
108906885,
17277958,
13528775,
13292177,
112706420,
113533668,
14495099,
13824967,
13689778,
13551278,
46723717,
113758507,
14215876,
17408175,
13561144,
113507657,
14231168,
113588726,
314177414,
215414345,
116300586,
17847359,
49025077,
13591073,
13992440,
314423746,
215242644,
115850068,
17420654,
114201090,
15215422,
47356311,
113704575,
106492884,
113369463,
20915870,
14016755,
49149591,
18841255,
21801130,
14137117,
21453063,
20382320,
107033828,
13926142,
49252623,
13385256,
13668142,
13448340,
13673150,
51324437,
21684680,
19793112,
13848860,
13807799,
22710642,
111707939,
13847985,
111996481,
108684504,
13793043,
46704191,
111804916,
108298355,
13860103,
113870748,
14249881,
313899397,
214190934,
115081335,
23612876,
113051135,
113099825,
13969957,
17635294,
13532513,
13668126,
314195074,
214530187,
115131874,
15680236,
113986593,
14747071,
113478462,
106887380,
13769134,
113179222,
111620275,
13800533,
113307396,
13867540,
13603574,
13610862,
113038123,
113126329,
48338819,
114205633,
15142863,
48494840,
13563194,
13440286,
17258212,
113321002,
13732172,
47184540,
13549630,
13865763,
13602831,
114011749,
14314967,
47023301,
113740732,
13918088,
48428724,
113099570,
13924072,
13894113,
48646902,
13851669,
16955399,
13368425,
13528083,
16636143,
13495629,
13476487,
13611555,
13376812,
46837937,
114734794,
14644991,
113250149,
13652948,
114300477,
15102091,
112900363,
111903157,
13701537,
114192900,
14955969,
113111267,
13928518,
113116704,
14106442,
13364280,
47722559,
113060168,
13533038,
13286203,
13221159,
13275214,
16525583,
113863355,
14183489,
13601747,
113507830,
14745716,
314175710,
214484546,
115490951,
16774780,
47126260,
14352098,
213541958,
114816987,
108931241,
13374146,
13416924,
13653960,
13607314,
113015425,
314190370,
214409227,
115145228,
15649880,
48838354,
114189309,
14566648,
13944174,
313867699,
214092247,
115220657,
49103594,
113766325,
14144896,
13751324,
13455627,
13918950,
49129556,
13733263,
108651546,
13358211,
113539946,
113182800,
19783238,
110569477,
14773956,
112592027,
13710127,
13010998,
13373171,
13410299,
113550743,
14086278,
13749357,
113550798,
14363861,
49430361,
113912221,
15744858,
20610213,
13410087,
13551949,
13755420,
46951839,
13447720,
13818128,
19926114,
13506995,
13445034,
13898228,
13833315,
112013649,
14494549,
13524496,
13856686,
112537810,
13902322,
17806372,
14697979,
13693169,
112867404,
113407684,
14327550,
112571751,
113437794,
13961735,
13341043,
113194996,
13938326,
113196330,
13892771,
113488872,
14183610,
17093062,
113640195,
14569429,
113494011,
113240324,
110055816,
13551624,
13794464,
13609936,
13803214,
49566290,
112149657,
113202012,
20004643,
14408700,
13610747,
13243915,
22546027,
13719030,
113813257,
14801884,
13452424,
113739756,
14304005,
13779716,
113755199,
14381948,
17203262,
113698329,
14453141,
113539577,
23063627,
113030280,
13951888,
13763140,
13795497,
15043192,
113647827,
14269980,
113741083,
14390228,
17484406,
48136393,
113936735,
15102253,
47862097,
47572322,
112867333,
13983367,
47375060,
13180752,
13307979,
112938375,
312634090,
213508607,
114591606,
113313833,
14193036,
13713957,
13263453,
113566030,
15098030,
112943899,
19380965,
13538471,
47695398,
113444355,
14219142,
48735977,
17383211,
13581011,
13421292,
113224217,
113332581,
21188581,
13477317,
113702153,
14424467,
47952405,
113438901,
14785119,
314442872,
215402273,
116270037,
16845357,
48138401,
113815588,
22946993,
13602799,
48178928,
13392221,
113922506,
14401680,
48795283,
18684923,
13516282,
49043908,
113113676,
14097932,
47611808,
113360037,
13974976,
16302585,
13374090,
112905111,
13936508,
112483407,
19956772,
21514412,
51586496,
13632039,
114154593,
14870739,
108184890,
13645017,
113595273,
14229506,
13703127,
13179054,
13362767,
13779189,
20093747,
13725317,
13712788,
48844430,
113074517,
14026853,
13107004,
13173829,
13893816,
112958086,
18349368,
13583958,
13637230,
13335169,
314608504,
215843116,
115894200,
17044536,
13397380,
13907245,
113937101,
14493210,
112923458,
14636724,
23037725,
21227150,
13463649,
13165904,
112876177,
13971629,
48257524,
16993905,
16774599,
13535797,
714557521,
615071301,
516072062,
415979107,
316448644,
216681131,
117421555,
314510725,
215385184,
116208153,
16903262,
112806930,
13548291,
46857505,
13601258,
13641754,
13687191,
13971491,
13699102,
47007891,
14461607,
113109552,
14141880,
13837944,
113758097,
14292130,
13982926,
17391542,
13574118,
17735210,
313281127,
213825238,
114486588,
111334131,
13913226,
13423123,
49565830,
17341872,
14164422,
112148113,
113800042,
16247235,
112968556,
113247119,
14388707,
48138549,
13615291,
113183457,
14261193,
313754664,
214273543,
115110279,
113141644,
106585410,
114432378,
22481093,
13815929,
17793080,
21521036,
13662514,
13699464,
13770947,
13821938,
114095489,
15047434,
13553389,
13589105,
13751888,
113726369,
14401228,
110453594,
13682756,
47191008,
17452666,
13992520,
17806461,
13807365,
313548327,
214398090,
114624221,
16926147,
313616710,
214392211,
114954937,
313253385,
213414094,
114208534,
314356069,
214813807,
116660695,
17708696,
48130395,
114014398,
15354713,
113498191,
14780515,
112045121,
13666371,
112721506,
19584897,
13350916,
47162560,
13278144,
113101675,
14578887,
17789845,
114078015,
14872164,
16967096,
113644483,
14165929,
46849789,
114157212,
14914084,
13978115,
113635897,
14497207,
113950997,
15010137,
714337860,
614740896,
516156592,
416009159,
315889038,
216359949,
117024200,
313318739,
213505286,
114187711,
313568584,
214256585,
114273353,
16682403,
17712967,
111850347,
111908982,
113615322,
14251992,
13771515,
13378913,
13527178,
13601730,
113981499,
15362851,
111669825,
13125272,
113189469,
14233531,
112661299,
107159477,
13250859,
13293855,
111018766,
13388184,
113768558,
14183313,
47653382,
13601378,
113215336,
14419328,
113507537,
14767077,
313245460,
214330721,
114719874,
48639178,
112258319,
113519674,
14680318,
112712422,
714347271,
615246800,
517405390,
417348268,
317649863,
217551518,
118380173,
19618744,
49550340,
13284616,
13897951,
113520576,
20566172,
13941451,
49544567,
113875086,
14294385,
113394361,
113666945,
13673610,
112921680,
13632261,
17419648,
20269394,
21448000,
107870144,
13580812,
13053911,
112633609,
13704574,
12907037,
113592153,
13981191,
13596178,
112373664,
112972599,
13706281,
313979752,
214048227,
115052092,
113489201,
13889516,
113527570,
14230640,
47779792,
13438787,
23384775,
13388955,
17448481,
13514542,
21833417,
13598959,
113315189,
13974608,
17532417,
13408807,
113582424,
13740298,
48452706,
20646033,
13202057,
113261050,
14459083,
111965798,
47537221,
13345143,
13573633,
13558334,
48378175,
17052270,
17167569,
13582125,
13632816,
13554799,
13413543,
13494245,
13600532,
13147102,
113122507,
113256394,
14637824,
113677089,
14213085,
13517831,
113316916,
14877340,
13510989,
17259610,
17262126,
13635005,
313819197,
214463899,
115121116,
16881559,
13798501,
13698664,
13531896,
112992985,
14625489,
113320652,
14210841,
13801256,
13712231,
13842912,
113555253,
14085419,
13529142,
13831279,
21524893,
13646589,
13596045,
13798156,
113268016,
14062854,
112930277,
113769617,
14168568,
13563792,
14584185,
13832242,
112846865,
14161755,
13961097,
14041857,
46981860,
113755245,
14308867,
13506549,
13514371,
13528701,
313755744,
214629751,
115979547,
16364833,
314753452,
215587469,
116371814,
17223717,
314196144,
214541929,
115372349,
109012998,
113974279,
14852311,
13780213,
17042258,
114701788,
15573109,
714532347,
615715394,
515974956,
417040492,
317920856,
218750289,
119064057,
18911867,
114096518,
14603876,
112845855,
14314584,
49994373,
113742187,
14507195,
17474958,
13625044,
17370138,
23690637,
13443963,
13560875,
112768482,
14023772,
47166949,
114013406,
14743913,
13589820,
112675068,
113342049,
22773398,
113737973,
14510480,
13943471,
13802380,
13636926,
20618848,
14267822,
113462248,
14098930,
20706544,
110906035,
13953712,
19128406,
18631378,
112162083,
13791850,
13415530,
13108783,
13109582,
13359087,
112259594,
13672899,
16268115,
109017469,
13157428,
13520242,
13651825,
22940629,
13812258,
16571873,
13650455,
13659958,
13744004,
13874451,
22328707,
106745218,
13857169,
13722242,
14000104,
13469725,
13842969,
13702817,
112699339,
14391477,
113411194,
15066271,
110824059,
19613093,
17339012,
17413169,
18056395,
16501076,
113525774,
14610664,
112906680,
113789363,
14186845,
114083954,
14647505,
47840706,
112202523,
113393811,
14131466,
13769512,
113704021,
15010075,
47376894,
114295949,
113657007,
112556193,
13953886,
112751141,
112734932,
18203225,
112225545,
13872706,
113676978,
14041198,
13715153,
13748502,
113801600,
113371584,
17612460,
13852883,
13654204,
113681321,
108986117,
13802147,
14062128,
14007988,
18107209,
113424025,
14600186,
14026834,
13883585,
114063295,
22608894,
13692443,
113293893,
14106469,
13374084,
108682457,
13566766,
13407498,
21494380,
13608137,
13476430,
114086498,
14435683,
17213411,
13763832,
13855926,
17083373,
113940989,
14544678,
17785229,
48936015,
13726460,
50115739,
13952499,
16737408,
113475491,
20947654,
13795222,
13743320,
18183739,
14000020,
13781658,
314512851,
214760106,
115414755,
15833750,
112608547,
113674911,
21457584,
13953087,
19854707,
13937251,
13829440,
13726674,
13983335,
113951586,
14715717,
112867673,
114068318,
14914108,
113720701,
14497287,
113617867,
14606988,
113535816,
108944741,
13380304,
113520068,
114201385,
14872015,
113362062,
14700483,
113647655,
14152467,
315545641,
216156958,
117127669,
18105832,
113760210,
15069674,
13773607,
114042449,
14618151,
212977346,
114017698,
15668408,
13426130,
13474612,
106600157,
13427638,
314074918,
214583711,
115475038,
113360168,
47126290,
113570180,
14446046,
113814227,
20311174,
20745913,
13666875,
13797752,
13978191,
13543431,
13429881,
13337774,
112416585,
113333329,
113226050,
14347541,
13204277,
13203665,
12916435,
113121233,
14475308,
17286702,
113330185,
14324999,
13225371,
13307916,
13864574,
113089449,
14107957,
13728327,
46825834,
113045220,
18193548,
13684001,
113395331,
14215820,
13871160,
113320192,
112859417,
108464119,
13284764,
111204715,
13908652,
13244902,
113295857,
13977347,
13370057,
13761104,
13272216,
112950112,
13919369,
13720409,
47878646,
112602934,
113604073,
51473504,
47818604,
113861926,
14514975,
13931551,
112848723,
112856377,
114190691,
15678757,
113953796,
14486059,
314097110,
214757603,
115589705,
17172078,
17263596,
47356539,
113477303,
14293081,
13606000,
13577567,
111414163,
13560561,
13089231,
46577255,
13551698,
49271160,
18700169,
13844189,
18674056,
19028641,
113991823,
15231162,
48824916,
13757939,
13310556,
13537984,
112115932,
13934233,
16846158,
113288072,
14208683,
49324815,
112458358,
13530601,
48436035,
111394470,
46783788,
13786307,
48611602,
113659921,
14518742,
113054065,
113143000,
14166650,
46590972,
113259025,
13812847,
313595010,
214030000,
114880753,
14875791,
13606794,
22611228,
21403887,
13118715,
106193750,
313788038,
214468024,
115257374,
16355632,
112748303,
111952659,
13768169,
113603200,
21602682,
114225704,
15278275,
13641051,
13630503,
47219758,
16880297,
16889072,
112801728,
13639841,
16889427,
113593139,
14737721,
13797441,
17622976,
13550729,
13502589,
13522895,
113260094,
14025946,
13606773,
13613940,
14249192,
13762327,
13574501,
112948447,
314045838,
214516347,
114995537,
15322512,
47405131,
13592519,
13557130,
17174821,
47771796,
16890002,
46944283,
13230672,
13080156,
16023781,
12944982,
46080168,
12798808,
13056800,
13094351,
112624999,
13475645,
17562533,
13037786,
112867593,
13916068,
13387193,
13208589,
110159140,
19563265,
21387222,
13200501,
13036879,
46279531,
112996307,
112980195,
13805886,
13739980,
13503764,
16614696,
13589438,
113527032,
14104830,
46792637,
112926419,
113543141,
23080778,
13736311,
113304609,
113274281,
13459833,
17506239,
48647920,
113541085,
14154859,
13560302,
114298385,
14193146,
48814579,
113730739,
14179625,
112542515,
112338282,
313680063,
214319215,
115043656,
16922259,
47424257,
113511731,
15087753,
17204136,
113031628,
14103803,
113687101,
14112085,
13642241,
113495123,
111587560,
14168344,
13823603,
13794400,
13784236,
13617100,
13656805,
13851089,
17380650,
13886336,
48504345,
314137194,
214722287,
115432972,
20276225,
13742588,
13719980,
112284351,
22207346,
48692289,
52067633,
13890946,
17330788,
114209621,
52216174,
51139073,
113420355,
13885320,
113870065,
14883600,
111182588,
49308347,
13867716,
13777844,
13306568,
13581945,
112357293,
20216825,
20684788,
13519035,
112885630,
17031448,
13539193,
13640252,
13725543,
13695246,
17613915,
13581234,
13918528,
17545074,
113683699,
14243091,
48264506,
13859938,
113894989,
14639908,
114328136,
14936661,
113024170,
48702355,
114316599,
14748853,
18023578,
47865026,
113932797,
14775597,
17230054,
113216526,
114370439,
14807996,
113043618,
48537600,
111143035,
13972883,
47023802,
112530957,
313948809,
214680848,
115408259,
16584227,
113889417,
19859511,
13949674,
48947635,
13563346,
22420416,
112907259,
13976891,
312729446,
213080500,
113795491,
313590448,
214391886,
115169413,
314158143,
214776426,
115798745,
16728485,
46781689,
47764086,
20505772,
13648314,
