12650827904,
39010434,
25995291,
33480438,
28224665,
23003977,
30519678,
25280753,
41698263,
36475074,
33647160,
30683142,
28437885,
23170115,
23124396,
21711411,
21530420,
21041040,
21169778,
22159050,
20674550,
19752215,
18868435,
23420060,
21058936,
23303847,
21109850,
19951254,
20305313,
19222470,
22003965,
21051229,
19687738,
17692700,
19910170,
17553230,
20379918,
23526242,
31901029,
26747351,
21538371,
21712146,
24419665,
21805497,
21719339,
21758624,
21673068,
21319604,
21585528,
20454750,
19348437,
20669715,
20638593,
20678690,
20449425,
19186847,
21744319,
21584538,
21382089,
21340680,
21334592,
20990248,
20929165,
20953991,
21405975,
18998040,
19118539,
20655701,
24607785,
25707695,
20474139,
21973101,
19798815,
22929648,
21550792,
21424294,
21474540,
21261632,
21505893,
20889935,
17871610,
21125833,
20841178,
21446308,
20246997,
23244698,
20911569,
23289753,
21124487,
20043476,
19275114,
21278204,
18277805,
22851221,
21147208,
20684981,
22628980,
20229888,
21790329,
23875940,
22754857,
21709341,
21696452,
21380239,
18924788,
21762181,
21638529,
21405165,
20246122,
22086518,
22801256,
25212785,
20003753,
20721862,
22167410,
21249226,
18012211,
20942500,
19844984,
23182388,
22179318,
21108709,
18091445,
21467295,
19472448,
22229403,
21138546,
22027167,
21711616,
20621031,
19424740,
20847715,
25152477,
25802573,
20667613,
22131860,
19464358,
19072268,
22492153,
20790282,
22271283,
20876429,
23806945,
21551136,
20442159,
19018432,
21746458,
21801173,
21526302,
30666191,
30829480,
19123030,
21952038,
21726431,
19098096,
21795298,
21701840,
18805136,
21444889,
30113060,
24944787,
24677943,
19498659,
20933403,
20055747,
23081101,
20897721,
22766296,
24803147,
32312649,
27281134,
22141417,
22077659,
21807767,
21764860,
21528266,
21419198,
19146983,
23974481,
22073610,
20669705,
18996598,
21592784,
21520947,
20339620,
23618851,
22373858,
21463070,
21331263,
19441559,
19230701,
22123538,
21062176,
19112490,
21602711,
20991680,
21883365,
20988656,
19428981,
23178528,
20936297,
21599162,
20282162,
23215578,
23245194,
21023361,
20551181,
20901247,
22341024,
21989520,
20602880,
22017973,
21214395,
22018365,
20998240,
20591815,
20494425,
20809258,
22216414,
20956865,
24161498,
22179847,
20759007,
20714397,
20624346,
19559184,
16404851,
15698112,
21980016,
20639068,
19569167,
19913458,
19483159,
18674383,
17904398,
18256934,
17496109,
19946693,
22659098,
21329321,
18864164,
21757461,
21834511,
21837182,
20791955,
19877675,
19016551,
19327407,
19367017,
18050021,
26343313,
27356832,
22172065,
18752886,
23868056,
21646435,
21415745,
20537777,
18840968,
16523727,
21904478,
20835014,
19821154,
20335468,
25572413,
26972070,
21808867,
21899571,
19116564,
21986535,
22026740,
20864037,
19721176,
19389099,
20986649,
20459998,
24457510,
21915427,
21908243,
21964209,
19625772,
22157769,
21069593,
19229712,
17730238,
19084984,
22070237,
20977245,
24268008,
21840350,
21773594,
22155986,
21807462,
21475726,
21590032,
21597019,
21578668,
21416352,
21384689,
21360763,
21332872,
21187591,
21030903,
20998940,
21148972,
21047675,
20972465,
21003717,
21022716,
19383724,
21399695,
20335906,
21849507,
19632521,
19261364,
21491739,
20874098,
17965061,
20225126,
18812520,
21637884,
21470681,
21380524,
21539901,
21357910,
21302715,
21310773,
21134009,
21074303,
21050361,
21283363,
20962878,
20862442,
19841410,
18476967,
21084424,
20834622,
20768895,
23673034,
18520459,
18758484,
16667835,
21779637,
21641944,
20613672,
18587811,
23233477,
21341595,
21195449,
19680688,
18688961,
19095023,
17891008,
20011768,
18410226,
21365562,
20059982,
18888850,
21920257,
21583020,
20495013,
24525878,
22104086,
22190443,
20532167,
19366145,
22236515,
21076612,
19541863,
17574678,
27875173,
28743035,
27796346,
25432561,
22926098,
20219789,
20579584,
22665916,
20226191,
19151784,
22394976,
20055110,
19144515,
18070521,
22014858,
20881346,
19782683,
21996312,
24489560,
25074548,
33886154,
28817368,
23624321,
21934028,
21205373,
22857453,
29930792,
33518803,
28349449,
23157442,
20505104,
23195022,
21084543,
21018142,
19733261,
18499732,
21400442,
21356290,
21238616,
23200851,
18052303,
21971521,
19536401,
19572170,
20196565,
24867812,
22330921,
20905326,
24126640,
21845551,
20817130,
19752148,
31078171,
25907154,
27371957,
22247761,
20529668,
22465612,
23467825,
30746346,
25692793,
27374140,
22170747,
20715899,
20495282,
17821338,
15965678,
18937885,
16512851,
21853556,
21638884,
21557757,
24179242,
25361371,
22886198,
21786456,
20442941,
18447341,
22564351,
21775659,
20947727,
21377519,
20452578,
17514784,
19865331,
23025413,
20612324,
20561553,
19615258,
17938815,
16271843,
25408600,
23260035,
18097816,
20952911,
20880340,
20906899,
20967137,
20764526,
20534302,
19414294,
22749497,
21833009,
21867175,
20503869,
22347312,
20698061,
23897999,
21478996,
21526935,
21276079,
20157686,
22743583,
20689211,
20319837,
22997220,
20892256,
20683082,
19552807,
20226558,
24442977,
22538370,
20203800,
23624752,
27498934,
22314288,
21782981,
20220066,
23125647,
20828190,
20846431,
18907287,
18686456,
21382132,
20204495,
18628963,
21331022,
21272396,
18804368,
21628625,
20325645,
19460536,
23010837,
20804149,
18612014,
18747461,
20011538,
21732667,
20343518,
23201756,
20910164,
19028313,
17264745,
21770045,
20287446,
19387261,
22950314,
20633078,
23025436,
20741228,
24359039,
25379857,
22890933,
20438334,
23197429,
20950856,
20543612,
20855220,
23699354,
21609889,
21219353,
19967204,
20120935,
19356978,
17734522,
28854066,
23667898,
30017243,
24833968,
19624941,
20509156,
20505242,
22778588,
20539052,
19290692,
23171625,
20842508,
20827067,
20671872,
20513931,
20373620,
25736685,
24881071,
24285407,
19140388,
26100427,
30964001,
25807485,
23373127,
20737630,
20725492,
20366753,
19382142,
22943674,
20871852,
19768920,
18559183,
21782767,
21730995,
21813332,
20186516,
19398823,
18691917,
23002103,
23239999,
28406669,
25949550,
20810904,
21150395,
22195123,
24169300,
24938182,
24337748,
21851224,
19109520,
21840730,
19361980,
17795668,
20605712,
17513779,
20902814,
19332490,
18828887,
24386125,
19200659,
18887193,
21797626,
21726305,
21473343,
21638157,
21458194,
21283281,
19953287,
18588014,
21109908,
20990641,
20849041,
20792174,
20807318,
20150631,
20344541,
20371233,
19333749,
23082217,
21567172,
20934014,
19306079,
20867515,
22360331,
24956794,
19775934,
20901616,
22125976,
31346059,
26432967,
25010737,
19937494,
18492682,
27718576,
25532212,
22065432,
20677120,
19616516,
21010707,
20458332,
21125967,
24474192,
31254224,
26090364,
20887211,
20346431,
19323496,
22264418,
20082722,
20289422,
20902505,
20524118,
20717177,
19629004,
23843350,
21473648,
21320320,
21093963,
18946919,
22895150,
21738657,
20597568,
22583057,
21200821,
22981496,
21720628,
20606137,
17750826,
19445937,
20223726,
17696555,
17232611,
21369247,
20391737,
22943322,
20523165,
19293182,
21643611,
20690703,
22216609,
25707512,
34885042,
32270841,
27117723,
25535656,
20380658,
20850773,
22463878,
21305754,
19223575,
18693419,
19346619,
22698316,
21210234,
22549384,
20341205,
21941758,
20918178,
24047662,
21712732,
19313464,
22357019,
21075315,
21161193,
21227622,
21066725,
21361612,
21200447,
19872563,
23194472,
22153978,
23903273,
21478518,
21255073,
20384672,
22648002,
20330896,
19144268,
23001193,
20940167,
20070364,
18657044,
21296935,
21319820,
21495784,
21390333,
21699207,
20590194,
19348827,
17750701,
20885726,
19926877,
20031771,
18035443,
20816855,
20032382,
18166219,
18090951,
19788346,
17046317,
21692070,
24511579,
27555545,
26166190,
23962146,
22493793,
20657561,
19329055,
20703608,
23076392,
21942063,
20653462,
19292237,
20066785,
22057455,
23135601,
25843485,
22761667,
21224846,
24382363,
22465045,
21567856,
20335298,
22892825,
21577098,
24680528,
19614653,
21196677,
18099819,
22220167,
19821944,
17739196,
20042299,
17167626,
19023083,
22327561,
20975460,
22083466,
19670491,
17615848,
21341649,
20989104,
20451033,
17760298,
19724415,
21740657,
22917803,
25518213,
20337313,
17064936,
21326261,
20407954,
21344286,
21371707,
21434093,
21392761,
21267482,
21256045,
21228984,
21235746,
21253104,
21565889,
21276656,
21074230,
21202250,
21289190,
21251698,
21091166,
21180141,
21187563,
21191281,
21276504,
21201207,
21312624,
21243854,
21162775,
21237067,
21055789,
21141365,
21157752,
21255111,
21186258,
21121052,
21053177,
20998780,
20955861,
21184808,
20956526,
20741343,
20526865,
20538642,
20618509,
20372116,
17696384,
20555283,
18456133,
22070447,
19533824,
22422560,
21245605,
19315134,
17589237,
19379882,
19655130,
18727404,
21783396,
20628366,
20519305,
19415720,
23554150,
21364246,
21462036,
21378182,
24618962,
22345485,
20810878,
21470210,
21229357,
21017084,
21180340,
21251044,
21245541,
21204081,
21102480,
21142477,
21569124,
21150340,
21207389,
21266129,
21019196,
20171980,
23107985,
21062561,
30900345,
25724092,
20493209,
19285596,
19890424,
24788751,
28483496,
23345825,
28296111,
23105816,
17894828,
24637975,
25615511,
22875818,
22055188,
21364860,
19148890,
19021296,
22057568,
21482502,
21679941,
21328630,
21299448,
21227195,
21080987,
19799893,
22052788,
20198483,
21894739,
20945944,
19139658,
20969553,
19778816,
21086759,
20281505,
20610969,
19502830,
23683221,
21477127,
21373415,
18684452,
21736450,
21425534,
21377732,
18771031,
21690252,
21249941,
20540741,
24246227,
34873542,
29716081,
24559544,
29952013,
24800647,
26625649,
21455532,
20162221,
21123837,
24122875,
22911446,
21620651,
21646457,
21736767,
19013180,
21740364,
21749623,
20487083,
18515241,
22909837,
20611565,
21318863,
21703690,
24300245,
26291742,
21109768,
23163989,
17943648,
22895140,
20248429,
21735973,
20754450,
21745773,
21941633,
20767879,
20671218,
19604096,
22494983,
20320440,
19006014,
21989272,
20906004,
19483035,
19736982,
28673430,
33837236,
28684553,
26514899,
21339637,
21368720,
20973284,
19831271,
21205324,
21225992,
20066374,
18717419,
21746424,
21475840,
21721280,
21373302,
19023873,
19821927,
19360070,
20253165,
22375773,
22440099,
19486805,
23023113,
20774295,
21845897,
19016731,
19451179,
22904227,
20702788,
23194654,
20865774,
20705055,
20642855,
20980775,
20240122,
22337009,
30683968,
25522709,
26413371,
21247761,
19376789,
20304185,
21218219,
21333609,
21357328,
18948091,
20913706,
19838898,
21342361,
21398528,
19151192,
17650188,
22256861,
20468816,
21007143,
21100723,
18556148,
17217346,
21461594,
21311807,
21402325,
21371978,
21225119,
21259735,
21008902,
20056310,
20291304,
20624806,
20694761,
21718245,
21711339,
21755017,
20513079,
19070723,
22154703,
21817919,
19586372,
22006037,
19177050,
20753984,
20722792,
19568788,
24116661,
21708464,
21767850,
21785034,
20775661,
20874334,
20986686,
20969790,
20941784,
21141522,
20999830,
21069486,
21217148,
21248380,
21352157,
21471976,
21151982,
21035325,
21128000,
21194886,
21217015,
21331260,
21106084,
21343947,
23173766,
22358142,
21233042,
20462597,
22230406,
20786980,
21616628,
20558980,
22888788,
26114954,
20933345,
19811468,
29506584,
24337059,
24344751,
19215174,
18652799,
21619358,
20727446,
19242549,
20171293,
22204990,
20080446,
22865877,
20556290,
20311520,
22014496,
20705078,
21363123,
21335702,
21420656,
21354703,
21353489,
21159066,
20086601,
17685698,
20170060,
22204257,
22850733,
24340998,
22589324,
22277127,
20365374,
22033742,
20889521,
24676932,
22310586,
22900162,
21771340,
20674708,
19818952,
16937362,
18341445,
16421954,
20650259,
20846970,
22531770,
21017155,
22673973,
21374435,
21701324,
21856673,
21765455,
21783389,
21770865,
21753616,
21784579,
21846170,
21832626,
21705620,
19056391,
18705725,
20551821,
18663334,
22885553,
20587876,
20556158,
17647300,
22456533,
27745007,
22579743,
19772957,
30907512,
25741970,
28839699,
23661023,
18435243,
30146980,
34093254,
28955564,
23750964,
18545194,
22726379,
21698547,
20751867,
20631033,
20728528,
19889432,
26210105,
24204833,
22964273,
23074655,
20968272,
20086003,
19004583,
23635620,
21418995,
21203388,
18979094,
21736017,
21743329,
20902669,
19969791,
18795772,
19745277,
21708102,
21726011,
21728757,
21746389,
21728350,
21972453,
20820965,
20782905,
20752837,
20729438,
20755789,
20700931,
20553202,
20582261,
20659281,
20811081,
25743610,
23039900,
21633334,
20645692,
20696489,
19550020,
24414304,
22438886,
19672949,
18602612,
22938797,
20660361,
19571536,
19335302,
22693519,
21635033,
21687543,
21695193,
21370102,
21684515,
22997973,
21650203,
20666456,
20741641,
20797427,
21022424,
18683249,
19377677,
18723076,
19301087,
17610070,
20102592,
19213830,
18814323,
20269321,
20320842,
20385655,
20495640,
20729649,
19564441,
22717933,
21619702,
20682827,
19794851,
22916976,
26187971,
20961497,
21404548,
20030227,
24109736,
22016740,
21734085,
21810892,
20502729,
18572655,
24120621,
21876077,
21547520,
21511266,
21472148,
21528506,
21634424,
21484200,
21668297,
21724453,
21674596,
21728121,
21840267,
21919507,
21650937,
21674190,
21659990,
21365833,
21682191,
21680398,
21653198,
21671127,
21679131,
21735567,
21908823,
20660271,
20608212,
19508373,
23217305,
21186627,
20308153,
20649495,
17484229,
20673695,
19497553,
23880270,
21771475,
21730847,
21630159,
21527861,
21797116,
21794309,
20371750,
21114615,
22551544,
20560141,
20351518,
21694589,
19489732,
17702820,
21243789,
19018734,
20693074,
19700237,
23052242,
21182485,
19423611,
17662189,
16828946,
20748643,
22013323,
21168604,
20992388,
21032605,
21226257,
21197102,
21354433,
21506379,
21583745,
21507308,
21568734,
21524414,
21408184,
21513137,
21642709,
21589863,
21682052,
21418278,
21630097,
21796203,
21767170,
21826179,
20872998,
20947074,
21036633,
21098206,
20975780,
20950821,
21210303,
21047297,
21089849,
21286885,
21223188,
21378919,
21629042,
21455651,
21664837,
21728228,
21726270,
21854724,
21711026,
21823116,
21766567,
21801390,
20787012,
20481516,
22859385,
20560708,
19291578,
17700689,
20694431,
20348521,
19729015,
18772076,
17525485,
19177174,
20815833,
18838033,
21771890,
21992984,
19779007,
20242860,
18319082,
18976592,
22722449,
20732219,
20788957,
20693423,
20526078,
20745252,
20809014,
20887003,
20958333,
21081372,
21132494,
21177710,
21229743,
21409062,
21338549,
21352972,
21347076,
21316151,
21348110,
21618513,
21350274,
21708369,
21465366,
21462169,
22074149,
21751296,
20719682,
20723494,
19673701,
20585347,
19709491,
20429920,
19041500,
21765728,
21919757,
20873586,
20950696,
20830500,
20894568,
20956388,
21083297,
21087544,
21068953,
21087506,
21170316,
21358164,
20301691,
25863201,
30591557,
25403025,
20167298,
29944501,
41956949,
36794846,
31577851,
26355743,
27019302,
21841835,
22793842,
20539079,
20565368,
19805287,
21462229,
21397279,
21316972,
21267634,
21222045,
21280524,
21079475,
21158987,
21024019,
21044153,
21029366,
21013782,
21014127,
21212711,
21106616,
21244545,
21082343,
21067968,
21084717,
21199161,
21266792,
21364964,
21385069,
21331847,
21569591,
21488817,
21596592,
21684002,
21757698,
21786481,
21698767,
21512399,
21487974,
21696977,
21635109,
21789154,
19450227,
18804696,
16670423,
19848777,
20310793,
22077376,
20769264,
22538592,
20760594,
20442946,
20480774,
19509607,
18770301,
19269744,
17712441,
18756912,
16055238,
21724131,
21494826,
20601013,
19512507,
22863800,
20581657,
24106085,
21693688,
21626184,
20401916,
24277890,
27325973,
22150981,
16919531,
21934929,
20730304,
19328565,
17080702,
18077876,
22694184,
20485081,
22337146,
25200174,
27951993,
22781828,
17532351,
17775521,
15739562,
18470099,
21974371,
18995482,
20495073,
20660629,
22024355,
20884009,
23026923,
21737775,
20789490,
20658134,
19402752,
17652840,
21092322,
20475089,
17282770,
21638349,
21657248,
21736557,
21715189,
21745631,
21756080,
21783011,
21415346,
19989910,
20486665,
19379069,
23903558,
21734092,
21464003,
21476173,
21268959,
21471252,
21362801,
21409970,
21177112,
21241329,
21366047,
21420386,
21318364,
21264931,
21335655,
21404142,
21387561,
21300177,
21631152,
21722903,
21715129,
21744012,
21679116,
21653306,
20466814,
20621579,
22775021,
20680298,
19577558,
16766087,
20851088,
20605498,
19885174,
24022967,
21674991,
21456166,
20708134,
19580123,
24041181,
21820146,
21549002,
21564519,
21492815,
21639588,
21435350,
21416024,
21343140,
21259575,
21184009,
21162532,
21222638,
21103255,
20893647,
20823225,
20708745,
19329098,
16395076,
19901933,
18173710,
20606223,
22183723,
20871706,
24107020,
21761940,
21756701,
20872936,
19721293,
16630525,
18042203,
24979042,
19793953,
20341022,
20609682,
20872356,
20291746,
20519751,
17756990,
20608664,
24831997,
26722510,
21525976,
21991770,
23983100,
21473957,
21488199,
21630535,
21443452,
21471256,
21442780,
21388455,
21348561,
21407500,
21467556,
21439265,
21712316,
21858262,
21476072,
21710307,
19387063,
22679574,
21447917,
21448592,
21463448,
21656896,
21578550,
21609133,
21425434,
21394141,
21429031,
21453227,
21330013,
21644939,
21432573,
21392834,
21229344,
21263200,
21355790,
21355808,
21149192,
21245256,
21163634,
21170466,
21278336,
21225540,
21168356,
21238362,
21266480,
21173116,
21175793,
21278408,
21403225,
21523629,
21416250,
21504071,
21359226,
21152602,
21320276,
21320643,
21198237,
21091282,
21158194,
21416327,
21670337,
21660279,
21709374,
21608326,
21486229,
21526752,
21659120,
21476447,
21669032,
21677989,
21712462,
21698018,
21645184,
21684009,
22114554,
19995577,
19206456,
17608476,
21099725,
22946501,
20551231,
18769821,
18767467,
21633097,
20588831,
21050982,
22604670,
21638642,
20771614,
22214207,
19869498,
18574729,
15508399,
17758332,
21850606,
20624061,
18857565,
19327505,
17797432,
21316024,
20390742,
22172782,
19814716,
19176052,
23993237,
22183278,
19698910,
17928844,
22168778,
20228994,
18798272,
24748990,
22284427,
20792612,
18374503,
19841667,
22842054,
20685751,
20691849,
20878136,
19247815,
19923922,
18890063,
19474840,
23943865,
24685932,
19543722,
22456820,
20071724,
17636284,
20632640,
19695070,
19094686,
22585214,
24416038,
30660717,
25471900,
28089335,
22891163,
20858823,
22257781,
19796070,
20159301,
19049336,
17724858,
22146169,
19731342,
19192439,
19837432,
17033662,
14887868,
16519776,
15856929,
20195421,
20390711,
17355121,
18765987,
22008900,
23999030,
25066638,
22032040,
21345370,
21441020,
21330760,
21282661,
21304234,
21162363,
21695735,
21262720,
19918052,
20669403,
19568274,
20361234,
19186622,
23909801,
21646944,
20602537,
19921874,
20688604,
19386288,
21660462,
21552500,
21677206,
21724421,
21655123,
21811917,
21557534,
21726672,
20506426,
19523721,
17752834,
18892959,
19640702,
16782280,
21041110,
18897545,
20020218,
20474556,
19388233,
23842050,
21461353,
21399774,
21354631,
21402598,
21431423,
21403280,
21551670,
21496001,
21324311,
21415067,
21618895,
21661953,
21681266,
21551140,
21677727,
21937311,
21663037,
21700503,
21743599,
21758498,
21749046,
21650728,
21705042,
21649988,
21486059,
21435468,
21706267,
25916110,
23953359,
24426195,
21984420,
19759348,
20230251,
18892435,
21689455,
19074125,
22153938,
20591748,
22965167,
25722141,
22907352,
19917255,
20895148,
19686936,
17803730,
17321973,
28490506,
30166943,
29390561,
24261196,
21747094,
21806053,
19560729,
19070400,
21703200,
19249593,
18873794,
21975635,
21984682,
21087897,
21042782,
21006015,
20903212,
20985588,
20903684,
21023041,
20934977,
20976671,
20902137,
20981034,
20912910,
21153070,
21100591,
20885036,
20789807,
20825853,
21032491,
21155630,
20967545,
20843426,
20970219,
20945257,
21069448,
21048827,
21160224,
20946524,
21176558,
21022591,
21200136,
21087427,
21161626,
21186075,
21238647,
21208223,
21214606,
21261628,
21308691,
21274972,
21364780,
21383168,
21284578,
21407087,
21410620,
21500724,
21524734,
21709714,
21721268,
21662534,
20609482,
19344411,
17463460,
17592712,
16098421,
25037305,
29448327,
24269010,
19053844,
19482724,
19260200,
22352920,
21169666,
21211331,
21159474,
21398028,
21962691,
21704444,
20423608,
20498417,
19957769,
20382055,
19283768,
23497408,
21224107,
19887466,
17707628,
21262862,
20083678,
23012022,
20629811,
20319915,
19080194,
21950313,
19875252,
16990493,
15961021,
21721199,
20610184,
19347494,
19931343,
21717901,
21488750,
20241392,
20480416,
19223800,
20597318,
20433105,
17719265,
15389928,
20796784,
19458016,
21706719,
21722375,
21744504,
20467084,
20439087,
20827154,
24108359,
21654633,
21685263,
21602104,
21439602,
21371627,
21364971,
21309112,
21167934,
20206537,
20866492,
20414040,
22181801,
20976690,
18767811,
20600185,
19078412,
21093929,
22954001,
24305386,
22026572,
23937948,
22950671,
21240721,
18649054,
19699687,
21643761,
24659157,
22346013,
20095715,
22027165,
20607017,
23061018,
20722717,
20328591,
20506452,
19324438,
22321577,
24491363,
28328002,
23133988,
20931420,
20140370,
17228607,
21601259,
21653088,
21701962,
20433654,
21189062,
19137136,
22326814,
20703455,
23976856,
21674549,
21637499,
21687143,
21735857,
21670239,
21732373,
21672654,
21723161,
21751401,
22055330,
21765623,
19397220,
22632098,
21742069,
22006283,
22064154,
20910183,
20914286,
20749442,
19639658,
22008738,
20836296,
21675639,
21724668,
20772596,
19786791,
22969055,
22070924,
20773958,
20767726,
20809726,
20617351,
20466557,
19406682,
23012557,
22171697,
20869049,
22263206,
21689940,
21664142,
21711539,
21609864,
21666944,
21663307,
20313500,
19229724,
23004295,
21431214,
20194738,
18880601,
23042373,
20953842,
20533845,
19979061,
18081191,
18900314,
18739325,
21654688,
21794138,
21698935,
20580742,
19501943,
23852557,
21683191,
21739864,
21678264,
21678726,
20812514,
19520604,
22931275,
21070563,
25311806,
20146758,
20562297,
23554807,
33623806,
28450874,
23240199,
24240620,
28614927,
23450375,
19997786,
19432620,
17708026,
17101568,
20755397,
21431491,
20486898,
19277131,
20780127,
20982549,
21045020,
21168734,
20025472,
18919615,
21023181,
18803471,
17775602,
22061349,
20713755,
20899907,
19551942,
22657679,
21256742,
20263920,
21966012,
19722066,
18709397,
23081457,
21731953,
20603470,
19524537,
23597864,
21200067,
21362843,
20858595,
21090796,
21160227,
21196414,
21284099,
21214763,
21247068,
21279647,
21193522,
21051686,
21011749,
20894318,
20869262,
20916596,
20682413,
20427382,
20325882,
20110819,
22634446,
21289528,
21222835,
21046539,
20246862,
18800074,
21625928,
21372976,
21266865,
21321630,
21007690,
20962641,
20993608,
20920558,
20901467,
20760431,
23048077,
23875645,
18719541,
20600168,
21510842,
19760663,
17439050,
22012081,
21086212,
24914137,
19698647,
22586679,
21420864,
20718977,
22483201,
25701180,
29665083,
24482523,
22912193,
22197460,
21343062,
20186576,
21373042,
21569664,
21313728,
21474333,
21363053,
21478982,
21745713,
20177874,
20326419,
20172854,
19137425,
16724344,
21897011,
20766414,
17613763,
21238886,
18785712,
21670164,
21436422,
29360200,
24170135,
30949622,
25741952,
20533073,
17425318,
21308480,
19166764,
17657399,
19120606,
17668381,
22395807,
20287084,
22862158,
20890096,
19617998,
17782681,
22754112,
20690289,
21747311,
21786256,
21766590,
21617905,
21556695,
21719748,
21451169,
20395380,
19211585,
22292844,
22021712,
20913931,
21035406,
21006610,
20889195,
20990453,
20967598,
20984551,
21026771,
21150830,
21134629,
21107188,
21062431,
20952108,
20688614,
19610105,
17815091,
20909826,
19583593,
20680279,
19689430,
17822111,
21028336,
19860294,
21607801,
20309542,
20464394,
20517820,
20649134,
21252263,
22044813,
27426034,
22252509,
20618456,
23985425,
21708972,
21320880,
21474720,
21259568,
21265766,
19983788,
18835849,
22734756,
20395330,
19248908,
23421827,
20943527,
20850453,
20473326,
20415363,
18436664,
23652168,
21185890,
19920082,
17977421,
22463322,
20075796,
21654581,
20680627,
20346990,
19299082,
23671447,
21090069,
20892598,
19599381,
31494570,
26309801,
29728086,
24551779,
22456643,
21572364,
21598026,
21703907,
21643773,
21687543,
21697355,
20440666,
21202139,
18945128,
21871354,
21734737,
20720537,
19591989,
24067687,
21794806,
21755621,
21723043,
20852233,
20756960,
20707089,
20709683,
20727909,
20607062,
20440674,
20202170,
20616111,
22157474,
20812369,
21892456,
21755891,
20536722,
19381066,
21343369,
22538364,
20482023,
19492454,
19209608,
18342525,
21876155,
20011266,
30219644,
25060847,
22014260,
20112826,
20088370,
22520100,
20327829,
18974464,
21025783,
18122353,
22213212,
19907370,
18866879,
16154597,
18041084,
22460318,
20312634,
20206777,
20496847,
22250912,
19873538,
18804114,
16444145,
19372480,
19923206,
18855945,
21608823,
21303967,
21292918,
21212519,
21207323,
21192505,
21572613,
20961853,
19990522,
23588913,
21760545,
21546628,
21678548,
21721793,
21727371,
21753746,
21287860,
19011862,
21738354,
20805518,
19277916,
21720904,
20420720,
21291805,
22329154,
25497172,
20313240,
20823870,
19443125,
20018558,
24806826,
35369711,
30183529,
24981912,
27737053,
22542187,
17316918,
19705884,
20762499,
19668879,
16448356,
17723813,
19003595,
20967450,
17843594,
21083570,
19001217,
22721420,
22074309,
21042350,
20508259,
25580721,
27918065,
22771913,
19849487,
18170782,
21204151,
19218478,
19778496,
22179149,
20057490,
18761523,
17376877,
21011707,
21692006,
20189104,
22894805,
20715460,
20730809,
20779918,
18605197,
19469528,
21499173,
21639829,
21652433,
21350264,
21418653,
21716133,
21719051,
21755310,
21443478,
21530753,
21300839,
21116632,
21003218,
20902562,
21068610,
21076505,
20791678,
20803739,
20776411,
17926156,
21832468,
19599901,
19761960,
22051000,
21634647,
21945198,
20560663,
17859368,
17442232,
18863677,
21707556,
21444103,
21306442,
21179200,
21014939,
20832062,
18467579,
21071548,
20054118,
22667840,
20378276,
20816885,
22369881,
19929344,
20117933,
22811166,
20703498,
19687248,
16809280,
19337855,
19519684,
22843198,
20608315,
20512779,
20466902,
21001608,
22625883,
20808185,
21795761,
19390733,
20990663,
23980948,
21651593,
21725911,
21672564,
20517670,
19526814,
21413367,
21370780,
24786408,
21719088,
20429760,
21508161,
19098869,
22299236,
21988732,
23286908,
22973100,
21707014,
19331875,
19059206,
22362874,
19956174,
17710479,
17383564,
21246801,
21242887,
18813848,
20425152,
26323622,
30379296,
25211756,
19977234,
20153116,
19233124,
22143622,
20013535,
19342879,
18846850,
17810599,
21719343,
19473135,
19163412,
22164938,
20967945,
18819224,
22090023,
20694709,
21648134,
21695093,
21746624,
21492269,
21416244,
21406509,
21219505,
20073349,
21697503,
20526573,
20415281,
19381179,
23707014,
21236994,
21223912,
21089172,
21011427,
20914654,
20982861,
20748543,
20494121,
20486592,
19104658,
21137408,
20145083,
22880146,
20404064,
20446531,
19182718,
23919147,
21969953,
21683248,
20130050,
21427703,
19838642,
20663301,
20689826,
17649151,
17152189,
16435281,
21630637,
21684388,
21596219,
21438848,
21343282,
21396151,
21269324,
21154287,
21017009,
20890823,
20928068,
20538934,
20893245,
20509734,
20672160,
20350552,
19214828,
22606060,
21132711,
19739547,
22625104,
21245363,
21344757,
21286653,
21238218,
21121514,
21038733,
20958420,
21019321,
20851585,
20814720,
20663201,
20541101,
19365244,
22749095,
20345067,
19062726,
20857025,
20778183,
19637266,
23914590,
21473242,
21177876,
21086030,
21052338,
21048724,
21075943,
21000997,
20869201,
20783367,
20501892,
19413260,
23642839,
21043095,
21038994,
20905790,
20698186,
20726878,
20684607,
20321727,
18979754,
21815019,
21703510,
20369394,
20708690,
19631527,
22869709,
20515951,
22945504,
20604610,
20646265,
20469502,
22917489,
20615404,
20477736,
19218383,
21550995,
21552552,
21634281,
21220151,
19075708,
20174317,
20819045,
22925411,
21648586,
20615369,
20380491,
19293317,
23552370,
21199541,
19846337,
19982108,
22585371,
20375358,
25214656,
26846867,
21658795,
18936304,
19440874,
19007337,
21671569,
19455014,
19298100,
17453971,
19273659,
16843076,
18066262,
21892574,
18877821,
22032029,
19693040,
22651242,
20304508,
21869443,
20892965,
20800404,
20562667,
20359085,
20175617,
19242558,
18366869,
31412859,
33180966,
30369792,
28163799,
22983874,
21906053,
22062573,
19744611,
20682797,
22074492,
20583004,
22820472,
20623749,
19464996,
19216560,
20792355,
27233884,
34838217,
29690151,
24490799,
19256805,
21628777,
20487300,
19320348,
18423010,
16724797,
15959052,
19601942,
21311239,
18563055,
22828588,
21604731,
20885183,
19559527,
23684276,
21305172,
21214423,
20924323,
20919071,
20651787,
20499117,
19597264,
24105257,
21741889,
21204277,
21492008,
21673256,
21601052,
21658596,
20474719,
19035780,
20381075,
20530635,
21436773,
20452345,
18581088,
16271928,
21590990,
21912975,
19343786,
18386734,
17592965,
22152491,
20902633,
18116951,
20208714,
23030084,
27329583,
22206517,
25805210,
23547611,
22451728,
21636309,
19238154,
16893342,
23681748,
31025884,
25830754,
27150178,
22007068,
22505266,
20469237,
20479866,
21678759,
16859832,
21730965,
21721111,
20478644,
21981115,
26128433,
20996531,
20023905,
19238299,
17618452,
22744758,
17543918,
20810408,
19813490,
23139253,
24740326,
26784246,
21586467,
22582954,
21784246,
21372761,
20374263,
22945509,
21844880,
22804894,
20203043,
26194246,
29391517,
24200913,
22665351,
19437287,
19038350,
19693874,
23236161,
20910314,
21623303,
21368517,
20498722,
17596844,
22095755,
20745820,
23707707,
21582108,
21271849,
19075880,
19687176,
24526496,
19350949,
21624031,
20823320,
19762181,
24153836,
22098279,
21884801,
21883357,
20643618,
19733860,
23953692,
21473763,
20294326,
19458276,
19979233,
21375539,
20277735,
18898605,
21776294,
21856924,
20261134,
20849208,
21780657,
21875520,
20804746,
17850549,
21418460,
18081621,
22120483,
19951937,
17003157,
16142624,
18115086,
20043823,
17054609,
21747482,
18917956,
22945951,
20684859,
20682902,
17647435,
20731423,
19575508,
18216124,
21083720,
20004984,
18033811,
22744080,
20490803,
19349221,
17713542,
20742125,
19543832,
22635453,
21998945,
21275347,
20190814,
18669147,
21511896,
21786919,
21878690,
21895149,
21528896,
20937402,
19042782,
22101929,
20763849,
19257097,
17591209,
15331382,
15835385,
19046674,
16598078,
20581119,
21032933,
19821476,
20529334,
20165955,
18991881,
20284879,
20113604,
19229937,
20479939,
19532989,
23811417,
21344137,
21567239,
21480480,
21538851,
21611458,
20484831,
19504941,
20219374,
21862026,
20594756,
19287311,
24458965,
26112674,
24008141,
21825501,
21826866,
20367631,
19031980,
22398250,
21361630,
21457727,
21576411,
21825224,
22049486,
20869514,
19539751,
22310097,
17109842,
21818194,
20611712,
20889600,
21563539,
20539019,
18576242,
19256595,
18877556,
20755215,
22619153,
20290479,
19130176,
23768193,
21319462,
21507301,
21434863,
21382259,
20195043,
22877466,
20522936,
20768386,
19707729,
24298778,
21984975,
22255756,
20062088,
22912384,
20609182,
22006896,
20043246,
18989783,
22152921,
20178615,
18555401,
21924180,
20477331,
21758316,
18673940,
16743517,
22558635,
20144641,
24217991,
21830198,
22040609,
20703398,
18936579,
18818748,
22142759,
19962724,
19310106,
16767971,
19090411,
24317515,
22333116,
21761868,
19016049,
22047786,
21833088,
20828022,
19447287,
25981415,
31058122,
25896972,
20658216,
21431248,
22666468,
20444129,
19484472,
22729189,
21579519,
24086544,
21944437,
21736829,
20936386,
21055411,
21161292,
20928855,
21273147,
21367348,
21262094,
20716173,
21157070,
20208534,
20835324,
19820596,
22834194,
21890387,
20450766,
17449119,
20811366,
19730133,
22115866,
21009495,
20983164,
17966944,
21116320,
18711102,
18697808,
21451947,
20478873,
21389787,
18687926,
15874070,
16875623,
20740680,
18895787,
24172775,
22019656,
21918800,
20595926,
19623279,
21544673,
24091581,
24844651,
29564547,
24355885,
26167748,
23967669,
21931639,
21509981,
24916697,
29922350,
24754148,
22422922,
19971468,
20707633,
24292132,
21966216,
22009903,
20677025,
20557903,
20509999,
17792226,
20736491,
19707659,
21809882,
21876115,
20625424,
22602171,
21022679,
20942344,
21169713,
19217113,
17484261,
18716855,
17532151,
21907173,
21441448,
20212097,
18711317,
21450674,
20524128,
22480619,
20785642,
21991307,
20603360,
19123256,
19934428,
20919733,
25514410,
22978540,
21789391,
20544759,
17754058,
22122226,
19309017,
22098562,
19137021,
21198487,
18282845,
21822624,
19661580,
20043476,
21417219,
16227088,
21794705,
21079292,
20021162,
20276023,
21207254,
21191711,
21070798,
21076803,
19804327,
18474365,
21367290,
21376769,
21226750,
18774010,
20298791,
20584027,
19632136,
20185046,
18375960,
17711502,
15954638,
20291034,
19137541,
21833915,
21934883,
24228733,
26134225,
24205514,
23722043,
21214818,
19917082,
18759854,
21575565,
20782713,
20641133,
20789682,
18770676,
20319867,
20608310,
19610903,
22936603,
20439147,
20454043,
19322941,
17538245,
21817726,
20501852,
19210458,
22580517,
20061463,
18918726,
21317028,
19037042,
22023890,
19745349,
18001329,
22533365,
20285517,
20123028,
20459152,
17539873,
20925986,
20510966,
24133643,
21814674,
21877178,
20688529,
20788282,
20746460,
19402977,
29545444,
24389710,
34883939,
29723144,
30563923,
29385339,
24208115,
21916750,
21926890,
20832650,
22460052,
21113885,
19868383,
18913974,
22544659,
20434546,
19382476,
22795895,
20563795,
24202338,
21910605,
21254849,
21176121,
20505897,
21703417,
20826016,
21831801,
21605649,
20510169,
19650251,
22907049,
24785523,
28515939,
23368845,
21869609,
21913333,
20750243,
20885808,
19788454,
17854904,
20669401,
17864361,
19149570,
17762712,
29127709,
27112803,
26842221,
21649568,
25326971,
20136583,
22972437,
20724839,
20049531,
18898870,
17278489,
17408340,
21551670,
21269935,
18691389,
18823299,
24287975,
22206957,
20973875,
20863739,
18751047,
23833275,
21299912,
21192594,
20972785,
20872649,
18647021,
21308405,
18762394,
17861106,
21250513,
18873596,
21872893,
21901158,
19384106,
17822036,
20690811,
19294075,
23049532,
20897375,
19751784,
18614270,
18928315,
17015021,
19276641,
22608342,
20466554,
21810414,
20645722,
22600266,
21766318,
21395821,
20014221,
22846664,
20422203,
20350172,
19422441,
22793727,
20445688,
22598755,
20615886,
20455065,
22183606,
20903285,
22344628,
21211424,
19110090,
17327160,
15252743,
14929567,
20810223,
22018153,
19596402,
17763330,
22519771,
20843899,
17924016,
19940120,
18489068,
19940531,
17900328,
21882002,
19329805,
17894423,
20632268,
19425831,
23378122,
21881973,
20678658,
17720866,
21198287,
19836033,
21545650,
21416199,
19936779,
20575682,
22790552,
20638428,
19342881,
17702989,
20718895,
20244797,
22822328,
21859982,
19210756,
17715633,
21213962,
19564704,
21525975,
19407287,
17669824,
20915999,
19723668,
23833094,
21418404,
21496548,
21350503,
20009321,
18945051,
19631657,
19356513,
20146076,
20601211,
19879254,
19230895,
19814184,
19418891,
19705202,
18863427,
20804806,
22003094,
21173439,
18747040,
17691810,
21932054,
23714719,
27726559,
22539477,
22360747,
17199563,
21450659,
21452539,
21418977,
21437840,
21356575,
21366153,
21210796,
21211706,
21246023,
21292850,
21311969,
21250328,
21206950,
21253016,
21157020,
21416119,
21137379,
21063808,
21003970,
20890638,
19156832,
19350089,
16839174,
17771800,
19386848,
21399875,
18818472,
21835105,
21483874,
20308506,
19366217,
23754321,
21264901,
21222160,
21192840,
21207908,
21126134,
21142475,
20298456,
18473499,
17640844,
19334605,
20006493,
18931627,
21788136,
20575445,
19079183,
21300286,
20339195,
22051351,
20244507,
21163259,
20862039,
18751652,
16212584,
16022168,
20575382,
22547964,
21292550,
20331146,
21497452,
20412138,
19318456,
22244020,
19861433,
18861155,
21800458,
20253402,
19100311,
20512134,
19485397,
18889008,
21429805,
19212793,
17635091,
20625691,
18635590,
17464311,
20215977,
19020782,
24345160,
21869243,
25570624,
26895650,
21693245,
21972079,
23502816,
21036671,
19839160,
18532672,
21294120,
20391772,
21460523,
21457130,
20245784,
19160389,
19128426,
20507796,
19528232,
17728128,
17460634,
18577184,
17592921,
17829188,
22067562,
19995299,
19942778,
21370990,
20101827,
19020214,
22852421,
20484245,
19223242,
18921862,
21013231,
20958101,
21706244,
19324877,
23179148,
24479351,
19283386,
20959973,
22614989,
21820189,
19104623,
17767269,
21949685,
19564896,
21513008,
20231106,
22501507,
20239300,
19173676,
22475339,
20710228,
20950101,
18616504,
22064750,
21101753,
19896796,
19037705,
21783902,
20650554,
19510735,
16325274,
17907642,
15787763,
20098890,
20185549,
18220566,
20602672,
18814028,
19772870,
17784266,
21541608,
20319742,
19518652,
22139804,
21091989,
21336023,
22299168,
22483053,
20092941,
20149956,
18783475,
23962350,
21522791,
20381765,
23697210,
21386012,
19914894,
18354602,
24107989,
22253579,
21285603,
21247831,
20045741,
21205386,
20106422,
19004055,
21671006,
20592554,
18562335,
17365258,
20424700,
20159713,
22964493,
24089723,
22189166,
20228128,
22723339,
20455395,
20843898,
22033116,
20707928,
18880946,
17637906,
20772591,
18754859,
16771760,
18985984,
21741352,
20695624,
20530932,
17558734,
20808754,
19505428,
19260655,
17848599,
20687109,
20290801,
19540633,
20037364,
22085310,
19964502,
22666831,
20600340,
21971029,
20493713,
19730020,
17014289,
20137631,
19895964,
22552279,
20299395,
19201803,
22582512,
21159359,
22780862,
20292924,
23242411,
20857397,
20673830,
20603325,
20467914,
20360389,
20385178,
20081333,
22906062,
20544667,
20248930,
18974474,
21655975,
20560063,
20646590,
20745878,
19731600,
22752579,
20680172,
22188929,
19422893,
22092783,
22124140,
20457230,
18894360,
21767092,
21799650,
20395177,
19354481,
22981586,
20778305,
19635654,
16753234,
21137843,
20828139,
17908520,
17730363,
20166722,
18776298,
21747661,
20459900,
20420065,
20302583,
20568222,
19421771,
19042212,
22441466,
21062705,
19866180,
17246788,
17169246,
21438668,
20340056,
19153345,
21850539,
20684282,
19492939,
17404972,
20006528,
20343058,
21257647,
28066872,
29538216,
27332423,
27410012,
22227093,
22476322,
25070680,
22657059,
21409502,
20555806,
22718165,
26145214,
20980964,
21529363,
20290119,
19063396,
19579823,
19259527,
20165857,
22067337,
19659813,
20287304,
20041466,
22776765,
20538064,
20677232,
19139531,
21037853,
20107891,
22973252,
20610955,
20879443,
20807044,
20660499,
20635328,
20810389,
19566602,
18664035,
17474230,
19929808,
21732920,
19069990,
36109475,
31234352,
25999816,
23909028,
22053468,
23010827,
20740421,
20661363,
20662465,
18852351,
19389181,
23324436,
26147182,
25242303,
22961048,
20419975,
21572601,
24305556,
35735311,
30521379,
25336637,
33937734,
28770014,
23541031,
28459672,
23270335,
21760695,
21855184,
18790080,
19421354,
17754563,
20786917,
19623117,
22873889,
21802790,
24162478,
21971283,
21812332,
20627321,
20754762,
20588429,
19365035,
17613703,
17087909,
19311897,
23675491,
21269874,
21402210,
21434863,
21327888,
21391428,
21298167,
21295555,
21489919,
21457349,
21495203,
21506583,
21410409,
21387726,
21508290,
21545311,
21545956,
21535401,
21839774,
21904100,
21818574,
20560598,
20503214,
20553951,
20532138,
20688912,
22143212,
20737538,
18851480,
17073700,
21832980,
20547479,
20801119,
22503806,
20129108,
20876302,
20870455,
22561063,
19697595,
21548973,
21769697,
20656888,
20625734,
20536265,
25869218,
26265286,
24223383,
21290230,
18796644,
23198554,
25103266,
19943465,
21767400,
24893732,
29434891,
24259109,
28505983,
23323920,
18086803,
21156557,
21278261,
21357666,
21385249,
21421582,
21371755,
21498793,
21458316,
21485449,
21463946,
21417763,
21551665,
21539770,
21485607,
21581103,
21531957,
21635751,
21486924,
21258190,
21132813,
21039740,
20996743,
20974512,
20854431,
20919454,
20745336,
20878803,
20727757,
20634913,
20729003,
21311999,
19988410,
20402769,
22370819,
20171497,
19129707,
19305284,
16093477,
17600321,
21730642,
20310940,
20513411,
19445070,
17718614,
20911412,
19747154,
19964924,
19982473,
18663713,
21495536,
21490614,
21448360,
21349546,
21138453,
19908302,
18854133,
20419772,
22598716,
20642373,
20367691,
22105067,
24131978,
27774410,
22579814,
21196871,
20445413,
23003795,
20691116,
19689375,
17785548,
20833159,
19131142,
18353419,
19939363,
18932962,
22974722,
20669920,
20829492,
17771125,
22226018,
19734932,
18671665,
23493134,
20975820,
20847241,
21012727,
20900354,
21017552,
20967077,
21020471,
20850988,
20772429,
20523297,
20655569,
19471120,
23707329,
21292100,
19958787,
19030865,
22975699,
20877026,
19821816,
17918622,
20122305,
18792609,
19329295,
17859401,
17279706,
19703450,
22321091,
21053161,
21179418,
21158395,
21486767,
21320061,
21495839,
21521570,
21526784,
21574728,
21510458,
21553180,
21872848,
21834491,
21879562,
21867135,
21882357,
21880885,
20850971,
20966952,
18728951,
20221343,
21397240,
20675230,
17950349,
19781521,
