12656122760,
39380072,
24975254,
22969778,
21545593,
19976085,
19131492,
18422025,
17506242,
17405192,
20744113,
21155960,
21130892,
19702760,
22163625,
20777790,
19298717,
19760601,
18387862,
19750459,
18315230,
19808509,
18091995,
19707652,
18285356,
19707617,
18383226,
18290974,
16705914,
18871521,
22770888,
20752102,
20527056,
19427023,
20838804,
19535533,
18295839,
20874294,
19631932,
18339531,
20844525,
19463188,
19572706,
19252758,
21933536,
21604892,
21313874,
20941386,
20521405,
19321204,
18068532,
20518678,
19166128,
19405420,
19141548,
21610706,
21242577,
20851005,
20601270,
19178993,
21575376,
21619238,
21193613,
20794934,
20337223,
19377109,
18182129,
20744527,
19439287,
21734615,
20422370,
19036685,
21541260,
21308924,
21099084,
20680761,
20521093,
19141583,
21723591,
21366490,
21062476,
20740213,
19326285,
17825160,
20418723,
20730162,
21761451,
20823540,
22094280,
20947381,
22137922,
20790040,
21759273,
20707345,
20799917,
19537098,
21802860,
19477371,
18202182,
19065156,
17214673,
17996167,
15664301,
17345629,
18311455,
22235807,
19197717,
19478012,
17134478,
21848455,
21733388,
21776559,
21580027,
21209516,
21176438,
20748847,
20586971,
18953911,
21725507,
21598233,
21217485,
21030131,
20620962,
20183972,
18990409,
19271739,
17965562,
20677477,
19274973,
19502823,
17792588,
19543910,
18060727,
15435058,
17566711,
16636513,
18696978,
18988334,
18903081,
21533902,
21359869,
21175454,
20851873,
20629913,
20322337,
20488126,
21789527,
19620982,
18583182,
27954852,
30271431,
19299772,
17854896,
20647195,
19287225,
21934952,
21591052,
21430491,
19444839,
17059471,
20798279,
19647016,
19987572,
19022286,
16464649,
21657768,
21461061,
21161894,
20914098,
20603430,
19395204,
17742606,
20490083,
20666213,
21805638,
19394576,
19153997,
21738727,
21699842,
21617971,
21490182,
21414342,
21218868,
19934768,
18585793,
21295585,
21107633,
20880451,
20681497,
20483423,
19239080,
20721845,
19342791,
19694865,
16671502,
16633167,
18278047,
18912036,
18708952,
21530394,
21442410,
21321598,
21268829,
21220400,
21180409,
21127024,
21048552,
20895122,
20742023,
20576236,
20516129,
19299620,
20802202,
19601376,
22103551,
20975194,
20812061,
20539802,
19271909,
21883490,
20917381,
21678724,
19316666,
18946256,
21706346,
21564664,
21420984,
21148268,
21136883,
20970225,
20731172,
20617814,
19247935,
21835205,
20565292,
19474657,
19773805,
17875085,
20711528,
22202167,
21224432,
21600942,
19402959,
17992462,
20645690,
19430893,
20714940,
19499271,
18038528,
20853185,
19412257,
21859474,
20382190,
19344755,
17749985,
21016904,
19513346,
20823904,
19214238,
20497421,
19274651,
19694994,
19213571,
20527930,
19372355,
19625260,
19153422,
17809812,
21964190,
20571804,
21859403,
20923670,
21847214,
21598349,
19233129,
19388258,
17928636,
19436607,
19133208,
19479779,
17882985,
19448587,
17841892,
18159925,
18907431,
18972809,
21566876,
21358196,
21320748,
21316835,
21519213,
21200141,
21103790,
20946234,
20789360,
20605828,
20771753,
19525137,
20797419,
19584118,
19896853,
17779524,
15397288,
19301034,
16830302,
21819719,
19385738,
17891784,
20616368,
19335177,
20756374,
20791695,
20558683,
19266199,
17825493,
20442972,
20471522,
21685813,
20785830,
20594078,
19270041,
17715366,
20402656,
19300710,
21911485,
21333047,
19365430,
19101045,
17925032,
16596108,
18113656,
18919411,
16897105,
21270482,
20996546,
20789710,
20666508,
20550941,
19295792,
17700249,
18016993,
19043224,
17884992,
17511053,
20554326,
21711054,
19624277,
17673246,
19066048,
16890025,
20659492,
19943758,
16901914,
14949751,
17366730,
14367473,
19128655,
16652761,
21900214,
20100784,
17012070,
20704005,
22009324,
21204012,
21354391,
20667425,
22048606,
21683553,
21122272,
18839728,
20481016,
21722338,
20957363,
21942528,
19833898,
19435188,
20851766,
19448822,
19945483,
19661917,
20594326,
18959280,
17057366,
16362694,
15734857,
21946493,
21590785,
21494161,
21402105,
21320265,
21127037,
21025591,
20894245,
20621159,
19433540,
17751465,
18335641,
19754788,
19441162,
18475861,
16445541,
18218054,
19019929,
18999830,
21792148,
21798218,
21560689,
21709739,
21389239,
21322068,
21257067,
20170767,
20497495,
19147417,
21774184,
20663274,
19160049,
17755155,
20774958,
19616446,
19885184,
18908244,
16034819,
21522045,
21334687,
21288406,
21342839,
21326354,
21068093,
20965808,
20741261,
20704233,
20624506,
20500710,
21785466,
20476731,
18880678,
21762953,
20535690,
21759221,
20519543,
19032453,
21694598,
20389539,
19182142,
19674290,
17872038,
17665691,
17129241,
17582458,
15515607,
15062520,
19438635,
17166551,
20380936,
19067693,
18087854,
20740031,
20603795,
17781277,
20900304,
18702353,
21486152,
21462329,
21440225,
21274297,
21121572,
20893678,
20775343,
20534827,
20406616,
18880199,
21777580,
21493116,
21320378,
18162002,
20795390,
19496821,
17909398,
20655692,
21970586,
21226967,
21122105,
20886203,
20760029,
20417616,
19127129,
18906310,
17462398,
20159162,
18707314,
21403488,
21143315,
21108098,
20894548,
20648102,
20451591,
19042193,
21505680,
20161370,
21334700,
20131525,
18859399,
21451634,
21459956,
21189888,
21023693,
20707471,
20560733,
20341418,
18898977,
21621407,
20307988,
21284319,
19812387,
18590776,
21189842,
19961899,
21116282,
19999561,
18469796,
21137736,
20824780,
20699091,
20508997,
20286184,
18871459,
21215975,
20001782,
21209008,
21027758,
20879241,
20652045,
20566935,
20464470,
19162629,
16199034,
17710614,
20496077,
19289281,
21430908,
19201229,
17718203,
20303080,
19162496,
21546273,
20661128,
21788309,
20800254,
20318774,
18845631,
17743581,
19187114,
20607723,
21710431,
20253144,
29308485,
24159826,
33725436,
28549479,
23269310,
21469305,
20734873,
19450020,
20521015,
19072687,
21767468,
21626978,
20373406,
18983532,
21739662,
21626062,
21424421,
21327085,
21360075,
21200251,
20979869,
20945694,
20788692,
19544095,
17653010,
20667880,
19129009,
21760698,
21640496,
21324486,
21247215,
21186085,
20940217,
20761871,
20564497,
19334494,
19218822,
18840143,
17481260,
21477520,
21310119,
21050342,
20948522,
20695711,
20523885,
20364134,
20186508,
18879896,
21721713,
21580458,
21375107,
21282484,
21232210,
20815863,
20692254,
20697316,
20356649,
20251268,
18807746,
21498699,
21620318,
21382959,
21286015,
21038915,
21045435,
20827347,
20707320,
20496113,
20192808,
18762774,
21136034,
19916822,
18530587,
21144565,
21043125,
20928550,
21413922,
20735034,
23765818,
21387963,
21174662,
19931810,
21230024,
28914789,
21568789,
20229833,
21483012,
20316280,
21680863,
20554266,
21423542,
19173418,
18979542,
21472828,
20342980,
21638402,
20313677,
21676028,
20422323,
21707036,
20651871,
21508160,
19017281,
18824240,
21214106,
20266913,
21323354,
20197217,
21255358,
21066636,
20828872,
20566375,
20297379,
19112913,
19307703,
19030632,
19096436,
17704764,
19078712,
20318880,
21445762,
19079579,
18558213,
21262487,
19982650,
18739773,
21152127,
20140187,
21374810,
21026780,
19677831,
17850586,
20413833,
20035292,
21198399,
20317754,
21471450,
19975690,
18358864,
19701394,
20090973,
21325216,
19855045,
18434294,
19866291,
18711840,
20068872,
18840571,
21250083,
19952843,
21127106,
20043743,
21203179,
19791823,
18270963,
19714516,
19911062,
19986142,
18762184,
21232389,
20085893,
21206586,
20945899,
20720489,
20495137,
20359454,
20251657,
20185554,
18974907,
21742856,
20332944,
21652301,
18991828,
18853332,
21626272,
20508349,
19262662,
19675904,
17466847,
19183808,
17404745,
16208574,
21279823,
21192570,
19678419,
20957223,
19695623,
18046188,
20326045,
19212041,
17583125,
20403269,
19160681,
18580809,
17519881,
19047087,
17569194,
18966162,
17640996,
20415926,
18903404,
21584426,
20278377,
21326426,
20378093,
18846573,
17055866,
16142491,
21001055,
20803322,
19656657,
18046144,
21014449,
20925128,
19785926,
20977033,
19991491,
18575457,
21681134,
21578431,
20313260,
21264982,
20183386,
18899824,
16953530,
17227219,
21776619,
21510856,
21456739,
20235683,
21448789,
21203029,
19186857,
20855460,
22221301,
21732742,
21438686,
18607670,
21443125,
21217029,
20011636,
21211645,
20196357,
21182783,
19952977,
18531492,
21615730,
21419559,
20213347,
21711999,
20394627,
21704999,
20773776,
19937313,
18419154,
21371640,
21034678,
21167312,
18433776,
21422226,
21345754,
19858261,
18910906,
19481915,
18853098,
18926975,
18659229,
21231814,
20102309,
18815600,
17067790,
16345917,
16939529,
21174041,
20588184,
17727217,
17736269,
20455658,
19046384,
19403405,
19180933,
18568742,
18472849,
21294183,
21149537,
21066181,
19812994,
21010749,
19788871,
18240160,
21272387,
21226752,
19977226,
21195924,
21083367,
20024390,
21626822,
20356024,
21705152,
20421985,
20974212,
20997958,
19907348,
18460865,
21006105,
19764578,
18176492,
20809141,
19787886,
18351099,
21173111,
21036393,
20973172,
19577925,
19906832,
16914389,
16019649,
21170551,
21185727,
20836286,
20669861,
20532735,
20034009,
20430597,
19380466,
17382644,
18801346,
17482169,
21734568,
20102609,
19948078,
18318869,
20963668,
20832241,
20707620,
20403386,
21682891,
19898964,
18822772,
17009465,
16005109,
21072097,
19804659,
18879786,
20176799,
21337152,
20235130,
21434510,
21227335,
20040456,
18489225,
21649083,
20047628,
21159479,
20093466,
20097195,
18861464,
19221883,
19162614,
17745671,
17963826,
19326325,
17514702,
20363394,
21482674,
20335018,
21468336,
20275518,
21422661,
20265594,
21563807,
20286457,
20415005,
20469241,
21523384,
21522226,
20115636,
17153464,
21282666,
20977229,
20854500,
20654024,
20434137,
20253624,
18991061,
20220708,
21359585,
20124601,
21360811,
21192662,
20980604,
20828139,
20509279,
20267471,
20233657,
19081202,
19204936,
17209343,
18789040,
21332378,
20138785,
21291923,
21138861,
21004120,
20620702,
20544209,
20370071,
20342370,
19255858,
17689146,
20980802,
19154217,
17806757,
19463128,
17628421,
20504999,
19436350,
18802171,
16755442,
16017957,
21558204,
21587057,
20381765,
18824202,
21430190,
21822807,
21258078,
20152041,
19058942,
19538885,
19197076,
20654911,
19118346,
19570578,
19171393,
19627037,
19193342,
20508556,
19046625,
17642611,
21760606,
19415534,
18874031,
19275164,
19009432,
19388336,
19099888,
20548423,
19345593,
19851467,
21349984,
20494835,
21780262,
20570842,
20308188,
19260807,
17686371,
20490578,
19111714,
17296327,
16574646,
17970789,
18953196,
18796444,
21542114,
21640594,
21541754,
21548637,
21609461,
21564114,
21844652,
20261576,
19209473,
17748036,
20701128,
18874154,
17021351,
21496364,
21492001,
21449473,
21484192,
21516593,
21439958,
21336055,
20335166,
21804372,
20581386,
21791473,
19306891,
19135886,
19681275,
19165531,
17915382,
20688382,
19383363,
17635808,
20540055,
19112402,
21758506,
20601460,
19167386,
19394501,
19041345,
19576743,
19198996,
20508497,
18927604,
20473834,
19127787,
19284567,
19041619,
19503105,
19246503,
20888425,
19399145,
19594349,
18984826,
17240176,
20232345,
20576145,
19395170,
17726195,
16623846,
18020483,
18841111,
18700186,
21520649,
21737230,
21372337,
21610485,
20878166,
20159761,
17506932,
16475499,
20324128,
17589362,
16236373,
16119118,
15349333,
21579680,
20436561,
21572121,
20327607,
21512583,
20349769,
18928630,
17006220,
16179666,
15561221,
14866399,
17153940,
15970498,
21618093,
21544980,
20544792,
20526735,
18958971,
20430897,
19100045,
17670689,
20597263,
19356033,
17674646,
20526245,
19441153,
17776886,
21082119,
20479131,
18973894,
18705711,
16151756,
21458591,
20065614,
18112236,
18869259,
18749767,
21310805,
21304309,
21201064,
20743373,
20871199,
19695180,
18565945,
20279902,
20509009,
21683626,
20549373,
19257120,
19584365,
19145262,
20671231,
19210363,
20539227,
19265657,
19603938,
19317091,
20631510,
19270874,
19642741,
19394745,
20596940,
19407280,
19696780,
16900437,
14610824,
19203581,
16813568,
19734262,
16988053,
14560440,
15119009,
16193988,
21994800,
21371032,
21410807,
21336150,
21375063,
21319055,
21316337,
21369497,
21311206,
21370910,
21446860,
21440637,
21395108,
21227540,
21320341,
21332790,
21153304,
19895866,
18966777,
17768649,
20624639,
19611723,
18840896,
15610760,
14910840,
18113808,
18816903,
18590256,
21423768,
21378719,
21364408,
21296132,
21205481,
20023085,
21366839,
20384392,
21813404,
20453347,
21734762,
20186801,
19122869,
17826786,
20508694,
18547322,
16610002,
15333484,
17084909,
21518731,
20146687,
19157802,
17724600,
20357859,
19408639,
19684163,
16878773,
14556675,
14690816,
21438388,
21253405,
21443307,
18656306,
21246780,
21187900,
21193807,
21216690,
21152250,
21068898,
21070973,
21051167,
20953398,
20894766,
20822162,
20826212,
20793652,
20969515,
20800326,
20827562,
20779893,
20914882,
20831854,
20849048,
20633083,
19472077,
17707424,
20768869,
18896094,
16640165,
21741417,
21334552,
20129415,
19219615,
19653862,
19128761,
20473234,
19133186,
19457726,
19177295,
19626442,
19287404,
19413190,
17925946,
16904306,
18008050,
18856670,
18686479,
21326830,
21232849,
21131653,
19762570,
20242138,
20399894,
20800184,
20953464,
20231740,
21664063,
19582330,
16642845,
15756336,
16062179,
21298023,
21193842,
21161957,
21063279,
20941396,
20906352,
19724428,
20632881,
18841499,
17858913,
20804501,
19757378,
21008577,
18850473,
17265992,
21854254,
21530989,
20356654,
20254094,
22016743,
20502372,
21847015,
20588886,
19062331,
19703935,
19226717,
20980772,
18979889,
18921290,
16662858,
18886468,
16188728,
21447787,
21423745,
21304480,
21264884,
19920852,
20513787,
19292977,
19831823,
17446142,
16478073,
20740161,
18649337,
20184264,
18779587,
21457504,
21382454,
21365018,
21204486,
21016266,
19880400,
18393224,
20787804,
19750949,
17742922,
20926581,
20548366,
20962620,
23613831,
21454414,
20247217,
19074977,
20784965,
19492221,
22287602,
20163483,
20601300,
18708615,
20316607,
21786493,
20719565,
20267790,
20410258,
19277903,
19693195,
19356411,
19799232,
19344961,
18671278,
18597378,
15778332,
21418861,
21221422,
21157237,
20977377,
20978659,
21037917,
20514101,
20644884,
20715902,
20335888,
17617300,
21009622,
20822333,
20709723,
19400330,
17824783,
20667208,
19589435,
21207273,
20324251,
21783290,
20785265,
19261880,
16312280,
14541803,
12849922,
13257741,
15079306,
16532485,
15265120,
16143664,
21536491,
21457457,
21497396,
20361090,
20795122,
19362550,
21012352,
20851648,
21920037,
20788490,
18115356,
18870062,
18856657,
21833696,
21857496,
20600028,
19476285,
18890840,
17814344,
21864283,
20704171,
20179177,
21791731,
20550916,
21697107,
19492817,
19056277,
20709885,
19185390,
20760189,
19116472,
20690397,
19204121,
18774005,
16776406,
15999741,
21535459,
21520882,
21764943,
21867178,
20655717,
20707605,
20755564,
20648876,
20634138,
20751852,
20745200,
20613990,
20678380,
20482181,
20500957,
19005645,
21700299,
19574873,
20155733,
18878734,
21771553,
21460306,
21155897,
18814788,
20928055,
17951190,
16541892,
17978566,
16992198,
17758915,
20732006,
17680846,
18049508,
17022161,
17172723,
21496541,
21490190,
21400976,
21198845,
21061686,
20728769,
18806438,
21518642,
19164821,
17597786,
20830110,
18865549,
21508226,
20190571,
21738052,
20699456,
21476642,
19442037,
18988483,
21703651,
19483214,
19209681,
20804554,
18730524,
20379161,
21740199,
20715485,
21815902,
20404294,
22087495,
20576437,
21551230,
19311234,
19128426,
18857743,
16588968,
20384513,
19242296,
19626247,
19212091,
20737694,
19040883,
17747577,
21810435,
20358424,
21781927,
20209147,
21824613,
20274867,
21709421,
20252704,
21579933,
20577425,
21735015,
20285360,
18977036,
19300761,
17726703,
20557813,
19212018,
17638161,
20722397,
19320083,
20541197,
19250801,
17794905,
20743828,
17676616,
15928490,
20293381,
20702623,
19617341,
18639140,
20179994,
18980932,
17502816,
20664928,
20527931,
21615125,
20284422,
19141895,
17845314,
20614427,
20503210,
21905458,
20403203,
21703404,
20563925,
21575249,
19350996,
19005015,
17578608,
20346432,
19152160,
17769270,
20675005,
19302032,
20800809,
20527760,
17600839,
20686172,
20517396,
21863796,
19543917,
19852474,
18665146,
21273836,
21145171,
20887690,
20747630,
20600975,
19599296,
19755106,
18875824,
17743429,
20505314,
19421044,
18825877,
16853855,
14614358,
16137497,
21590582,
21304812,
20021112,
21530357,
20187441,
21510662,
20595418,
22085105,
19755716,
20230720,
19109100,
19666005,
19086347,
17437673,
16143419,
21509388,
21324621,
19998334,
18570299,
21328182,
21153142,
21113240,
20706300,
19639966,
18749185,
19156195,
16123893,
15241146,
21464183,
20332051,
18931949,
21833853,
20462022,
21510413,
19239804,
19206326,
22137120,
21907335,
20146587,
19119022,
19502680,
19222023,
19728445,
19178143,
19546863,
19095591,
20783248,
19161114,
20598348,
19072323,
20568977,
19046407,
20619746,
19151600,
19669407,
19316113,
19702572,
19109217,
20511316,
19100640,
19501500,
19255427,
20537035,
19377087,
17472188,
20135677,
20158775,
21710724,
20503612,
21524417,
20380292,
18857035,
16979464,
18216261,
18765519,
18862852,
21563402,
21194419,
20224496,
20437844,
18500744,
18820455,
17358465,
20610645,
17521379,
19159242,
19062953,
17088772,
18204937,
18900757,
18692218,
21274944,
21180568,
20896465,
20817051,
20702433,
20559403,
19257547,
17698085,
18077386,
18803126,
18894635,
21409050,
20416571,
21507463,
20268818,
18824860,
20272666,
20498002,
18501594,
18834054,
18959126,
16645027,
20369721,
19147741,
17254098,
20090818,
21384759,
20277880,
20486748,
19314721,
17581883,
16617774,
19180532,
17290510,
16265240,
21817402,
20273430,
19152604,
20846504,
20523870,
22031132,
20722401,
21499191,
19191834,
18932129,
17160073,
16241992,
21554424,
21438160,
21438133,
21412444,
21403168,
21201608,
21253328,
19980508,
20198572,
21719606,
19615820,
17707407,
15708824,
16115810,
21761793,
20356722,
20416188,
18528732,
17549330,
17130306,
19525711,
19651567,
17412379,
18892635,
21579054,
21469564,
21425116,
21400818,
21281136,
21172888,
21025588,
21123186,
20976472,
20806576,
20769681,
20598843,
18946657,
18875344,
16267678,
21610546,
21598881,
21493764,
20670130,
18943301,
18920953,
16632260,
21843992,
19285851,
19146013,
17582772,
16259911,
17693112,
16566767,
21231740,
20582549,
20639958,
19434863,
17447122,
19007115,
17155000,
19212731,
19688483,
18562277,
21401871,
21331592,
21422905,
21177264,
21117737,
21006580,
21113695,
20775433,
20705686,
20724086,
20580866,
20770319,
20584309,
19130961,
17420099,
16539769,
18768538,
18684501,
16053053,
21827368,
21421441,
21348946,
21222588,
21302452,
21153382,
21108668,
20913776,
20800026,
20835284,
20674470,
20583531,
20694436,
20710890,
19807817,
18424368,
21277405,
20246696,
20287051,
19430015,
17754611,
19718196,
18671955,
21410587,
21455404,
21442455,
21362708,
21354041,
21271910,
21150355,
21240318,
21120707,
19813374,
18843546,
16873018,
19087052,
17322408,
14411855,
18122507,
18835624,
18896952,
21823263,
21573985,
21459306,
21367990,
21196317,
21163394,
20118496,
21423336,
20395052,
21523860,
19548908,
17664227,
17736215,
18160292,
18765761,
18781555,
21562977,
20303216,
21502861,
21504435,
21460474,
21374082,
20290786,
21482552,
20367874,
21460566,
20195361,
18827719,
21843643,
21396098,
20227009,
20625254,
20256514,
20188963,
20334533,
21573853,
20517856,
21726588,
20199040,
19033725,
19291033,
17758655,
20370591,
19362996,
19741122,
19266977,
20520050,
19128157,
19265090,
17676778,
17954175,
19355073,
17610348,
20605070,
18927462,
21484922,
20128825,
21527967,
20183377,
21234897,
18672710,
17290992,
20186619,
20093800,
20347855,
21266604,
20146697,
19904700,
20131537,
20114244,
21169941,
20078897,
21162244,
19949557,
21139393,
19882462,
21132849,
19466200,
17707142,
20253564,
17342154,
20089910,
21155976,
19891927,
20959303,
19810584,
19767335,
18382935,
19651933,
18273063,
20281741,
17667256,
17227307,
20048793,
20074922,
19902273,
19888746,
19925517,
18738163,
20152284,
21278656,
19958067,
20133440,
18732619,
20988764,
19914625,
19822549,
19882294,
20877223,
19846840,
21066201,
19935143,
19840610,
18743540,
17644068,
19018904,
21383807,
20056803,
18572374,
21366402,
19916594,
21075218,
20013700,
21155885,
19968126,
21406460,
25546019,
27039383,
21860396,
20243737,
21470321,
19095654,
19478043,
19080369,
19409149,
18985861,
17104775,
17342137,
21829263,
18545689,
19020816,
16967774,
14514528,
19004499,
20155921,
19047705,
19322932,
15961786,
16289199,
18858173,
17756821,
19168836,
17273866,
16083897,
20997963,
20797686,
19514347,
19546835,
19674986,
16775751,
21056931,
20952713,
19607008,
18349900,
19641543,
19746339,
20915209,
18599070,
21057636,
19930539,
21209711,
20091238,
21249090,
20010471,
21311739,
20101213,
21183885,
19920857,
20022785,
19112198,
19517546,
19107915,
19529173,
17678286,
18053338,
16176591,
15420446,
21702547,
21386373,
19943566,
18624976,
21324536,
21130209,
20889770,
19701817,
18364709,
19775481,
16631343,
16519488,
17794458,
15967446,
16239580,
21424114,
21304887,
21249127,
21169606,
21156727,
20963553,
20765826,
20605573,
19319321,
18942674,
18012861,
18740676,
18734941,
21433181,
21597287,
21397193,
21071523,
18776938,
18994628,
17497166,
17771235,
15900891,
15063376,
21421786,
21421951,
21345016,
21271591,
21125689,
20709265,
18455912,
21028558,
19957465,
21203546,
19989837,
21444213,
19955566,
20092470,
18999533,
19527991,
18982151,
20326965,
19091919,
18651002,
15695122,
14586341,
16750794,
15917609,
21045439,
20405568,
17361665,
16370928,
18396893,
22518723,
20224454,
21579720,
20137049,
21388473,
20070802,
18828694,
19078327,
17605983,
20379733,
18851863,
19366410,
19157810,
18568194,
16686519,
14510228,
18625995,
16388094,
21637119,
21598014,
21319191,
18597773,
17347063,
21556959,
21311223,
21156106,
21093214,
21092374,
20911082,
20798062,
20736714,
20560028,
20440934,
20409903,
18977199,
18179237,
18918266,
18751508,
21594475,
21394855,
21345472,
21315494,
21146638,
21123957,
21055762,
20911867,
20933080,
20860663,
20694841,
20548637,
20153853,
21336570,
20298746,
21648168,
20428635,
21578381,
19192854,
17545295,
20338188,
20339711,
19299577,
19618682,
16806635,
15469453,
15996915,
21531089,
21262909,
21230392,
20141619,
21495004,
20311950,
21679506,
20821527,
21085739,
20169100,
21637569,
20507674,
21664914,
19785991,
19899263,
16921765,
21235102,
21138768,
21021614,
20903189,
20906761,
20897243,
20885421,
20867015,
20601545,
19467916,
17571568,
20378048,
19355036,
17468336,
20481666,
19161079,
21693856,
20428692,
19026688,
19225677,
19165219,
19257540,
17572773,
16129771,
19268941,
17529071,
18034381,
18762669,
18574279,
21341982,
20212926,
21413487,
20550971,
21637816,
19234484,
19099136,
19445099,
17605516,
18079890,
18605522,
18626146,
21367500,
21103596,
21156414,
21093486,
20929175,
20872722,
20796266,
20724952,
20673210,
20543229,
20498780,
20583541,
19377224,
18176546,
21088439,
20982344,
20861907,
20807263,
20910934,
20702406,
20629346,
20557425,
21045850,
22026992,
20818861,
19391566,
20140169,
21374929,
20561648,
20636233,
19417868,
22171367,
19660849,
20358804,
20430860,
19859444,
19993814,
17712920,
18207614,
17022088,
18987954,
17541950,
20391060,
19306483,
19824295,
20329484,
20533042,
20836299,
21762943,
20481951,
17496421,
21665017,
20466470,
18453495,
19248885,
18578776,
19937826,
18664390,
21702817,
21407267,
21262894,
21199081,
21118767,
20883629,
20769103,
20643235,
20625823,
19609966,
18275485,
20941030,
20859345,
20705642,
20541905,
20561358,
20425822,
20266196,
20613994,
20495400,
19349501,
19328315,
17689260,
20717270,
18808463,
17495359,
17654140,
20511617,
20359751,
19276731,
19438210,
17687647,
18095678,
20249129,
17483249,
20246022,
20099787,
20368651,
21547118,
21185210,
20840521,
20535070,
20165085,
19995774,
18596046,
21143365,
20843982,
20530737,
20179726,
17209948,
20153023,
18877621,
20280594,
18957498,
20199953,
19076655,
21666360,
21144070,
20264905,
18954306,
21371043,
20544902,
21520842,
20055645,
18698946,
21265717,
20896562,
20735698,
20745231,
20620898,
20360809,
19006997,
17718633,
20339788,
18900559,
21378292,
21019731,
20737324,
20487451,
20252490,
20013153,
18802156,
21148930,
20664496,
19233889,
17438782,
20156573,
17707587,
20469027,
18870217,
21569199,
21263952,
21040033,
20792380,
20400969,
20230503,
19934154,
18627736,
20071771,
18889640,
21594807,
21252068,
21136021,
20832376,
20440301,
20219679,
18893640,
21560914,
21164699,
20961803,
20782610,
20614641,
20318804,
20177189,
18752955,
21379467,
21145558,
20864200,
20689484,
20499829,
20320879,
20207393,
18880110,
21639881,
21279252,
21134895,
20939241,
20708931,
20456543,
20183082,
18858842,
19206731,
17514072,
17891186,
19111328,
16874599,
18864965,
18694892,
21451445,
20225088,
19358675,
17642710,
20407565,
17670067,
20553578,
19293962,
17474833,
20369675,
19058574,
21385962,
20029605,
19013374,
17572886,
20359079,
20553685,
21164232,
19819236,
20018257,
16783177,
18664055,
21414402,
21372682,
21214280,
21195765,
21193544,
21049142,
20870481,
20959293,
20836474,
20843539,
20825584,
20831834,
20756394,
20713180,
20510379,
20467775,
19320266,
17612498,
20573742,
20253016,
21648119,
20578469,
21628972,
19247351,
17434052,
20430482,
19053059,
19638189,
16394212,
19170939,
16808863,
17895969,
20874014,
20178924,
20335751,
19015504,
19378854,
19051144,
20119628,
18739943,
20440461,
18974564,
21428986,
19028753,
17497106,
18091285,
18699933,
18722355,
21359098,
21216973,
21166319,
21149825,
21023058,
20981629,
20657481,
20654916,
20447615,
20261246,
20492920,
21620885,
20259766,
19004079,
17645236,
20322665,
18014025,
17513090,
20641918,
17622197,
17813669,
20234243,
17692883,
20200002,
20345840,
21631897,
20228048,
18913374,
21590390,
21325338,
21152438,
20894955,
20764946,
20555375,
20318741,
20140814,
18813058,
21371577,
21232362,
21124170,
20932898,
20917838,
20584669,
20469797,
20313630,
20087915,
18775918,
21339439,
21253008,
21418456,
20865030,
20811743,
20611699,
20462194,
20293306,
18939166,
21521034,
20138655,
18821922,
21448439,
21374177,
21246266,
21160019,
21020829,
20772434,
20581469,
20360969,
20369508,
20123061,
19085312,
19274564,
16825357,
14457804,
21260307,
21151055,
21053309,
20844387,
20679905,
20639328,
20442089,
20311318,
20174279,
18935122,
19457441,
17676814,
18016207,
16997288,
18820755,
17642673,
20560078,
19219197,
17634334,
18071929,
17448582,
14453702,
14485880,
19119834,
16946108,
16771890,
15942890,
21342907,
21285810,
21166139,
21127111,
20845399,
20812218,
20686882,
20527107,
20357644,
19971026,
20195121,
20315257,
18935882,
21597777,
20226765,
19022251,
17612561,
20558990,
18602380,
18583527,
21341500,
21183662,
21045467,
20990946,
20966765,
20737488,
20734496,
20502785,
20426972,
20349927,
20330011,
18982109,
19523351,
16799211,
15596991,
21663319,
21241720,
21133014,
21027499,
20815237,
20702488,
20558195,
20527948,
19243150,
18878906,
17643683,
20621578,
20191319,
17439128,
20375528,
18986626,
21696262,
20579856,
21585465,
19067556,
17625642,
18090885,
18759856,
18597970,
21468366,
21338097,
21086684,
20991391,
20907999,
20654996,
20682527,
20508827,
20189276,
18717847,
19379002,
18958266,
17362033,
21425436,
19171038,
17759937,
18159565,
16859749,
17966263,
21605228,
19111265,
17461189,
19095684,
16813193,
17899753,
16783777,
18001744,
20921038,
17963341,
16768513,
19799005,
16693046,
15844005,
21331987,
21146257,
21004601,
21063153,
20813691,
20688619,
20575107,
20337041,
20314559,
20073629,
20211272,
20248534,
21670261,
20692881,
20383055,
20583904,
21388518,
19156354,
17781018,
15815272,
15998118,
21273502,
21179205,
21034186,
20750107,
20738316,
20498495,
20431429,
20319564,
19156450,
17663012,
20832059,
18588834,
20229648,
21478335,
20346965,
21864976,
20822375,
20078528,
18556338,
21373205,
20146119,
21642386,
20196500,
21394051,
20296433,
21849064,
21341020,
20206317,
20337116,
18918593,
21672409,
21311541,
21153102,
20876587,
19670351,
18400849,
21120292,
20806148,
20719865,
19478647,
17771740,
20873834,
20423707,
21856501,
19684865,
19864963,
19030956,
17678744,
20568042,
17540351,
17822806,
17068000,
16144186,
21250444,
21026506,
19827778,
20004576,
18578687,
17136606,
20114006,
18942892,
17567231,
20593626,
19059991,
21619370,
19493932,
20688269,
18614251,
16975499,
21249883,
21143305,
19888087,
20228735,
18791472,
21525737,
20414855,
20394599,
20877296,
19042290,
17661827,
20501210,
19363135,
17497591,
20514929,
19031748,
21282484,
18982633,
17405657,
21641038,
20608607,
21576376,
19229897,
18865480,
21643754,
21347026,
19205053,
19806487,
20183262,
19081647,
17599049,
20673993,
19173731,
21312868,
19229152,
19114852,
19787996,
17983893,
17315948,
16382538,
19087252,
17224797,
16483386,
21282284,
21076508,
20948084,
20896924,
20722789,
20496798,
19238949,
19088337,
17504175,
20679415,
18545967,
21220425,
21198499,
21129016,
20821682,
20722277,
20454945,
20345080,
20260531,
18777286,
21637959,
21393705,
21147227,
21103791,
20938650,
20995330,
20678120,
20223684,
21525304,
20422055,
21415442,
18995999,
17414866,
20548823,
19341159,
20509911,
17740059,
17090609,
17227942,
21460499,
21215782,
21064293,
20805169,
20447348,
19322943,
17554677,
20441639,
19039302,
20533840,
18563552,
21311943,
20075391,
21481952,
20274247,
17214735,
16348704,
20045578,
18660858,
21277266,
20326719,
21569904,
21338907,
21175551,
20093883,
18563413,
20060478,
18590004,
21221275,
20252054,
21645653,
20382142,
21545513,
20604483,
21596729,
19339085,
19044159,
20556818,
18908851,
20305850,
19202901,
18640383,
16346355,
17889049,
16399411,
18489910,
17105578,
21031494,
20915569,
20659347,
20498482,
20279732,
20119168,
18803206,
20425732,
18994373,
19622175,
18704038,
20150449,
20374383,
18944487,
20144842,
19003318,
17582962,
20750479,
19364077,
20747321,
20409275,
20330327,
19256240,
17596101,
20488841,
17444772,
20518644,
19631412,
21163074,
20275648,
18889895,
21669002,
21359163,
20314460,
18801143,
21540131,
21268474,
21048197,
20830577,
20657139,
20493505,
20212329,
18842521,
21863386,
21516325,
19267762,
20834654,
21959782,
21572676,
19586127,
21213488,
20135505,
20485123,
21640313,
21252953,
19137530,
19694685,
16813066,
15930131,
21350084,
21203683,
21111705,
20860520,
20607692,
20417910,
18982157,
21730143,
21346162,
18651034,
16625486,
15686293,
21286406,
21108263,
20979294,
20740095,
19325748,
18949931,
18237905,
18782253,
18616916,
21390122,
21043055,
21033063,
20590674,
17564006,
17890943,
17045919,
18478899,
21289863,
19837870,
19678914,
18660286,
21543025,
19151730,
20570492,
21583558,
18940257,
18801764,
21398223,
21318003,
21079030,
19874480,
20980481,
19734234,
16828514,
21245500,
21010520,
20914569,
20814703,
21098504,
19534871,
17315415,
20421308,
21378349,
19191437,
18814538,
21625947,
21409257,
20181437,
18649914,
17107908,
21178561,
20846303,
19631440,
18153678,
19691747,
16726251,
21129631,
20763602,
19695870,
18209789,
20953525,
19700059,
18073546,
20534192,
19381551,
17499256,
20537437,
20261284,
21633829,
21425851,
21230466,
20052397,
18518870,
21269622,
20029139,
18554009,
21146998,
20183529,
18657286,
21577061,
21382054,
21450866,
21302055,
21166521,
21103688,
20940699,
20886835,
19595582,
19917279,
17970711,
18771659,
16996238,
21184507,
21135314,
20885863,
20618179,
20419942,
19391679,
19688021,
17819469,
18115609,
17434300,
16393240,
21220642,
20062445,
18607277,
21209364,
19912220,
18560195,
21055799,
21022970,
20832512,
20799601,
20566812,
20305525,
20254554,
19056529,
19342124,
19169763,
19454586,
19282245,
19430183,
17646493,
16949383,
17929097,
22484126,
20344658,
21670709,
20580214,
21879065,
20459789,
21874673,
20747337,
21617280,
19435568,
19043232,
17220319,
21648678,
20428338,
20272458,
18747752,
21550682,
21517700,
20272661,
18671248,
21372000,
20289214,
21627477,
20797017,
21613125,
19412497,
19304865,
19515357,
16329759,
20760304,
20486870,
21634451,
20541854,
21812340,
20469934,
19306619,
19379897,
19251055,
19591257,
17587267,
18122210,
18679052,
18718200,
21392424,
20139400,
18729394,
21374142,
21205929,
21113618,
19807492,
18030396,
20552438,
20477101,
19010377,
21616673,
21564036,
21353451,
20123935,
18992718,
19162136,
17695102,
20564186,
19329608,
19895501,
17537174,
17015449,
16403741,
20106264,
21341967,
20270416,
21625427,
21421839,
21383296,
21386331,
21225063,
21231619,
21063903,
19930057,
19923920,
18704035,
21353975,
20392538,
21277163,
19048530,
17610796,
20360899,
20423947,
21885809,
21353944,
20118316,
20234185,
17286691,
16371488,
18459947,
22820835,
20028822,
20170830,
19225674,
19640241,
16387660,
15171141,
15131504,
13575995,
14944749,
17299482,
16288814,
21637573,
21598489,
20961515,
18568988,
17573759,
21617192,
19097566,
17544580,
18063004,
16147991,
16617191,
16127972,
15135510,
21581018,
21640312,
20579167,
20469704,
19294113,
20689279,
19445842,
20711178,
19488974,
17555439,
19927099,
19114527,
17534248,
20319004,
18766791,
17522601,
20580024,
20499569,
20693282,
20615337,
21554355,
20662843,
18942992,
20472316,
20228906,
21650361,
21630325,
20386070,
20448088,
20567095,
20701351,
20649206,
19286903,
20798147,
20620021,
21587653,
19370977,
17586145,
18962790,
16131607,
15014214,
17493003,
15561461,
16179357,
20585431,
19575668,
20637880,
18729263,
18588676,
21347352,
20103784,
21643151,
20327577,
21901566,
20483676,
20143741,
21663260,
20403996,
21252821,
20359179,
18688871,
17821404,
20394062,
19159804,
17578715,
20502769,
19446017,
20409594,
17595714,
16451665,
20439743,
19292345,
16391572,
20526500,
20274905,
19228514,
17591964,
20774439,
18564780,
20101807,
21624979,
20443321,
21642471,
21515703,
20130855,
19101721,
17593502,
21644066,
19219698,
17501456,
19182330,
17399582,
16421915,
19113054,
17022156,
18699971,
21449082,
21461228,
21273234,
21194500,
21062223,
19870915,
17014669,
16086045,
21667542,
20573530,
19323778,
19442065,
16473639,
14534217,
16883678,
21247213,
21316371,
21256138,
21233789,
21186547,
19875337,
19891881,
20059273,
20071007,
20357254,
19316985,
17481532,
20528398,
17583348,
20439154,
20452295,
20376680,
19330185,
17658600,
20645912,
18674812,
21395508,
21267097,
21215043,
21061914,
21020961,
20953081,
20752650,
20685739,
20576727,
20286372,
20457938,
19093291,
17123361,
17336287,
18259626,
16879875,
17604941,
17186590,
16356624,
20361974,
18945068,
17028840,
20256377,
21571369,
21333953,
21630147,
21250015,
21281008,
21230207,
21364883,
21207871,
20114238,
21618555,
20182024,
21545731,
20436943,
21652552,
19649740,
18666430,
19160541,
17424513,
22009238,
20225741,
21457552,
20513831,
19048082,
20714870,
19015881,
19447117,
19079975,
20586437,
19124639,
20446775,
19192456,
19680983,
18637897,
20297453,
21650521,
20403901,
21656173,
20131532,
21638151,
20148446,
21562802,
20572260,
21642834,
20384418,
19197891,
17396775,
20698684,
17638786,
18152148,
18561252,
18740227,
21343620,
21383264,
21171861,
20995123,
20926166,
20802494,
20676662,
18646792,
20276962,
21642549,
21283838,
18541286,
21034313,
21057724,
18927613,
17076522,
17366569,
21463073,
20114276,
20219786,
21573718,
20222669,
21515495,
20211905,
21549345,
20236637,
21587807,
20319100,
21630392,
19957122,
20341730,
19238449,
17573180,
20797339,
20273771,
21621257,
20004481,
18793719,
21309322,
21149640,
21115427,
20833494,
18629026,
20129945,
21479037,
20101034,
21637819,
20272180,
21651576,
20348925,
21726398,
20028425,
21304239,
19862131,
18485123,
21264887,
21118807,
18484095,
21126622,
20974412,
20749970,
19443735,
16419863,
20598908,
18626851,
16680829,
21072772,
20798389,
18546152,
21133152,
21146350,
19746287,
18582728,
21223540,
19937255,
21245081,
19905808,
21171853,
21013742,
19808277,
19885624,
18749842,
17491761,
20113516,
21156009,
19968376,
18921653,
17076085,
16053305,
21164105,
19907108,
18458947,
21140905,
21027036,
20696599,
19435471,
18952978,
20056907,
18795824,
16947546,
16201477,
21238069,
21297770,
21105668,
20846983,
20756662,
19580938,
19855314,
16792607,
16023791,
21231955,
21105190,
20728257,
20527483,
17539748,
17844769,
16800404,
18577614,
21294650,
21067265,
20920228,
20587688,
19164259,
20339063,
20208027,
21614551,
20386340,
21628487,
18910548,
17626224,
21651525,
19438798,
19137513,
18547928,
15507430,
16339353,
17919840,
16756404,
18843971,
17397338,
20512942,
19455741,
20689942,
18921168,
20136384,
21579301,
20167642,
21286611,
20106281,
18935027,
17464183,
20690831,
20252319,
21619325,
20236995,
19007322,
18641700,
16408958,
20159293,
20238992,
19999067,
21600704,
20305431,
21736305,
21602989,
20170669,
21637824,
20190583,
21932678,
20131475,
21815297,
20373306,
22023765,
20390522,
21283048,
20288389,
18875511,
21678963,
21130407,
19926867,
18424315,
21378802,
21081034,
19879994,
21246658,
20283250,
21650176,
20331824,
21663847,
20974080,
19873848,
20838102,
19630382,
16810628,
20031999,
18557838,
21215581,
21152877,
19682989,
21210327,
19952050,
21460054,
20030634,
21227330,
20155550,
21576146,
20943189,
19891586,
21112988,
20028825,
21372265,
20043718,
21573358,
20353050,
21120275,
21204239,
20092600,
18808589,
17636331,
20313118,
20298681,
20350172,
19326218,
17638204,
19720468,
18444624,
21149217,
20023788,
20004306,
19972873,
20002151,
19889627,
20026504,
18578997,
21276382,
21110025,
20208132,
18401169,
21125889,
21035865,
21121974,
20765949,
18627606,
16765551,
20926203,
19798443,
18742535,
17555852,
18212146,
18692876,
17342147,
21532593,
19220172,
18415410,
19839830,
19927002,
18842063,
19064881,
17660010,
18003814,
16857949,
17914195,
18635967,
16815958,
20838696,
19577040,
17626522,
20687024,
20310955,
20051385,
21359878,
20277875,
21369808,
20269343,
19252298,
17549584,
19763745,
17521642,
17430228,
18700535,
15781347,
21151695,
20926765,
19859541,
18264013,
21017811,
21066771,
20695349,
19742941,
18242609,
20925206,
21016044,
20502334,
17624472,
21159605,
18836644,
18822643,
17534583,
21630789,
19362360,
19366165,
17869695,
21142261,
20698019,
18971527,
17797935,
21693978,
19348926,
19166351,
17210776,
16313902,
21242328,
21176403,
20990349,
19756851,
17843944,
20908314,
20457865,
19502778,
18701028,
17737349,
18328028,
18907284,
18608167,
21397718,
21317488,
21158187,
20962908,
20829260,
20845414,
20726529,
20544836,
20278577,
18364206,
17554089,
20777108,
17697622,
20782545,
20348775,
17739827,
20901195,
18552736,
21420254,
21333582,
21209356,
21047082,
20960338,
20884896,
20682012,
19696617,
18251219,
20966801,
20991849,
21093254,
19724503,
21012027,
21117510,
20996945,
21108785,
21034420,
20998710,
20850016,
20693677,
17661464,
20829715,
20392065,
19446002,
17688295,
19948338,
18708275,
21672164,
21466018,
21385354,
21406160,
21161818,
21325488,
21266504,
21165129,
21281286,
21174968,
21165277,
19909693,
19894101,
19815795,
19793850,
19849857,
19873032,
19945078,
18913048,
17652260,
20621699,
20635673,
20633918,
20467019,
19241023,
17739069,
20377943,
17656332,
16371941,
20061203,
17065755,
16433879,
21645708,
21408540,
20030952,
21651898,
20679347,
21704794,
20748917,
19005650,
20383235,
19119077,
17668692,
20394797,
18422280,
18551059,
21217895,
21108885,
21027598,
20888276,
20830975,
20764441,
20676212,
20535227,
20351735,
19326671,
17449369,
20534002,
18611054,
17455631,
20272320,
19126148,
17255032,
16215376,
21161426,
21127642,
20979425,
20827987,
20806118,
20725609,
20737021,
20705845,
20604283,
20548117,
20426710,
19304894,
17596564,
19656158,
18736456,
17338584,
21597712,
21312779,
20458525,
20608280,
20790590,
17854871,
16897690,
16944772,
21241499,
21238742,
21015114,
19612803,
19798480,
18976379,
17505563,
19059933,
17632267,
19042455,
16755639,
17935941,
21024329,
18985701,
18934752,
21660957,
20429777,
19020771,
21591893,
20547566,
21427436,
20242647,
19086042,
17619158,
20417785,
20453268,
21343187,
19969553,
19005322,
19222373,
19008660,
17516042,
20506982,
19223715,
21618525,
19250246,
18868781,
17652858,
17938733,
19238071,
16847611,
17876575,
16712245,
18980956,
18716462,
16414112,
21593652,
21378879,
21332037,
21248523,
21168611,
21031345,
20902129,
20799564,
20724394,
20703856,
20558411,
20276315,
19163756,
18988661,
17708301,
20381092,
20632238,
21552620,
19094686,
17608633,
20148751,
18812865,
21398241,
21287520,
21186790,
20987921,
20943396,
20975512,
20770871,
20665648,
20575304,
19303530,
17618865,
20593653,
19323003,
20499627,
19226852,
17693003,
20303180,
18976904,
21651101,
21422397,
21318061,
21433523,
21148683,
21035572,
20892513,
20905397,
20628383,
20401909,
19261444,
19137776,
17606438,
20375381,
19102838,
21566553,
20272940,
19018174,
17668184,
20587809,
18746410,
17377167,
17497861,
20375693,
19044619,
21667282,
21524874,
21334050,
20107774,
