12651333615,
40869961,
26729000,
21494890,
21908439,
20680377,
21520925,
21268487,
20338391,
18330861,
17187062,
20601370,
20582479,
19676656,
19716568,
22087558,
21985833,
20683872,
19869708,
19716398,
18698290,
21030188,
18120326,
18392355,
17988394,
15581232,
19544533,
22039994,
21999739,
21790433,
21610413,
21651875,
18789499,
17439713,
20553531,
17526828,
20839053,
20802066,
21094188,
20621309,
22010225,
21817789,
20490817,
21859519,
21721093,
21485995,
21158209,
19918412,
20158320,
17960454,
16787062,
19938908,
18657291,
21601944,
21178605,
20444499,
21460428,
20334226,
21831306,
20565673,
21930553,
20648337,
21868646,
20726094,
22105117,
20775573,
22072197,
20842891,
22366944,
20639370,
22062422,
20554716,
20955016,
19479738,
17938200,
22150598,
20918106,
21979395,
20546586,
21433266,
20234823,
19153094,
18081865,
19830858,
17644608,
19174758,
16214119,
20745033,
22015946,
21775282,
21623697,
21672951,
21117630,
20810028,
21703154,
19549155,
18029607,
22345140,
20019052,
20376848,
20619001,
20692474,
17984504,
19353944,
16400384,
15484179,
21557151,
21468893,
21237140,
21076242,
21073512,
20879972,
20955713,
20668985,
19517250,
17954257,
21136566,
19219003,
20868245,
19425039,
18085535,
20980265,
21019276,
19825918,
17944560,
18204302,
17077675,
20684162,
22067514,
20806106,
22167552,
20555336,
21312911,
19169411,
18649059,
21563069,
20645151,
19392686,
17627276,
16588578,
18037179,
18683007,
16189244,
17807359,
19332625,
17755473,
17306809,
16381847,
18423630,
24137192,
25478030,
21729955,
21611219,
21522391,
21567918,
21334455,
21290986,
21256380,
21106093,
21052433,
20988297,
17837157,
18248401,
16918350,
20969950,
20919201,
21990120,
20771064,
21938523,
21023608,
21960171,
19593752,
19523277,
18056572,
18205010,
19142308,
17882125,
19371462,
22005099,
21918630,
21566822,
21458609,
21425306,
21372314,
21271116,
21263015,
21246207,
21249133,
21157394,
21479862,
21142436,
20198692,
21444180,
18352484,
17344624,
18971800,
16015106,
21955384,
21514782,
18914985,
21912115,
19855527,
21038510,
20829977,
21963257,
20770263,
20799794,
18761309,
17552692,
17942355,
17830215,
20922949,
20841991,
20695173,
17878692,
20727854,
20847496,
18918388,
20169317,
18669262,
21450757,
21320576,
21201929,
21135135,
21087532,
20867881,
20808529,
19490591,
17748095,
20759232,
18661538,
19055172,
17780126,
22079417,
20642867,
19220015,
21906041,
21649375,
21597696,
21796366,
21405195,
21037736,
19787527,
19847896,
19607051,
20700273,
19479507,
17910720,
21109232,
19798268,
18918646,
15779544,
17117957,
21681156,
21590560,
18948603,
21498414,
21420649,
21199890,
21123864,
21184268,
21044124,
19902517,
18979009,
17945067,
22004611,
19532574,
17849179,
19575036,
20890450,
18775111,
17164516,
21384607,
21295370,
21062315,
21092791,
20751139,
20772005,
19366275,
20708196,
20496315,
20697876,
21935809,
20613832,
21825346,
20418295,
18938794,
21890884,
21444419,
18799132,
21850528,
21687897,
20083508,
21518965,
20560138,
21858811,
21328877,
20079423,
18598183,
21406538,
21224255,
19886394,
17790853,
15870547,
16148329,
21543346,
21477922,
21158629,
21118534,
20023484,
18962430,
17246187,
21612753,
21548131,
21441345,
20125533,
20501149,
19257005,
17201986,
21858834,
20555586,
18720604,
16810985,
14676207,
16122038,
16247999,
17651298,
16535301,
20831772,
19606190,
21189170,
20859235,
21720356,
19141383,
17805709,
22173580,
20430170,
21831415,
21730110,
19268857,
17191797,
21552692,
20396126,
21921152,
20762274,
21793923,
19654780,
19276369,
20770969,
19496684,
21174613,
20193811,
20290734,
20484506,
20601725,
19647043,
17806894,
20879439,
18937119,
21674477,
21478252,
20299814,
19469418,
19358883,
19371317,
19422259,
19497886,
17903887,
19452492,
17473428,
17801013,
21808230,
19610128,
19230437,
17488264,
22200528,
20559468,
21820489,
19842529,
20198968,
20211977,
20174160,
20621457,
17850461,
20209575,
17102965,
17521201,
20363506,
19129633,
20026487,
18544384,
21473965,
21369012,
20217179,
19622837,
19240446,
20928607,
19236701,
20675718,
18834859,
16904414,
21374893,
20326636,
21710579,
20601557,
21831738,
20631003,
22152046,
20472359,
20601663,
20752588,
20745652,
20884271,
20939814,
20893450,
20782065,
19459229,
20788087,
19543118,
20404666,
17674544,
16108418,
18896530,
16146661,
21143876,
20017283,
18699328,
21364350,
21209904,
21260849,
21167936,
21143818,
21032396,
20937365,
20949508,
20905027,
20770271,
18715460,
21729485,
21720453,
20247652,
18350537,
21376909,
21193722,
20009336,
21764802,
20335523,
21820146,
20672366,
21886910,
19455772,
17852619,
18174840,
16983886,
19211660,
17777459,
18202642,
17400903,
19221492,
17124642,
18830982,
21512210,
21273184,
21136306,
20972189,
20863726,
20918108,
20562502,
19475073,
17610910,
20796609,
18982782,
17018881,
18127440,
21084699,
19132461,
17151022,
21430421,
20505007,
21863713,
20709335,
21807562,
20570224,
19502378,
21026458,
22527662,
20331141,
19343683,
17751583,
18087625,
17134311,
17977320,
16887060,
20522420,
21435525,
19141185,
19103488,
17729373,
19339929,
17818024,
20861512,
20578674,
22190006,
20820771,
21691205,
19422391,
17745474,
19530331,
19708061,
19530964,
20874732,
19583208,
17871620,
21089477,
19229209,
17600481,
16632058,
18823710,
17688250,
21502520,
19247095,
18998837,
21738070,
20386848,
18881661,
21930322,
21628107,
20540507,
17696582,
21636722,
20562331,
19311592,
20901425,
19249428,
20914304,
18764126,
20518363,
21676186,
19421371,
19203087,
17700197,
20807794,
20820748,
20876918,
19572618,
21023673,
20690014,
22233121,
20117646,
21601006,
20463405,
21867911,
20466997,
21460861,
20483778,
17642135,
28869418,
23772042,
33246422,
28115387,
22872393,
21819392,
20378720,
22008644,
20768651,
21445584,
20143854,
21228857,
20515093,
19312041,
18567743,
17553809,
20876612,
18201463,
17160646,
20578889,
17822571,
16592500,
20258916,
21548620,
21526804,
21514610,
20888153,
19710989,
21188132,
20100865,
21511305,
20424974,
21477830,
19207015,
18940207,
18534502,
20078904,
21568818,
21583083,
21295930,
20209716,
21553207,
21347059,
21075455,
21047422,
20998980,
20915431,
19802548,
21208749,
21148510,
21214728,
21121964,
20911029,
20959911,
20906554,
19705249,
21406578,
20245732,
21629964,
20396212,
19392878,
17675771,
20814730,
18603905,
21240781,
21208972,
21177661,
21064276,
21033473,
20871411,
20871643,
20719592,
20706703,
20704818,
20617512,
20383885,
20218329,
20358964,
20356877,
20459953,
20763908,
20603045,
20447059,
30073710,
21836293,
21272992,
21187975,
21068093,
20894942,
20877504,
19677096,
17494444,
16495419,
18681624,
17074232,
15806299,
20291996,
19366600,
16684646,
19799555,
17571488,
18683052,
16271474,
20157271,
19252220,
19674503,
16464024,
15522203,
20208087,
21601436,
21242072,
21206408,
21002005,
19940626,
21084572,
20928178,
20949372,
20747947,
20649437,
20621746,
20397776,
20319179,
18896537,
18429657,
17472376,
21791056,
20138707,
18921658,
20338276,
21532764,
21475532,
21485460,
20979814,
20772501,
20574845,
20429619,
20352825,
20104084,
19968831,
21527556,
21073544,
19951412,
21041477,
20940204,
21027980,
20853495,
19579743,
20976714,
20756512,
20685282,
20509709,
20386580,
20201380,
20060363,
20018632,
21304519,
21122534,
21070175,
20959496,
20853788,
20672360,
20468327,
19460663,
20735901,
18691799,
20289001,
20412360,
20409486,
19205723,
20428122,
20054333,
21480298,
20111574,
21585880,
21253298,
19833908,
17071908,
21291678,
21108328,
19644821,
19848282,
17585990,
18936231,
20125141,
21655783,
21204406,
20039441,
21307965,
21309877,
21067993,
21142689,
20680120,
19627380,
20972783,
20861085,
20805910,
19383809,
20279265,
18577320,
16848035,
21123621,
20206922,
19170920,
17593645,
20673792,
18949341,
18506322,
21513922,
21363400,
21223632,
21020679,
20944924,
20779661,
20680947,
20635715,
20681279,
20413867,
20428885,
20580161,
17522016,
16283987,
19171416,
18624646,
18454457,
21086389,
20989931,
20770423,
20446964,
17451103,
17124691,
17270294,
21290702,
21092121,
20976969,
20798949,
19625574,
19750756,
20118451,
20430125,
18999585,
20422382,
19064853,
20197963,
18980771,
17213221,
18494017,
21231097,
21093651,
20959211,
20759404,
19440843,
19604173,
18739495,
17620907,
20236443,
20173154,
20255404,
21194952,
19891156,
18966025,
17001829,
20014686,
21256680,
20041836,
20183823,
21417526,
21276594,
20025548,
19113322,
17406094,
20582589,
17675791,
19984322,
17520227,
16326944,
17575716,
20728169,
18528933,
21197192,
20072061,
20252381,
18331574,
18666008,
17367340,
21937558,
21008142,
20474719,
21518307,
20011450,
18176765,
18607539,
18629924,
15681088,
16822697,
15746446,
21253620,
21024298,
20894988,
20614924,
19370775,
19245281,
17576680,
17917807,
16930005,
17319490,
17508192,
20265695,
20527951,
21603256,
20157643,
18861045,
19092453,
17205995,
17193082,
21198129,
18966510,
18817078,
17469487,
20328749,
20377069,
19323190,
17486402,
16301633,
17838512,
16951189,
15940789,
20971360,
20671291,
20624206,
20482291,
20375719,
20135260,
20003238,
18718820,
20124993,
21255345,
21012642,
19757623,
21031135,
20805044,
20658690,
20616511,
20575199,
20384270,
20025245,
18662226,
18811318,
18930325,
18783802,
18567560,
21211509,
19874555,
18401033,
21074420,
20916228,
20851938,
20549239,
20341200,
20113728,
19968058,
18859208,
19079122,
18966607,
17757941,
19095386,
20282797,
21499683,
21248251,
21063416,
20934557,
20606609,
20553126,
20368899,
20089473,
17449880,
20211984,
21593272,
21210780,
21035348,
20928393,
20697921,
20419555,
20446120,
20044496,
19056419,
18902912,
21594877,
21355896,
21264792,
21071942,
19756056,
21105053,
20841219,
19625475,
20918799,
19520006,
19497308,
20694479,
20424960,
21778599,
21447037,
20205057,
21701577,
20334674,
21712604,
20417197,
21535626,
20302698,
20017457,
18623928,
20180382,
18240477,
22389137,
20186116,
21343511,
20090898,
20035652,
20177307,
20224143,
18448053,
21243761,
21066308,
20940464,
19722398,
17776774,
16714229,
20414988,
18924451,
21555919,
20156248,
20386960,
20445518,
20356914,
18444384,
17309461,
17662265,
20207848,
19479595,
19845320,
20109961,
19231694,
20550833,
19584402,
19191799,
17224884,
16307318,
21343439,
21117203,
21062688,
19647063,
19623557,
19737247,
21362066,
20026812,
21274136,
19952045,
21541371,
19993850,
18346220,
19945450,
20130307,
21601586,
20188259,
21596954,
20373415,
21623365,
20433249,
21894498,
19533204,
19801008,
18307465,
20955738,
20755939,
20610515,
19452461,
17870613,
20589325,
19207820,
17567519,
20356871,
20351248,
18729476,
17529839,
21845400,
20420974,
21339157,
20459488,
21339310,
19205468,
17668782,
19085670,
16047253,
15108085,
21187855,
20998211,
19846514,
18499492,
17333471,
20192603,
21357183,
21149940,
18567502,
17408344,
21204554,
19906783,
18171726,
21088604,
20627851,
19250081,
19697652,
19955407,
21301953,
19770343,
17153874,
18914171,
17636211,
21976208,
20282537,
21691586,
21021796,
20609952,
20862966,
20718372,
20413326,
20275007,
20349234,
17495720,
21768498,
19494613,
19991190,
18523758,
21184385,
20312595,
17627462,
19157394,
18659086,
16826109,
21141605,
21038793,
20895544,
19613036,
17493106,
16719224,
20395486,
20654482,
19509895,
20504002,
19406549,
16248622,
20633260,
20762979,
20676230,
20502040,
19136005,
20420327,
19261088,
19717776,
17694987,
16649612,
20999682,
19876657,
20986484,
19830726,
18364548,
21025254,
20776944,
20862920,
20785455,
19500578,
20748792,
20687097,
19966471,
19972448,
19061463,
17575235,
20545099,
19323091,
17782346,
20694103,
17602158,
16308625,
20566830,
20174429,
20572087,
19180705,
20332811,
20448370,
20322514,
20138510,
17394458,
21489926,
20000698,
18512209,
20981801,
20769544,
19528644,
19583787,
18619085,
18948276,
17567716,
21564943,
20283699,
21630800,
20173406,
21549687,
20324404,
21632869,
21857756,
21095941,
18535314,
23887421,
26725537,
22821280,
17709704,
22648178,
17593467,
17153304,
18009705,
16963253,
20191373,
17168508,
17635004,
17727577,
20501102,
20700443,
21468556,
19003034,
17637687,
17968639,
18601030,
18542957,
21155252,
21058159,
20837969,
19872297,
21160989,
20975854,
19837005,
19879922,
20006023,
21248572,
20310010,
21640059,
20766341,
21647151,
19297455,
19106298,
19022903,
19348549,
17637372,
20697201,
17828630,
21996382,
20442681,
19474498,
17740634,
20765671,
18732009,
21422259,
20064042,
20417408,
21710959,
20487886,
21879385,
19981552,
20646152,
21633846,
20310350,
20150129,
21843265,
21225480,
20381481,
19152512,
20576647,
17369462,
15829503,
19099803,
18621701,
19888782,
21036653,
20847870,
19427371,
17813992,
20447528,
20372655,
17595264,
20490200,
19225249,
20357362,
20175852,
21111968,
19898869,
17318258,
20109676,
21122912,
19946810,
19741726,
20852133,
19568856,
19557762,
20467834,
19507553,
16579367,
19443923,
17681841,
15989142,
18799019,
18075701,
17201611,
17301184,
21505648,
20321077,
17562826,
21886344,
19553435,
20139179,
18524966,
21265778,
19982503,
19238476,
17399740,
18621949,
21940956,
21340982,
23190049,
21214615,
20381635,
17686778,
20595458,
20124566,
17318556,
16465516,
20217741,
20406006,
20566695,
20507554,
19447967,
20253467,
17740594,
16597908,
20569817,
19605734,
17395163,
19521936,
16498472,
16474336,
18144376,
18353127,
17159189,
19070247,
19154027,
17771529,
19361895,
16436876,
16427318,
18121481,
16136987,
20695541,
20023027,
21130402,
20937610,
20669128,
20516401,
20546854,
20486949,
20528033,
19492984,
17865998,
20963803,
35222473,
30042519,
28829410,
27715759,
22552933,
21408681,
19035230,
21871023,
21936473,
20511306,
19433668,
18045555,
20799721,
20736498,
20959473,
19800166,
20606777,
18700401,
18594600,
21253577,
20351637,
18570583,
21655168,
20393234,
20878873,
20362059,
21787726,
20573082,
20471977,
19697532,
17705347,
20338734,
17819416,
16640009,
21095248,
18868464,
20466077,
21799033,
20662794,
21639962,
19228939,
17996549,
21759631,
19321960,
17778122,
19591105,
20800047,
18682450,
18478406,
21197939,
20209455,
18608754,
21262207,
20263856,
18449990,
21202097,
21119557,
20556191,
21777775,
20315634,
18645436,
19058556,
17103121,
20578129,
19720891,
19341939,
18962485,
21958124,
20388705,
20577556,
17606081,
21864953,
21500935,
20812963,
20554625,
19662775,
17752648,
20533362,
17757637,
16734218,
21101678,
20735794,
21504430,
19001445,
17817229,
22096850,
20472064,
21953505,
20719647,
20057245,
18792434,
21698547,
20394767,
20918261,
18976257,
20527592,
21681169,
20562293,
19393948,
19911608,
19418553,
20922006,
19793841,
20215757,
20445416,
20544037,
20578991,
19761802,
18657096,
21398155,
20128577,
18816238,
21427879,
21273619,
18699463,
21316045,
21349433,
21104978,
19953582,
21447908,
20093537,
20429114,
20660666,
19645940,
20952568,
19968182,
19996722,
19990520,
19085349,
19529006,
19046964,
20460562,
20688216,
19503656,
17681678,
19735255,
16934334,
21243639,
20985198,
20849320,
20553883,
19567761,
20875139,
21344637,
21012103,
19931887,
21518554,
20687766,
21017242,
18124290,
15193796,
20876544,
19728325,
20009629,
20228668,
19245039,
18561141,
17526603,
21326353,
19107480,
19073640,
19453754,
20098919,
17827915,
16605475,
19975856,
18524675,
21315014,
19831708,
18101872,
20891835,
20722840,
19626100,
20665811,
19362413,
17423646,
20293141,
21624302,
20335406,
18784122,
21514713,
21186697,
18747182,
17541058,
21720843,
19570784,
20892295,
18896352,
20322322,
21643496,
21336425,
19993036,
20071501,
21392185,
21077787,
19700490,
19762266,
16705358,
17379839,
20395381,
21566421,
21167616,
18788469,
18383060,
21068521,
20857617,
18737690,
18203167,
20916174,
18601315,
18811985,
18556213,
21247011,
20073211,
18865825,
17813296,
21764373,
19455414,
19273001,
19640566,
19269124,
19877027,
18110559,
16302625,
15253832,
16081260,
21361561,
21270366,
21099151,
20870774,
20641470,
19575103,
20347770,
18753330,
16778318,
21204722,
19878822,
17913945,
20389385,
19059049,
19272684,
19151274,
17832722,
18025777,
18769813,
18683730,
21240079,
20096835,
18526548,
21113785,
20861212,
19266061,
17750959,
20396587,
19319269,
18709222,
17490956,
21726958,
19237699,
19446775,
18932150,
20369614,
18992551,
21626272,
20582507,
19386256,
19480469,
19046207,
19158067,
18926077,
17251327,
16221793,
17884025,
20593603,
19611428,
19766897,
18602697,
21415203,
21218666,
21112272,
21052974,
20916694,
20771979,
20756972,
20709275,
20503249,
20320777,
18455670,
20110657,
20273867,
20652958,
20870944,
20049103,
21237831,
21057339,
21045702,
20955133,
20731822,
20463611,
20298457,
20143262,
18731019,
21549110,
20127200,
19231349,
17423321,
20402603,
17505900,
20330994,
20090988,
17448592,
20095475,
18800604,
21437315,
21062026,
19071033,
17491598,
16895997,
18929877,
21775365,
20437542,
18901832,
17553250,
20393277,
19207556,
21047325,
20266268,
21386823,
20267978,
18971665,
20203322,
19219947,
19446292,
17195692,
18671835,
21436776,
21516989,
21486722,
21601886,
21354705,
21255438,
21199867,
21006735,
20854278,
20802488,
20683162,
20592640,
20605367,
21224945,
20397672,
20804856,
21929724,
19807557,
21117142,
20418043,
20190831,
18877131,
18261906,
18629838,
18486540,
21488234,
21187005,
19053291,
17691445,
20714229,
18727429,
17581061,
20483808,
19166963,
21591424,
19105492,
17686293,
20516703,
19511293,
20680137,
18413128,
17076645,
19130419,
17665907,
20627638,
19392248,
21037390,
20203317,
21625995,
20298063,
18408328,
20117421,
20267885,
20639470,
21515017,
19305321,
19211496,
20549436,
19108370,
20507471,
19085244,
20496697,
18581242,
20247302,
21821634,
18772893,
17671724,
20767144,
19325870,
21199707,
19957110,
20135552,
21580815,
20676415,
21572888,
19305974,
19171854,
17550527,
19787593,
18580524,
16243096,
21499301,
20641545,
20928713,
20068346,
21370055,
20513236,
21492062,
19522936,
17627477,
18977909,
17638531,
20358886,
19032063,
21747432,
20266761,
19167554,
17463953,
20455530,
18465632,
21366283,
21404025,
19247880,
19469321,
18743683,
19432538,
17648710,
19324840,
17150695,
18156745,
19113483,
17574600,
19249663,
19535151,
17686145,
19306876,
16447053,
15415666,
16925465,
20067069,
17317838,
20489082,
19528044,
20417185,
19258877,
17322123,
19860193,
19933729,
17904983,
16780666,
18553404,
21170419,
21309266,
21285273,
21382700,
21204501,
21264817,
21140972,
21047875,
21111645,
20853285,
20818682,
20703576,
20506686,
20272338,
19259490,
17580228,
20756962,
18747695,
21497521,
21251232,
20107571,
19122609,
18461702,
19462326,
17103868,
18220199,
19473738,
17623227,
19288890,
19007152,
17693163,
20846556,
20466022,
21540648,
21303729,
27224043,
22064162,
19782998,
25409851,
23023754,
20428760,
20635965,
19128796,
20545834,
19357423,
17664832,
20652424,
19287505,
17594684,
20378920,
20606162,
21586703,
20279162,
19082084,
17208798,
21569396,
20482523,
18904114,
19330135,
19100660,
19457408,
19341785,
19396865,
19112073,
19480052,
19103055,
17635753,
20659432,
19508375,
18493400,
16697688,
15832703,
21141205,
20006841,
18803951,
17607393,
20298736,
20477566,
19402730,
17674801,
20679800,
17752181,
20642105,
19635059,
17788983,
20872789,
18574422,
21013770,
20870986,
19689570,
18741061,
19121798,
19257754,
19315744,
19333127,
19242143,
17749058,
20668700,
19230399,
21301562,
18891826,
19035665,
20338026,
21653838,
20791527,
21630171,
19165198,
19372025,
17808849,
15905990,
17276073,
21351931,
19175429,
19702067,
19268139,
20653394,
19419333,
20566810,
19338442,
17650226,
18083948,
17218423,
17655850,
18722797,
17312546,
21521642,
21552718,
21364365,
21349516,
21216930,
21247611,
21227892,
21327730,
21240121,
21226605,
21306564,
21185222,
21199986,
21183840,
21118304,
21061332,
21105946,
21010987,
21055942,
21026092,
21068615,
21112405,
21113895,
21090156,
21091004,
20974772,
21022112,
20850743,
19657671,
18718047,
17651967,
20539170,
19605876,
17709788,
20686289,
18517721,
21429458,
20256211,
19051096,
17366690,
17475805,
20165037,
19106138,
17476042,
21293855,
19015124,
17710716,
18111776,
20539982,
17630007,
20619979,
19677021,
19018306,
16923712,
18566055,
21443940,
21390401,
21347348,
20165895,
21652431,
20397586,
21654251,
20655211,
21354125,
21674009,
19232427,
17650678,
21500706,
19151257,
18985284,
17658785,
20493532,
20257074,
17244775,
20203622,
21587387,
20600775,
21869790,
19108040,
17589994,
18151819,
19414415,
17254180,
18623958,
21265492,
21188927,
21271449,
21174048,
21286666,
21164636,
21242663,
21240729,
21241426,
21236938,
21232780,
21178676,
21203124,
21205161,
21399273,
18809704,
17639681,
21348200,
19291400,
17637303,
18183994,
18717079,
17563471,
21584735,
21768442,
21366870,
18424180,
17719638,
16725349,
20300956,
21588338,
20364889,
20411953,
19155269,
18832724,
17230409,
18581436,
15948982,
21381032,
21256850,
21078746,
21020669,
20952776,
20933213,
20598588,
19631105,
20003471,
18555318,
20185199,
18934673,
21617928,
21692138,
21657975,
21227985,
21177978,
21204459,
21155831,
21151812,
21087475,
21165196,
21069866,
21034700,
21041972,
21090296,
20957652,
20836309,
20750405,
20747433,
20725219,
20798034,
20854375,
20704556,
20607802,
20560963,
20368104,
20360756,
19296642,
17344646,
17692985,
20340973,
19362565,
17421859,
17593774,
20094640,
21572774,
20470741,
21656572,
20728106,
21691763,
19147457,
17681543,
17916814,
18803829,
17700509,
20496507,
19346889,
17685263,
20753163,
18863180,
21661573,
21660007,
21399588,
21689243,
21585248,
21579043,
21416069,
21269910,
21310237,
21305802,
21162588,
21080805,
21150590,
21101326,
21141995,
21266886,
21096316,
21013482,
20949356,
21039812,
20986846,
20926569,
21231970,
20955743,
20994028,
21031715,
21094531,
21078790,
21134616,
21160121,
21129245,
20086485,
20477481,
21972328,
19818156,
20105962,
17048417,
20137959,
17645450,
20655396,
18644895,
19856341,
18922593,
18819585,
20561104,
22000694,
19954944,
20222044,
19202859,
17686156,
20528332,
18744611,
16412206,
18773541,
17346894,
21818452,
19816381,
18813295,
20187869,
21528936,
20694574,
21275237,
19010492,
17673171,
18858005,
20554516,
21739610,
19929994,
21306947,
20407604,
21685890,
19794868,
21177362,
20277845,
20625741,
19714186,
20848395,
18816878,
18762784,
21668812,
21688635,
20712695,
20802347,
20619944,
20694169,
19719333,
22286884,
20263543,
21660847,
20899267,
22064205,
20909359,
18819128,
20679902,
21709519,
20618904,
20641485,
18657822,
19999189,
20370626,
20711883,
18735213,
19778341,
16813538,
21436810,
21385222,
21236521,
20060395,
20455246,
20503452,
19330937,
16320891,
20554388,
18854725,
17735362,
20178117,
20321964,
20693956,
18848966,
20159032,
17483994,
17269994,
17290990,
21601552,
21294537,
20509201,
19185489,
20727364,
19534248,
18705338,
17275494,
21693070,
20275195,
20301896,
20770447,
21690127,
20411183,
19380003,
17572289,
19762997,
16899702,
21634392,
21708159,
21595707,
21674014,
21344587,
21265145,
21252374,
21210986,
21083390,
21013737,
20818097,
19377878,
19296708,
19472920,
21663395,
20610880,
19253170,
20646905,
19409337,
20621311,
18561680,
17529976,
17702847,
20605250,
18890783,
16962263,
22019088,
21663482,
20573589,
19790833,
21102026,
19753466,
21086134,
20492370,
21570135,
20747013,
19281835,
17365917,
16422069,
21640996,
21665842,
20583939,
20544571,
19377967,
19840204,
18911474,
16612702,
20485501,
19765208,
17886051,
19328518,
16497040,
17920472,
16059934,
16389889,
21681581,
21665257,
20711020,
19323828,
20629883,
19392191,
19738074,
18904194,
17767508,
21696858,
20707820,
19417404,
20767521,
18801547,
20662639,
21956472,
19951487,
22495433,
20426112,
20547469,
18662316,
18867302,
17761443,
21898688,
19565661,
19373434,
17729702,
20065947,
16980069,
15103130,
16283957,
17752650,
16718342,
20628996,
19306627,
17784849,
20598970,
18641022,
19258285,
20491638,
19472330,
19828741,
21285316,
20270873,
21636999,
20814286,
21115977,
21195579,
21209129,
21083364,
21111337,
20969037,
21047164,
21054637,
21019036,
21122379,
21065555,
20863340,
20796038,
20843220,
20716945,
20728746,
20773344,
20835214,
21117984,
21135434,
19858903,
17115152,
14968011,
16371187,
16439241,
18221949,
19562434,
17218908,
16137117,
16430409,
21646258,
21694313,
20694782,
19201349,
19573084,
19412276,
20652391,
18786853,
19108175,
18363981,
18980554,
17423211,
21625292,
20471097,
19520472,
17681591,
20962278,
18695476,
21615038,
20324342,
19435352,
20018653,
19143955,
20642235,
21581360,
20477359,
19377064,
19907833,
16784807,
18852631,
21784601,
21625370,
20468372,
19350066,
17606113,
20761099,
18789722,
21695568,
21745569,
21715131,
21835101,
20833787,
20630688,
20827592,
18577246,
16299775,
20465495,
19502618,
17632042,
20633840,
18637218,
21430511,
21402755,
19911632,
20051210,
21237147,
20357491,
21660220,
20632663,
21591411,
20218954,
19317973,
20548644,
17635476,
20346768,
19208973,
17712456,
20511681,
18704283,
16113951,
21301570,
21117230,
21027139,
21002555,
20879289,
19876351,
20387034,
20284802,
21540873,
21499121,
19329777,
20069977,
21608191,
19528514,
21160476,
20381545,
18670938,
15862683,
15304416,
21514782,
20553469,
19366960,
19993597,
19028931,
18660151,
15777677,
15239069,
19406137,
16742355,
14829786,
13197423,
14951696,
19118822,
16937514,
21643466,
20658631,
19311518,
20751668,
18597273,
20332254,
20596115,
19875037,
21487772,
20315689,
20571767,
19546977,
19125194,
20755992,
19320638,
19669677,
18780345,
20497184,
21938375,
19840177,
18152148,
16416703,
15739247,
21670184,
20818991,
19102321,
20610597,
19167846,
20813876,
19081789,
17177250,
20370953,
19389246,
20430624,
18590766,
17128364,
21411700,
21594130,
20357569,
19334690,
17680288,
20670566,
18700419,
21346292,
21488959,
20087977,
20307422,
19058806,
20519889,
19478172,
16846828,
15773079,
21508851,
21503661,
20422362,
20448488,
20379028,
19029146,
21656850,
21604232,
20840441,
19277031,
21013957,
20912092,
20810211,
20791660,
20720331,
20816693,
20657111,
20759657,
20741567,
20732167,
20762317,
19658922,
19895406,
20100311,
20290404,
17440287,
18713115,
15800710,
21428693,
19001430,
17577515,
21466881,
19245273,
17418568,
20378151,
19445489,
20241680,
18717764,
17589027,
20358932,
19291312,
20320922,
18825609,
16134049,
20244949,
20298851,
20594698,
20627714,
20364222,
21230832,
20206760,
19181920,
20402239,
18918788,
21442765,
19022956,
19329120,
16231070,
16224408,
20309810,
19589060,
20894418,
18563395,
18324924,
21326145,
21199077,
20273010,
21666572,
20658581,
21329494,
19214328,
17793893,
18237581,
20589263,
18709835,
16356681,
21360353,
21235729,
20974962,
19726883,
18768073,
17751741,
20508081,
18512799,
19537296,
16761196,
18637328,
21630397,
21612778,
21547331,
21250153,
21311031,
21333060,
21283995,
21270478,
21364630,
21318303,
21379006,
21346712,
21317471,
21406187,
21416667,
21355999,
21703142,
21594627,
21562291,
21599296,
21591475,
21381522,
21347960,
21370087,
21349042,
21633579,
21349116,
21310447,
21304862,
21306985,
21254920,
21288681,
21227566,
21204019,
21293568,
21696295,
21188852,
20061770,
19241711,
17671019,
20373438,
17590032,
20611919,
19234634,
20580370,
19124722,
18242834,
17115927,
18059377,
22062144,
19754105,
20097242,
18616516,
21286450,
21087642,
21260172,
21146104,
20994591,
21111922,
21016069,
20848081,
20913572,
20780450,
20786825,
20650062,
20713043,
19390286,
17475739,
20641610,
20834414,
21729658,
19311261,
19142592,
18519403,
16437374,
21650081,
20282939,
18984208,
21743059,
20418720,
20384957,
20461197,
20353842,
19239420,
22000081,
21985100,
21808330,
21607856,
21476917,
21393548,
21560574,
21473896,
21362738,
21351684,
21363511,
21371595,
21341040,
21281586,
21327617,
21534712,
21547750,
21316666,
21270915,
21255778,
21262168,
21489076,
21525237,
21506530,
21523842,
21487157,
21350861,
21570478,
21557302,
21563111,
21553922,
21577386,
21568909,
21235702,
18972355,
20608637,
21560137,
18908089,
17592940,
18096063,
20378956,
17673166,
20471249,
19200443,
21583015,
20447535,
18884888,
16866192,
18837463,
21526749,
21295793,
21189219,
21124307,
21079183,
20800608,
19810957,
19863464,
21158449,
20447931,
21490922,
20608847,
21974036,
19505175,
18753277,
18560700,
21124680,
21183090,
21115967,
21006767,
20771476,
20791227,
20811471,
20732314,
20535490,
20495535,
19268499,
17553182,
20500677,
20723286,
21576894,
19110737,
17809087,
19198176,
17520534,
16357962,
18433924,
22464050,
20422770,
21590387,
19184062,
17672343,
20363866,
19091616,
21693706,
20501142,
18697948,
17118544,
15794512,
16290689,
21379802,
21453480,
21340050,
21268321,
21246061,
21274962,
21114802,
21143941,
21271797,
21192000,
21182605,
21095646,
21106308,
20962523,
21001580,
20903982,
20871717,
20777508,
20598848,
20358544,
20563257,
20546050,
20650155,
20696441,
20729267,
20558778,
20636965,
20575952,
20647632,
20497760,
20519251,
20474991,
19238396,
18470271,
19595979,
17362632,
19074860,
17580130,
20179262,
20474879,
21493639,
20386250,
19053564,
20280925,
19136951,
17478015,
20284595,
17454977,
20423817,
19087149,
18951356,
17101755,
19116872,
18578612,
18661236,
20340794,
20647112,
21542116,
20222469,
18815160,
17127076,
16570732,
20220366,
20534750,
19777479,
20957791,
18389072,
21189115,
21238011,
21209385,
21343336,
21300664,
21275011,
21346814,
21102209,
19964134,
20136352,
21237296,
20044431,
20060422,
20313272,
21661905,
20610277,
20590848,
19132040,
19042252,
18193902,
20624513,
17739247,
20311748,
20542975,
21652488,
19292665,
19019573,
17668824,
18963725,
18218271,
19480897,
17562428,
20519228,
19144247,
19416594,
19139978,
19987388,
21138727,
20098957,
21316063,
20153254,
21424692,
20551448,
21278869,
18792037,
17438865,
21446577,
21346111,
21269771,
21209519,
19970138,
18866474,
16868424,
18222130,
19776027,
16667520,
15477692,
18860565,
18795437,
20051063,
21628377,
20375558,
21670144,
20181446,
21370732,
21305570,
21162259,
21161054,
19949782,
18823584,
18022124,
17632379,
15137890,
16331316,
15095700,
21621653,
20466704,
20288545,
19322288,
17781004,
19630058,
16634962,
21127861,
20943116,
20948806,
19695849,
18766532,
17527712,
20191700,
19095784,
17325956,
18990438,
18092365,
16324752,
15318790,
17083897,
21530871,
20152028,
20431270,
21236734,
19136988,
17825609,
18138007,
16329284,
15269761,
21370032,
20166778,
19109323,
19471905,
16648449,
14488582,
15724749,
15904065,
21361763,
20156001,
19180348,
17681091,
20526153,
17664442,
18014733,
20194203,
17732775,
21610043,
19256660,
17750800,
20405768,
19183512,
21236618,
19034615,
17584240,
21617373,
20485061,
21565002,
21580440,
20636418,
21173438,
19018696,
17512605,
17868580,
20574122,
20811066,
21920787,
19056986,
20179699,
19327113,
17538643,
20183528,
17585487,
18784210,
21841287,
21253808,
19082125,
17647811,
20327149,
19078228,
17675366,
20357709,
18970302,
21526031,
20315252,
19208003,
19723223,
19766147,
19901146,
21218568,
20304380,
21577734,
20531188,
21454631,
20237828,
17316753,
21618740,
21593260,
21536498,
21332572,
21317021,
21198832,
21194322,
21142910,
21188280,
21262087,
21225297,
21138446,
21160949,
20965108,
20925425,
20817126,
20744073,
20651614,
20745598,
19480403,
19646463,
19962892,
20213329,
21503565,
20565775,
21504158,
19395138,
19001537,
20568250,
17804752,
20490523,
19459974,
20787835,
17520302,
19645551,
17235791,
17467976,
16445161,
20687187,
19429885,
16623128,
18594073,
17419388,
21455287,
21441007,
21440889,
21452826,
21218863,
21135214,
21462546,
19970209,
18654141,
21151580,
21130596,
21076775,
20983929,
21063346,
21061089,
21155087,
21222785,
21182363,
21942098,
20170057,
19243020,
18710182,
16444263,
19127884,
16998498,
17099613,
21445417,
21149958,
19961582,
18741145,
21578256,
20506299,
20696911,
20457942,
17406427,
20753463,
20343835,
21379884,
18991906,
17417506,
20439739,
18936559,
21412531,
19097326,
19242161,
22129975,
21427386,
19098893,
17671963,
20566153,
20266523,
21459096,
20306710,
21748173,
20220941,
21451227,
20355982,
21658450,
20085941,
21691690,
20227723,
20453523,
19088381,
21169933,
20069815,
20354655,
18265211,
22632563,
20569628,
21691883,
21463493,
19357795,
20004734,
21104123,
19806525,
17558450,
20444918,
18523027,
18679189,
20237555,
19061881,
21725088,
21699422,
19633559,
21148881,
18576530,
21467313,
21592814,
21598613,
21662293,
21663030,
21360466,
21329482,
21596141,
21289756,
20449588,
18502956,
22950631,
20599997,
21914740,
19673072,
19581126,
19943755,
20086728,
21489196,
20686007,
21556135,
19305139,
17730417,
20802211,
20460432,
18518826,
21576123,
21499449,
20190796,
19062246,
19609226,
17446489,
19347614,
17388749,
16735603,
19863399,
18537974,
21520632,
21511277,
21527809,
21224283,
21033625,
21159243,
21221732,
21150450,
21221409,
21209225,
21119605,
21221855,
21040543,
21142245,
20989461,
20861529,
20508883,
20493140,
20176106,
19026659,
19444022,
17387103,
16918858,
21313826,
20232711,
21568211,
20743441,
21693655,
19620818,
19400067,
20652171,
19234856,
21614033,
19399971,
17753354,
19327910,
17766940,
20643795,
19587649,
17835022,
20897948,
18795185,
21515418,
21522840,
20228296,
21650095,
21555919,
20147301,
21328185,
20207272,
21916767,
21635407,
21358541,
21271217,
20112193,
20032629,
21455517,
20215847,
20602230,
19542123,
17789140,
20092253,
18700078,
21469398,
20315197,
20403409,
19352563,
20670514,
19556177,
19737697,
16770773,
20494402,
21616315,
19347644,
19661258,
18595892,
17239233,
20503566,
19063712,
18325195,
17252566,
18968521,
17469544,
17929652,
20433945,
17369120,
18001140,
17114095,
17739839,
20585291,
19149432,
20933829,
18179246,
18599533,
18588305,
21595964,
21684003,
20501842,
20426189,
18987688,
21920740,
21683691,
21129329,
19667574,
21635386,
21653533,
21574250,
21383872,
21690778,
21658208,
21375404,
21357875,
21258827,
21284841,
21661055,
21234878,
20617749,
19299009,
20847166,
21035480,
20809721,
19851771,
18437201,
21169231,
20997225,
20890968,
20983538,
20773457,
20660660,
20778111,
20581794,
20630013,
20443476,
20326704,
20279177,
18914731,
21756566,
20598490,
19603649,
20340911,
18722800,
17738292,
20525228,
19132564,
21567378,
20663011,
19198589,
19415454,
19271184,
17611290,
20787380,
19477367,
18372629,
21110550,
20886681,
20988559,
20752903,
20692314,
20691433,
20678812,
20668433,
20489408,
20359806,
18426375,
17432841,
17698680,
20580129,
19208985,
21695765,
19249979,
17564848,
20755562,
19379845,
22329254,
21089000,
20125273,
17528526,
17953692,
20738697,
20166928,
20286534,
19018051,
20808143,
20039748,
18013080,
16444751,
15446459,
20795056,
18684619,
19048630,
18250786,
20492013,
18588711,
17135925,
21479257,
21597719,
20417350,
20779461,
21868121,
20703483,
19332930,
19656933,
16690503,
15686765,
21534711,
21673047,
21625960,
21619390,
20683844,
20559683,
20441819,
19412789,
19208313,
16340025,
15445097,
19556672,
20666870,
18435474,
20115296,
21587673,
20744435,
22168515,
20159133,
21526909,
20312007,
19197549,
21292375,
20500327,
20378570,
22191353,
19782897,
20166750,
18130299,
18679308,
19229449,
17466393,
20559473,
20653944,
19458461,
19202364,
17566458,
20298673,
18608074,
17408719,
20334755,
21618752,
20288436,
20317739,
21793698,
21281256,
20054317,
21111685,
19930057,
18402996,
21025224,
20911350,
19690500,
20740492,
19512498,
17586764,
17974019,
17184414,
17307372,
21320213,
20139984,
20289947,
21498959,
20892642,
18601375,
16844753,
21001775,
18789925,
17564652,
21398248,
20339538,
19003260,
17164014,
20208112,
21647793,
20336446,
19088219,
20410706,
21630142,
20303013,
19261545,
17411524,
17179715,
21406810,
20196273,
17233983,
17330612,
21397133,
20176842,
20120166,
19092553,
19391156,
18866774,
17606718,
20367269,
19316871,
17804520,
16471442,
18268258,
17762083,
20459427,
20403397,
19458541,
17553179,
21661917,
19233716,
17551212,
18011076,
16955163,
20085271,
21321338,
19891718,
19944448,
18649384,
18030656,
15968076,
19341154,
17577900,
20512131,
17528804,
17915294,
16754745,
19140331,
17572556,
18868536,
17607648,
20148179,
20141049,
20490508,
21547550,
18985157,
18918656,
18594955,
21561196,
21200279,
19953198,
19944983,
18768523,
17060211,
16928280,
21269945,
21195512,
21079445,
21047779,
20852098,
19619203,
19728582,
18816018,
16948201,
14581816,
21150867,
20958810,
20224944,
19886842,
21040944,
19741510,
19600736,
19128959,
20393064,
19302350,
17728605,
20481570,
19599604,
19178545,
20357469,
20319367,
20218592,
20160500,
20290295,
21681169,
20289569,
21622433,
21344879,
21153102,
21043028,
20851143,
20611397,
20119158,
17663944,
19158830,
17526322,
20190318,
21629899,
20308585,
21669457,
20177244,
21395088,
21242611,
21124110,
20919373,
20866827,
20611025,
20486050,
19142892,
19411584,
17745114,
20736061,
18083493,
20733131,
20724904,
21751209,
20764049,
21888435,
19555674,
20639067,
20623068,
20443756,
20419703,
20498120,
21539571,
20295323,
18859662,
18151513,
17312068,
17343389,
21618568,
21333205,
21602594,
21018806,
18751254,
20107056,
21594712,
20302090,
21266922,
20158243,
18959008,
17535938,
20734346,
19903905,
20155281,
19288065,
17321898,
18278782,
17118019,
15924502,
19286418,
16331791,
16410559,
17899210,
16077196,
15295477,
21276133,
20145896,
20108259,
20161340,
20187168,
21597494,
20236193,
21628377,
20452737,
20448990,
19245473,
20577192,
21560649,
19147545,
19046902,
18407601,
18852265,
20097732,
17465793,
19506295,
18804008,
17684930,
21683291,
19336954,
17273361,
16301163,
20196083,
20267125,
20450538,
20416113,
20391337,
20462690,
20524258,
20646757,
21600597,
19261407,
19242728,
17675581,
18012833,
16151693,
15338109,
20219801,
20392859,
20448261,
20479926,
20409376,
20610557,
20590968,
20348682,
20200825,
20073672,
20367576,
21659970,
21281571,
19989719,
19980888,
20117691,
20009493,
20197061,
21342349,
21249992,
21126022,
21003502,
20820335,
20776803,
20589913,
20489475,
20212724,
20333889,
19127351,
19401605,
17492559,
17777951,
17033941,
16094354,
21237546,
20151288,
20323234,
19338570,
17694403,
20304443,
18647862,
17594560,
18274478,
17249030,
17470293,
20141334,
21625045,
20266188,
21647693,
20163841,
18323856,
17134993,
16880383,
16951318,
21109538,
20888520,
19661207,
19640418,
18099199,
20386177,
19352461,
16386304,
20337204,
20368538,
19086219,
18355719,
17348286,
17892654,
15957876,
16055017,
18461770,
21056334,
20894493,
19462613,
20423030,
19268604,
17610713,
20023549,
21299209,
21554532,
20111081,
20137954,
21284188,
20899305,
18723299,
18550063,
21220451,
21026580,
21014729,
20755745,
19647530,
19817744,
19944683,
19847499,
19746681,
16817953,
15771066,
21026146,
19888647,
19916080,
19903493,
18811432,
17654143,
20283212,
21561371,
21462531,
21284593,
20126883,
18564465,
21164382,
21021909,
19777557,
18235040,
20477449,
18706029,
16764776,
21181270,
19945205,
19103908,
17665504,
20193327,
20194345,
19066793,
20317888,
21368809,
21237307,
21071380,
19804047,
19722136,
19848097,
20961513,
20250175,
21364658,
20073249,
20243814,
20099732,
20043871,
21432623,
20508323,
21517349,
20331764,
19043749,
17186693,
16137556,
21219812,
21092691,
19920906,
18427789,
20966590,
20706488,
20619241,
19594549,
21094973,
20065745,
21388293,
21225802,
20950408,
20684029,
20451838,
18970284,
17403776,
17731610,
20309370,
20348970,
20191066,
20666001,
21499529,
20363214,
19095541,
17646553,
18056977,
18894153,
18815428,
21501816,
21216217,
21251891,
21076205,
21054514,
20920583,
20926686,
20600687,
20869836,
20361469,
20132354,
20124681,
20340410,
21530709,
20551756,
21658890,
20479188,
19115224,
18305785,
17350459,
18582061,
21427737,
18867124,
17928859,
20130058,
18727313,
21828158,
21598829,
20410313,
20408506,
20478048,
21362877,
19842155,
19124239,
17220630,
16322074,
21790316,
21680256,
21618300,
21096578,
19906470,
17908063,
17057782,
21575843,
21311212,
20228848,
20325581,
19537108,
18363021,
21161774,
21031906,
20978394,
20865197,
19723806,
21241389,
21067391,
19894676,
21288623,
21155915,
20165858,
20125580,
19126329,
17248265,
20620862,
19684518,
20840406,
19808060,
18336115,
21140935,
19827793,
16912838,
20168227,
18487867,
17652680,
20881431,
17696809,
20318965,
20598113,
19490109,
20472544,
17671591,
16607106,
18678557,
17520567,
22046791,
19682973,
20181834,
18302923,
17632206,
20979747,
18173212,
16405143,
16607669,
19980513,
18591163,
21575169,
21285188,
21193716,
20292737,
21704120,
21441217,
20274460,
19143042,
17413804,
16031126,
15920494,
15338662,
21668137,
20711638,
21672556,
20555193,
19302645,
20713270,
19539387,
20999523,
20975379,
19852129,
21334335,
20084545,
20252850,
20404821,
19315651,
17585032,
20784473,
18529042,
21295697,
21216900,
21051509,
20050784,
21484272,
21213798,
20203113,
19188184,
17628159,
20942269,
20615394,
21497313,
20337493,
19244836,
18494729,
