12801258006,
256481045,
264976887,
265809775,
257292985,
247182649,
238334362,
279816775,
282437398,
271614576,
266751575,
265211703,
267652958,
266745244,
269117386,
269423374,
261920750,
262875375,
264408109,
257721241,
256546332,
245939154,
259338529,
260169263,
251740369,
252104713,
243271031,
257864239,
260216412,
249101117,
261428123,
264292561,
263842479,
266064980,
267986511,
268367211,
269308441,
261685354,
263008933,
264072036,
265149593,
266442052,
267501323,
260056226,
269613040,
262415995,
251070275,
265525906,
266212695,
267782541,
268187710,
269833216,
269883732,
271559320,
293724911,
287282474,
275752282,
276777741,
278035282,
292096767,
293982964,
286148837,
274415463,
275290697,
277874049,
278793041,
291971448,
293946182,
284602733,
296270387,
296062237,
289632587,
288948530,
291511353,
293734890,
286136340,
287801041,
289162308,
298742316,
299891652,
291844465,
293977041,
294711776,
286058701,
276610945,
277844567,
269710766,
270470058,
271468866,
272602883,
274616873,
275988658,
277198695,
290480612,
301062933,
302387492,
314834772,
305034511,
297188548,
307780676,
308428578,
310299260,
300936249,
301534247,
304726002,
305972880,
297476164,
289348933,
290110061,
290984069,
292093537,
302987101,
294734250,
296987285,
297718529,
298747712,
299690699,
291610690,
293783032,
285135097,
288248202,
297150825,
299290681,
298379575,
293103089,
281626848,
272340973,
273765316,
265083353,
275908448,
277413983,
280539075,
281055028,
284325723,
283685245,
273883133,
276418805,
289755255,
290451210,
291241847,
292428827,
282310527,
284161825,
276309276,
276890292,
278890840,
280091601,
281348552,
282984527,
284903320,
286121090,
291543216,
300126842,
302823889,
295483128,
315997525,
305286879,
308736782,
297852312,
320935626,
323064934,
324302578,
316179317,
317173553,
319847860,
321575189,
322807353,
324123883,
315536209,
318004331,
326391332,
327430637,
329986031,
331167129,
332620782,
333208797,
334867169,
326564154,
327717324,
328424059,
352349844,
353423423,
344644558,
333377034,
326238282,
326886010,
327248439,
328941605,
330056097,
344149033,
355407777,
356727703,
357297686,
359992514,
371995433,
372050637,
372638069,
375959838,
377520973,
366507970,
367772166,
369286546,
361431860,
358311402,
358682748,
359274682,
361267906,
353182696,
353840889,
345987655,
347691328,
348394514,
360355315,
359670344,
361195663,
362153301,
364196575,
355238074,
356733217,
359113361,
360705346,
362687834,
354443986,
346328520,
349277720,
350583258,
351878126,
344704954,
355361094,
356122701,
357482907,
360556858,
352305785,
354241155,
345501008,
335027081,
337183279,
339957434,
329014234,
330023828,
346204608,
347145809,
338372262,
327806227,
340871501,
332940857,
323667513,
313050950,
315299333,
308564891,
319421803,
323493052,
323259499,
324250215,
312655099,
314057947,
298514313,
320686162,
332353871,
323315921,
316350306,
318699776,
321706226,
321543554,
323872288,
315414048,
317146982,
319947605,
308717313,
312171943,
315929981,
303651904,
306319708,
306577316,
308969844,
298050337,
300723449,
302124097,
294328309,
287200230,
297961945,
297461118,
299545258,
293004143,
294969644,
286674069,
274388000,
275977531,
277333826,
292466608,
282344694,
293537492,
295546720,
289000695,
299799771,
291582907,
293086457,
294711438,
298066979,
308074719,
299208110,
299780365,
301265038,
305131578,
295775084,
298883741,
298677973,
300206343,
301046360,
301939587,
294507623,
287917619,
296908870,
298193047,
291128757,
292658898,
283876309,
285963650,
287684558,
288546714,
311628830,
322815501,
314226160,
303982290,
317771565,
328329533,
328377673,
330491423,
345440949,
346576145,
348327279,
350222724,
351188633,
352864631,
377061749,
378488749,
378795224,
371603804,
372521647,
361503205,
362189149,
354252960,
355905558,
357257766,
350601032,
351188423,
345200490,
333655165,
325458440,
349137169,
338951656,
351340804,
351929028,
344531931,
347897886,
356626739,
349630812,
349867646,
351845374,
355061462,
346993859,
348238981,
358067084,
359873587,
361143501,
362571057,
364525460,
367146760,
358042423,
372592180,
373760635,
361853397,
353615757,
355557253,
356932853,
351463718,
351371204,
351760003,
375058472,
366912492,
368832220,
359233430,
360705417,
361765215,
363761813,
410022163,
381118538,
380268699,
382739956,
374434641,
376271471,
378560403,
380864882,
374393201,
374994384,
377299616,
379515002,
370851697,
360208479,
353277157,
354691526,
376087275,
378563170,
371062273,
372709482,
375175479,
363598367,
356388983,
356936843,
358465878,
359184703,
360888105,
363061749,
354478809,
347328055,
350326312,
362686156,
362263070,
353936149,
355164088,
356323933,
358422176,
360042662,
353856307,
346564127,
348882987,
350191921,
352093308,
343337096,
345126771,
355153064,
358031462,
360237291,
352808739,
353610839,
344974594,
335431576,
358211226,
350879329,
339799963,
331839661,
357103210,
347641080,
351278905,
338312232,
322611413,
324305650,
325805477,
319351947,
310373002,
322583413,
323409925,
324885179,
324323732,
317678594,
306825950,
321029354,
321553472,
322876968,
324438046,
316831842,
317434788,
321409024,
321269831,
322729493,
324693621,
315355077,
316402274,
318744971,
309575708,
310284205,
299941775,
301975916,
303553268,
304922263,
297293837,
298316610,
299071127,
301938399,
294550145,
294354620,
286786414,
276449443,
291702878,
281959378,
302605954,
303929881,
295428707,
297999239,
298580067,
301071064,
302326960,
294089203,
287135449,
288612673,
290802196,
291225549,
292553102,
294962817,
306075894,
297267969,
298445066,
301138476,
303487864,
295496724,
287203644,
289291027,
291405640,
301971155,
293839199,
295123556,
289319167,
289787570,
300737628,
293802616,
285815697,
306504121,
298415273,
299316308,
300130552,
300515596,
302704755,
294521990,
287072445,
290567253,
291812747,
292948052,
294871002,
294445075,
296387774,
290896908,
291466629,
285334963,
277043760,
289237226,
289863405,
292713650,
294465831,
295207627,
306413302,
297774854,
298815213,
299747734,
302945107,
302914748,
295145810,
287343160,
290059970,
292886226,
294227362,
294984454,
286922744,
296100872,
299032161,
299887116,
291755731,
283605752,
272960926,
275431182,
277038918,
290889668,
293117684,
293023642,
284694546,
277123898,
267386817,
279205261,
281166781,
270955877,
293570076,
294641866,
318188824,
321445981,
322470263,
332312940,
333734546,
335517624,
350076279,
351325865,
352494849,
344832257,
333139375,
325435254,
326205807,
326710112,
349325503,
352022269,
343983693,
333507827,
324526195,
326386108,
327485655,
342353987,
332894332,
322031507,
323435551,
316331795,
317977455,
321618341,
322082866,
314115470,
317486257,
318694551,
320370049,
322269787,
322738892,
324235846,
317543487,
318213784,
321218547,
322484992,
323196293,
315147332,
318271625,
319358045,
321828990,
321817512,
324677518,
315250540,
316964258,
317190203,
320722250,
312423249,
301914313,
293677320,
294582695,
308470959,
308909161,
301439746,
302618633,
303991694,
295999669,
289706191,
301217486,
301274472,
293581188,
304978330,
307080708,
300417211,
300743716,
303165207,
294946886,
287184653,
298324720,
300566344,
302362476,
304129339,
296109046,
289567151,
290700800,
292030953,
301899312,
303792768,
297074803,
296795744,
289462030,
300446948,
301702074,
294606575,
286689575,
287790227,
299107921,
300589604,
302350822,
294482960,
286378518,
298029808,
298112826,
298584830,
301666825,
293248180,
285821588,
288355950,
299238988,
301407101,
303473059,
295763752,
286402207,
277163201,
279560102,
283394704,
268619639,
270528773,
272250033,
296444053,
308211438,
320741879,
313860715,
302338412,
302629286,
294585570,
288112478,
298675770,
300381789,
302852906,
304159429,
295664861,
296181871,
297480091,
299744192,
301172842,
293992203,
286046678,
286897200,
288988334,
312240863,
313012072,
314868993,
315190784,
317697512,
318171331,
320076341,
322477532,
322436908,
315592068,
304858855,
296719762,
297688286,
312089258,
342230052,
344253209,
345982904,
349013507,
349281231,
350388199,
351291963,
362350662,
354580651,
369550824,
369829341,
361144802,
352872765,
355071414,
355681339,
371654987,
361133278,
353020950,
353574389,
357191149,
370184820,
379914527,
380911442,
382751580,
383895954,
384874576,
387011868,
380038002,
380901565,
381506718,
384685402,
386632141,
399956825,
388792418,
381062291,
381446020,
383546949,
377159794,
377441005,
369048348,
370936269,
372284092,
362178555,
363296421,
366464044,
368357223,
371495484,
375088799,
362870528,
364630556,
368611349,
358894692,
351535925,
352329924,
353771486,
378609381,
369255927,
371889024,
373997033,
363026511,
365401079,
369164172,
357497235,
360009558,
361606187,
364963400,
364277394,
366613838,
359965970,
371380322,
361563765,
363317657,
353657067,
347618840,
338457133,
328232302,
330482798,
346113722,
356097195,
356463621,
359034056,
359930752,
362635886,
363810113,
355205999,
348633057,
350159677,
353107066,
355879431,
356971311,
358037048,
360944775,
361101284,
354084108,
345296287,
347338500,
349942698,
361125798,
355100974,
353705189,
345827589,
356616225,
358457446,
359825905,
352391139,
344542370,
345806179,
349020393,
349907075,
352425133,
352731727,
354841673,
354741792,
357137717,
357878896,
352496371,
351653874,
344167492,
345522901,
346614620,
357476066,
358517024,
360139115,
352348347,
353743053,
354577135,
347547079,
339664273,
330000933,
322050925,
315896116,
325593303,
339922290,
373635532,
361206650,
364729331,
365930361,
369171621,
359493996,
351354940,
351304347,
353052880,
355297494,
357267926,
379748658,
371977795,
374618499,
376206808,
386705052,
379477426,
379865908,
372760695,
375986357,
377231377,
377415124,
379960646,
373005945,
373557309,
375476112,
377746965,
378508175,
379514266,
373315779,
375276549,
375638357,
379855818,
379220819,
372136662,
374056336,
375087013,
375701666,
377676679,
387246976,
390466950,
382029909,
383106317,
384192329,
379810657,
378652089,
380282821,
372937883,
374612478,
377939861,
377593777,
380657407,
371173248,
342410809,
343440303,
347261198,
349509752,
358365343,
373909100,
374112303,
375318268,
384636328,
386856386,
379531073,
372751580,
375281761,
377460215,
369170128,
359059130,
359332781,
361265869,
363408274,
355861510,
356815063,
368569325,
358683655,
363381782,
362447422,
355045633,
355562436,
368282838,
355850212,
357791345,
359071741,
360794907,
374308942,
362962186,
356036360,
386743024,
387821361,
400923596,
402927067,
404791564,
405208176,
429706539,
431035480,
431246367,
420920736,
423250729,
428186637,
426395970,
429414301,
418598262,
421105765,
424298154,
425624852,
414304071,
407098910,
399226713,
390309879,
390116904,
392650222,
394719061,
415187484,
417748429,
418003896,
420291322,
433198901,
436072750,
428069846,
415769345,
416861113,
418811416,
420399489,
413186811,
406506078,
406247360,
408661818,
409634612,
401329571,
413379386,
412733776,
415432365,
417294064,
419547238,
420672927,
412978529,
405394494,
416311810,
418154641,
420338472,
412168384,
404436937,
415173689,
419338787,
410831821,
412136343,
405457733,
409283663,
400147259,
419181798,
409490096,
411726178,
436303840,
429151121,
430037536,
429656134,
421590299,
411535339,
413505555,
414390527,
417234457,
410292012,
402277584,
391390189,
383909715,
386253733,
401761829,
402704140,
412596666,
414479857,
409225058,
408802723,
410756491,
406648546,
392828848,
383984472,
407091553,
401306724,
389695258,
392028482,
394476582,
406751980,
398525887,
399855086,
401538014,
402800239,
404973518,
406993498,
409259242,
400201153,
412320240,
412811309,
415273460,
416914872,
418225691,
410644844,
410945216,
403531346,
413523440,
408802202,
408776033,
409771354,
402723940,
412996762,
407602059,
409192958,
407539938,
409968715,
412011807,
414414974,
437232709,
438651095,
441446757,
431501042,
436144434,
435918272,
438104035,
437819957,
409445790,
402055246,
391506849,
405537485,
395206935,
416234765,
439285217,
439817153,
441676883,
436034271,
436967323,
427917081,
429875212,
420944752,
412820794,
404474827,
395348635,
385112235,
409983165,
412248624,
412713057,
414280130,
438120539,
436135374,
420799961,
412161029,
406722425,
407208829,
418574310,
410464291,
411804390,
404856246,
407482727,
407145737,
409762148,
410570691,
411789648,
412219346,
415151701,
416687196,
418361557,
409245102,
411112492,
404891521,
406175036,
406503869,
409561743,
410950927,
403036286,
416808273,
415974588,
417466840,
418806411,
412666763,
412966777,
404714183,
407066231,
399259409,
388902111,
404330957,
405044959,
415299352,
428398437,
430802803,
420516325,
422359164,
423620477,
426818101,
429528297,
430690374,
431742296,
433297842,
435981696,
435631904,
437236687,
429936330,
431779212,
433884319,
434989967,
436855802,
437974525,
429901825,
432243173,
435352893,
436784730,
427678108,
428847806,
418451911,
420019415,
422380636,
423394099,
438854399,
439596172,
431080297,
434158749,
435542920,
426346999,
427194001,
418111072,
419612238,
421263272,
423689046,
423430918,
426036932,
415634535,
408590000,
408915774,
410641735,
412800193,
404705677,
406359938,
407244772,
418714305,
410583624,
413654684,
413106492,
415306145,
416758267,
409647739,
402549652,
404149949,
407538520,
408137733,
418009974,
411221129,
410561787,
412303903,
413620455,
407142558,
409469498,
410646119,
405271489,
393968739,
385646846,
387042362,
389669485,
391360274,
406498711,
396263298,
386057518,
389062209,
390067570,
382356885,
384756968,
387085973,
388431697,
380970873,
381365684,
382995171,
385210883,
386271552,
387729318,
411268350,
402178096,
404051382,
405992571,
408009491,
407716534,
401476312,
421942162,
414786654,
414111634,
417029956,
417504635,
419397434,
421260938,
413578025,
404734544,
407188676,
408437381,
408742253,
421183123,
411517903,
413140743,
415894629,
415799375,
417549066,
410169569,
403196475,
403502794,
407007520,
407048053,
408840547,
399666450,
401609930,
390700813,
405443772,
406932192,
399534727,
408913530,
410493140,
412485077,
405212332,
397853339,
409848443,
401974790,
390879827,
382652897,
407563579,
406500048,
400162914,
388920869,
391552219,
383894329,
384135580,
385532431,
410072966,
401308315,
392324718,
382734682,
384526795,
387923360,
389579678,
380986405,
384076774,
384212900,
386039159,
380068754,
380045369,
382521378,
383482590,
377489891,
387839139,
379812661,
373521734,
374135317,
377156188,
378457733,
378488812,
381669140,
372913157,
374635015,
377302433,
365944338,
370305563,
358680240,
360874850,
362609815,
353746034,
348931441,
348911751,
349518949,
351658549,
346021662,
363617637,
354850084,
356325149,
357828073,
359851349,
360989285,
353619786,
345343104,
347400272,
349423148,
350242581,
351182408,
352757874,
353569005,
356472586,
357166340,
359826999,
351247505,
343177396,
333832047,
336061077,
327241704,
351600701,
353249228,
345005095,
335570745,
325604637,
328677198,
329034798,
331405383,
332184057,
324717576,
325321280,
349064287,
351550666,
344073744,
332473322,
325190815,
326017580,
327875770,
329991739,
343405214,
344350400,
346471209,
347722484,
349330723,
350679412,
352271584,
352424920,
353082297,
355424615,
356182285,
358634098,
360625573,
351651143,
345135688,
346330409,
357181420,
360077617,
360990984,
352841777,
354855739,
347402982,
357576927,
359801148,
361674683,
353723584,
354969718,
348693692,
357841140,
359020379,
362415915,
353779840,
354079112,
347462211,
359461303,
360178961,
362527947,
355297943,
355475336,
356805588,
358437924,
360685597,
352759971,
345682934,
348813873,
343397176,
341147046,
351064539,
352756282,
353782318,
356099931,
349144391,
341596255,
332398669,
333706284,
326242692,
326646851,
341951267,
341418282,
344654718,
334725072,
326325692,
327198862,
330081388,
331955953,
326271766,
326823306,
327827061,
325578743,
326112900,
328051042,
322466031,
331535244,
333561843,
336356414,
347369077,
339829011,
350203839,
343323231,
332636383,
336207377,
349133371,
340951924,
330467859,
331259282,
332726831,
335839457,
355464070,
357098626,
350772233,
351527078,
353257140,
345262426,
346318423,
347752924,
350909158,
360709601,
353595108,
344904876,
355081507,
357109234,
359320862,
351909273,
352920535,
347053381,
337491451,
350316627,
341546527,
329937009,
345639948,
346701074,
339021394,
328761214,
330010475,
330823149,
332156731,
333196390,
347244058,
349286984,
351908885,
344750881,
333208012,
325279770,
326541081,
329245976,
330917124,
323474131,
323856181,
324386582,
349311837,
351150265,
352113760,
323684035,
324196227,
326565360,
326762832,
329229968,
352143429,
323241380,
324306682,
326763516,
350526004,
341481089,
330109656,
332499036,
335142645,
339536875,
360351217,
352076470,
352932604,
354325190,
349341170,
349174425,
351320068,
343289356,
334590466,
325726267,
320203590,
322130140,
344008863,
333157631,
356055700,
349835225,
349401205,
352149595,
352119338,
347341169,
349278499,
350473117,
351635053,
344463064,
363944566,
355027853,
357488323,
360254286,
362165656,
363488006,
355721423,
358860869,
373288036,
361165236,
362789860,
363866840,
367983484,
371341345,
374622118,
362031658,
364006791,
365816728,
357345125,
359498981,
360585088,
363103254,
365799380,
355170495,
349598490,
349167909,
360581322,
362702898,
355524923,
346915330,
349392075,
351006367,
342648241,
343892726,
353756424,
355661838,
351009830,
351910050,
351146578,
344001661,
333293973,
336921134,
328086955,
341978140,
330339068,
347153737,
347560318,
348618227,
350118934,
350587519,
344599360,
334451883,
324616318,
325784358,
330233773,
322124548,
324296786,
324612684,
326048716,
351047809,
351045268,
343680360,
333507922,
324718120,
327700489,
327743662,
351191213,
343131277,
332987190,
324207931,
348828766,
340503587,
329934185,
330936172,
333018210,
323977095,
326055707,
326823446,
329123817,
331107220,
322881231,
323195092,
335231811,
326966397,
328571509,
320306085,
322640543,
315222426,
305996272,
308416761,
320004744,
321013097,
331573051,
333206206,
334829137,
336938837,
339626901,
350100429,
344946492,
337066847,
327230724,
328125178,
329385600,
352870604,
355848345,
348629366,
350263402,
360552464,
352076503,
346845925,
366993848,
356562238,
359602113,
359937039,
360922003,
364533446,
355833899,
356124530,
357853419,
359109994,
360905460,
362944958,
355087341,
348100981,
348644756,
350443476,
361065885,
362727906,
354848724,
356957166,
358085619,
359580394,
353830383,
354302187,
347388238,
348273860,
337841152,
339969008,
332627543,
333518616,
336959148,
359941465,
348587142,
339740464,
329796426,
352336049,
345625868,
337403422,
326634243,
328206016,
330189425,
344909762,
334121443,
326835862,
329309997,
330240961,
333564043,
324964137,
327896574,
321058332,
322854248,
323044862,
325304516,
348764253,
349881066,
321155834,
323311629,
324563087,
325330152,
328734707,
329244917,
343369263,
331949926,
334098095,
347636953,
349014605,
341370892,
343104497,
333659916,
336773336,
340248093,
341208362,
342397674,
344230548,
355504444,
349073007,
350052457,
351157506,
353257648,
345634950,
347811283,
349420452,
342285114,
343792954,
344537653,
355485430,
357239639,
358910432,
352356016,
353400309,
345770688,
356870833,
357625704,
350488115,
351762798,
352889427,
346387564,
336664238,
340074513,
329315203,
331009799,
323356524,
345689976,
347702638,
339399100,
341385794,
335082669,
324281479,
336116161,
349259063,
342283744,
331332719,
345514368,
356289318,
358318108,
359722533,
373074140,
375165457,
385346205,
399056888,
401872552,
401803301,
402696726,
413573270,
415740564,
418040225,
409370737,
411351271,
414018111,
407668060,
400025297,
400008492,
402245798,
405303984,
396564081,
397951667,
386005719,
388174017,
404956513,
392384958,
383152944,
406452067,
408952896,
401724018,
390960784,
382701461,
385843556,
386644516,
379389271,
379920368,
381574989,
383353177,
384815883,
378420024,
379247360,
380092896,
381316130,
384978376,
386354075,
388180672,
390792120,
382129930,
382916619,
385246629,
407703320,
401870889,
403115109,
396040817,
384852263,
407594776,
402892954,
389893868,
381552256,
383514133,
384925766,
387040360,
379981293,
380235861,
382967468,
384469354,
385582706,
386840410,
379162204,
380637586,
383377556,
384841763,
408073529,
400659569,
390873910,
381215961,
383436290,
406936896,
400786510,
391086115,
380503347,
382282645,
406058937,
400836552,
388606869,
390096502,
381394244,
383924337,
384945542,
386674103,
388807512,
380593154,
381337467,
405067245,
406476373,
407915308,
409087062,
401994408,
392739623,
383459881,
385680892,
388196729,
380779478,
402895140,
395031496,
407282171,
400081451,
402836462,
392133576,
384247871,
384721413,
378570661,
379899333,
381274462,
382185921,
384611083,
377999210,
378498917,
381104254,
383673195,
383463514,
385046053,
386715491,
379337298,
381040688,
382228084,
384604913,
387146952,
387687232,
379798544,
381898890,
383138056,
384734093,
385794337,
388338646,
388583063,
380422502,
384378651,
406590461,
399940331,
400608793,
390668725,
382589847,
383500240,
386230745,
387775568,
388682848,
382107707,
382422912,
384273435,
385695445,
386874789,
389290805,
390568427,
382828986,
384629658,
385763906,
387811428,
387781358,
380501718,
381215250,
382457511,
383511143,
406749815,
399761185,
388333045,
381168974,
384334197,
384281309,
387827850,
379276418,
380512444,
381188280,
383021635,
386251136,
387494875,
380859682,
381365193,
382512061,
385657691,
386461893,
387726282,
390009425,
403057789,
404536647,
428497531,
429558960,
431116396,
432559189,
433654047,
435033002,
436172033,
437244367,
439927234,
434023710,
433619608,
435224922,
435792751,
429156094,
418766570,
421883390,
412488436,
414282673,
407004612,
407555280,
409468595,
402555087,
394784706,
407514965,
421520668,
411032243,
402895915,
394811565,
415896614,
417084063,
440054346,
441802400,
466421956,
465991085,
458743498,
462465772,
462732161,
454934220,
455545255,
456514541,
458041104,
468021776,
469765868,
471069691,
472431445,
465462164,
466439152,
467119538,
491268038,
492703108,
494283132,
494859104,
495942596,
489598959,
491868723,
492950393,
493614787,
486496013,
489232761,
477877065,
469187371,
493210721,
493366145,
494800165,
488379865,
489618996,
493135292,
493417709,
487390535,
488502408,
492161921,
492436916,
487107346,
486822972,
490484442,
491583844,
492331708,
492961691,
494354969,
488254945,
489746869,
480211632,
483105165,
486678641,
486749507,
476767437,
468058446,
462636973,
471674947,
495242647,
505818927,
508303156,
512166545,
512498026,
513631003,
525095480,
518024135,
521150209,
521181497,
522092929,
534386271,
535625549,
539527811,
529464684,
521617597,
545934165,
546583696,
548228001,
538038610,
528721906,
530635312,
545787815,
546483693,
550498330,
541450241,
542796697,
545954386,
555430762,
548219480,
541577961,
541377315,
531082909,
533404134,
534511118,
535732429,
539108634,
529491065,
521062473,
532298212,
533929126,
536424371,
538895450,
529571932,
531022201,
534639414,
533797123,
538190446,
527920709,
530537425,
530342285,
522519788,
517453017,
520339068,
520105551,
521996624,
522105801,
513939247,
524724834,
518446841,
519432106,
522458107,
513642812,
503524884,
494664902,
507665936,
497206198,
498683104,
492724126,
493022571,
494923591,
497098924,
508534256,
510574582,
512844793,
522690249,
524845080,
527853071,
530585382,
533040992,
525242720,
526812237,
527854974,
530447398,
553836382,
545463069,
547651449,
549670226,
549891608,
551442183,
545133248,
546668303,
547506307,
549318761,
541093958,
544685312,
533713892,
526544967,
527409404,
520788952,
523850954,
515123806,
524784299,
526474311,
519279695,
520267758,
510785566,
514552866,
504327049,
496294940,
497527865,
487063615,
488240875,
478730873,
480474209,
471061570,
465071128,
474808531,
467513410,
468536817,
469275652,
471960870,
464337246,
476085944,
477146836,
481031734,
470265405,
463534479,
463086721,
464993723,
467723719,
462996722,
462704938,
475358850,
476007516,
477407456,
468933828,
471190629,
465381236,
474813902,
478148621,
468794508,
470328841,
463801414,
465169295,
476639139,
467857068,
469109671,
470229042,
462966792,
474788662,
467148834,
468123629,
469120383,
463250913,
465115128,
475139585,
466766445,
468263834,
460768908,
462763421,
464574456,
465088739,
477045306,
491540877,
492365495,
485553090,
494386172,
495821501,
498554035,
499068070,
492581464,
493659208,
494655028,
496625038,
497131299,
498473940,
500370192,
516128732,
517421957,
506186948,
508358765,
499630045,
491909015,
494713168,
505802680,
496056133,
490198936,
492075745,
492521246,
493656366,
497008942,
498056172,
491474119,
491762342,
493702074,
494118832,
494864246,
489015329,
491533157,
493314138,
484102275,
486367249,
474953079,
477805437,
480564064,
483333255,
472295195,
473405306,
465947552,
466709827,
468412601,
462818189,
453354068,
464753920,
466577699,
459108204,
451188825,
440398566,
442495690,
465946088,
458738765,
460087746,
449555344,
451313839,
465070647,
465853896,
459193099,
460717767,
493790230,
495183508,
487486807,
475879230,
467576637,
469982166,
494053735,
487045425,
490462050,
491695710,
494090110,
495381808,
496601310,
487539630,
490393823,
492368026,
493351269,
494626560,
495043218,
489663219,
479783218,
491358725,
493209172,
484761340,
486892626,
491115162,
480210030,
481699837,
471299912,
465267850,
465426238,
477052135,
478740958,
484336875,
474592417,
475903479,
477172277,
478747775,
479690957,
471720753,
465528272,
466533708,
467101245,
468223210,
469090686,
482367286,
495955786,
495284586,
496591795,
497821051,
499280344,
501060248,
502532714,
494029918,
505362929,
497552955,
499344120,
501615662,
516216951,
517016662,
518280171,
521139702,
515016734,
502750072,
504283689,
497112836,
497172212,
500062898,
500311080,
502262389,
523978274,
517850083,
509727878,
498457650,
501944510,
516834921,
517160730,
519005865,
510009045,
501568410,
502249962,
494860087,
518313984,
509199015,
499095088,
501852226,
503092315,
518077085,
522435158,
522147870,
514973930,
503611827,
497068683,
499431907,
501394863,
503659104,
505450150,
498133997,
521893850,
511684610,
501853856,
518587695,
519775662,
509107891,
500507930,
493554785,
493755186,
495532820,
506001409,
498644530,
499040016,
491517816,
491679501,
493379073,
493976389,
495585548,
489697409,
491319404,
492682629,
494180666,
494903094,
487775865,
489274366,
491358004,
491819005,
493192787,
494234370,
487435486,
488611116,
490523325,
491580523,
493747009,
487511005,
489598244,
490335992,
492425825,
493493762,
486300340,
488124822,
477526298,
479848235,
471934435,
462740416,
473636863,
465847959,
468287357,
468874240,
470340062,
463375894,
464593186,
466013206,
468546923,
461680376,
450831471,
455825514,
444451731,
446759056,
447108240,
450246701,
453262091,
454764478,
444600267,
447105480,
469553971,
462706467,
463593168,
455875785,
445491268,
447562433,
450008384,
453787232,
456143610,
446768050,
448763053,
439585381,
441084109,
464215748,
457291160,
458723530,
460280120,
452775704,
442645519,
435825469,
436958903,
437658462,
439060080,
441330670,
442326147,
436180459,
436977969,
437580894,
439363171,
440861774,
444000376,
465669177,
458107643,
448136020,
438914237,
440135434,
462772397,
464812689,
458490078,
448503513,
439813540,
441468590,
442922619,
445227662,
436628659,
462765438,
451904789,
441799749,
456648975,
446164603,
446043448,
447388880,
440331261,
442535451,
435425840,
435759195,
437797226,
439236304,
441866545,
435862870,
435695855,
436402694,
438056208,
431727381,
434415028,
435683645,
435845043,
428323834,
431990583,
434019640,
434271644,
436389860,
436525237,
431885163,
432409051,
433360794,
437072436,
437761231,
430653690,
431507992,
433131899,
423247621,
414619370,
417694076,
418490135,
410252034,
411508392,
414057753,
406516325,
407869605,
409874698,
410745193,
405067310,
406345685,
405890250,
406916958,
400822435,
402128525,
403761887,
405511112,
407104086,
399936871,
410794574,
410621944,
414203979,
416065133,
407884422,
420672666,
421422692,
412840810,
415873046,
431712416,
433795576,
425364298,
413180094,
436928293,
438808163,
431542065,
434414030,
442124820,
445879841,
438069881,
430195689,
432549868,
422126247,
413340356,
415501571,
417381783,
411476190,
411086535,
412234595,
407086268,
407715155,
401132736,
401104309,
403052009,
407061141,
415048434,
416795064,
409005280,
409813060,
412380801,
413514234,
415443554,
417061208,
408937502,
403520173,
405101405,
395385164,
398940028,
408568332,
410044809,
411766625,
414392107,
407428486,
407819246,
409002080,
403630134,
392307689,
393839506,
385282291,
387913103,
388839457,
391676336,
384943551,
384402149,
385943598,
388045861,
410676402,
411248627,
405977592,
396176404,
407042102,
397321338,
386930275,
379462242,
404826882,
393892117,
397101245,
399113847,
400327831,
389576780,
381206476,
382954671,
384920641,
379162601,
378611216,
380776286,
374394070,
376994533,
377031303,
369473286,
371127250,
375806623,
377096978,
378338056,
370750946,
372577996,
373850270,
376533531,
378452843,
371936939,
373398365,
375919613,
376671801,
378642946,
371814592,
372985161,
375913862,
376313870,
376586148,
369684598,
371612565,
374518636,
376290884,
366585907,
368345081,
357670266,
350302459,
352139451,
376612841,
377485545,
379024776,
372125219,
373153505,
373782868,
377195951,
367183010,
368122977,
371924502,
361571178,
363698358,
363608723,
368994230,
368606155,
373111877,
373413757,
374052086,
376519247,
377517846,
378865577,
380779518,
382221945,
384564896,
387064468,
379651920,
380432757,
381819885,
384559689,
385464618,
386661782,
388653907,
390468783,
382930860,
383408385,
407541453,
398961272,
400714149,
391374192,
381420948,
406600587,
398499206,
388566426,
389327569,
381854645,
382972177,
384174008,
386657112,
388539394,
390302231,
392628431,
396571610,
407905686,
408048353,
409984876,
410239603,
403499669,
405158736,
407295220,
399128240,
389074840,
390931794,
392263427,
383777667,
386824524,
400223340,
401902945,
403332913,
404894456,
416947114,
416770773,
420026719,
422706281,
412597235,
416280234,
416233160,
418683070,
421779635,
425916797,
415262867,
406926215,
407418291,
409970367,
412296561,
412123600,
415069238,
416367096,
409225604,
411528137,
402075922,
405548094,
405863373,
396596846,
407597591,
400915849,
404016895,
393463043,
396578285,
387123622,
378531463,
379708488,
372323505,
376115439,
377334765,
377822245,
378945672,
371224751,
373360547,
376241174,
375533613,
378588488,
379643393,
373512333,
376612774,
377193737,
379289378,
380482577,
372754331,
376195433,
377489224,
378771916,
378699610,
371775100,
374165441,
374615652,
367221892,
355783465,
349709121,
372611763,
374606857,
375069807,
376243673,
378679418,
379020802,
371852370,
371932078,
375248325,
364669005,
356329521,
358112994,
350523602,
352492972,
353902358,
347793945,
347541780,
361758856,
350767050,
345134271,
355822672,
359455906,
350320466,
362631088,
364527942,
355620904,
357213192,
358596070,
362415075,
363630082,
354866013,
356316709,
358687419,
361314988,
383336961,
376659377,
378778757,
378804538,
381513086,
383377399,
377093637,
366084130,
379218000,
380234228,
380269717,
390198857,
384530786,
377953103,
378436940,
371167940,
373022788,
374357972,
376230618,
378377851,
370678468,
373006072,
374638598,
366827061,
377417954,
378813716,
371837400,
360557273,
352403711,
353720604,
355068904,
349919677,
349685003,
350960298,
345666812,
347293538,
357443319,
349956358,
344571082,
343907504,
345647820,
355080238,
357360280,
358845517,
351455222,
352853151,
345174349,
356160198,
358573857,
359967758,
351636193,
354964528,
347158244,
358834506,
351201429,
352180708,
353889298,
356171790,
350107589,
350323965,
342899333,
347104689,
347060830,
337918849,
339820195,
340964126,
343401390,
352993086,
356076946,
358471940,
360452011,
353396802,
345625651,
348424872,
349065829,
342060109,
344816327,
352842017,
345734348,
348059397,
350277108,
343342070,
331709679,
323289477,
324490292,
325581838,
328423481,
329578430,
331465151,
323119253,
318183977,
326920512,
327989142,
330795590,
347141428,
347647377,
350420923,
342986699,
331885908,
334747530,
324825707,
328087435,
329947449,
322176711,
323324045,
325248375,
326850705,
328316551,
330073453,
331598848,
323264069,
347169470,
348873436,
350698718,
351238144,
343614964,
334080055,
335922100,
326187793,
327818231,
350449092,
343111279,
332464481,
324920969,
327439270,
329184971,
343263822,
331141075,
323408683,
324773730,
327106477,
328705091,
330729894,
323725770,
323103116,
347300004,
349005205,
341767937,
332022245,
324007285,
327829876,
328621328,
330436023,
331623152,
333481164,
345912881,
347278342,
350386208,
350770369,
322020898,
325470249,
325609525,
318435078,
320208440,
321754451,
323716864,
325511883,
348033706,
343266090,
342449369,
331680884,
333444822,
335883260,
348229200,
349646218,
352194637,
351911394,
345076830,
348616149,
348635882,
350791458,
341346702,
344886703,
346334095,
347605312,
347660407,
349678624,
350606200,
351763401,
353328102,
355704738,
358956201,
351628490,
352920295,
345366174,
347260469,
338743878,
340662531,
351705167,
353063135,
355178828,
367971133,
371654919,
360829344,
351851620,
352402240,
354440823,
357168271,
349832101,
351150655,
352831373,
376076271,
387641894,
381422576,
372800886,
375393861,
377961225,
376644976,
377689194,
380914239,
380609166,
373917363,
378085598,
379299011,
381650530,
385431770,
405614037,
408959318,
407781124,
411270619,
402790386,
413407770,
415489372,
408703458,
410845093,
411499885,
412953777,
406442588,
400513012,
408796599,
403261730,
394946452,
384870840,
387257316,
388996455,
389925945,
392456052,
382664024,
405549682,
408499067,
408938046,
404811922,
395063406,
383917355,
386543247,
379339447,
381033199,
382174392,
376840644,
398081356,
399584826,
388794062,
380468592,
396839348,
384350640,
377620297,
371758863,
374314329,
375795756,
375967503,
376548411,
378916743,
380634816,
373608502,
384388646,
385381497,
379066318,
379217051,
380581356,
382003107,
384187031,
378501096,
379496596,
379963354,
381751587,
375972833,
386032168,
388542328,
380084806,
382780298,
383078546,
385629086,
387214701,
389717650,
381516367,
383783138,
385348171,
376222762,
377596492,
378918232,
380393117,
381892901,
383058195,
386140729,
387180199,
379895260,
390844927,
381996666,
404907086,
406702427,
407859351,
402432811,
390193250,
383419053,
382971757,
385042222,
388360924,
388681426,
390796572,
393762840,
396039322,
407364715,
407700113,
408378375,
411102572,
412951860,
406234656,
407724961,
400125137,
402941638,
405946955,
398173618,
400029373,
400215916,
402357840,
412851558,
435092346,
429892133,
418589516,
419849084,
412080578,
403743321,
405291590,
406304519,
416957642,
408987504,
410121983,
412477191,
413650402,
415457869,
417484012,
409007874,
401580409,
403492612,
405001176,
406342440,
398624780,
401328419,
410885979,
412061004,
414084476,
415989246,
417078155,
418454391,
411294883,
403181123,
405205844,
416291897,
407963440,
408930598,
410429665,
412974411,
414218587,
415594971,
408121947,
409178043,
403313507,
404690077,
406985235,
417649087,
409814877,
402681257,
415534924,
414926363,
416156700,
418534049,
410167446,
412564746,
405278928,
414783146,
418202459,
418695626,
421158872,
411448319,
412838077,
414806183,
428011997,
417837755,
418986536,
411277657,
403211561,
414764731,
415810074,
418185261,
420399361,
423152522,
424685436,
427015771,
418425498,
429606323,
418934129,
433439372,
434848707,
428580753,
430484979,
433758402,
433756119,
426398114,
428137886,
429023059,
431266640,
424513162,
424798229,
425605498,
427621272,
430085524,
431045877,
433755705,
435136554,
427008568,
429758943,
429837236,
431887124,
434398181,
435651294,
428324880,
429467087,
430670531,
432204766,
426101119,
414674093,
407478750,
407972791,
420199154,
424790386,
427174281,
416727250,
419283778,
420093960,
422729541,
414166147,
415484264,
417295105,
418782895,
410542383,
412576627,
413078845,
415481323,
417648382,
419829466,
421658252,
413972587,
406201904,
417167843,
419182950,
421044814,
412696924,
415295296,
416452598,
408668183,
410280242,
411321072,
405841990,
407822762,
408428438,
409646375,
402623116,
393394713,
398432348,
385640517,
388053981,
389663770,
390903822,
395769970,
396801492,
406946103,
400925684,
389803881,
392394101,
406847545,
405206307,
398389817,
401672109,
402981269,
403818851,
396060901,
385383167,
400509510,
388376217,
380980172,
381879854,
383006306,
396764934,
387047233,
387810439,
380550403,
373102761,
364133975,
367235390,
369489920,
371870367,
372806051,
376518296,
367615537,
369039224,
390082995,
390854739,
383292634,
384264536,
409355018,
399868900,
401575808,
402564146,
405271190,
414803127,
416685480,
418858055,
410459256,
421634455,
412422158,
415171179,
416962981,
418885901,
411199022,
403973450,
406363066,
414587083,
416645815,
408877547,
409659869,
411031774,
403677369,
405650364,
406178131,
407736365,
400527050,
390746953,
382582480,
384600464,
384672774,
386470719,
388557726,
403657942,
405734973,
397369234,
400162967,
403172043,
405242281,
405530029,
407766399,
408075768,
408449937,
409658446,
411710747,
405418861,
397532920,
407846052,
408993275,
403755549,
374967810,
376085874,
385325033,
387224000,
389757758,
391427638,
384592740,
384503092,
407876253,
409552550,
410608964,
405141667,
397420897,
408690729,
400798929,
389956428,
391894339,
396884700,
397202381,
386084653,
408991274,
409959359,
413406164,
413821526,
407212043,
407900430,
401469998,
401244839,
391597383,
394456402,
396108637,
397759638,
409047295,
410044136,
412151908,
413732560,
415799683,
417879339,
410948669,
404066306,
405405304,
396575419,
407282386,
408882420,
421295051,
413457594,
414795845,
416797023,
419125262,
421228831,
425258240,
414893680,
407001085,
407994758,
409248019,
402841073,
405193214,
414834622,
418523795,
409337535,
411560860,
412253330,
413886998,
416858266,
417700185,
419907229,
411569732,
404545300,
409330777,
408682934,
399525296,
401683735,
391309666,
413659514,
406688580,
408141849,
401344551,
390686688,
395342773,
384316659,
385701141,
388447513,
403597991,
405261491,
397490403,
386846478,
379709881,
380412467,
381516070,
383860536,
407012069,
399184623,
388991195,
380044045,
382254183,
376170849,
377199374,
377296450,
378970451,
371100685,
374125193,
376544559,
376808911,
377736248,
369640985,
359800611,
362324460,
362290555,
365409913,
368324820,
370393749,
359474220,
360931172,
362196690,
366034763,
367490433,
370926609,
359798414,
361626083,
364290717,
367276093,
370140219,
371464412,
361495492,
363590525,
367891682,
369252392,
358600312,
359821642,
361923270,
364215766,
366058614,
368259309,
357890989,
359802598,
362316892,
352526932,
347352201,
356485853,
357471622,
359132744,
350356448,
343449046,
354003941,
356050604,
357599695,
351177402,
352343979,
344099102,
347391168,
356819412,
349862977,
351028715,
352470501,
354427421,
346655200,
358194466,
360163904,
350792659,
345717270,
347348232,
357426181,
358888099,
361236312,
352295212,
355419677,
356264928,
349269585,
349543729,
343649944,
332210185,
347478120,
336089594,
327050065,
350601403,
343489090,
333529639,
347752952,
350782450,
342849619,
344806704,
353998116,
355750174,
357987189,
358348417,
363195823,
351654387,
354078575,
377708387,
371665973,
361080690,
352826878,
376231100,
378118449,
379167735,
372143534,
374302705,
374142818,
377344296,
378193073,
379269782,
372210992,
372596689,
375211425,
377153030,
379151581,
369866411,
371832792,
361110504,
374048630,
376799116,
378094760,
378591234,
372865581,
374217103,
376537351,
367756150,
370795020,
372697575,
363942638,
354338207,
355024500,
349450771,
371177391,
374398881,
363561807,
368217657,
357774812,
359504110,
360960329,
362818474,
356828065,
348689255,
348292625,
350976957,
351857677,
352964136,
346834980,
348664811,
350877437,
343574216,
332299061,
333551209,
348299539,
348058234,
359664735,
383071543,
377393387,
378234189,
378458701,
378972699,
372386552,
373317216,
374016438,
377076498,
377935443,
373650106,
372271418,
375061218,
363574903,
364891603,
367289017,
371486991,
361470588,
364193565,
364970080,
368986410,
359128833,
351091227,
350769312,
352720307,
355543390,
356499204,
359605138,
360400325,
352806563,
367732780,
367055472,
356988550,
358949962,
350824548,
352079500,
353647163,
355561752,
357455715,
350512601,
374726970,
376402171,
386112281,
387851997,
380375038,
374539005,
375239860,
377691069,
378838167,
378957913,
372067259,
372772332,
376533779,
377416487,
378895765,
371951490,
373117935,
374241764,
378547491,
378261623,
370531671,
374301056,
363769009,
364537791,
355388572,
357348725,
349852421,
351657882,
352705968,
347372238,
349315041,
349234024,
350566985,
342863075,
346342739,
334890247,
327260327,
327932249,
343897156,
331005535,
345905357,
347562456,
349334481,
350958352,
345223897,
346540031,
348673726,
348411566,
359424222,
361158953,
362456743,
365550816,
357116044,
356579131,
358589767,
359918265,
361737831,
353383796,
346036022,
348105313,
357936592,
359362591,
353064904,
353473831,
354434959,
355926476,
358312503,
351121414,
344913927,
345531445,
347604930,
349772648,
350586669,
352327525,
345040925,
346537742,
347771050,
340671811,
330066165,
337129520,
324645664,
326892719,
350287072,
351483934,
353204750,
368709486,
369248480,
359810590,
361305033,
364360966,
368361348,
357810124,
360524894,
363186644,
362912653,
364456669,
357818236,
358619895,
361271088,
352862004,
353781647,
347155643,
349119901,
350027616,
341978953,
343570203,
354053169,
355966898,
357216749,
349795704,
349840982,
344820955,
333578391,
325723055,
327980505,
330209702,
323212994,
324337553,
345276517,
349481121,
347711252,
351653632,
344238232,
334953072,
347389609,
350091443,
351237794,
351407092,
353631518,
353697990,
355021302,
357290761,
350771074,
341728277,
344300267,
347466621,
340456812,
351213341,
354074852,
353182293,
355354046,
356521207,
359014516,
349967067,
345412890,
346107599,
348203859,
350190624,
349497648,
351338904,
354605278,
357527905,
359653796,
350711346,
343436111,
345321559,
346065874,
356427401,
358127602,
360902969,
352859916,
353136925,
356457326,
358392699,
358760860,
360689499,
353468325,
344509418,
348307107,
357744324,
352099536,
353346450,
352956195,
358269622,
348305745,
360367913,
361439246,
353697392,
348224897,
357857170,
358917942,
358325564,
360103427,
362494847,
355078255,
347227887,
357555575,
359176595,
360492029,
352634409,
355108502,
356774150,
357719213,
360814682,
364990368,
356067603,
347869087,
357947252,
359297217,
361079301,
361981165,
354026573,
354481037,
356185929,
370750923,
370933346,
372113926,
362458586,
378156278,
377724658,
379333182,
372011597,
373621633,
374715520,
376795034,
377445105,
371213234,
371539145,
373741055,
377450107,
368291389,
371153357,
371762172,
373170600,
374515715,
365474590,
368505759,
358704140,
360165447,
352294948,
353745467,
354999905,
356875776,
348995224,
361282667,
352091945,
346109034,
347253215,
358003923,
350239012,
351610154,
353271299,
354888393,
347649363,
349504912,
341533960,
330938657,
332534756,
346246620,
338319410,
348590998,
349917235,
352505314,
353551790,
347245124,
338299138,
339696582,
329739729,
321402286,
323065666,
335947197,
348761939,
349947521,
351144092,
352548312,
348346209,
348438042,
349240169,
350822853,
352807023,
376474109,
387481021,
399726904,
401785239,
412490513,
415020824,
415940880,
417386598,
419991797,
423237793,
415812271,
414364874,
416407312,
418289518,
419563359,
423555559,
412673630,
414701566,
416457262,
418164027,
410147631,
412394570,
405019783,
416856634,
417194904,
419677085,
411446772,
405077660,
407249150,
417078748,
409864365,
413157156,
403492502,
406705602,
407228012,
409442150,
402530132,
403029399,
406494970,
417204510,
409367140,
411049687,
412557401,
414278435,
415896619,
417376201,
418884866,
409980102,
403137257,
406343615,
417226039,
419752447,
411908224,
412412540,
415762556,
417404992,
419215924,
419640148,
411129236,
403878367,
406780118,
416625159,
418920409,
409957776,
411626775,
413426522,
407207440,
400637604,
410828282,
412908248,
405054096,
396266720,
387118810,
388274889,
391864333,
383797886,
385440781,
377248777,
368018344,
359933499,
351273477,
322499785,
314619525,
306319711,
309523706,
299722803,
