12735530445,
96769723,
80410243,
76283763,
70931980,
87337146,
93129962,
99604209,
94648186,
101813653,
97581216,
93147741,
98840722,
94502936,
100062066,
96726719,
102610541,
99260587,
95503147,
101232356,
97197972,
92754718,
99626918,
94968794,
101603543,
97437704,
92181477,
108501217,
114238882,
110101823,
115749346,
112136373,
117911781,
113894551,
120025519,
115506902,
121758141,
116528696,
112751302,
107748608,
114164636,
120646790,
116505753,
122449353,
117895628,
113069070,
108560410,
104608952,
99969671,
95040296,
101780640,
97349002,
92624292,
108898564,
114905323,
111019215,
117353088,
125189162,
119841751,
115583658,
121688332,
116966536,
112256505,
107101640,
112904173,
109024723,
114753315,
110500559,
105974069,
111854916,
116981737,
112869893,
119919082,
115598909,
121064486,
116939578,
112352271,
108233823,
114101736,
120483058,
116329873,
123717606,
118642184,
113880135,
110026639,
115559075,
121182004,
117211753,
112713826,
119140038,
115083051,
122338106,
117485415,
112418723,
107796102,
112921656,
108924286,
104776334,
110593507,
116198922,
111650212,
107838793,
113708336,
119964452,
114943959,
120942214,
117272080,
123808038,
118687982,
114426381,
120058960,
116100264,
122571988,
118651309,
113441033,
108571205,
103791969,
99950863,
105696731,
122468201,
117622967,
114129773,
120130946,
115427538,
122255707,
117513562,
112747166,
118279085,
114228748,
120760174,
116761684,
123974589,
119735191,
115376828,
112160232,
107635219,
103452934,
99837427,
95337596,
91776945,
87506883,
83149296,
89012380,
94866595,
101155415,
97290622,
92001118,
98602090,
93620646,
99238637,
105533986,
93092815,
99671172,
95083950,
102576746,
97816122,
94103000,
99257321,
95067720,
91613852,
98741415,
94437041,
100733370,
96244684,
91448194,
98090578,
93566761,
99465051,
95784013,
91816332,
98515381,
94637157,
101504332,
97760447,
104381716,
100362853,
97042578,
92890758,
99267181,
95978035,
102431853,
97864856,
93525716,
99028132,
95559517,
101969319,
97657439,
93221780,
98899310,
94510404,
101811210,
97950644,
93914811,
100666851,
96677124,
103030965,
98712349,
94784396,
101451226,
96042736,
92193558,
98563571,
95143725,
100807662,
96107089,
91775209,
97678085,
93527054,
98929747,
94515539,
100267158,
106818852,
102224577,
107966655,
113158730,
119278437,
115365039,
120940637,
116090867,
112023713,
117794126,
113380394,
119517051,
114855074,
120712498,
116736649,
113536290,
109020583,
115006116,
121522847,
117016612,
123218912,
119447512,
115151772,
111235839,
107644067,
103556270,
98814455,
94526615,
101833101,
97535448,
93581585,
100368951,
97210949,
92689930,
87680311,
82650895,
88477841,
93722485,
100594866,
96445012,
104306590,
99815268,
95383968,
102106581,
108825130,
96520429,
101586368,
96783684,
92849673,
99401305,
94321764,
99765409,
96107783,
91283122,
98156970,
93408440,
99343231,
95463820,
101440995,
97323204,
93479049,
99696115,
95880921,
101445533,
97305891,
93033398,
98382657,
93958844,
99982185,
96128722,
100868661,
96469294,
92008272,
98837582,
94978820,
90899424,
98057285,
93798902,
89625776,
85434076,
81381028,
76349360,
71749794,
100090910,
96559155,
102894675,
98814455,
95217272,
102916004,
98479839,
95023990,
90098412,
85483121,
80583143,
75930055,
72662909,
79098178,
74405893,
90629571,
96887269,
92405495,
98738686,
94693904,
102104487,
98021217,
93383790,
99689177,
95317951,
102359082,
98683679,
94335093,
102235629,
97539009,
93781250,
99686283,
95930499,
102249433,
98171321,
94184960,
101367729,
97244776,
93055008,
98857579,
95268092,
101227004,
96590955,
91678344,
86891294,
82595290,
77753416,
73315177,
80680020,
86075020,
92860188,
99752543,
95339481,
103043270,
99564658,
95545997,
91454379,
98426305,
94125163,
101072188,
96794219,
92379947,
98622096,
94796942,
101567159,
97383661,
93176295,
100126259,
96347723,
92347841,
88178776,
83891605,
89806671,
95653764,
90152227,
86883955,
81718388,
87111739,
93507637,
89771825,
85103557,
80070726,
96296953,
91329276,
97242197,
92168845,
97692242,
93507251,
99724441,
96027700,
101692131,
97859749,
93564914,
100171319,
95813048,
101990824,
98858085,
94335653,
98735881,
94485239,
90361581,
95495421,
91007447,
96741062,
91496473,
98056802,
93843792,
100574577,
95259175,
102003832,
97478536,
94039654,
99675830,
95893191,
102479342,
98950499,
94225211,
100558474,
96513479,
91833147,
98613760,
93359154,
98343211,
94329080,
100552683,
96958606,
92533638,
99377411,
94477026,
100641407,
97394273,
92157161,
109352981,
105035325,
100763332,
96153181,
92288297,
99181145,
94750891,
101314994,
96798754,
92261293,
98029269,
94918855,
101080137,
97107276,
93057785,
98837063,
95032996,
100808565,
96377170,
91942092,
97685315,
92830665,
98733915,
94006696,
99679642,
94959988,
101343127,
96160626,
91455498,
97427977,
92338240,
98768200,
94329010,
101438512,
96663802,
93080769,
99783076,
96019101,
102042417,
98266520,
104830154,
120727210,
115402199,
110462491,
106507412,
102248526,
118291358,
113897265,
110404207,
115541923,
121850403,
117712441,
113959429,
120508106,
116699792,
122781259,
117715515,
114055246,
120990332,
117254660,
123875473,
119048496,
114791058,
120840864,
116498661,
123765824,
118967630,
114089774,
109172570,
115941776,
122166651,
118285040,
113403496,
108264694,
103842148,
99205152,
115252624,
121348967,
116834033,
112643291,
119228634,
114652980,
121334449,
117379310,
125047747,
121015142,
116071620,
111696334,
107566667,
103500914,
98896263,
95186957,
102011619,
97425838,
93168532,
99576861,
95881567,
102228013,
97891017,
93618684,
99920939,
95434221,
102107467,
97967091,
93977328,
100073902,
96059646,
91935321,
98470356,
94455748,
101236667,
97517142,
93173190,
89251304,
95659381,
102847804,
98656571,
94646227,
101092801,
96827883,
92768139,
99495073,
95373812,
91544602,
97331379,
93026705,
98869729,
94793099,
101388974,
96603393,
92608704,
99015372,
95382294,
102516138,
99370629,
94606877,
100998345,
97251894,
94000023,
100965538,
96467588,
92752907,
98699440,
94052548,
100569583,
97401394,
93450582,
98931419,
94121055,
101704717,
100558833,
96166800,
102389442,
98703781,
94095535,
88804178,
94850224,
91058799,
97193893,
92879255,
99550628,
95698439,
91855621,
87031487,
83144666,
78435277,
74177424,
79904238,
75582173,
71106431,
77520337,
72975252,
99870867,
95118135,
90865874,
85954437,
81000140,
75952848,
72448805,
78128052,
74251439,
102851156,
99274891,
95463915,
112882722,
108504972,
114283277,
121258016,
117048595,
123283573,
118534655,
114328421,
119995547,
115043841,
120990345,
116868777,
112365649,
117919391,
113234253,
109047012,
114465030,
120691465,
117484274,
112993424,
118566623,
115109462,
120800780,
116169258,
122354741,
117600363,
125713029,
120931520,
116972617,
122638774,
118788747,
114062358,
130223403,
125369632,
120886817,
116275606,
111967372,
107183711,
103684407,
99504802,
95757888,
101595640,
109583598,
106071731,
102548153,
98696812,
94934727,
102091951,
98157426,
93676543,
99764130,
95795913,
102454872,
98364626,
93902634,
99541966,
95652507,
91417678,
97936356,
93207520,
99992684,
95254177,
101632294,
107375117,
103745612,
99865673,
95480682,
101849276,
97247734,
93944423,
89569784,
85816078,
81404940,
76528420,
72846723,
79193400,
74856876,
80098549,
97458038,
93660691,
99339896,
95735816,
101348248,
97669379,
93895538,
100811069,
96774553,
93093445,
99522185,
95890199,
101859551,
97991506,
93684263,
100219086,
95266491,
102051542,
98149475,
93575013,
121407472,
116865859,
122978450,
118257427,
113040099,
108394430,
114754163,
121100678,
116814868,
123232419,
118152542,
114253407,
120092728,
115831125,
123128299,
117888681,
114190933,
110448538,
115388719,
111063924,
116732949,
112966385,
108586962,
115106684,
120950345,
117069131,
123521632,
119130035,
114892394,
120946311,
116173496,
112495856,
108417089,
113629088,
109015008,
116296240,
112317450,
118875649,
114632686,
121225795,
117181762,
123498697,
119212690,
114777556,
110501208,
106439741,
102731290,
99119624,
94880765,
91080202,
87730981,
82754066,
88719056,
95014324,
100877197,
95987582,
92975663,
98503921,
93989309,
99301980,
94482621,
101674681,
97300815,
93668929,
100288465,
95845887,
101762467,
98295235,
92858530,
98931979,
94637155,
101595590,
97422499,
93565780,
99465261,
94631271,
101733660,
97951212,
94213596,
99323265,
95041370,
90204325,
96894167,
91811856,
98135386,
94617131,
90190243,
95789474,
92028619,
98700282,
93547745,
99520990,
94745172,
101847599,
97745514,
92901724,
99856498,
95102543,
101566386,
97121359,
92840121,
99408044,
95213765,
100987254,
95920550,
92469614,
99138058,
95939152,
91477084,
87222746,
82864629,
88496175,
106801325,
102920531,
99102016,
94839865,
100862353,
96796547,
92356320,
97893565,
93339074,
99176976,
95094420,
101339738,
96379888,
92507810,
99242001,
94600533,
100180806,
96092811,
92433808,
98188080,
93180061,
99805388,
95983766,
101966065,
97771244,
93565068,
99317055,
95633787,
101709091,
96997840,
92415590,
98382092,
93477074,
99657642,
95566736,
101616137,
98057643,
93787431,
100361632,
96239378,
92301321,
98102387,
92873530,
98788246,
94811633,
100979521,
95951212,
91927505,
98832169,
94815618,
101402059,
97375749,
92562147,
99301782,
94871816,
90094874,
97085344,
92531885,
89435317,
94801198,
100367005,
96172007,
91576905,
97871834,
93994339,
99073844,
94307375,
89841840,
96509793,
92819315,
89493526,
95134173,
100287912,
96036963,
91989932,
88567554,
94296863,
99534568,
95215991,
90563787,
96150871,
92825871,
98601938,
93866974,
100089848,
95729312,
91797711,
97273351,
93159871,
100279307,
96174521,
101670577,
97855031,
93834559,
99937578,
95703345,
92029498,
98734187,
94827168,
101020509,
96462652,
91762275,
98553892,
94365223,
100668531,
96331110,
91306811,
97904683,
94248886,
99365404,
95744697,
91527378,
87381954,
82797752,
78394454,
74114483,
81078762,
76293952,
71893274,
78991989,
74679066,
70100172,
75613338,
82027058,
87795230,
94156425,
90453055,
96794421,
93071637,
99423514,
95755075,
101280278,
97478647,
92286284,
87670051,
94066806,
90078742,
106709350,
102130590,
108797207,
114817956,
120843761,
116479198,
123692956,
118335469,
114393153,
120481806,
115781507,
122200877,
117746792,
113777550,
119267238,
125603731,
120739739,
116177381,
112296184,
119201543,
114844983,
120835497,
116474093,
123438605,
118225364,
115264693,
121258727,
117214269,
123665382,
119670722,
114911327,
110356781,
106477808,
102352152,
98467081,
94605272,
101358124,
97755580,
93967246,
88889727,
84874873,
80524523,
76017171,
71712820,
77413272,
73162022,
99859944,
94403787,
101122602,
96867961,
93090461,
99752563,
95657997,
101727830,
97995342,
93887700,
100795299,
96274683,
101848196,
97643154,
92261987,
98445170,
93937739,
99968789,
95637977,
91389308,
97910405,
93500398,
99944045,
96248592,
102117051,
97829820,
93468963,
99267327,
96347122,
101733715,
98418709,
94184460,
100127948,
97193662,
92805562,
89207175,
84576804,
80344183,
75930140,
71975475,
77897972,
74028349,
91153434,
96942918,
92861303,
99422741,
95695450,
101710192,
97865880,
94048948,
99932754,
96387190,
92088021,
98085403,
93334958,
100095927,
95748071,
102784171,
99382064,
95307167,
102026128,
108542665,
113872914,
109442890,
105419835,
101822549,
97615205,
94385699,
121326970,
116630811,
112689950,
118944137,
114553732,
109849706,
114720233,
121088158,
117086282,
112605524,
118911648,
115029723,
121668209,
117478322,
113410026,
119412405,
115376750,
121169301,
116192420,
111729638,
118397777,
114766525,
120985056,
117343517,
113353379,
109201943,
104343825,
100322867,
96005292,
91191307,
106645405,
112119809,
107685541,
113145792,
119142192,
115114864,
120538413,
116518554,
123575003,
118707631,
113947874,
120633075,
117159753,
124774020,
120483744,
115458298,
111633133,
107733580,
103043619,
99258501,
95289860,
101226743,
96448839,
93381900,
99212289,
94805880,
101462855,
97569375,
93711682,
109560730,
104138983,
99685668,
96117308,
91601903,
97153340,
93489461,
98530498,
95356786,
100584898,
97228169,
92916124,
89422994,
85098318,
90880633,
96726497,
91486692,
97469548,
93208406,
99270132,
94599913,
101116490,
96798562,
92840493,
98915646,
94776032,
100702599,
96257118,
91948024,
97427723,
93910920,
88645501,
83932368,
78849085,
84099265,
90222184,
96583019,
92934295,
99788115,
95792815,
101268969,
97621542,
93480689,
89096722,
106668439,
102720143,
98221545,
94024738,
100896129,
96343596,
92452412,
98428429,
94576112,
101724288,
98462459,
94057085,
99905148,
95659915,
91506449,
97028833,
92635210,
98684315,
94136467,
90160032,
85900737,
81762168,
77477839,
73358235,
79358331,
74330218,
70721992,
76493102,
72521216,
79051664,
84189785,
90755774,
87357317,
82134082,
98536001,
94310691,
100426395,
96393830,
92629335,
89059322,
83735500,
89037444,
94630629,
101247652,
96828145,
93078386,
98755313,
93884457,
100318891,
96352522,
92425243,
98233125,
92775563,
98326786,
95024731,
100820898,
97156550,
92348395,
98258976,
93360523,
99355232,
94915479,
101094642,
96822587,
92308540,
98698844,
94068571,
100225428,
95603271,
102429730,
98861174,
105519207,
101945420,
97631899,
93507380,
100143718,
96354490,
102692632,
99079077,
94618626,
90553733,
96911378,
92921185,
99279553,
94712372,
90703146,
96929469,
92430516,
109299574,
104361141,
110698143,
106350258,
113143386,
109634699,
114987073,
111647020,
117982238,
114476312,
110271290,
115599402,
121717842,
118675167,
113609008,
109377326,
104371799,
121848909,
116462992,
113168667,
119159339,
115092806,
121460750,
116272541,
112372196,
119073639,
114090134,
119670873,
115909626,
123197683,
119775021,
115158055,
111200067,
107542403,
103491008,
98751709,
94150080,
102017233,
97905143,
93693960,
99413758,
95618752,
101946737,
98255125,
93913054,
99983368,
95292067,
90331245,
85932046,
81051893,
87059935,
93598781,
99412139,
94508803,
101034180,
96359143,
92308985,
99161734,
94555625,
100332194,
95748152,
91068686,
97289764,
93121274,
98465743,
93986502,
100549423,
96960120,
103660164,
99646815,
95780157,
101811566,
98076742,
94332657,
89979797,
95237128,
91698435,
98219154,
94026984,
110465763,
106530732,
113502198,
119096986,
115253950,
121399902,
117175109,
124266113,
119510624,
114852973,
121122745,
116761841,
112695220,
107597502,
103034111,
108855509,
114680285,
110562266,
117001162,
113282522,
119711827,
114868128,
121375491,
116838724,
112128386,
108528158,
114062584,
120797155,
116201469,
111560244,
117971870,
114423049,
109958550,
115326418,
121790805,
116920977,
112225777,
118192987,
114424357,
120399031,
116262060,
123257163,
119472854,
114987305,
111002769,
106765727,
102296725,
97993846,
93193317,
88843820,
94942502,
105148739,
97094253,
91990201,
99088705,
95347400,
102747361,
97919187,
93462346,
100704971,
96495585,
92128652,
98767698,
94737355,
100972796,
107713011,
114167101,
109964394,
115868981,
121638301,
117400087,
113412719,
119143849,
115045846,
121723698,
117295503,
112811812,
119219101,
115280948,
122507725,
118483312,
125415909,
120376147,
116152503,
122923617,
117512617,
113312533,
120144843,
115993318,
123057572,
118638327,
114717787,
110494179,
115934542,
112622707,
118728620,
114646505,
110438107,
115678151,
121909640,
116875597,
112299085,
119328494,
114542629,
121179746,
116874919,
112768090,
118498627,
114877674,
110211323,
106490658,
102337116,
97919445,
93794022,
99618079,
95441654,
90703687,
96378531,
92344077,
98303556,
93680655,
98557292,
105769020,
102086731,
97729305,
92907057,
99237737,
95353922,
100815100,
96654040,
91982274,
97840405,
93011899,
109632785,
104367900,
110227350,
105316876,
111568251,
107461915,
114076025,
119973970,
115453537,
121636893,
128174889,
122978631,
118797536,
115190221,
121475215,
116079305,
111618261,
117622842,
113517316,
119647039,
115745765,
121977866,
116632617,
113158322,
119448455,
114957719,
120414054,
115833676,
111335145,
107327822,
114028978,
109713056,
116192627,
122984526,
117526429,
113136231,
119190611,
114947368,
122121030,
117027316,
112155917,
107313185,
102521336,
108538317,
104108413,
110417198,
117492410,
113095278,
108425408,
104292663,
110691059,
117058625,
112949228,
118968222,
115062602,
120861095,
117354977,
124394212,
120701280,
116949218,
113094240,
109520731,
106125573,
102798804,
98571557,
94640308,
100786462,
97097068,
92013816,
97990228,
93873566,
101623854,
97673744,
93363587,
88356354,
83471277,
78835133,
74997682,
71841509,
76912876,
93754691,
88954958,
84982153,
80764846,
76462146,
72262979,
79219404,
74556901,
69867417,
76726608,
72362282,
78436398,
74217090,
102925906,
98328876,
94726229,
101282030,
97317492,
93194702,
100015496,
96116516,
103868217,
100167418,
95991242,
103180765,
99278419,
95125478,
102049402,
98078354,
93198525,
99082171,
94994667,
102537877,
98895523,
95914226,
101981756,
97022593,
92501543,
97990387,
94204135,
100913184,
97371625,
92937472,
99211170,
95383303,
102886180,
99109061,
95715888,
102407482,
98035695,
93367000,
99384361,
95897929,
101690637,
97709171,
93732194,
89789994,
84926637,
79958277,
75891695,
71619378,
88664280,
94450219,
101577403,
97510207,
93077856,
109866930,
114786605,
121140029,
116336408,
111610849,
107474800,
113800335,
109442382,
115425762,
122372760,
118652482,
114637807,
110006965,
106507716,
101726402,
108343297,
103558279,
98707475,
95188125,
101454692,
96884228,
92463604,
98722949,
94343214,
101721550,
98165933,
93052277,
99267284,
95302842,
102132999,
98453043,
93918207,
99963188,
95487012,
91624850,
87585701,
82987280,
88813310,
106525330,
102370696,
98431387,
94171269,
101978814,
98490764,
94558648,
100548978,
96817110,
92191629,
98005455,
93595934,
99222914,
95752861,
101867569,
98100837,
93793498,
100872037,
96925546,
93236849,
99904199,
95985344,
102172256,
98029012,
94264740,
101092478,
97455902,
93321563,
88944532,
85057682,
90730942,
96997296,
92827085,
98257129,
94954114,
101171284,
97380945,
93942565,
99910614,
95929367,
91703560,
98593668,
94365600,
100915566,
96369059,
92493173,
98206391,
93982440,
100343690,
96100446,
91712808,
97447443,
92326917,
98369987,
94413875,
99881584,
96138080,
90752482,
96555921,
93275747,
99539102,
94653833,
91323509,
87564695,
83060278,
99806540,
95452717,
91480625,
97961855,
93169802,
99164178,
104609886,
100270595,
106623148,
102204474,
98031858,
93958962,
109596945,
105283251,
111312548,
107567276,
113519120,
119754299,
115285136,
122280492,
117307507,
113686036,
109819466,
114605923,
111254439,
117374003,
113425964,
120327124,
115762078,
121721609,
116959028,
113072976,
119058527,
114756884,
122086705,
116706831,
113438621,
119235495,
114874411,
110494702,
107281885,
103893771,
99612666,
96151007,
102212393,
97965488,
94211862,
100572986,
96415938,
92715575,
98768267,
95079830,
101286109,
97650064,
93470993,
99477906,
95568378,
90975777,
96598237,
102711671,
98949860,
94048986,
100475935,
96310576,
92185526,
89042550,
84034437,
90403980,
96261489,
91407767,
98152419,
93388510,
99492078,
95294451,
101894563,
98905809,
94479696,
100278140,
96434753,
91477653,
97559431,
92703317,
99607954,
95609854,
102047094,
97734299,
93910157,
100040751,
95238285,
91738308,
97628614,
93661219,
100173458,
96592418,
103548387,
99844771,
95565752,
102389501,
98784487,
95193192,
102013994,
98285536,
94083929,
111201834,
116997244,
112653118,
118596523,
114593694,
110674329,
116319360,
123269240,
117860995,
113700078,
109882427,
116452379,
112462747,
108244640,
114587957,
120799002,
117150252,
122822426,
119153207,
114429084,
110362119,
106477271,
101959568,
97581849,
93152389,
109935134,
116415741,
112796260,
108490840,
104140746,
100525024,
94968365,
111365347,
118336740,
114954285,
120962861,
116636743,
123635483,
118312278,
114011127,
120194019,
114853575,
122854132,
117168843,
113461430,
119469036,
114429085,
120907715,
116670653,
123010943,
118741092,
114582723,
121193881,
117221440,
112498780,
107708274,
103752960,
99880071,
94635862,
101334799,
97148059,
92738021,
88059390,
93520772,
99393967,
94906362,
100664179,
96865539,
92761638,
98686133,
94791663,
101976095,
107520859,
103259223,
119468889,
114819799,
121162129,
117410373,
112553707,
108297860,
114760991,
110812980,
116291404,
122381284,
118054095,
113625419,
119593612,
114977981,
121251429,
117159777,
112311777,
107491264,
102690797,
99863134,
106753202,
112324746,
108351815,
104363525,
100366431,
95694133,
92056872,
98237414,
94123759,
100067097,
96096451,
101353894,
97419812,
93458467,
99026997,
94253247,
100855689,
96374072,
91677926,
97747517,
93768061,
99870464,
95325855,
101919946,
97860799,
93894275,
99735719,
95691377,
92249066,
98100495,
93320823,
99041558,
95120860,
101677204,
96939341,
92776149,
89653954,
95701868,
91756154,
88139249,
93944748,
88732371,
95315450,
90522480,
96407951,
91383181,
97042767,
92586587,
99463090,
95443880,
102012572,
98477009,
93520244,
99985941,
95979388,
91719909,
97676197,
93781460,
99237910,
94845129,
101222308,
96825780,
92635888,
98515868,
94041552,
100304417,
106263523,
112575336,
119033712,
115178686,
120948031,
117299201,
124203996,
120467003,
116214518,
112619111,
108588858,
105369482,
101255730,
97326914,
93379585,
100467364,
97074966,
103370031,
99170412,
94306423,
90215188,
85293601,
80713775,
76137354,
72262658,
77928846,
74812504,
81095973,
76937103,
72767924,
79029703,
74648721,
69823803,
76472870,
72310248,
78759538,
74803706,
79481639,
84928301,
90562312,
96234937,
92475537,
99044129,
94607297,
101281059,
97992140,
93424712,
100562864,
95599870,
101600355,
97847216,
93011065,
100066022,
96039445,
113496855,
119552444,
115479327,
122385751,
117542456,
113355853,
119770215,
114777777,
121616692,
117335324,
113248156,
119881234,
115595607,
122601925,
117778140,
113958240,
108996649,
104705897,
109776457,
105703087,
111475339,
107623988,
113471932,
109369711,
114795779,
121777737,
116830901,
112452774,
119570367,
114783347,
120719256,
116850168,
112450670,
118596413,
114801470,
121165067,
116365134,
111469604,
107010424,
112452076,
118679284,
115013791,
121269372,
117092676,
123017284,
118426700,
115151950,
109918174,
105301789,
110406273,
106075673,
101754417,
97294561,
93765329,
99134773,
95297592,
100819065,
96549492,
92459206,
97763386,
94027825,
99591078,
95298554,
100281131,
95249954,
91499347,
98336245,
93608510,
100341794,
96147501,
101727808,
96943844,
93523178,
99037128,
94511335,
101422048,
97193708,
93871069,
100228467,
97135204,
103061767,
108504854,
114407709,
120941408,
116830622,
123061353,
118020113,
113380351,
109262986,
114899512,
121470973,
117262440,
112826852,
119528284,
115248710,
120962520,
117313821,
112686634,
118921411,
114924475,
121187974,
116925838,
123952793,
119081351,
115405433,
121775572,
117585074,
124476943,
120585661,
117553793,
113048512,
109303191,
104278139,
100875900,
96392467,
92647755,
98301183,
94293218,
100985125,
97086703,
93037339,
99471354,
95712002,
102985883,
99525905,
95678654,
102282611,
98336393,
94385768,
90337489,
85641191,
81103288,
76643663,
72371283,
79209608,
74781241,
81531444,
76469884,
73213470,
89676818,
95465113,
91212001,
96691677,
92516248,
99106330,
95727521,
101746406,
98287330,
93578997,
99011853,
94565958,
100993498,
96688216,
91880693,
109154432,
105797777,
101954022,
97862625,
93193286,
100136271,
95784533,
101750714,
97427090,
92767070,
99657796,
95724909,
102393016,
98107507,
93464781,
100442115,
96250208,
103023915,
99148557,
95349570,
102522058,
98776467,
103905830,
99110658,
105608852,
101486183,
97868406,
94045235,
100812770,
96705328,
92088445,
98283709,
94325411,
100705532,
96347571,
92986956,
99794116,
95518269,
102371742,
98937877,
94730854,
101552033,
97036850,
93126638,
87822506,
82623229,
87899968,
105094092,
100184698,
106569630,
102010183,
108640549,
104112151,
99465662,
96345206,
91563752,
99340248,
95167316,
102937770,
98572533,
94140041,
101875147,
97582203,
93815334,
99916607,
95388873,
91680702,
98594256,
94231020,
100577119,
96213064,
91814894,
97990329,
93759788,
99970809,
95690668,
102006724,
98570551,
93458658,
98828910,
94048006,
101731839,
97513417,
93649633,
100279057,
96481799,
113500172,
118571905,
114999187,
121714127,
117479777,
112396045,
108784089,
114022660,
120105640,
115644882,
122843113,
118433319,
114629869,
109962224,
115904970,
122698001,
118541024,
113797152,
119725083,
115045051,
122223648,
117026059,
112410018,
118912534,
114465519,
120775396,
115936521,
112576633,
118026906,
113924318,
120023010,
115691909,
122685535,
117356945,
113140416,
119785742,
114391250,
121712915,
117260097,
112777607,
119637622,
115507467,
121925840,
118367587,
113457657,
120019526,
115647602,
122304779,
118188131,
114306630,
120632419,
116592734,
122995473,
118894630,
114563576,
121435129,
117433108,
124579200,
121130434,
116639197,
112616900,
108431705,
104419559,
101222159,
96580654,
92942092,
99357306,
95152711,
91399538,
98288305,
93900892,
99821623,
95372699,
91180271,
97586655,
93928070,
100718889,
95952676,
102299840,
98693887,
94345224,
100911114,
96919166,
92286812,
99421783,
94926707,
90488148,
96983488,
92705462,
98611084,
95106112,
101211670,
97621090,
93602562,
99613114,
95513579,
102871346,
109693210,
116022053,
122200151,
117815708,
113432620,
119406691,
115511047,
121561264,
116376488,
112128695,
118089451,
113759346,
119781957,
115840318,
122035874,
117711451,
113623887,
119988319,
115790550,
122255645,
118436044,
113999404,
110671085,
106565865,
103058298,
99083818,
95080988,
101151372,
97463737,
93594963,
100704002,
96913415,
103847426,
99334602,
94985342,
101410246,
97290022,
92644856,
99404701,
94894274,
100986229,
96130321,
92020201,
98833311,
95304151,
91002381,
97443956,
93274947,
99153013,
95365056,
100005084,
95820015,
92324008,
98268758,
94084414,
100226552,
95546074,
91777003,
98333260,
93501095,
98880408,
95069382,
100968767,
97639885,
93465138,
89979378,
95443744,
101925847,
97542487,
93560523,
100249930,
95303202,
101947817,
98408924,
93436966,
100016482,
95263967,
101922424,
98326676,
93321666,
99318821,
94798120,
101725156,
97569936,
93301450,
98909413,
94518065,
101200385,
97154299,
92334903,
99027597,
94723370,
99817051,
96545949,
91440458,
96964142,
92928413,
98848612,
94577144,
100884543,
96039598,
91997959,
98804073,
94598889,
100584358,
106735632,
102209942,
98687109,
94183878,
99457453,
95578965,
90861769,
96934259,
92469911,
98595961,
94452821,
100461958,
97027019,
92455042,
88924592,
83500241,
88614421,
83883893,
90038872,
85883824,
91860895,
86964870,
83202204,
77950099,
72872194,
79545304,
75298881,
71002522,
77718054,
83503128,
100487890,
95466945,
101716932,
97134656,
92642844,
98779364,
93568830,
121093186,
117146409,
113432870,
109292327,
114847548,
121501666,
117179429,
112686840,
119260745,
115010016,
121978648,
116766093,
112502220,
119323113,
115056131,
122336606,
118894637,
114970070,
110560659,
106496152,
102436978,
98264015,
95048080,
101148124,
96954953,
93177899,
98966384,
94304909,
100556483,
96520240,
92982718,
98881579,
94294529,
102173612,
97766289,
93379946,
100001384,
95855929,
102198722,
98269852,
94538028,
101337138,
98080655,
93277187,
89553653,
84902970,
80155233,
76118739,
92588451,
87597319,
93403593,
100286470,
96864733,
103814341,
100224021,
96351323,
103115638,
99160502,
96064309,
102830897,
99288282,
94578511,
101236242,
96737659,
92812727,
99060106,
95292400,
102298859,
98602593,
94314989,
101084338,
97461204,
93811388,
100485348,
96928191,
103457277,
109241540,
104236178,
121574585,
117096643,
112931418,
108113312,
103795218,
99460734,
106860446,
123305950,
118414660,
114055542,
119718118,
116052559,
122873325,
118264968,
113958311,
119777505,
115292935,
121692534,
117952013,
113709865,
108967416,
104178757,
100148102,
95911043,
91761239,
97764559,
93418857,
99708669,
95879270,
101789238,
98302235,
93977224,
100232741,
95936520,
90732633,
96794981,
93152838,
98987306,
93943611,
100838607,
96218500,
101178978,
96435130,
92207708,
98820991,
94742524,
100688657,
96677409,
92941907,
98677469,
93913875,
99855832,
95580868,
91791681,
97507975,
93027440,
98800889,
95056207,
91913442,
97418328,
92136551,
97559982,
93993798,
100263377,
95206995,
90962331,
97209147,
93993346,
100956127,
96561542,
92337996,
97770483,
93249400,
100194645,
96522462,
104149738,
100126754,
96050267,
103208025,
99297115,
94642586,
101068163,
97618351,
93590696,
98906414,
95546261,
90546184,
96704394,
91833659,
97880313,
94093545,
99513370,
94532645,
100862267,
96078639,
92285306,
99276533,
93970289,
100355906,
95273428,
90898380,
96592136,
91864265,
97655465,
93002075,
99272766,
94625814,
101220056,
97016562,
92945869,
98644766,
93709689,
99538074,
95254455,
100203266,
95477636,
92305480,
97984020,
94158264,
100065480,
96480777,
101809453,
98691560,
94162205,
99799667,
94971689,
90825441,
96501241,
91693176,
97681952,
93206442,
89103646,
84430704,
79129535,
86014288,
80979791,
75787238,
81481300,
76671467,
72045092,
78292446,
84122678,
100575672,
96894478,
92113638,
98751609,
93964190,
100512956,
96709676,
93223027,
98873562,
105428415,
122110192,
117809429,
114118009,
121143147,
117146850,
123671740,
118969344,
114490776,
121366315,
116280745,
123760786,
119325217,
114544984,
110420790,
105956898,
101452668,
96912683,
92274456,
99173036,
94696028,
100599384,
96788012,
93061258,
98852391,
94306710,
100087258,
96101588,
92210093,
98094383,
93634539,
99498691,
95183105,
101041246,
107647025,
102808899,
99262053,
94755397,
100749028,
118054369,
92691493,
98075064,
93322927,
99710299,
95168038,
101214299,
96712266,
91676754,
97746950,
93253253,
99670594,
95412763,
102011538,
98065319,
94187177,
99775723,
96337466,
101928209,
97783703,
93870972,
99567134,
95762059,
91260751,
96861836,
93200191,
88946240,
94322608,
90761502,
96805732,
92451222,
98596878,
94386480,
101315966,
97565033,
92601484,
99350925,
94840383,
99930867,
95710839,
92093012,
98263624,
93994613,
100370469,
95434433,
101728812,
97277792,
92265699,
98897167,
94729823,
101231251,
97207679,
93118908,
98486580,
94376944,
90667799,
87301075,
82766768,
88176452,
93501014,
99636275,
94731686,
101224449,
97166734,
93143046,
98725000,
94028872,
99752279,
95668366,
100986859,
96188526,
91763265,
98270127,
94641351,
100634533,
97011425,
92836615,
89340638,
85325291,
90659877,
96457016,
91721350,
88325818,
93724054,
99614174,
95131290,
91083568,
96442600,
92028376,
98193199,
93775480,
100368271,
95167476,
101311439,
96552187,
92607535,
97712385,
93257344,
99289312,
95419845,
100773267,
97070367,
93037238,
98802990,
93925257,
89287861,
95946433,
92551933,
88499420,
94057950,
89293686,
94813586,
91043393,
96626839,
92695116,
99474497,
94607752,
101263618,
97179591,
93053427,
89864554,
95379469,
101325100,
96748770,
91771695,
97433467,
92876010,
89426356,
95099357,
101599237,
97477098,
92596445,
98876246,
95129992,
91876188,
87668941,
93238899,
98929737,
93697307,
100494737,
95660315,
102030333,
97661312,
93603878,
99413912,
94957066,
101037427,
97854712,
92887902,
98904162,
95613629,
101260676,
97573620,
92937652,
99465767,
95052078,
91667141,
88325277,
93422957,
90411254,
86573294,
91808351,
97617482,
93675714,
100407732,
96491603,
102742491,
98202408,
93415327,
100046236,
95444925,
102129680,
97445175,
92596214,
99582813,
95541736,
100935106,
96884097,
92997720,
98400201,
94430351,
99959437,
95539126,
91725871,
97044064,
92977008,
98834420,
94670992,
90693266,
97127127,
93013743,
89639850,
84490956,
99732396,
95293848,
91841232,
97962821,
93735627,
99643771,
105646756,
101239144,
97236978,
93442830,
99395515,
94786978,
99880085,
96198706,
91750294,
88540805,
93932875,
99570536,
94799068,
89729372,
95835883,
90399195,
97227646,
92548048,
98674722,
94851626,
100691058,
96674855,
91822746,
96986312,
104264236,
100759391,
96879057,
92438746,
99291280,
95807691,
102318324,
98358788,
94317848,
101414466,
97738106,
93821920,
99764570,
96201134,
91592774,
98414667,
95151325,
100173596,
95942132,
92268716,
97473124,
94235566,
98989078,
94768912,
91553110,
98028889,
94108462,
99414088,
95085223,
100114733,
96404738,
91976032,
97777975,
93892103,
99546506,
95329290,
100585767,
96001261,
92040037,
97883368,
93583221,
99005417,
95313507,
100659735,
96692451,
92855809,
98378003,
94121082,
100541591,
96896458,
92543245,
98725258,
94562688,
100893137,
97026854,
93115365,
98879610,
94863957,
100183261,
95865993,
92219295,
97684451,
93870422,
99522295,
94882001,
101259945,
97146633,
92121540,
98295954,
93726842,
99681302,
95319497,
101051796,
96654181,
92745801,
98553747,
94803622,
101196765,
98033710,
93581244,
110771583,
117167768,
112553630,
108635708,
114253584,
119988187,
115165403,
110482432,
106749496,
112299962,
107590523,
113168691,
119821767,
116111516,
122450961,
117814008,
114646550,
111689400,
108171019,
104397005,
100316813,
96329597,
92691202,
99114598,
95411855,
101987129,
98651969,
94741367,
90810378,
86077439,
81073570,
77148218,
73460941,
80360449,
85793809,
81015193,
98745304,
95074404,
101378385,
96567550,
92765127,
99079551,
95250459,
101310216,
96886644,
92203350,
98357581,
93266707,
99163261,
94998598,
101006901,
97659563,
92473430,
99374052,
95032703,
101437489,
107712150,
103308849,
109192581,
104480658,
110576039,
107103843,
102296046,
107460853,
113454394,
119751130,
115488630,
111621506,
118096705,
114074598,
119781905,
115613639,
122410624,
117292615,
112349893,
118632522,
114225197,
120273723,
116509168,
123324673,
118017809,
114330539,
120649037,
116350484,
123395936,
118303461,
115364447,
120709759,
116690808,
123761831,
118321366,
114684426,
110478791,
115829228,
121844055,
117976956,
113942241,
120156165,
115738818,
122603767,
118907591,
114298131,
120857955,
116728411,
123917691,
118728108,
114618452,
111402953,
116644306,
124051788,
118734562,
114348087,
121179073,
116348538,
112111972,
118279244,
114585967,
120240922,
115494690,
121686392,
117530980,
113624116,
120525943,
116076236,
122183376,
117504747,
112619957,
108963163,
114166790,
119929392,
116497148,
122305142,
117619609,
113648217,
120328196,
115786895,
121856101,
117769519,
113689206,
119693804,
116050265,
123559134,
118506182,
114752468,
120982635,
116820869,
123094081,
118375035,
114503698,
120300447,
115491131,
122093687,
117725935,
114568044,
120817501,
116288945,
122469125,
117732616,
113785141,
120227225,
115958092,
122225502,
128087041,
123561565,
119273083,
115303811,
121535993,
117124850,
112528524,
108537247,
103912619,
99876227,
95854855,
91593536,
97344579,
92181193,
98550186,
95125976,
100111590,
95392160,
90992110,
97831472,
93376996,
98842696,
94974359,
100550349,
96997590,
92829892,
89314195,
94728525,
100512192,
96911664,
91975358,
97411648,
93225594,
99832492,
95791093,
101572887,
96992708,
93335978,
98832717,
93921318,
98949768,
94412990,
91204484,
86073695,
91824936,
97588139,
93370289,
100123432,
96760192,
102432479,
98530213,
94525972,
101229721,
96881918,
93135769,
99900344,
95876828,
103978132,
99421740,
95905672,
103089958,
98934664,
94491506,
101549069,
97936737,
93782020,
110599444,
116919941,
113525076,
120015431,
115011419,
120745784,
116420995,
112451765,
118505711,
114070974,
110438360,
116425087,
112527977,
108585439,
103456767,
111660596,
117534562,
124023395,
119040282,
115286248,
122452004,
118452946,
114367514,
109818555,
115483001,
122666188,
118368929,
113562275,
108721720,
104254174,
100429414,
96718007,
92728629,
99189801,
94859197,
100878323,
96535902,
92558411,
99231746,
94344177,
90141734,
85109398,
90931597,
87939285,
82851581,
88485246,
94732276,
100678340,
96738469,
92391646,
89304609,
95338838,
100836042,
96641657,
93037585,
98575331,
94153122,
99837137,
95381961,
101467444,
108371931,
104319800,
99452298,
94880496,
89933272,
106791699,
112107134,
118026580,
113788125,
120416948,
115593326,
121653456,
117001592,
113226224,
108769981,
114401883,
120811324,
116782352,
123320583,
117910319,
114460769,
120798590,
116776586,
122883239,
119615659,
116070622,
111528423,
107936737,
103483872,
99934148,
95413951,
91961671,
87605277,
82861118,
89306245,
84201294,
89895661,
95836859,
91246141,
96981421,
92223520,
99220979,
94824696,
101442864,
98003077,
93982672,
99856571,
95151698,
100974518,
107763125,
103143711,
99606009,
94749109,
100198343,
96663971,
92421606,
98991344,
94193191,
99730507,
95448627,
102200746,
98014064,
93071698,
99663392,
95457088,
101722264,
97786059,
92746802,
99424963,
95106780,
100637558,
96441912,
91569212,
97552055,
93924264,
99995354,
94741500,
101266161,
97014635,
93138071,
99912532,
105404816,
100934808,
97269064,
92285407,
99287130,
105598217,
101386285,
97484242,
92851210,
110051795,
116346496,
112448812,
119271175,
114758078,
120422510,
116092057,
121541070,
117562196,
113302165,
120115648,
116319706,
123461048,
118143640,
114095929,
120537892,
116503854,
123039121,
118479839,
114615209,
110430533,
116155136,
123303376,
118568103,
115096994,
110498865,
115879828,
122155926,
117633353,
112897833,
108404596,
114550769,
110268085,
105756971,
101480893,
107478987,
102493923,
109804076,
116137921,
112479325,
118576229,
114134749,
120643619,
116542774,
111775508,
118135879,
114103664,
109390751,
115117078,
110170600,
105714709,
100929248,
106478249,
112938848,
109781589,
115328397,
121600038,
117123213,
112472080,
118479635,
114803493,
120721656,
116769672,
122608587,
119147539,
114857365,
120841733,
116509647,
112457319,
118432759,
114436651,
110470717,
116438951,
123259136,
119060413,
114946977,
122232792,
118491992,
114070102,
109308984,
105290452,
101473913,
97036658,
92438629,
98682598,
94431895,
109675428,
105521322,
111519720,
107372591,
103665950,
110426412,
116217146,
122246365,
117695210,
113645680,
120527761,
116663208,
123381987,
118426241,
114857176,
120865963,
117050106,
123279003,
119472936,
114656625,
110462438,
106329908,
101998910,
107673103,
113800107,
109518358,
115142384,
121511711,
116956197,
113021082,
119598794,
115478087,
122339709,
117145326,
112327116,
107398723,
113399005,
109454568,
105376793,
112457013,
118407033,
114978697,
120650549,
116994377,
123367753,
117825882,
114821179,
121250881,
116657363,
124195641,
119351005,
114638050,
121484204,
116841118,
113455613,
120287128,
116169844,
123135915,
119302038,
114816852,
111276804,
106971454,
102293860,
98647401,
93735314,
100593110,
97160616,
103154414,
98450767,
94908434,
101967774,
98395577,
104164792,
99397975,
95044045,
100809165,
96455873,
92145603,
98899313,
94827939,
100929610,
97084211,
92981100,
98693218,
95364208,
101200059,
96406711,
91739100,
98677739,
94953907,
101581295,
97315975,
92499271,
99426257,
94873931,
101246555,
97171088,
92944607,
98728590,
95226648,
100288511,
97181005,
92979797,
99176026,
95163293,
90491520,
86067499,
92728494,
99172375,
95152781,
101387312,
97138764,
93176255,
89849875,
86392336,
91995655,
87459338,
94437520,
89429158,
94863101,
90969843,
96763816,
91933107,
97774765,
93938310,
99493594,
95814771,
101782402,
97405604,
92491754,
99481783,
95849624,
101815210,
96966739,
92625425,
99259295,
94638758,
89866157,
95422593,
91749349,
97588631,
92753365,
98793633,
94908816,
100237549,
106501732,
112208641,
118461506,
115120578,
110756613,
115826039,
111761442,
117472242,
113588630,
109347703,
115061285,
121529412,
116341270,
114305794,
109034470,
114086442,
120754093,
116439217,
111713665,
107373335,
113299175,
119737348,
115285634,
121144912,
116026753,
112622270,
119161262,
114772306,
121444606,
116487507,
111952388,
107331793,
113651511,
120177586,
116156206,
122527665,
117611645,
112931323,
119669458,
115410787,
121783645,
117461705,
113442693,
109440515,
105092032,
101056252,
106349297,
101942046,
119070534,
114281084,
121202430,
117468199,
124129377,
120172353,
115936140,
111648384,
107629346,
103784694,
99153991,
94122065,
100185959,
95016542,
90690399,
97169661,
93637844,
100638219,
96363464,
101332916,
98097419,
93235068,
99638409,
94517219,
99849609,
95514998,
91225696,
97207530,
92926106,
98349074,
94804611,
101314470,
97058130,
92153864,
98562111,
94883413,
101889788,
98860089,
94920919,
101601019,
97962612,
93774417,
100773536,
96895358,
92025504,
98511939,
94921846,
100129959,
96548009,
91587781,
97911002,
93907419,
100171848,
96055062,
101786791,
97908671,
93188082,
99979853,
95554343,
91996476,
87705347,
93642263,
99059877,
105755255,
111139998,
116341757,
111489739,
107483176,
113414202,
119127643,
115509302,
122291610,
117255774,
113459938,
119615339,
114424904,
121381809,
116091569,
112095985,
118843457,
114966070,
110715499,
116535106,
123936687,
119965395,
116050822,
111677676,
106566257,
102714101,
107926689,
114053959,
120101808,
115702752,
122160204,
117575746,
113239883,
118972594,
114466271,
120311952,
115282012,
111230482,
116445326,
112510238,
108238356,
103864841,
99716341,
95794366,
111648946,
107244307,
113306950,
108518629,
113954892,
109649490,
115535841,
110962742,
107665334,
112988387,
108446743,
114644106,
109404505,
114600875,
120668750,
115759114,
112190696,
118769555,
114411651,
120516130,
116250400,
112163724,
117816706,
113302581,
119534309,
115756081,
121412601,
117245125,
113597460,
119641268,
115902624,
122790185,
118290209,
113608727,
109254563,
103888589,
110178881,
117539552,
113496115,
120712160,
116025335,
111360402,
106243575,
102138770,
117749738,
113889087,
119654320,
115384336,
123005019,
118174266,
114170489,
120654002,
116406747,
122627494,
118594195,
114836970,
121342204,
117205083,
113043092,
119369194,
114339067,
121220449,
116816131,
112176464,
118891599,
114252994,
121116069,
116460253,
111833802,
118198528,
114021744,
120027937,
115589864,
121870051,
117467891,
114115908,
120574456,
117101167,
124314720,
120678036,
117207334,
113517643,
109460714,
105376757,
102091395,
97959806,
94035781,
101314971,
96906078,
93150019,
98749795,
94237835,
100451121,
96498178,
92306858,
99102508,
95087812,
101828597,
98608913,
94446748,
99698224,
95051367,
91782284,
98245264,
94976532,
100559458,
96380485,
92822151,
99669180,
95241287,
101626836,
97721438,
93422778,
99995514,
96229171,
91938969,
98283641,
94437562,
101525817,
97150374,
92567958,
98734005,
95145145,
102386125,
98216753,
94264570,
100944785,
97774753,
102165710,
97605455,
93587513,
98985201,
94720595,
90590550,
96412920,
92561980,
98812144,
94566281,
90631086,
86816112,
82402608,
77900622,
73490496,
80007516,
75979696,
71633599,
