12815557812,
223179491,
218021115,
219418944,
242081102,
242068974,
244186115,
258998377,
259905451,
268807174,
270230025,
270459250,
271221034,
272118714,
273652397,
274997991,
275821093,
268378839,
268423555,
270083423,
280734997,
271967937,
274046694,
273565791,
275623746,
276143836,
277751200,
290960698,
291268200,
293122060,
283380701,
286549908,
288732424,
288305758,
289027028,
294477476,
300786441,
302255327,
301962637,
305311139,
297248137,
288789685,
294359873,
294340626,
281734618,
282776579,
295730059,
296710687,
297051467,
291167452,
279333563,
270759578,
271410087,
272998336,
266608645,
266265130,
267585615,
268918344,
270510033,
272053539,
273902592,
274972691,
276823869,
289222717,
293750071,
293867059,
293868498,
294831660,
286591835,
297033619,
297922219,
290990315,
292426193,
282867097,
284396598,
285625955,
286900699,
288424111,
298632471,
299367167,
321813832,
321474963,
322899616,
325230281,
318803968,
310608812,
322124955,
322293351,
323954342,
333942505,
325187403,
318592019,
320079611,
319934006,
309396154,
323487676,
312087827,
314964008,
303955942,
304343687,
306308808,
296785850,
298144441,
291013048,
292928613,
283911559,
285264187,
275678384,
275462804,
276264158,
290005695,
293798204,
293760054,
295029990,
284575361,
273646239,
266248673,
266935154,
267633299,
267910376,
261056142,
262332477,
263064688,
264652270,
264975994,
258277423,
258724014,
258328307,
260042815,
248980908,
254071224,
241840276,
265425645,
256102567,
257299896,
268720318,
269602334,
284794881,
285364995,
274350273,
288119608,
287152064,
308431209,
309358264,
303168732,
303389417,
304842876,
296946989,
299037950,
290795995,
302736557,
293559464,
294786591,
296367190,
288709002,
279492221,
280572753,
270591483,
293867049,
294921938,
286920779,
276632131,
278609878,
280125362,
282260955,
272372353,
273883993,
275492542,
266216854,
291055928,
291170961,
291280983,
281808349,
272620525,
266900547,
266902279,
267575219,
289571533,
291886700,
280700522,
270754814,
284639045,
274163960,
275340481,
277890109,
291808881,
293795444,
292682339,
295796857,
303994793,
296022627,
296035256,
296806388,
294155537,
292021009,
281499659,
274295601,
274850500,
274272390,
277044492,
277121120,
271024983,
270289098,
265971111,
267925826,
261107324,
261743444,
263380252,
264651540,
256402151,
257934980,
247325299,
248473094,
249178630,
250570586,
252078671,
242068355,
243289791,
244783403,
235472836,
248239654,
249379824,
240146927,
242547982,
243284824,
237002714,
238853547,
262398465,
254294007,
265068322,
266401780,
267854497,
270804533,
272149236,
274619696,
276942150,
297996707,
299033423,
300696718,
302032993,
293498328,
295529005,
286918907,
296808530,
297514845,
290576800,
291408375,
281304762,
274442600,
274753642,
277106867,
269183245,
269966723,
272434518,
272726587,
272283767,
265311620,
258271123,
259826787,
260529998,
260389635,
261851568,
251295480,
253635402,
256072258,
244196974,
246072159,
247134729,
238359622,
239828170,
241118375,
251357839,
243808520,
245477220,
246022821,
236312980,
237502513,
238212620,
238701023,
240096193,
252206346,
253567558,
244824768,
245538126,
248337768,
238029124,
239838990,
241659683,
242391947,
245248542,
246215678,
248704326,
250242343,
240114505,
252384604,
255073691,
244957980,
246202818,
248959825,
238175063,
248928133,
262048264,
250423391,
243247896,
245300648,
246979107,
238614824,
240821029,
241579929,
264587513,
266362787,
266464577,
267878361,
268470754,
260790768,
262204938,
284100125,
284798834,
275215971,
265940462,
266322108,
267381196,
278975700,
279853623,
272723342,
295533234,
295663931,
267253173,
266821548,
271632019,
263607293,
271978562,
273362056,
274419488,
275890869,
290549220,
302622802,
303728836,
303459500,
296915541,
297008550,
298021604,
298429954,
291201679,
291863923,
291870447,
293580144,
294531970,
295992794,
296709590,
297990901,
289174623,
277974115,
291076194,
280991472,
282037401,
303610716,
296062762,
308367709,
297432718,
298672474,
323168854,
322516167,
323223601,
324024444,
317328644,
318251237,
321294378,
321174584,
322018988,
323294117,
324538714,
325772103,
339455988,
330016664,
332133365,
344893420,
347090171,
370239581,
370518588,
371972173,
373558734,
383479056,
385399836,
388480052,
388139889,
390005992,
391262459,
395112380,
396956227,
409771767,
410889497,
411925842,
434898961,
435709272,
439606423,
439707898,
441563310,
443470660,
444004860,
446385410,
439784477,
440128734,
441987607,
436722421,
438341040,
447641120,
440498257,
431588126,
433711421,
436091642,
435941902,
428155888,
428819212,
431783034,
419864847,
421954667,
423690388,
426799488,
416264596,
419244733,
420320809,
422768092,
424015166,
414500197,
408744827,
418454203,
419651811,
421098670,
413003035,
405911114,
417042282,
418075679,
419031684,
421334892,
415397489,
436026873,
427081751,
419612083,
419329731,
420935033,
415347380,
416180854,
438052907,
428153334,
423623389,
414277355,
415733267,
417489491,
419335933,
420173405,
413490751,
404808031,
405638712,
409279026,
409434130,
412044966,
402646443,
413025189,
415901561,
409758778,
401006379,
402223382,
403357522,
392620855,
394461792,
386302187,
386662462,
388640972,
389551374,
405468449,
392650141,
384025252,
386064432,
387510786,
381445733,
381151147,
381431565,
374420236,
363422756,
354811380,
356644771,
358235057,
359439532,
372933573,
361478079,
354173689,
353819250,
378023061,
378351708,
390343654,
380838807,
382828403,
377471702,
379110924,
378067403,
380447421,
381045005,
382174060,
384412274,
378047079,
378322906,
379163659,
381660102,
382419382,
384095712,
397829962,
388900954,
389275694,
391668744,
405408460,
407153784,
416564223,
409651565,
410446224,
412139639,
414562248,
414779472,
416023684,
417332789,
410146076,
411237183,
414268555,
407772534,
408420658,
409678252,
410539020,
405511295,
395057359,
398030978,
389807153,
380686718,
381588248,
392607195,
384848826,
407701575,
409680423,
410070639,
402708447,
391652736,
382601037,
383981486,
385760907,
379496823,
370170480,
359803475,
361298366,
383497378,
406939453,
408022567,
409177474,
410910308,
403926466,
405093564,
407314345,
408624100,
400746366,
402708317,
416993579,
416050088,
417678808,
419621962,
421011865,
413571621,
406716878,
407069090,
418124989,
420799980,
420464796,
412961523,
414622791,
407879461,
407590509,
410545902,
402994939,
412804009,
414290229,
416179321,
417195861,
409752040,
420073195,
412462579,
412815136,
414020188,
415108424,
417756809,
418332916,
410249337,
411163910,
423893766,
437550462,
436838504,
430843335,
418806882,
420291395,
413804227,
414373873,
408310903,
399620902,
409824450,
410171784,
403217166,
393238595,
406732190,
407718474,
400871132,
390337840,
392995639,
396765498,
387973953,
390511541,
402496007,
405604629,
413941819,
417141057,
418309258,
431619244,
433708063,
435428458,
436571862,
429178248,
417732899,
409231289,
411141540,
413697246,
436501177,
437797549,
430176107,
431832822,
434026508,
434346669,
436443280,
437145236,
430551481,
431737255,
431346526,
433862424,
422883425,
414491414,
417084861,
418658147,
411178906,
412307233,
412299574,
407418104,
416328633,
418940247,
420484800,
421038046,
412173216,
406644402,
406953052,
408883779,
409968351,
410161162,
412007576,
404658391,
407008356,
406956109,
409061995,
380753893,
380654996,
382750252,
383785080,
385876895,
387217299,
389958915,
381653097,
383888418,
385525769,
385980788,
397952268,
389068511,
381354854,
381980153,
384399130,
385118837,
356572277,
348004412,
359442482,
359752333,
348741575,
358967228,
359194545,
352208663,
352720353,
354170311,
347190916,
349302277,
349136098,
340561345,
331057369,
344357307,
336664233,
338545771,
360246116,
351490079,
344431320,
353857553,
356635975,
380239631,
373053620,
381997196,
376403915,
377636565,
388965792,
390136788,
391932991,
406664164,
406698281,
407370766,
409107602,
401067575,
404263320,
394000472,
385549435,
386991705,
388248459,
382232157,
380793372,
382753871,
384789397,
407444271,
408288106,
401815359,
389131922,
390375749,
382721694,
382985193,
385518619,
408286567,
408580550,
401407489,
373793955,
374830482,
376330562,
378135046,
368511339,
379907637,
390204559,
391388323,
383608968,
384378320,
378322072,
370265055,
372151037,
361649522,
353372937,
347272352,
369135123,
358538244,
359804971,
360985289,
364658519,
354385499,
355719976,
359132220,
350063472,
351210197,
345719484,
336079528,
347534984,
349033880,
349061434,
351307635,
351726328,
345604795,
347060413,
357484172,
359233309,
359801715,
352166276,
353573753,
346311135,
349288411,
349429380,
349511866,
342870067,
330523997,
332108489,
325023730,
325900370,
326908012,
328496008,
331001658,
323361206,
325763449,
326794075,
348900551,
341204510,
329312050,
323426022,
314226757,
324313730,
326617770,
320384644,
320261970,
322029212,
314214779,
315531797,
316469960,
309431654,
318002898,
321172766,
311538982,
323662218,
316820388,
319945290,
328910987,
322244536,
322854312,
315532980,
317372454,
319611146,
320285203,
322016856,
313700302,
316743738,
316610305,
309040310,
298679584,
291431940,
301401153,
293443984,
294366751,
295458379,
297212945,
300697366,
292703066,
284658929,
286663573,
287926643,
287602631,
310340539,
311878402,
313730500,
315222174,
316279703,
317860771,
319861504,
320997801,
322182955,
313560774,
315486353,
317009455,
320645453,
311825765,
300412126,
292901266,
293603694,
294782434,
296819031,
296933926,
299037179,
301886911,
294988332,
286476718,
288587820,
299379059,
301732088,
303382394,
317327790,
306809939,
298722735,
300235867,
302132453,
315145071,
304940415,
318620001,
319929896,
320538314,
322482048,
323782247,
325937489,
339564037,
341210119,
330848047,
333356421,
335132823,
326316636,
349258440,
351141075,
353107105,
345170111,
348913446,
349567097,
350543163,
352226512,
366063487,
366163829,
357004154,
359563877,
360888215,
363002274,
376505758,
367740316,
357802550,
358522599,
351441734,
373231178,
364681380,
356333669,
348712407,
352961960,
344580282,
346343153,
346530795,
347818114,
349673946,
350350630,
351339560,
353835965,
355878793,
356481090,
358473536,
373660439,
374431853,
374989975,
377393632,
379345450,
371133457,
373203991,
383008504,
385807974,
395550765,
387813245,
390559743,
382450528,
384436548,
375748305,
385958726,
381157931,
371845614,
392607678,
391240526,
381860967,
384785242,
386181559,
386995775,
387662967,
403766045,
403607766,
404885054,
396125279,
417208969,
418700503,
409584475,
421251765,
412402388,
436818493,
437288969,
441186211,
441954753,
437411694,
438123684,
437829245,
439259170,
434393070,
435458405,
445445042,
437910191,
439418773,
440316156,
465185708,
455919115,
457906012,
447548943,
440599471,
432057370,
433290548,
436335711,
436224069,
436802449,
437772583,
430464582,
431870991,
433382938,
434690601,
436229517,
436762368,
430041451,
430805267,
431246337,
420824532,
435301589,
428198104,
430302221,
440012293,
441410011,
443165106,
444706053,
447173043,
448190525,
441710205,
441643115,
443168014,
467142148,
467448723,
460735731,
449452877,
440668625,
442622231,
443970995,
444943568,
446640797,
440346573,
441082086,
441872808,
433677140,
444285931,
446440099,
439312363,
430344014,
419222055,
410694852,
381853963,
383086916,
407091653,
408353363,
441396575,
441934733,
436824831,
437065932,
436992963,
451790877,
450935989,
442047032,
443590801,
444563931,
446324121,
460053493,
462196456,
464171627,
463818357,
486213601,
475641085,
477069230,
478789390,
481123155,
482528666,
484304148,
473883994,
476051203,
478506093,
480215456,
485236418,
486048144,
477602120,
467666513,
460378468,
462402413,
471415514,
465102898,
466676273,
458908319,
469737098,
471568196,
466073642,
467752959,
459935883,
449290515,
466659753,
455428745,
445788836,
468805315,
470322752,
493029979,
495634442,
488095488,
489660678,
478982149,
494589382,
495993478,
496639833,
497367369,
522417581,
532645827,
534512097,
535557086,
550540647,
542847799,
532570457,
533994709,
526843793,
526181309,
527384567,
530282754,
521879665,
523769467,
