86256538
87978175
76170289
87921434
76115762
87865589
76098349
88868743
76002488
77759502
73797575
78761619
75862810
78728995
75833082
70808092
75770220
70758809
75717232
70698108
75662679
70637113
75589667
70572713
75545948
70515108
75467715
70437970
75393396
70365223
65337714
60300488
65282745
60239339
65208188
60170246
65150203
60115599
65104225
60067073
65034975
59953352
64888206
67791283
64769760
67698331
64721518
77691086
72673145
69626111
64596250
67576670
64537082
67549263
64485774
67484060
64430233
67444738
64386131
69364273
64329294
59294919
64279146
59241736
64214286
67236768
64162329
67179635
64105960
69068698
64067946
59024914
63994648
58966720
63941510
66967125
63908106
66986080
63850671
58813003
63776039
66873344
63716203
66835934
63659421
58618666
63593010
66695741
63526205
66696273
63480948
58423233
63412193
58376452
63355168
68339817
63323627
68260811
63267478
68219723
63184143
68208033
63188122
68116470
63096942
68069392
63028935
68006784
62988467
67942990
62932846
67889966
62864212
67844076
62820487
67780726
62758324
67732038
62692254
67660233
62641270
67618515
62609546
67580949
62561831
67526595
62504840
67472203
62458594
67425033
72399303
67363866
62345028
67330914
62311481
67260249
62230750
67210698
62186483
67156438
62133385
67103629
62098056
67074932
62037045
67014084
61992011
66949205
61926325
66901052
61871106
66840334
61814328
66781082
61763687
66735812
61710416
66692856
61675085
66647405
61614273
66589992
68482300
66533304
61494019
66470171
61458927
66419677
61394838
66355238
61335920
66297967
61264663
66230135
61206908
66179638
68122399
66137899
68050859
66074362
68017904
66023301
60988889
65956142
67894895
65903368
67843867
65841370
60813263
65783029
67767042
65722570
67685585
65662933
67625487
65605826
60684522
65626631
60594648
65539415
68828944
65466925
67411831
65409796
67361969
65359211
67323300
65297928
67263503
65245731
67206190
65191166
67151265
65120685
67104605
65060600
67053599
65012918
67012464
64957517
66954551
64894960
66897068
64852538
66848637
64795484
66789574
64747831
66735915
64699058
66670126
64649821
66601032
64572846
66555563
64510141
66497373
64449001
66435512
64386361
66374032
64338231
66325869
64284853
66275994
64221905
66230763
64169558
66180540
64104123
59082352
64066281
66063904
63995021
66026325
63927409
58906138
63879432
58841972
63808009
58784889
63762218
67154722
63695517
58656736
63622770
58603900
63572500
58541526
63514170
58484944
63452436
58430998
63396924
58367417
63337006
58305125
63293648
58262580
63217044
58207443
63175676
58154414
63124109
58098098
63058524
68041493
63010620
68043998
62990575
67955826
62896465
67864919
62898072
67815040
62771477
67716721
62683394
67671341
62636122
67609674
62611186
67562681
62526324
67550806
62505396
67435325
62422010
67374450
62342955
67309000
62254919
67230552
69611885
67161627
62132328
67107579
62072123
67024460
61975901
66955907
61933315
66895948
61856828
66829108
61790257
66771122
61725001
66687195
61646948
66609140
61580732
66553269
61522261
66499593
61469077
66423495
61394802
66357339
61337820
66270166
61171855
66120838
61113630
66085852
61056245
66017544
60985191
65975642
60947478
65909014
60874071
65858611
60820387
65794742
60783170
65737385
70678726
65656645
70611651
65591172
70550121
65521529
70493316
65459302
70434944
65423853
70366818
65332208
70296731
65267110
60236506
65206282
60175004
65142574
60126464
65073809
60059259
65004693
59965414
64949748
59915300
64886292
59874521
64834563
59795730
64765328
67658226
64692299
59661908
64615151
59570788
64547130
59508758
64477433
59463367
64448373
59394884
64352688
59328558
64318063
59267018
64263713
67171033
64152556
59151685
64083890
59051731
64038884
58991052
63989885
58935996
63896621
58860075
63821467
58783678
63779408
58715325
63689101
58654740
63607479
58576917
63564756
58523771
63513503
58458872
63429331
58385883
63394013
58355620
63319663
58289170
63256535
58228795
63207367
66327587
63165741
66264982
63139293
58062747
63032279
57997331
63005445
57959902
62926557
57882110
62855641
57823581
62790379
57762621
62727544
57646667
62611328
65694183
62537206
57505154
62465208
57457291
62420164
65514885
62362690
57301673
62284002
67254677
62207101
67186203
62172731
67114929
62100535
67087875
62071355
67038184
61979308
66905300
61879493
66920881
69984689
66836541
61800844
66784990
61745134
66692984
61668684
66610624
61586042
66563092
61535072
66496263
61486995
66431250
61398364
66367615
61386731
66348243
61281806
66241700
61203332
66158281
69263447
66149311
61083296
66059599
61048699
66041994
69104303
65982768
60967014
65902601
60885563
65834996
60795133
65749157
60750203
65705426
60677749
65641866
60558295
65520300
68574781
65457475
60429862
65403784
60350546
65337232
60319415
65264013
60223425
65217283
60206093
65163568
60112315
65121454
60080995
65062306
60012676
64980454
59939359
64928825
59913678
64805803
59796660
64784876
67837983
64704490
59674360
64698194
59686949
64642517
59640610
64633304
67744605
64591496
59578222
64556957
59532877
64495655
67625565
64486076
59462903
64395046
59384325
64364243
59308085
64270348
59242499
64197270
67344381
64144920
59121939
64096581
59088456
64089635
59053018
64013757
59010206
63967583
58947518
63907000
58893183
63899416
58872873
63841474
58809348
63781271
68755376
63752382
68724699
63702976
58669414
63673274
58605392
63598655
58559088
63554380
58507969
63482791
58447857
63422911
58389732
63358932
58344419
63310936
58297902
63326532
58290874
63241102
58221396
63176785
58148386
63117358
58081116
63059843
58023942
62990381
57960278
62933202
67056249
62881197
67891925
62867671
57828152
62762768
57752636
62708852
57687975
62644631
57638200
62587815
57574779
62538944
57528127
62485251
57449123
62425964
57393465
62357593
57356964
62327688
57286594
62239765
57217239
62174973
57175994
62138604
57095413
62083550
57032437
62021612
57000988
61955055
66023747
61930677
56831048
61800945
65386004
61792035
66783486
61730798
66720109
61690079
66655171
61631925
66593530
61547973
66510666
71485331
66467699
61427346
66401244
61352400
66326766
61324570
66270007
61236075
66207821
61197558
66146164
61128000
66089169
61078606
66045165
61006330
65959063
60923168
65909154
60852940
65854255
60799145
65796559
70737032
65742641
60699482
65670268
60658224
65629534
60595653
65564625
60572181
65505020
79430141
65464737
70407380
65408343
70371512
65331801
60276046
65284318
60228311
65221532
60255478
65172525
60111542
65138989
60079876
65032596
59975714
64977479
59935031
64915179
59890396
64907165
59842473
64808260
59771719
64848747
59746262
64774535
59691721
64752978
59742373
64728644
59690694
64692751
59646993
64613478
59597973
64575288
59533165
64507120
59484894
64466401
59434892
64487039
59446547
64460788
59431120
64389149
59370968
64337235
59305588
64357855
59257536
64263905
59238834
64259059
59249929
64211570
59176990
64161467
59141009
64123427
59084894
64062089
59047320
64006484
58965226
63988185
58939227
63913251
58895684
63903586
58875928
63917095
58857139
63856362
58809049
63779702
58733076
63775178
58741998
63717351
67470699
63708251
58680224
63693663
58658921
63672873
58656435
63636024
58583366
63586914
58546406
63537027
58521744
63508387
58465559
63477887
58454462
63446718
58413694
63436400
58394409
63378918
58349857
63341448
58307124
63266301
58238570
63261736
58257743
63229689
58171731
63147781
58125739
63079681
58046038
63075425
58048694
63018395
57988859
63030354
57982183
62961924
57971015
62941729
57915309
62908689
57883181
62851765
57797686
62831346
57767446
62795811
57760183
62757233
57733228
62726242
57724472
62685716
57678504
62674068
57652422
62669018
57641397
62617550
57557759
62607038
57561770
62543381
57512253
62482678
57425947
62438889
57390891
62375159
57317565
62324412
57252712
60529497
67267989
62241540
67244220
72201352
67170728
62132623
67200938
62087719
67166922
62076594
67045463
62045162
67011372
62001220
66961401
61932643
66895577
61871217
66835739
61810123
66811251
61789087
66778479
61782949
66757448
61709232
66735700
69761523
66610976
71649830
66572324
71538157
76611461
71733236
66628724
61562358
66583633
61564167
66508867
61453893
66404042
61372565
66340670
71352766
66328129
71377975
66406554
71290179
86240805
91290859
86205056
79162916
66194216
71157426
86093738
91231944
86165738
78948549
66169217
71192829
66263409
61176719
66179851
61108512
66105991
61131214
66059208
61028113
66010325
60973048
65935486
60929926
65876181
60853501
65846535
60836335
65792561
60789462
65762274
60748488
65730589
60698529
65675978
60646234
65591343
60566819
65543955
60530504
65502640
60478391
65440589
60446422
65413170
60419852
65355556
60339318
65291521
60269690
65235050
60174166
65121357
60076587
65065176
60032330
65008621
59996632
64969270
59929007
64902731
59873190
64851287
59837670
64768521
59734108
64738648
59681487
64680571
67272859
64652769
59620892
64615098
59554424
64548682
59508188
64497865
59494950
64470839
59452086
64482631
66999070
64418230
59369290
64365331
59314307
64321455
59292787
64307109
59303047
64269052
59233271
64238557
59188278
64171357
59137594
64141010
59109190
64104081
59055587
64070971
59042360
63973996
58976494
63942625
58948390
63924169
58869812
63833160
58786730
63785874
58767101
63754128
58764341
63770453
58734830
63680514
58675315
63650227
58624947
63616673
58584947
63591695
58527664
63532509
58494029
63512344
58487991
63466677
58449151
63445698
58401397
63421284
58433658
63392314
58348712
63367533
58315651
63336124
58317753
63272991
58242411
63263814
58235648
63216579
58185278
63147828
58126327
63093488
58076658
63083519
58094089
63074610
65498312
63002661
57974180
62921431
57900458
62877541
57848449
62813833
57804327
62752113
57776400
62797532
57787815
62729073
57733864
62674852
67655015
62613166
67601439
62553066
67541891
62497711
67499574
62485313
67435535
62407909
67393288
62368941
67338972
70036268
67251212
62217070
67162522
62147013
67196939
62105125
67095447
62014556
66977423
61947985
66916339
61875140
66845678
61826371
66786882
61761114
66731055
61678836
66667296
61634509
66615183
61574266
66567743
61514036
66490767
61442348
66435717
71397798
66349979
71331769
76281443
71253838
76211824
71186926
76146194
71151597
76126876
71082718
76054004
71021194
76003168
71003516
75979574
70953580
75899570
78862234
65828530
70812944
65789973
60766775
65788577
60712966
65691756
60631649
65624449
60551996
65538987
60563662
65496394
60470509
65431314
60401736
65377088
70350182
65348478
60346105
65321992
60278044
65256881
60287542
65226556
68009091
65181163
60101156
65040361
60020344
65035712
59982777
64950262
59924195
64915091
59878231
64819187
59809653
64784069
59783161
64759267
59752220
64747937
59739940
64739308
59688868
64743280
59666167
64641855
59557300
64572602
59536025
64553893
59509285
64514852
59454381
64464503
59416945
64417988
59376706
64382088
59338986
64320269
59285494
64288549
59264933
64241392
59199493
64226529
59200100
64173398
59098516
64157461
59150457
64036472
59010150
64021378
58978077
63975769
58935536
63913330
58880945
63862019
58813749
63798718
58769111
63801312
58781646
63764053
58744429
63696401
58698933
63673407
58638080
63640267
58603646
63579136
58549195
63562899
58503015
63486906
58448155
63434753
58366819
63379174
58316346
63301147
58245686
63239469
58277467
63265676
58244377
63220552
58186197
63177108
58135021
63159177
58113537
63099978
58028492
63027408
57992378
62942202
57919249
62900626
57897318
62836285
67811025
62777359
67764228
62707215
67708947
62680875
67647181
62605631
67566647
62562641
67542677
62552232
67537442
62499060
67468389
62443091
67413146
62402671
67372231
62326684
67317365
62286543
67252464
62219621
67222050
62197297
67186096
62138104
67167547
62130407
67090720
62056973
67032900
62003570
66996516
61943309
66913489
61891718
66914873
61863128
66847828
61848687
66832632
61807982
66779537
61753895
66756947
61723756
66701589
61663085
66652748
61620556
66599747
61614758
66555470
61551551
66536628
61491807
66477508
61448555
66418614
61405991
66386554
61344502
66352743
61307666
66316328
61263859
66274259
61210155
66228798
61185810
66204912
61185010
66202728
61128612
66125541
61097323
66081779
61065271
66051607
61007884
65997570
60959405
65976412
60928410
65936578
60849604
65845511
60805433
65816655
60818870
65812285
60789250
65754064
60756128
65729052
60681220
65666201
60635402
65613227
60615097
65596280
60544107
65512630
60520169
65450916
60428675
65403913
60352888
65339616
60287601
65269655
60230517
65200869
60163538
65137050
60105828
65058374
60040355
65026145
59978248
64935828
59882595
64859488
59825154
64793549
59776045
64726680
59671173
64655190
59623257
64558553
59536516
64518138
59497007
64432885
69429182
64381719
59376464
64312129
59294595
64252760
59233620
64196625
59162581
64131294
59111044
64042911
59021019
63972790
58927392
63878722
58856381
63807802
58764834
63764677
58710041
63685746
58659152
63652239
58850745
63568507
58576283
63563089
58503457
63456142
58431107
63398823
58579340
63328898
58549564
63259732
58231997
63161047
58138417
63111919
58092684
63053098
58022926
62983687
57950615
62909876
57876053
62842289
57819789
62789986
57774475
62737078
67683341
63017790
67630932
62912657
67541872
62515980
67477091
62458226
67394171
62355058
67321302
62297175
67262715
62217343
67196036
62146911
67126543
62094205
67048295
62019998
66987918
61951645
66930668
61884821
66868370
61826669
66795770
61739186
66721118
61681065
66633743
61596111
66566720
61533054
66519442
61483508
66482752
61424650
66402784
61380413
66343382
61319168
66281925
61244714
66231780
61170980
66142161
61119688
66075991
61034947
66027827
60995321
65963260
60923831
65870254
60824202
65832773
60775684
65758384
60708390
65695350
60647280
65668526
60581081
65576125
60524868
65498663
60468163
65478139
60420787
65409159
60341455
65340762
60278337
65257242
60204886
65177275
60131441
65094276
60053449
65024634
59980891
64956594
59914391
64903471
59857315
64827776
59796314
64784166
59742505
64722600
59700256
64656436
59621241
64609241
59603027
64590630
59517203
64499292
59468217
64468620
59385167
64368552
59313064
64303857
59587124
64261538
59197554
64165562
59504543
64095069
59058228
64032000
58978419
63958698
58944964
63926374
58881890
63868040
59193129
63816742
59178023
63730214
58697711
63682736
58599340
63607298
58534591
63511083
58476712
63450247
58410833
63386374
58348619
63349091
58296334
63281405
58260553
63222372
58191185
63177271
58096141
63079985
58062291
63062550
58004049
62994986
57967017
62954749
57902791
62847982
58323563
63318412
68325742
72713482
67697784
72671239
67626569
72609627
67600821
62570258
57506234
62492428
57434722
62393256
57369431
62325004
57273091
62254290
57227857
62249695
57236202
62154579
57113045
62107970
57037971
62013600
56947472
61929918
56886469
61863668
56817847
61787765
57652993
61693231
66672723
71641668
76625967
72590945
77595480
72606570
77664557
62624239
66438130
71382054
66355908
61313535
56269816
61229309
56245299
61187548
66149828
61140925
66111450
61092994
66055570
61025361
66011045
60962791
65919174
62254170
65887436
70809301
67165249
70774878
65715808
70706509
65667258
70636564
65590630
70561561
75531788
72026593
75467606
70457544
75400237
71973338
75381981
70328786
65292209
60238698
65216543
61929486
65156126
60114041
65086836
60057776
64809683
70015456
64952529
59919836
64899861
59858178
64811556
69656315
64755892
59712945
64686560
59653392
64642439
59595443
64620595
59588190
64534399
59426367
64321512
59245187
64224146
59208110
64147230
59131484
64090281
59053754
64043564
59032935
63974645
58930874
63908446
60644244
63845257
58830515
63758401
58743418
63711431
58675755
63661754
58606797
63574939
68494745
63503658
58487601
63426797
58403781
63377137
58367775
63318591
68271112
63285459
58254596
63234214
68183448
63195054
68143637
63137518
68097860
63093676
68060525
63049058
59794378
62992766
57972060
62965057
57926391
62904599
57876344
62849995
57825133
62806547
57772690
62746762
57722231
62701259
58506244
62667516
57639915
62604867
57593921
62552354
57534422
62515400
57477440
62447556
57442624
62395315
57384406
62336662
57322442
62295000
57260926
62229246
57234872
62182168
57161026
62157605
57119599
62068947
57052912
62010919
56986027
61944275
56929896
61883310
56880702
61810025
56784637
61757952
56715521
61690387
56645384
61606055
56581691
61542063
56515500
61482035
56446612
61413991
56388703
61362851
56355442
61328410
56284789
61245618
56220669
61195291
56175309
61165545
56139603
61105168
56066825
61039438
56029490
60993641
55981688
60961812
55903231
60884990
55849817
60823222
55803288
60776566
55749455
60731497
55711836
60695194
55667969
60651272
55633334
60612651
55590683
60559858
55524097
60508782
55477257
60464311
55436881
60411015
55381686
60363357
55367494
60310891
55286735
60258762
55260073
60210787
55206458
60187616
55179300
60151236
55124830
60105976
55080906
60049325
55020188
59996685
54966464
59942534
64935635
59900474
64883398
59853440
64827762
59811549
64792514
59767723
64738520
59706596
64677720
59661639
64623946
59596648
64567947
59526824
64500966
59491211
64448671
59411847
64385462
59351480
64338255
59308129
64285953
59266976
64249383
59215430
64198106
59170581
64151649
59118933
64114937
59072555
64057959
59026256
64007240
58970318
63948014
58919622
63891447
58866337
63847359
58811430
63793858
58771720
63745801
58716774
63688049
58662373
63666246
58605838
63580624
58554702
63536772
58508476
63492789
58473301
63453791
58406985
63393455
58355351
63345471
58300862
63281107
58247318
63245907
58201087
63183042
58145021
63119464
58110669
63085174
58060864
63043739
58024906
63003850
57957166
62929410
57898797
62869575
57839742
62811791
57784002
62755142
57728289
62730342
57664153
62634422
57604153
62582932
57577153
62538297
57497001
62478341
57442151
62410450
57392660
62347931
57316819
62296436
57255853
62232105
57198977
62171289
57133514
62112498
57067962
62058315
57023016
62001301
56953085
61956801
56914993
61920253
56868868
61863404
56808910
51805848
56766353
42433289
37369750
42372898
37340610
42324048
37351763
42340376
37315563
42299452
37267614
42246267
37217818
42199782
37171440
42153728
37124053
42104506
37081829
42058877
37029595
42009042
36969652
41956956
46200793
41903965
36867213
41848310
36818750
41803521
36772535
41748440
36721473
41715397
36683513
41661026
36626312
41606421
36578251
41552565
36531647
41501244
36466715
41460229
36426624
41403304
36378226
41356660
36334473
41305772
36283322
41265801
36237400
41218193
36196953
41176758
36141990
41123430
36105725
41097886
36065376
41053708
36031114
41012419
35987935
40955073
35925631
40916335
35874307
40852519
35814325
40796302
35762712
40743235
35714809
40696671
35670500
40648822
35617526
40592287
35563214
40543633
35506376
40483213
35459066
40436701
35438121
40418913
35415995
40399318
35414707
40408141
35422106
40406420
45380737
40354791
45334208
40310296
45293711
40256799
45230509
40215197
45194529
40174072
45144128
40126863
45099393
40074954
45038306
40020673
44979101
39955022
44924394
39893350
44861880
39841041
44814935
39790458
44765933
39740868
44715257
39694400
44673346
39646058
44619148
39599522
44573004
39551986
44536878
39511432
44484420
39457588
44435479
39414122
44388801
39361232
44338446
39313623
44280911
39271839
44246363
39230737
44202732
39181355
44154932
39136192
44111559
39094926
44065703
39045025
44021422
38992450
43968869
38937733
43910714
38882188
43855656
38828583
43806325
38776346
43754214
38731978
43703309
38681242
43685188
38661949
43633933
38619107
43620401
38564634
43528561
38497909
43480729
38455920
43433991
38412970
43392584
38361511
43343069
38321454
43303344
38261384
43254250
38230926
43212501
38182820
43156244
38127710
43080614
38053144
43055592
38033671
43004693
37978503
42972510
37948700
42932141
37911793
42897037
47883411
42863229
37855593
42826466
37799649
42781933
37756529
42737558
37722228
42700023
37679558
42655705
37646980
42604877
37583063
42585301
37560473
42530123
37513444
42498783
37468607
42449248
37431786
42410478
37402622
42366154
37345864
42314688
37291886
42262855
37240187
42215002
47192434
60915962
55869781
42114187
37078767
42059394
37037869
42020562
36986031
41974243
36934488
41898256
36869339
41844829
36817563
41800131
41613192
41747405
36716794
41706217
41555886
41662122
36642177
41644913
36624726
41603915
36590659
41560832
41422552
41524657
36506808
41486289
36482322
41437460
36412272
41386526
36360851
41327964
36306778
41288938
36272771
41241920
41195886
41199574
36183510
41171688
41105015
41105960
41030799
41056766
36032870
41014663
35983270
40968576
40854222
40926635
35899871
40883869
45858970
40798006
35775562
40754028
40622831
40703010
40559380
40641672
40521104
40581907
40456419
40521840
54102064
40489657
40381423
40440257
35431791
40405003
40292514
40377491
40224841
40388314
40190567
40397338
45423957
50465449
63768192
58740419
53730963
50522524
46170540
50521426
49957623
50510181
49915312
50493061
46181700
50515195
49815540
40453652
45452091
50519694
49736429
50497357
49674778
50509576
49620484
50517124
49584879
50518231
49520981
50528291
49466306
50515404
46155899
44360266
45416062
40379142
45405367
50426010
55393392
51106805
49219310
40257471
45246267
40229384
45210629
40186077
45183382
44006130
45153481
43960525
45110079
40097161
45079063
40060732
45041804
40017217
45004914
39975433
44970553
39947726
44943297
39917293
44897698
39871123
44854313
39846462
44828136
39802588
44790980
39777584
44740179
39737197
44714363
39678233
44660368
39638880
44628327
39613514
44604354
39581231
44579620
39559173
44545185
39524323
44528176
39505327
44483902
39457749
44435101
39386190
44361195
39332270
44309652
39278690
44261935
39180961
44218839
39192833
44166712
39140915
44120449
39094185
44093897
39072296
44052355
39019954
44011241
38986762
43987905
38959593
43947211
38909627
43874124
38846476
43824402
38795484
43779226
38744213
43727595
38702387
43678772
38647970
43656649
38633953
43604589
38581296
43567979
38522051
43526954
38501466
43478532
38451217
43461830
38444577
43431353
38406079
43395382
38372823
43367428
38336866
43333201
38301550
43292352
38257099
43236358
38203811
43205340
38174561
43164303
38142226
43122688
38085095
43079107
38052120
43038456
38015916
43015045
37998237
42981869
37948967
42945888
37921807
42909780
37880674
42865116
37838503
42818943
37795696
42792940
37765430
42760289
37719616
42708458
37686929
42671296
47628649
42600969
37563681
42550934
37521127
42498356
37460504
42473629
37445901
42435180
37425887
42402883
37380169
42367579
37343100
42323945
37309946
42277985
37239153
42221750
37190288
42175392
38018394
42123797
37089249
42077472
37051059
42048539
37036380
42023832
37018445
42006400
36979641
41974956
36954554
41956263
36933991
41916028
36886888
41873238
36846264
41848520
36821545
41809524
36773556
41760548
36730136
41713766
36685511
41681021
36665461
41652405
36629678
41616490
36587085
41581121
36562669
41549124
36520492
41508387
36482762
41472765
36452118
41436605
36420904
41424049
36393451
41392857
36368478
41349061
37163362
41315686
36283270
41271766
36229779
41221753
36187189
41166097
36138247
41120802
36090465
41068451
36042114
41025980
35991898
40975960
35939102
40947426
35925597
40913269
35896868
40892699
35862630
40848644
35838709
40815191
35771650
40771730
35763921
40725675
35694826
40668890
35613649
40609003
35573159
40562942
35531681
40541932
35496171
40497997
35454906
40454342
35403823
40420420
35397726
40423954
35442216
40443553
45453063
50487533
46170074
50494354
46158027
50500996
46159337
40413819
45449503
50511058
46108998
50490831
46128240
50510196
46129650
50510961
46131863
50518542
46172953
50514024
46149748
50509280
46172301
50497221
46144711
50509560
46104405
50516554
46111779
50491724
46121557
50490095
46086181
50456514
46090123
50454996
46114968
50474284
46075136
50439519
55403120
51068734
55365146
51023529
55307666
51046149
45248512
40219319
45202992
40186577
45166383
40136255
45107531
45138409
45078499
50102002
45046116
40023907
45012823
39976332
44953673
39932649
44902022
39883024
44856310
39828171
44811214
39788584
44754186
39754058
44738148
39713646
44697301
39682341
44655563
39621531
44596620
39573406
44545842
39522495
44502971
39482015
44447082
39431875
44407128
39381637
44364084
39340274
44312739
39315246
44305229
39296307
44266397
39235855
44219702
39196715
44178353
39159712
44145476
39103204
44063558
39065221
44026362
39019223
43986219
38966887
43947222
38920220
43892563
38885220
43853402
38834992
43816759
38801299
43782008
38759056
43716353
38677366
43649751
38621367
43603066
38571891
43540711
38514604
43488549
48477705
43457335
38444286
43410892
38403769
43380324
38364078
43343714
38318183
43306818
38280263
43252145
38231102
43219066
38192894
43165021
38140385
43121614
38098066
43068665
38042343
43032333
38004732
42972230
37960087
42935651
37914662
42883642
37860436
42838345
37816939
42785626
37770940
42755103
37715712
42700422
37670805
42649695
37623323
42597609
37573737
42555922
37529519
42500731
47502480
42480034
37456665
42446483
37428757
42392414
37366545
42343703
37339808
42329452
37311837
42292164
37275566
42261440
37246143
42230921
37214079
42198702
37193047
42166764
37161534
42126693
37107714
42090139
37082221
42074079
37051666
42005544
36999671
41977353
36947452
41937743
36919351
41888824
46889364
41878063
37681952
41835372
36798391
41775157
36741322
41712818
36696663
41676937
36656145
41621773
36609277
41591626
36571693
41540390
36498083
41465305
36450584
41429404
36413730
41400028
36372039
41341860
36320866
41296319
36293880
41242043
36262821
41226452
36201736
41178464
36151863
41129962
36927281
41085516
36085136
41072311
36069360
41048645
36029131
41000626
35978468
40970384
36671738
40936225
35913113
40882357
35866242
40841314
35819326
40810285
35778871
40748532
35732157
40724165
35682493
40655026
35626378
40603493
35576195
40557247
35533982
40509878
35484837
40459095
35468130
40438913
35441466
40424722
35449302
40418015
35406176
40388156
35396914
40391623
35367043
40345491
45314988
40297476
45276057
40241362
45224724
40186487
45165727
40130291
45133326
40106088
45087582
40074325
45068964
40031072
45015395
39977978
44972144
39948153
44912886
39872157
44857717
39829786
44803423
39777149
44774147
39746040
44723796
39697042
44690955
39661402
44652322
39636681
44615109
39592857
44577225
39540781
44528096
39499716
44487909
39470396
44466781
39448533
44445017
39419389
44414488
39391466
44368611
39337003
44312462
39279560
44279708
39254081
44245053
39207379
44210314
39191543
44190177
39166767
44154712
39126765
44104712
39070894
44072316
39045091
44029759
38999253
43982532
38965352
43957497
38925469
43922129
38892385
43888847
38859251
43846114
38825779
43821196
38785673
43766700
38742588
43743905
38711523
43693884
38674686
43664457
38643271
43637581
38614968
43603093
38598086
43577262
48556752
43548854
38534304
43518869
38490515
43472533
38443094
43417025
38381559
43360107
38336170
43327643
38288006
43263850
48233562
53258692
52287130
43210486
38172866
43152563
38129282
43115144
38081226
43061691
48057364
43042843
38007606
43002610
37989165
42975640
37940803
42939393
37927628
42912739
37883955
42884612
37853407
42829650
47807602
42797330
37770019
42766675
37737144
42730306
37693691
42693458
37666556
42653354
41154981
42609403
37590878
42565243
37540812
42525495
37507130
42491420
37472551
42458323
37453116
42417952
37386556
42378644
37343676
42330422
37285436
42278727
37248898
42227640
37197744
42179078
37156336
42131208
37113698
42086872
37063182
42043832
37033346
42015125
47002399
52016283
51307552
41966748
36919583
41918268
36895169
41896949
36860120
41834437
36811095
41795026
36773959
41747518
36719229
41705325
36668724
41657764
36660250
41641175
36627141
41596622
46570686
39192463
44159791
39137746
44117303
39106836
44107451
39091283
44063001
39052188
44030571
39009483
43997577
38988567
43976394
38966117
43946797
48947545
43943361
38902945
43889755
38876929
43881124
38853790
43831891
38821281
43793192
38768440
43743373
38717207
43693654
38666955
43636366
38619561
43596317
38580389
43579271
38567145
43548885
38522201
43499554
38491154
43469415
38442248
43425895
38408241
43391550
38370241
43346812
38331037
43300019
38273730
43247496
38229077
43209332
48190415
43169638
48149859
53158827
52770397
55482454
52746756
53084049
52695141
53046040
52673852
52987734
52632798
52954092
62585327
67539721
62530051
67517757
62496013
67456937
62449864
67420821
62448803
67409068
62401383
67362348
62349949
67319400
62315228
67289085
62261912
67236402
62211312
67208131
62242274
67208335
62175613
67158750
62149113
67126628
62107663
67089754
62059517
67032849
61999893
66988601
61958571
66939025
61931152
66892326
61871143
66852435
61831037
66808519
61767171
66767223
61756137
66726696
61696803
66714536
61692869
66662461
61645782
66643093
61616146
66623218
61608702
66595400
61553874
66539631
61529095
66513692
61486630
66480185
61461694
66438399
61429281
66401848
61362658
66338999
61373454
66355265
61342225
66344162
61320717
66309022
61303054
66265156
61262279
66269656
61262082
66221662
61219348
66194459
61188631
66146492
61130289
66123638
61114358
66106247
61087397
66076045
61072400
66076020
61013004
66002821
60986190
65979879
60951240
65936650
60896574
65862009
60850550
65821139
60830124
65844617
60822184
65802943
60788280
65810423
60775422
65761412
60730604
65743036
60735053
65744305
60698849
65708765
60679978
60591410
70656697
85642184
70623995
65592289
60546058
65532672
60537538
65518044
60502524
65469202
70433616
65411346
60395871
65374387
60351654
65342447
60347089
65326881
60311573
65309765
60287044
65269364
60253368
65231555
60202015
65183041
60162436
65182948
75581728
65136094
60144922
65130446
60086452
65060172
75539310
65015606
60042552
65042884
60006576
64989860
70012776
64997917
69981854
64970449
65232102
74914992
75210269
64834704
69844259
70110415
69866777
64813843
69795008
70002128
69754981
69946732
69729928
69899565
69703290
64681287
69703638
69820720
69670485
64645480
69646162
69756823
69611633
64576131
69581034
64537092
69542410
64528221
69515518
64506499
69485809
69575766
69480875
69548206
69431943
69515776
69405068
64400240
69400475
64378648
69400085
64370450
69360550
64318355
69303161
64278804
69255067
64249044
69266279
64251925
69292180
64279024
69223306
64220581
69198599
64176028
69163556
64155893
69179079
64134681
69121190
68956747
69072921
68919991
69029600
68871493
69011135
64007246
68976804
68821984
68936439
68762399
68916551
68713029
68865321
63833844
68833826
68627203
68791699
68569374
68761358
68527573
68722486
68467292
68691057
68423270
68655989
68389137
68617419
68350941
68581951
68326334
68556300
68307170
68521410
63506533
68493578
68236423
68451699
68210593
68413472
68170607
68355388
63356859
68313859
73312343
68290372
63296986
68308582
68005903
68271293
67963445
68241344
63213374
68200143
67894762
68187869
67850693
68132920
67802933
68114908
63078373
68086740
63054822
68056495
67688013
68012628
67649073
67969447
67584836
67949231
67536612
67930951
67508581
67903983
67449701
67888851
62832861
67827000
62810980
67811939
67356061
67783696
67323956
67768922
62744660
67719098
62702012
67678639
62679123
67670325
62658928
67660554
62652984
67598249
62584701
67578535
67074837
67572681
67011192
67533867
62528664
67490496
72472481
67471665
70133807
65135288
70142520
65052408
70042466
65076531
70067748
65043548
70012647
64997514
69958275
64949893
69918786
64892367
69875697
64847294
69832724
64803529
69783533
64754269
69728164
64710454
69681426
64639762
69610552
68890388
69562150
64543791
69522000
64487657
69454083
64437931
69411457
64368825
69347820
64320539
69296459
64271680
69240649
64226339
69199561
64178427
69160499
64138187
69116389
64092075
69056714
64028703
69011899
63994560
68971400
63947452
68932338
63901332
68882119
63832690
68856541
63823534
68811363
63783095
68760366
63734815
68721253
63691671
68654523
63639063
68611941
63615247
68588356
63561669
68523086
67822324
68488319
63473026
68421269
63427798
68372517
63376769
68331617
63310812
68280915
63267531
68232658
63238983
68201051
63175934
68165986
63142426
68126090
63104386
68075607
63055728
68031388
63013679
67977671
62969040
67943732
62912703
67896561
62873729
67855596
62842131
67818961
62791026
67764939
62734250
67698693
62670679
67649903
62625084
67590581
62556323
67534151
62512563
67482715
62454749
67440824
62422577
67404317
62381987
67360338
62338484
67308670
62281378
67248008
62240927
67205804
62187593
67166341
62134713
67096044
62073903
67043713
62020766
67005282
61973279
66940242
61917360
66895692
61889729
66856694
61841725
66808802
61783982
66748641
61733982
66717076
61689202
66654150
61640537
66606949
61578054
66552185
61521407
66496779
61470488
66441938
61428029
66399638
61403463
66353252
61347885
66311161
61301124
66271051
61237640
66259624
61254524
66254215
61233796
66221627
61195083
66176002
61158917
66173956
61150369
66156575
61129691
66108143
71113517
66115424
71109561
66078328
71055220
66039067
71012429
65996332
71018950
65996755
70976403
65940305
70937429
65890082
70887998
65898925
70875486
63708087
68670321
63621220
68625407
63576161
68576354
63546766
68559487
63515767
68526187
63489901
68502634
63495476
68463288
63472003
68499182
63458411
68443657
63446897
68428875
63459715
68429018
63396456
68383647
63349026
68351152
63321159
68344303
63310563
68323660
63302642
68312191
63260157
68248970
63216939
68245666
63229588
68206879
63163733
68177483
63144028
68150575
63124242
68104201
63063163
68068478
63045787
68047965
63018009
68001270
63009436
68007312
62952407
67943636
62912671
67906416
62856422
67877011
62848093
67826034
62810449
67789332
62792757
67774480
62776155
67793179
62798504
67787931
62803297
67765827
62751468
67759905
62718624
67708665
62666873
67659218
62622717
67641879
62603662
67613592
62591630
67614625
62559587
67585586
62537293
67549090
62517283
67509221
62460864
67467616
62438125
67453305
62453976
67431208
62387727
67405214
62353743
67350166
62333168
67324499
62286962
67312262
62273402
67299620
62272632
67245245
62217825
67200769
62177897
67193059
72189856
67219772
72177575
67176095
72144439
67148086
72154859
67129040
72129606
67124511
72133028
67103747
72094432
67061281
72049114
67032062
72043678
67017536
64944592
76981467
71974161
66955716
71919835
66908639
71894870
66904174
71864833
66849940
71839614
66819778
71804875
66807617
71807575
66787947
71771644
66754956
71728779
66724705
71714590
66698964
71692267
66661916
71655463
66670487
71627877
66653818
71639361
76623443
71636154
66604789
71589745
69219386
71570513
86566331
81554827
79176480
74136335
69073139
71490209
66451818
71460525
66426122
71418087
68931892
71410492
76401593
71371287
68812167
71298179
68769713
71257165
66233572
71227676
68666774
71186078
68629861
71184907
66161261
71164885
66123554
71110070
66065433
71072307
68423804
71039095
66024058
71005058
67582367
70223106
65188230
70171885
65150602
70142426
65136617
70101931
67385933
70046458
65047184
69996104
64994971
69955904
64944026
69912298
67189365
69838539
64815016
69807813
67078845
69762040
64743159
69712737
64677010
69670105
66899681
69630063
66856861
69590045
66784984
69549803
66733068
69507030
64472662
69468890
64466571
69458259
64439565
69437087
64378393
69383744
66523414
69354502
64317931
69355924
64327760
69320421
66396084
69316577
66354993
69265964
66307451
69222978
64184200
69187899
66203652
69132577
64098883
69109993
64084256
69089264
64099015
69065478
64045698
69030769
65973204
69005406
65929386
68964616
65888350
68985934
63971141
68959358
65795585
68918833
63911186
68934304
63890273
68874555
63867502
68876942
65609130
68868019
63829198
68845084
65507823
68809247
65471872
68795536
65438885
68755832
63740810
68702905
65430936
68670261
65431853
68654788
63598749
68599752
63572667
68578912
65437142
68539838
63499791
68492593
63475659
68491313
65372295
68453753
73446421
70308731
73408176
70258664
73394499
68370317
73351251
68334059
73295093
68295698
73274171
70071181
73227442
68218975
73184657
69991697
73147872
68151776
73129173
69888081
73077530
69821998
73082029
69798838
73075344
69751037
73040120
69706026
73016815
69645960
72991378
69609299
72946457
67951499
72953622
69523637
72929699
69477461
72877560
68810113
