40970465
44251852
40971600
44680960
40957650
44313052
40953635
44754508
40966249
44363632
40971178
44811932
40969654
44859751
40971462
44862101
40977012
44924730
40982795
44905623
40971260
44528940
40971199
44916507
40966359
44574500
40974185
44989056
40977822
44640106
40983495
45015226
40983713
44621096
40999692
45059061
41002042
44678669
40953893
45012983
40963771
44662555
40968428
45106855
40963087
44688828
40965553
45145905
40960818
44783589
40966024
45200384
40976682
44833207
40983250
45259110
40983233
44875251
40975894
45338377
40982342
45348249
40985030
45366002
40990138
44959252
41006454
45002572
41003523
45010450
40999330
45462432
40999968
45475081
41004139
45490320
41003267
45500719
41004922
45533026
41012824
45562916
41008325
45559163
41018264
45154964
41021209
45613905
41016707
45607924
41039391
45654931
41071467
45675366
41080774
45682813
41123105
45685699
41130082
45712286
41145995
45746674
41156045
45796835
41167486
65869969
50848469
45895114
41251407
45432444
41290546
45896047
41320920
45490397
41354997
45516771
41353321
45508934
41344642
45968186
41376636
45571521
41387126
46001042
41393795
46038097
41444083
46016502
41452064
45639552
41449842
46078632
41459433
45661302
41490954
46119623
41540159
45724353
41542656
46114326
41552759
45749286
41590096
46154111
41596594
45809982
41601445
46227612
41587909
45847473
41679830
46253373
41688583
45883318
41702304
46289909
41713128
45912187
41717736
45961531
41744543
46401755
51385539
46045802
41782317
46042234
51488684
66512162
51498906
66542072
51526566
46546528
51564359
66565308
51540282
46582553
41914140
46138496
41980924
46566943
41991606
46590181
41997240
46626338
42022124
46616013
42029070
46628235
42050230
46673833
42077589
46698404
42085713
46712815
42121246
46768554
51358597
57634612
51375679
47625192
61874753
46879644
51900113
46927558
51928306
66968596
51944756
46970237
51968126
46552765
42392828
46539642
42394956
47011087
42425421
46600720
42432060
47051215
42476915
46627320
42477926
47056157
42500036
47072101
42491624
47088940
42490722
46718986
42574284
47205296
42591137
47210091
42602705
47226438
42600728
47299739
42612604
67327190
52342182
67376575
52360426
67379473
52372925
58215941
52400984
58214353
52423986
67446979
52441049
67427739
52461447
58333408
52467502
67456993
52477898
67501042
52492920
67519219
52477275
67504844
52450558
47555085
52544225
67546090
52112383
67556640
52099613
47552994
52579012
47597101
52574822
58426947
52599872
58479218
52620498
47643221
52627117
67245846
52649411
47658382
52704665
58551509
52691955
58543339
52715177
58546071
52732192
67767927
52761447
67793193
52777725
67807140
52809366
58641241
52829251
67859595
52863365
67870211
52863636
58752500
52882750
67894818
52898058
67946860
52943309
67971725
52956257
67998240
52991020
58847316
53008985
58890863
53002132
68037445
53018100
68066730
53069564
68102137
53074621
68114422
53099582
58911805
53103881
68114349
53110468
68117578
53110260
68127079
53124857
68159111
53154921
58959922
53176518
68215172
53209586
68221959
53218472
68282111
53275132
68337130
53328429
59118431
53340544
68377936
53377518
68402869
53383473
68385413
53405813
68434868
53429241
68482129
53485752
68507043
53502834
68535562
53509451
59355610
53554572
68585158
53569617
68612543
53599284
68623946
53617843
68664773
53649920
68655170
53648058
68651713
53637793
68656146
53642445
68665736
53674440
68677033
44073108
48639781
44071592
48683216
44077723
48694349
44124696
48738715
44148429
48759978
44181167
48785526
44204066
48820200
44276577
48837995
44279516
48839685
44296517
48868475
44346405
48900423
44348685
48930028
44374900
48956011
44400802
48976797
44403603
39407540
44440960
49025140
44458188
39963414
44472296
39487815
44487679
49111411
44483111
49140728
44524814
49131834
44553963
49129212
44559429
49125222
44579950
49136950
44590323
49177402
44582748
40144067
44629253
49210133
44629648
49234639
44648329
49252863
44692116
49596337
64510498
69667258
64514928
69665618
64536418
69669637
64538937
69678079
64529774
69676888
64538940
69676042
64521309
69676367
64528908
69678144
64560244
69675604
64585670
69697260
64600635
69699099
64630280
69711693
64658773
69731067
64670999
69720720
64675409
69736301
64666934
69737702
64671145
69758618
64712860
69775385
64733464
69789811
64726712
69787475
64760105
69799599
64798496
69810324
64804227
69824546
64817609
69849651
64894625
69872131
64900795
69890560
64941237
69943636
64973938
69970282
64989184
69972547
65015915
69998804
65045704
70040464
65076188
69827499
65104441
69840157
65139753
70144807
65180031
69845265
65168390
69844135
65213473
69854196
65230008
69863797
65214747
69872004
65282350
69879518
65296339
69891228
65287176
70281173
65290825
69895852
65344743
69894122
65346162
69929438
65380524
69912555
65423160
69926606
65439549
69933374
65529315
69960581
65559978
69959081
65563843
69976690
65558155
69983051
65610485
70003273
65643208
70000410
65701457
70024119
65730222
70033764
65708320
70026488
65745294
70037771
65775059
70034815
65782164
70044702
65789425
70048527
65872139
70055239
65891226
70071456
65898057
70065490
65963284
70076535
65988452
70084406
66027670
70095788
66029559
70105266
66099746
70109264
66090463
71123438
66187701
71193498
66183822
70113923
66213309
70116197
66288740
70110891
66372181
70117400
66408165
70120603
66421188
70126662
66463048
70127970
66486151
70135585
66498050
70148862
66485724
70147705
66523977
70152915
65151234
60147978
46584890
40712938
45137510
41247501
45135950
41318829
45126201
41304081
45135800
41360725
45142752
41346612
45146722
41432684
45155412
41453191
45146507
41514265
45148672
41556045
45145050
41563569
45145165
41576402
45153854
40156445
45152864
41597308
45163567
41625531
45179227
40742547
45185930
41678132
45188926
41692187
45205157
40733216
45198840
41750644
45203811
41741965
45223157
41797877
45228380
41788579
45234701
41776524
36786964
40246782
36811133
40261632
36839262
40288607
36897483
40292075
36900741
40297210
36991050
40279317
37015050
40292402
35289600
40297538
37071814
40287648
37485499
40292731
37077624
40292319
35284919
40288056
37113476
40293082
37107879
40304145
37136635
40302981
37183954
40297966
35863445
40301360
37205693
40311276
35890023
40325141
37256801
40335202
37263210
40346071
37307187
40348182
45340881
41544296
44554966
41542871
44550281
41531171
44553713
39553771
44549000
41605583
44548898
41598318
44544316
41595504
44548874
41626609
44554501
41638136
44562203
41711118
44572219
41722737
44569773
41746109
44574681
52151525
47169506
41818101
44586156
41815267
44587333
41821287
44598870
41859225
44582652
41895302
44578334
41911453
44577178
41937880
44584602
41947097
44579914
41963315
44574667
42002950
44568879
40138335
44564676
42047979
44576000
42050876
44587866
42057857
44591221
42065506
44593223
39600511
44597175
39601680
44587490
42118983
44594195
42608187
44595512
42192789
44605638
42226980
44611943
42284571
44613541
42311920
44619929
42331223
44635379
42367789
44631314
42370047
44650185
42372045
44645639
42385170
44645698
42404931
44658297
42452635
44662059
40174356
44666268
42494271
44665424
42500211
44661251
42529147
44659168
42561116
44664901
42580789
44668443
42557757
44675886
42563420
44673597
42600664
44687783
42611750
44684375
52665494
47651093
42695551
44699219
42685899
44716129
42739718
44713344
42800146
44704659
42838391
44711575
42830945
44708448
42851450
44708952
42873625
44717358
42878251
44732605
42908677
44735996
42932422
44735888
42985736
44730089
43021353
44732654
43006758
44741474
43015175
44751647
43031834
44752998
43051165
44756474
43029084
44769163
40338909
44770211
60318875
48091444
43068187
44778288
43051785
44791433
43041053
44795636
43063646
44817320
43501371
44808679
43036575
44804153
43080382
44809540
53082172
48062663
43054301
44840926
43053891
44850206
49854237
48062589
43065902
44862614
43539175
44867565
43055602
44903796
40385371
44887982
40443529
44890030
43086837
44885012
43078055
44879199
43078068
44878080
39867698
44866050
43094593
44868795
43099442
44877188
40419042
44874322
39885591
44889315
43092563
44893218
40452258
44901841
43103269
44904534
43559706
44897496
43576531
44896308
43097912
44906213
40445691
44908046
43096101
44907573
43097224
44915395
43084231
44907962
43088171
44915525
40469752
44927735
43072394
44926351
40503002
44937283
40498973
44938532
43101787
44929764
40471950
44930860
39947533
44934558
39937882
44931799
43088318
44927223
43084399
44929617
43109961
44932413
43139397
44940259
43165796
44937766
43134712
44931592
39933751
44936081
39940290
44942915
39944307
44951995
43113433
44961447
39963237
44965655
43111643
44971373
43115049
44973761
43113026
44976655
43114188
44971471
43115318
44972453
39975058
44968940
39970281
44974470
39972931
44975424
39976555
44979504
43156763
44987143
39996647
44988547
43181894
44996269
39999248
45000755
39999043
45009510
43169593
45017470
43175418
45012105
40015298
45007322
40005140
45010358
43169375
45026030
40033515
45038802
40044214
45043464
40047151
45048968
40042355
45040151
43169633
45028389
40026480
45024145
43193982
45019953
40025857
45026395
40041593
45054022
40056613
45064114
40068808
45078442
40094691
45100819
40110364
45113774
40107009
45111967
40122488
45136280
40154754
45156148
40161919
45168672
43243366
45210944
43263464
45208256
40217192
45216734
40227892
45233627
43276704
45241648
40232999
45238124
40238768
45240838
43289016
38303541
40232471
45229427
40231671
45236719
40240880
35238501
40238865
38293146
40240683
38302256
40241313
35251616
40238123
35236447
40239477
45234192
40232829
45235125
40237112
35236307
40236577
45242139
40239172
45238596
40238089
45243897
40243395
35247891
40224745
38296619
40242761
38305016
40231327
35225115
40235688
38286743
40242758
38707294
40272014
35283132
40292499
38354757
40303785
38336446
40300082
38760450
40305049
35300549
40312394
35309272
40311891
35300141
40298241
38366717
40308294
38351021
40331543
38368115
40336675
38377577
40344500
35346744
40350628
38394475
40351478
35344588
40356283
38377200
40351443
38396264
40343450
38391787
40358239
35356953
40372073
38393561
40371516
38426375
40382897
35377423
40381967
38400081
40386532
38370528
40397334
35393280
40405818
38383407
40406854
35410081
40424330
38372697
40424414
35421477
40422729
35424006
40428302
35427357
40423909
38405252
40432019
35435912
40425654
35420398
40424575
38435109
40434454
35442576
40445183
38435027
40452447
35449259
40442667
38429471
40438913
38414039
40449305
35440755
40454281
44287740
39294731
44297242
42693771
44303452
39306971
44309139
42706900
44314708
42723931
44310769
42750562
44318147
42733029
44320735
42715669
44320094
39909161
44323869
42250129
44340901
39344910
44347503
42282588
44338282
39338383
44337228
42277776
44338772
39330622
44334210
39340739
44341619
39345285
44353162
42291086
44356018
39358215
44366997
39372431
44372807
42299261
44384096
42282195
44375593
42296938
44369189
39375178
44374280
39373186
44366653
39370959
44360168
39368507
44359679
39361919
44370272
42756357
44363418
42315767
44368790
39364354
44367669
42325658
44377766
39388303
44392044
42315434
44393205
39390132
44385891
39388897
44385639
42329282
44380869
39385460
44376857
42754541
44372918
39365383
44361005
42355092
44332510
39380114
44366953
39370929
44372893
42363623
44366503
39361824
44374838
39374017
44370951
42344074
44369343
39368208
44365692
40036804
44367750
42365001
44374422
39379751
44366441
42829359
44377678
39374316
44372325
42791020
44337789
42410009
44364583
42790599
44358671
39357849
44356460
42856449
44365330
42455947
44373525
42416601
44363447
42430333
44360931
42870962
44367593
42464756
44356444
42445270
44359499
42443659
44352342
39354356
44359350
39355779
44357054
39359577
44367167
39373805
44372342
39370257
44387422
39384883
44379123
39379329
44379613
39387274
44391516
39400399
44406854
39400782
44398994
39399672
44405652
42481377
44394626
42520161
44395298
42525460
44400320
42538671
44399022
42546738
44407624
42535424
44421809
42527293
44421070
39422218
44421359
39433896
44433070
42559943
44452405
42551957
44446123
42544113
44450546
42554027
44462681
42556102
44461094
39463851
44458464
42545469
44466487
42527904
44464719
42555678
44464339
42526364
44467867
42958174
44464963
42555334
44476656
42533722
44469155
42559979
44481928
39474510
44484203
42578992
44481650
39489635
44485627
42577001
44497238
42567000
44509688
42565788
44513865
39517765
44511408
42596026
44528392
39526228
44527162
42577943
44527600
39536904
44538629
39551760
44552820
42609369
44566840
39568933
44571861
42625266
44580486
39581403
44603898
42615960
44586611
39580486
44593292
42616389
44607025
42632938
44610631
42609114
44622718
43117788
44626153
42623537
44639179
42628296
44648627
42661741
44648680
42641663
44646230
42617080
44655248
40660642
44660206
42633088
44661911
40671592
44664500
40675088
44678798
43168708
44676318
42653631
44691937
42651632
44688704
42655763
44687699
40682414
44704492
42641994
44712597
40685980
44726931
40687901
44720221
40676759
44726808
43190448
44753064
40673070
44750708
40673734
44752794
42647319
44752782
43160201
44757350
42668357
44750878
42652179
44768547
42655571
44768217
42626692
44778277
42640011
44782713
42661764
44781262
42653119
44783844
42651419
44791647
42654531
44787752
42640207
44787462
42682941
44799365
42657766
44801616
40697627
44827697
40697737
44811426
40719014
44803855
42652173
44824966
40721164
44826633
42640175
44827429
42668931
44829735
42668914
44834077
40761058
44838146
42651495
44850455
40745196
44846292
42672620
44844450
42711039
44845624
42692618
44850782
42671464
44868705
42690169
44855839
40770684
44855696
42677687
44849951
40783091
44851908
42702253
44852543
40806079
44860102
42685140
44861637
42707327
44869647
40800585
44879721
43182975
44888537
42705242
44892993
43173602
44897899
42718272
44901958
42690312
44914221
42710945
44920361
42690894
44929955
42705583
44934966
42708889
44909733
42730036
44938784
42765090
44934376
43196765
44947398
42752290
44951224
42773218
44963064
42775828
44966276
42756191
44982183
42772504
44993336
43227096
45007490
42803935
45017812
42794191
45033167
42795658
45025714
42792153
45021248
42799023
45036280
42801299
45034990
42823552
45032870
42829765
45044700
42810294
45049455
42848162
45044906
42837838
45062513
42876152
45067428
40849770
45084843
42856910
45086546
40868845
45089156
43309741
45082778
40876170
45098053
42903733
45095840
42894339
45108859
43308359
45115416
42892822
45118865
42914687
45130734
42922293
45139186
42879124
45146901
42927781
45141844
40864501
45139737
40873924
45148641
40868600
45143622
42926406
45149764
40141810
45144110
42946815
45143519
42981419
45143564
42997998
45139637
40140638
45145878
40135822
45139332
43436311
45121192
40124310
45121124
43488553
45131351
43088016
45134771
43471851
45141469
43440730
45145132
40145540
45152457
40162705
45163981
43466542
45170833
40163315
45159233
43471559
45157324
40164282
45166796
43485775
45169616
40161259
45160922
43481087
45162984
40165800
45171143
40179126
45170130
40170602
45173524
43550513
45178862
43547680
45179179
43544995
45192289
40905791
45193780
43573676
45184119
40910141
45188841
43202558
45213878
40931187
45213745
40940603
45223388
40219459
45214449
43648661
45232232
40226782
45223173
40234023
45230243
40238915
45236478
40240066
38669083
40249338
38270406
40279658
35979758
40286686
35986940
40288837
35285530
40301753
38352702
40307238
38340358
40328690
38356422
40309360
38382462
40314848
38798500
40318933
38381635
40322150
38381763
40332045
38374316
40343535
36020703
40353131
35350064
40367167
38393589
40355843
38419417
40348827
38399306
40361497
38424409
40370454
38423880
40381664
38462870
40401682
38444299
40405653
36026990
40402666
38435403
40408096
38461163
40415312
38489363
40413111
38468396
40414910
38458023
40424469
38466941
40426706
36059079
40426436
38464663
40426179
38461843
40432236
38479425
40434426
38453458
40432998
38464387
40433627
38458745
40442604
38479494
40450200
38472608
40448204
38472224
40440445
38474779
40431726
35425412
40437477
38463834
40430098
38474594
40426971
35418860
40429889
35431052
40434473
38482467
40431955
35428957
40442998
35446285
40455505
38489490
40458219
38484470
40457845
38491255
40459617
38460762
40466022
35454973
40455912
38500454
40463512
35463808
40473700
38473921
40486219
38487244
40498326
38512113
40512641
35513212
40527125
38516487
40547052
38539733
40559750
38513406
40572241
38544147
40592575
38555094
40590547
38528626
40611972
38556316
40629837
38550026
40635966
38559251
40646863
38546828
40672779
38569667
40671343
38555960
40689711
38552898
40690793
38574190
40685845
38564352
40687690
38584432
40687061
35695067
40696916
38551122
40712141
38542412
40708809
38567806
40717100
38561575
40718240
38541128
40717041
35713688
40728535
38552004
40741490
38593029
40748694
38619481
40755895
38584933
40756980
38590131
40757851
35757074
40757783
38593492
40766717
39078984
40764675
38620953
40772420
38639834
40778179
38641640
40792783
38657473
40800021
38646227
40793272
38654951
40800343
35797780
40793569
38683538
40787323
38670437
40800656
38668105
40799945
38675059
40795563
39108795
40805262
38675947
40803611
38689200
40801199
38712830
40819026
38724845
40818941
36398540
40814073
38722114
40822757
38760088
40810562
38738652
40811249
38768959
40836121
38766526
40829737
38774559
40833067
38775342
40836985
38781711
40839600
38786751
40840332
35837154
40853051
38768867
40871855
38768296
40860865
36442360
40864051
38745908
40865128
38774761
40872018
38705620
40887478
38765751
40897686
38745889
40909094
38773606
40912856
38795785
40918056
38808809
40920258
38796757
40922900
38801834
40917671
38784068
40917834
36503387
40931180
38784139
40934354
38802650
40942018
38770481
40947812
39285082
40927957
38787895
40952000
38791186
40930250
38805821
40944172
36514198
40940235
36526382
40948005
38815687
40948875
36509559
40953883
36510104
40965604
35954098
40963223
39340598
40967870
39351422
40964950
35956046
40962514
35954056
40951455
39331707
40956733
39317694
40953316
39313999
40949680
39341714
40955494
35941041
40957638
39329014
40957014
35954825
40955813
39333348
40963885
35960668
40966954
35957529
40970906
35961486
40970930
36496806
40971683
35967510
40974812
35977229
40982188
35975995
40986045
35979808
40986710
35991174
41000123
36550581
41004470
35998776
41012004
39320159
41007653
36006892
41011634
36007032
41009549
36001022
41012449
36538290
41009268
36005106
41014578
36548679
41016869
36006375
41008211
36569666
41008281
36004668
41007967
36596107
41004477
35995383
41013947
36603662
41016908
36011477
41007543
36599681
41007784
35979040
41000310
36596967
41002880
38915498
41002908
36004694
41007143
38891753
41010059
38921535
41005454
38919375
41004519
36602184
41010551
36007258
41017082
36015075
41021235
36014447
41023288
38946842
41026712
38960295
41028974
39379508
41028466
39388229
41034104
39391479
41035890
36031673
41039656
38946632
41037403
38954639
41040994
36656587
41048812
38993730
41033766
38981928
41048901
38980404
41056963
38995194
41075453
38988436
41081668
38949218
41057729
38979674
41096145
38975831
41083582
38997724
41109135
38978788
41117782
38947188
41120066
36648835
41095104
36119480
41124117
36686590
41088962
38947227
41118820
36695039
41122466
38891298
41102174
36683617
41106849
36112890
41119081
36114270
41124650
38989629
41124326
38953860
41127337
36120067
41132126
38943209
41132944
38959135
41125986
38953651
41126693
38953077
41120672
36677963
41129107
36127105
41131351
38994162
41130650
38993965
41127771
39443993
41131127
39425367
41127504
39000108
41136002
39004208
41131706
38989581
41147423
39448190
41153443
39461407
41162306
39025825
41163663
39488129
41159849
36153603
41153272
39022019
41169551
39024595
41188896
39025151
41193338
39021013
41205583
39033273
41211800
36205785
41207609
36762147
41202506
39037660
41227419
39045391
41220643
39049853
41221845
39053475
41236481
39059798
41236703
39076704
41240365
39071073
41260742
39077137
41263003
39076453
41263009
39073897
41271549
36256294
41265587
36822602
41281342
36280549
41288241
36854481
41292137
39043043
41296334
36874064
41309526
39093848
41314552
39075378
41328099
39088858
41344866
39056103
41345725
39068694
41354313
39073984
41372452
39082908
41388903
39109263
41395460
39125659
41386029
36956787
41388175
39119653
41396988
39116554
41398022
39104157
41399487
39106361
41404515
39121183
41401998
39101240
41401071
39106309
41400624
36954278
41407192
39105006
41402560
36955211
41416363
39083628
41426550
39090489
41427622
39099856
41429154
39122024
41434785
39559407
41429126
39543835
41445349
36431360
41444959
39609577
41448972
39609095
41450551
39154893
41464026
36458411
41496934
39167961
41517502
39167276
41531926
36549051
41555132
39179798
41571626
39194779
41575566
36581317
41590802
39212527
41616661
39656910
41636204
39215296
41664312
39225643
41683904
39236693
41682209
39238896
41704671
39237304
41727403
39227243
41721491
39200807
41732603
36729684
41745206
39220032
41759167
39245020
41768729
39198733
41758672
36765103
41767592
39216519
41756795
36754703
41768810
37306896
41791283
39260337
41790530
39278776
41787346
39278437
41794526
39258067
41807673
39292932
41807930
39265057
41823587
39280828
41836142
39270752
41842054
37359604
41828939
37375950
41836784
39332602
41830659
37379054
41825602
39342603
41822759
39334894
41824476
39361609
41835537
39354471
41849912
36852750
41862030
36860185
41878208
39383226
41872089
39814045
41880260
39400209
41877693
39371723
41888844
39381820
41898683
39368044
41901457
39353354
41907349
39377242
41908447
39353816
41905058
36890718
41903186
39379903
41902862
39356643
41894845
36888978
41895636
37504763
41891743
39333329
41889247
39328322
41884160
39337584
41886643
37525783
41880740
39328851
41874601
39332076
41870689
36869897
41877778
37502223
41877851
39297638
41883745
37525079
41870493
39330961
41878627
39336245
41881647
39357037
41877329
36871404
41877157
37528363
41885864
39347419
41893819
37510292
41889835
39349515
41882376
36874489
41884243
37517375
41887008
39371078
41914387
37532067
41895952
39350583
41900273
39365688
41895565
37542810
41945747
39382053
41955052
37561768
41976953
37563909
42006078
39399969
42023009
37550059
42037739
39415634
42061416
39428143
42091651
39870052
42102780
39840251
42135184
39424876
42144039
39449441
42168072
37155001
42178121
39438837
42187215
37179033
42184098
39451892
42179595
39444254
42188709
37717760
42193218
39442118
42185138
37764963
42199012
37760583
42215949
39455094
42230181
39448519
42234394
39458264
42243982
37766333
42250745
39487432
42258545
37758624
42256068
37754652
42261890
39479745
42260461
39459398
42262034
39462636
42273246
39447175
42268934
39417240
42280654
37773998
42280221
39484289
42282070
39475734
42299827
39508216
42302483
37834630
42317094
39500259
42328611
37864368
42337422
39485936
42344096
39495215
42337068
39490401
42340317
39501337
42340615
39498906
42343641
39491425
42353769
39506630
42351517
39490077
42354645
39518749
42350072
39519163
42338269
39499366
42342865
37343670
42369053
39501724
42349434
37339970
42348535
37341872
42338334
37338745
42343601
39525188
42337877
39529092
42339668
39513188
42327205
39522894
42328107
39508251
42341931
39535084
42347189
39516449
42352743
37343884
42356101
39513565
42342511
39509015
42345405
39503055
42337146
37334398
42331830
37326419
42334797
37329784
42334137
39532940
42349185
39578654
42359140
39531930
42366935
39558917
42387310
37384494
42379904
37946813
42386662
39532984
42404730
39511661
42416105
39557871
42428248
37427526
42430962
39589727
42448806
39583146
42483001
39598671
42483180
39590975
42507934
39618961
42520888
39596791
42540179
39602739
42550241
39607837
42579406
39610602
42614044
39615278
42639920
39607641
42634844
39631163
42650316
39628642
42675414
39587851
42674329
39614360
42660501
39598545
42661280
39587590
42653136
38175213
42657813
39588585
42666668
38169790
42653934
39592194
42665366
40032456
42658814
38146081
42659561
39620723
42670322
39612259
42672119
38194729
42670090
39621152
42673528
39618018
42677072
39620806
42677894
39587102
42682423
39607648
42691395
39595552
42697696
39612582
42701095
39601123
42708191
39598021
42711706
39608312
42715294
39626146
42726451
39609604
42725792
39615096
42729525
40096263
42730778
40078468
42726252
39648920
42731483
39643567
42745362
39614901
42741121
38250381
42739352
39668526
42748212
39663980
42760381
39667140
42773019
39699523
42772765
39712906
42778184
39702215
42781817
39719584
42781619
39710991
42786744
38318905
42785141
38320935
42789883
39709083
42803434
39719696
42808762
39743528
42817809
39765607
42812245
39762380
42807800
39767381
42809403
39758858
42821499
38363528
42832501
39747589
42846975
40191692
42844864
39782091
42852399
38397229
42870562
38404111
42873551
39790800
42885186
38401267
42893616
39810872
42906550
39810702
42910854
38451862
42919959
40232772
42926004
39775867
42922123
39762166
42932296
39766394
42931370
39769238
42945408
39769002
42933062
39795189
42929852
39770205
42936511
39767835
42950463
39790525
42962342
39773810
42960954
39781879
42967411
39806039
42973143
39794464
42981740
39798052
42991956
39785945
43027941
39817544
43035815
39825748
43045650
39823107
43066159
39820927
43079256
39839526
43098516
39848517
43069040
39844903
43075800
39833876
43075714
39845485
43082561
39846093
43071014
39851631
43080918
39897252
43065891
39869577
43080536
39892192
43081816
39886813
43086825
39895585
43091720
39869770
43078708
39887832
43071128
39911404
43084187
39898101
43077461
39889086
43077556
39886006
43088222
39876644
43079318
39890904
43073336
40359359
43074885
39875771
43072653
39858832
43072670
39852075
43088314
39875141
43092960
39859481
43098239
39863050
43097549
39878239
43114011
40052775
43107224
40036308
43105163
40043909
43113068
40030277
43106122
40012542
43095070
39993342
43089959
39978641
43101949
40045220
43099683
40035154
43115624
40021407
43108602
40035929
43113365
40035600
43125154
40043741
43116356
40038939
43114415
40051861
43115380
40047394
43117899
40076227
43106676
40064153
43098815
40068020
43097460
40067118
43102150
40079926
43097175
40069519
43112026
40054179
43113793
40060636
43127073
40087154
43140963
40086747
43148778
40093521
43152658
40093338
43152476
40123888
43156117
40100257
43154115
40518534
43164256
40121966
43172567
40546156
43184740
40502943
43177985
40137607
43178508
40157247
43172225
40167670
43165718
40173793
43173224
40158644
43186918
40197036
43191049
40178034
43188944
40185895
43204673
40170228
43207025
40188987
43232615
40212874
43234240
40226359
43249067
40219683
43247715
40239294
43270890
60673834
45677641
40665178
43240266
40636457
43235817
40629382
43246340
40651265
43252133
40644781
43258737
40629119
43251958
40639247
43260959
38844128
43277797
40621462
43290340
38811227
43287595
38813040
43292387
38293541
43300323
38297755
43302973
38849857
43298446
38851478
43302661
38849970
43309918
38860170
43306517
40225544
43309942
38879749
43301243
38871995
43304777
38291769
43316042
38275224
43305189
38302696
43307696
40662570
43311247
40244601
43320984
40656781
43318235
40196514
43305326
40192620
43303579
40618937
43291236
40658228
43305064
40190687
43314819
40649917
43321794
38870407
43329268
38892655
43341940
38339622
43345773
38908340
43352822
38329128
43332228
38905824
43340927
38886234
43341331
38897835
43343380
38896630
43352358
38352683
43362679
38913917
43386186
38916576
43386216
38921089
43388180
38918652
43379460
38908446
43379549
38372139
43385665
38918365
43394997
38913637
43395751
38924552
43392568
38917520
43381634
38376092
43384282
38936135
43375796
38925873
43394502
38394994
43400121
38391094
43391976
38947108
43404787
38934456
43399316
38944701
43397873
38395655
43405756
38939052
43411650
38938627
43402626
38912840
43403464
38392606
43404224
38922182
43406868
38405964
43405900
38920801
43418359
38972072
43423318
38983722
43420688
38438754
43444019
38417093
43420323
38982091
43462805
39033333
43480089
39011792
43459439
39023114
43495609
39009873
43482003
38512462
43538590
39040297
43517156
38523647
43537119
39075135
43589698
40582451
43598875
39107919
43619189
39139235
43639899
39143748
43652594
39182133
43644699
39193758
43683591
39235325
43728080
39247182
43739812
38735226
43755072
39271325
43788097
38799412
43818980
39312540
43829817
38831428
43856252
39384413
43875184
39411706
43856331
39400576
43886782
38894087
43865951
39406780
43889770
39399329
43898818
38876130
43874786
39435439
43895921
39414936
43904406
39403267
43961328
39440806
43934011
39445417
43966938
39459063
43949701
39466816
43955268
39470428
43962200
39488436
43956985
39478271
43969739
39495196
43979057
39523728
44013431
39535272
44014815
39540622
43990380
38987472
43993911
39572814
44033537
39539254
44068908
39550289
44092668
39083308
44107633
39114589
44127159
39126295
44159871
50126952
44127604
39063473
44070199
39677785
44066966
39646904
44111752
39628806
44120305
39654981
44141326
39159850
44177533
39694422
44172344
39739194
44203934
39184396
44207204
39716513
44253460
39761692
44277110
39798623
44284298
39291155
44303215
39819977
44337982
39339391
44370957
39373475
44370838
39910501
44361343
39895375
44401418
39895854
44399612
39911579
44443823
39959281
44463762
39980002
44459236
39478645
44499640
40018162
44491345
40026811
44518480
40461811
44521589
40507450
44566418
40058371
44579692
40082224
44600267
40125322
44626532
40159585
44665248
40207271
44688677
40180625
44692472
40206323
44702400
40226792
44731696
40249665
44762366
40279994
44774515
40301869
44770827
40714959
44783889
40326885
44783822
40329134
44824902
40315338
44787026
40283221
44784043
40280037
44784654
40284704
44778736
40299683
44825784
40297371
44812885
40290115
44811758
40303742
44843775
40320913
44846116
40309580
44840892
40301418
44846546
40339202
44848084
40315770
44856135
40370243
44867002
40347093
44894023
40328894
44911487
40349487
44863358
40311990
44852873
40297985
44899606
40345487
44899259
40764166
44887389
40770108
44873292
40766828
44888554
40764643
44925927
40803424
44957670
40820693
44965338
40896034
44965337
40866380
44970217
40918267
44987949
40899139
44993116
40936301
45018583
40941788
45011952
40933211
45048880
40972610
45035548
40993648
45038810
40966349
45037406
40982676
45077482
41002753
45098046
40993977
45118046
41050214
45146417
40620097
45166559
41449468
45196304
41088437
45218274
41087250
45210222
40651081
45238966
41104501
45241983
41186421
35730617
40296589
36170598
40358108
36196762
40369798
35852998
40404369
36303397
40431548
36363365
40444162
35946275
40463293
36408731
40491853
36424529
40487512
36476965
40488816
36012449
40496828
36497860
40526111
36490649
40523272
36038689
40559398
35997184
40554510
36514133
40567862
36509961
40580950
36066503
40594164
36944055
40589275
36953196
40600272
36083391
40604741
36608406
40618027
36618026
40621045
36096327
40629381
36590769
40640001
36600899
40642393
36117532
40646906
36120598
40649761
36152071
40653787
36136272
40657436
36700626
40656155
36710920
40671356
36709089
40679987
36710171
40688437
36696652
40694839
36734926
40700488
36739375
40713089
36191478
40711336
36796605
40711902
36767562
40728908
36762292
40727138
36244863
40744863
36786823
40762533
36793191
40766949
36803279
40768830
36823657
40795456
36812677
40778701
36806154
40783618
36801824
40801227
36815761
40794662
36344177
40799481
36340362
40798420
36334140
40795642
36316436
40810172
36349230
40814318
36350381
40824132
36352016
40825739
36347694
40832590
36352659
40833438
36372315
40836554
37317283
40841899
37306965
40849103
37290382
40857282
36887382
40859495
36402564
40859205
37310757
40853874
36399820
40845982
36881267
40848854
36887752
40848163
36388675
40853364
36895821
40850424
36374289
40853897
36377361
40862176
36897734
40867006
36404107
40863471
36392191
40874782
36439146
40895005
36924801
40902690
36412398
40920810
36407558
40921827
36431599
40916740
36407927
40924190
36416013
40936949
36422765
40946023
36418351
40950653
36418346
40967229
36467453
40975157
36460565
40980499
36505303
40996520
36504454
40995365
36516458
41003722
36506984
41005942
36515895
41024001
36515284
41031504
36508715
41034270
36520673
41046089
36532667
41055617
36511747
41059940
36523759
41057555
36583650
41073783
36549871
41069137
36573139
41071699
36610632
41072203
36588830
41066418
36610179
41060730
36609064
41070804
36616475
41077111
37502605
41075313
36618844
41080460
36645138
41081914
37108368
41092894
36642493
41100385
36614809
41096887
36640237
41102210
36656943
41110925
36619619
41107797
36633018
41118777
36644571
41122184
36634954
41127423
36633793
41152716
36660200
41137853
36654932
41142227
36663189
41142301
36652355
41145273
36644274
41156175
36657544
41157747
36659046
41157393
36664182
41165762
36666819
41172936
36648148
41167811
36680186
41177432
36696786
41192684
36676076
41204274
36712032
41228845
36733479
41234852
36703095
41241492
36248821
41256161
36714147
41264196
36700400
41243049
36712118
41239049
37244532
41256484
36745046
41289594
36773253
41306382
36783383
41323170
37650130
41334604
36827346
41342360
37688690
41345766
36807535
41363825
37332281
41383679
37700427
41336744
37324893
41369042
36851861
41361000
36873675
41359726
37342093
41370508
36877243
41363109
36872294
41380041
37362869
41388889
37794215
41385364
37352957
41381187
37347551
41401234
37395234
41380529
37383952
41373067
37385843
41369419
36958282
41388456
37459509
41368996
37464738
41369372
36991078
41375321
37014115
41374320
37017739
41375918
37063775
41389137
37085288
41385830
37598230
41382447
37147162
41389332
37642591
41390268
37196600
41395208
37682548
41387759
37678107
41393627
37722326
41404851
37758806
41408628
37316247
41425105
37336870
41431998
38208365
41439747
37834171
41444932
37404294
41448661
37387983
41446497
37439127
41448068
37486287
41453745
37464194
41453461
37501244
41452672
37971452
41457196
38013323
41459430
38041593
41467448
47643618
43052048
38118935
41477285
47667620
43178511
37703521
41499522
38611498
41502453
38206592
41513899
47797809
42786929
38254295
41527254
37853518
41531791
38329213
41525896
37907867
41527361
38391539
41530579
37976993
41524744
37996339
41539509
38451515
41551299
48061467
43083839
38591988
41558802
38107330
41553410
39002081
41569232
38666463
41561909
38223604
41570427
48222586
43690932
38213093
41590043
38236216
41594855
38749866
41601797
38232466
41599482
38761479
41612927
38225134
41624349
38766633
41625959
38756202
41642629
38777773
41644215
38804529
41653845
38791814
41662943
38274161
41667862
38817220
41669137
38286297
41681721
38781961
41680373
38815357
41686573
38312734
41698410
38773770
41713939
38777132
41723706
38347428
41728488
38351687
41734878
38354302
41736341
38789321
41755744
38836989
41742584
38348125
41748865
38343625
41749696
38323461
41751604
38329350
41761561
38330521
41772022
38330950
41767730
38805829
41781024
38317494
41772368
38879157
41772812
38322502
41766583
38296161
41780478
38318064
41781618
38872495
41777443
38344712
41767222
38911484
41765574
38337743
41757214
38872895
41756625
38858923
41756712
38351568
41752680
38859865
41755740
38865100
41761418
38866978
41771293
38876060
41778254
38837268
41767100
38850416
41774240
38873500
41774989
38845322
41782168
38851433
41781480
38881356
41781157
38885943
41776693
38881326
41778365
38871871
41782638
38369454
41784752
38811184
41749250
38791806
41760785
38322789
41765005
38829684
41761168
38814865
41765595
38820208
41764803
38819637
41765649
38814959
41778358
38814196
41784704
38832135
41781766
38325684
41779856
38319057
41780090
38313235
41767997
39291531
41779107
38799237
41827508
38848193
41825791
38366683
41833631
38358640
41837488
38343801
41830430
38378670
41831918
38382943
41839143
38887246
41838885
38902005
41847657
38927978
41850998
38382163
41859340
38884530
41862514
38394144
41849928
38399391
41849310
38418258
41857803
38920408
41872035
39369081
41846786
38412060
41849986
38873723
41851689
38401750
41852605
38417054
41861097
38421769
41854590
38907239
41853002
39374430
41862952
38934561
41868153
38435195
41882102
38936012
41876690
38463113
41881564
38948428
41884004
38470340
41895361
38953897
41908826
38492503
41910207
38935805
45643670
41598668
43597675
41588155
43605306
41569158
43606562
41579507
44245906
41577458
44147081
41564985
44109514
41566059
43601399
41560352
43597091
41563294
43599383
41567929
43546993
41568559
43560860
41564342
43552664
41575520
43585764
41582259
43549907
41581992
43526160
41571155
43528084
41565516
43528108
41562580
43544859
41571495
43516055
41565884
43557712
41559697
43570951
41565789
43560543
41571564
43555448
41574222
43569018
41579203
43571714
41580966
43589096
41583931
43581148
41576268
43580505
41580208
43615052
41588888
43596881
41589851
43589872
41590665
43611585
41589384
43620395
41596275
43614544
41605331
43630068
41612955
43623986
41612006
43619154
41607475
43621568
41621605
43602995
41614451
43612715
41608986
43613880
41605271
43612141
41613789
43578505
41619228
43587893
41616036
43573189
41618673
43576804
41619100
43564800
41630806
43543620
41643267
43563313
41646406
43561413
41619028
43561225
41614508
43541475
41624944
43523250
41640356
44128326
41635928
43544566
41646035
43543316
41645774
43544193
41642939
43541710
41649568
43554392
41644753
43566995
41637628
43570929
41638975
43581069
41628697
43596493
41633362
43567737
41630582
43565363
41628823
43556001
41629107
43564706
41634002
43589016
41624228
43591919
41619505
43597549
41624405
43592754
41620037
43559613
41619649
43570552
41664604
43575546
41659906
43564943
41604781
43626901
41620116
43573100
41624115
43557065
41638475
43552791
41630287
43551732
41628735
43585681
41628469
43535726
41638345
43542120
41639652
43552374
41645152
43545132
41649719
43578913
41644620
43562167
41655812
43563868
41661652
43558612
41669254
43566789
41667400
43570530
41677541
43589228
41676670
43583667
41681172
43578010
41669927
43583516
41663163
46681097
48575809
43573132
41657531
43571289
41661892
43558477
41653807
44086007
48567248
46710323
48618995
44109104
41698219
44125004
41697001
43612339
41692694
37412647
41694820
37400942
41700128
36704612
41713142
37405678
41715190
37399790
41716744
37422923
41712625
37447304
41719243
37445449
41722886
37441505
41733780
37433530
41734431
37435490
41737291
37428552
41721300
43685902
41730083
43698563
41727733
43689991
41723879
43687554
41733196
37462032
41739963
43721278
41740205
43738721
41736965
43714020
41743916
37466412
41753423
37483767
41772121
37467104
41775067
43710238
41769320
37467099
41784814
43720059
41791439
37496034
41793259
43716720
41796752
43720345
41802947
43743890
41808883
43742877
41816833
43732570
41827780
37519248
41830350
43759486
41860569
43755302
41840704
43732237
41840835
43726425
41843618
37554164
41851807
43752397
41862340
43742366
41847386
37562940
41851757
43744418
41862118
44319918
41870858
44283890
41870922
44265774
41872345
37547676
41884550
43768306
41870716
43757955
41880480
43810365
42559027
43783309
41902061
37532192
41905562
43790924
41912861
43803702
41912031
37515798
41912392
37530127
41916993
43801651
41911698
37542607
41923503
43808057
41919748
43819985
41922958
43828799
41929193
37571385
41919065
43834377
41922459
43829896
41912505
37585200
41911814
43842951
41910545
37594072
41913427
43865421
41925372
37596031
41945102
43843062
41947499
37590499
41966412
43839213
41947997
37584209
41952193
37600750
41942913
43853294
41963696
43869720
41980333
37603127
41974492
43877778
41982866
43879758
41988434
43877153
41981795
43861019
41985943
37641874
41992446
43858421
42011996
37627391
42020131
44281435
42021070
43848683
42026494
37636847
42017059
37635144
42013358
37658876
42018701
37667277
42035323
43820046
42033639
43857100
42038419
44303928
42047147
44307033
42047630
44311244
42057861
44358482
42058927
44323133
42062677
44320532
42062395
44324361
42069881
44336554
42082774
43921390
42075451
43915756
42090407
44324959
42097490
43917539
42082235
43918546
42082819
43914596
42077317
37769635
42080275
47094996
48948527
43939382
42079148
43928042
42094551
43939711
42098718
43937052
42099655
43937998
42106135
37752281
42097692
37749576
42105758
37773653
42112239
37773886
42119663
43986277
42132888
43973665
42136435
43992697
42158317
37801399
42171290
44030912
42170678
44048986
42185821
37799289
42172647
44022831
42171503
44017971
42183936
37809754
42171290
44033968
42184002
37839584
42180777
37817382
42177234
44029426
42171909
37838336
42186173
37863696
42197639
37841104
42200716
37841137
42211897
44506035
42220734
44505484
42213918
44528809
42218369
37856095
42223577
37865153
42232737
37861087
42242797
37884719
42237943
37861958
42239193
44132369
42252025
37869869
42246888
44152147
42250956
37900025
42253097
44183684
42267498
44197263
42266579
37896633
42266587
44174035
42291210
44189412
42288716
44202253
42285494
37894297
42294836
37907033
42296237
44238794
42311787
37937158
42319358
44211777
42321733
37953218
42318934
44222100
42319748
37975348
42327236
44233937
42328604
37968956
42340419
44229912
42344709
44230830
42345306
37990875
42354977
38001553
42357095
44229739
42357601
44198294
42355979
44200113
42360714
44199860
42379545
44182711
42378626
44175503
42387981
37996311
42395530
44176286
42398605
38002412
42406632
37401134
42415340
37419062
42417458
44207571
42420726
44226794
42417528
44211733
42431233
37427020
42431496
37436010
42449391
38055092
42452535
37454886
42455442
37453499
42461366
37460512
42465967
37468460
42477856
37489697
42480133
44278803
42505129
37501193
42502678
44313641
42500556
37509424
42519868
38062861
42523344
38064905
42524416
38099986
42523406
38083467
42524849
44381183
42519284
38084579
42573352
44397392
42521305
44407135
42528322
44401371
42535185
37536831
42533700
44421185
42527955
37525042
42545448
38128322
42544518
38110956
42534165
38125975
42547749
37552468
42538358
38121015
42536159
37540473
42544177
38122994
42543165
38100397
42546988
38135172
42547357
44554241
42544380
44569689
42543730
44601592
42552874
38105870
42559143
45086699
42567891
38135669
42553544
38148429
42552190
38142618
42546752
38147873
42557195
44741891
42548006
44738415
42552637
38162985
42562267
38154452
42562663
38134013
42566564
38155820
42571405
44770644
42581998
38147186
42579802
38178143
42583641
38179164
42584552
44790492
42586012
38173290
42599976
38173690
42601566
44788750
42615677
37613314
42605379
44803544
42615954
37626204
42625512
44793070
42629706
44787737
42627895
44787780
42643378
37649719
42639377
37636781
42647202
37657144
42660125
45275913
42659368
44777854
42665644
37681859
42671027
44804258
42688816
37684777
42681064
37689685
42701633
44797264
42707768
44811618
42720612
37723510
42726538
37729897
42727359
44836882
42729290
37714415
42676345
44793756
42675301
44783556
42670265
44728273
42624543
44720344
42637028
44735203
42647043
44732328
42646287
44727335
42663328
37663039
42668204
44737962
42672799
44759123
42686520
37696187
42701708
37712053
42703269
44784687
42717335
44800775
42745819
37749892
42726518
44813134
42730865
37757260
42742146
44835376
42776677
44828281
42762960
44884120
42786963
44858303
42800615
38333238
42815792
37817868
42806198
44868799
42833792
44879022
42840380
44886971
42848319
38379435
42860651
44903115
42868611
38393342
42872718
37880277
42879021
37881418
42890028
38404145
42894862
37906423
42910734
44940082
42915824
44943617
42918810
44944441
42938381
44939497
42943210
44959939
42953175
37957889
42970802
44965150
42982923
44987202
42996917
44980191
42994264
44997282
42981955
38480132
42995036
38527235
43005438
38518691
43005647
38010008
43004980
38533660
43021287
45067497
43024858
45086058
43039311
45078266
43035179
45108647
43045062
38580991
43057231
38066118
43062892
38594986
43066293
38073066
43077280
45128012
43098525
45139957
43093823
38594662
43096819
38109963
43123418
38627864
43135031
45188778
43139179
45169208
43142626
45182007
43155968
45173579
43148149
38679591
43142992
45219964
43156514
45208417
43163877
45211096
43166313
45224514
43176532
45212712
43180580
45221914
43187405
45227106
43198609
45223574
43200406
38709027
43228143
45256603
43236078
45274249
43250490
38747649
43263623
45280283
43285775
45244903
43233236
45214198
43232424
45292963
43299048
45294258
43308534
45338850
43315550
45340938
43328205
45339465
43340932
45358306
43356327
45766046
43367665
45776064
43373392
45785202
43381897
45808107
43395827
45804016
43400582
38411988
43414170
38425401
43422454
38427784
43433094
38438499
43440936
38450700
43445506
38454150
43465212
39003594
43472226
45440200
43475073
38486839
43484013
38486150
43492767
45440332
43505341
45446578
43518339
45459909
43518813
39082354
43526155
38533836
43530313
45495378
43541542
45512644
43542223
39123615
43546435
39141332
43553212
45510182
43551673
45557180
43570831
45547285
43567904
45529953
43594987
45519747
43616248
45538570
43618606
45538374
43625621
45513445
43633624
45539294
43635653
45533892
43629920
45540742
43630864
38643080
43649922
39249027
43667559
45576687
43663242
39271252
43683999
45543763
43690086
45557940
43749965
45578105
43754327
45572597
43765599
38762953
43764451
38770842
43770500
38769187
43781724
45658639
43790025
38789482
43791118
45658486
43801945
46122055
43799494
46113704
43808133
38813967
43832206
45688023
43839765
46149331
43849693
45707108
43844693
38849798
43850956
38862241
43871533
38864875
43863289
45717086
43866181
38873919
43877107
45719264
43879511
38889972
43893475
39389302
43907064
39402931
43914360
38918137
43915699
38916165
43916340
45769009
43934125
39415490
43933771
45778324
43932653
45793042
43918833
45808941
43930246
38929445
43921961
45794673
43920556
45803438
43912156
45846657
43923879
45823465
43927560
45813166
43934947
39515276
43886841
38937868
43948713
39516515
43943410
45841839
43948712
39524354
43965956
45856733
43962856
45879031
43978942
45887597
43985178
38987218
43990849
45939277
44003640
38997831
44003612
39005639
44009111
45987853
44012796
45991506
44018120
45992869
44015630
46007226
44020037
46007401
44027471
46021118
44044820
46428596
44050631
46431966
44059751
46418566
44066414
39063894
44070951
46050105
44082777
46067618
44096454
39102284
44106674
39099734
44107852
39639568
44113387
39121064
44119050
39650762
44125002
39127984
46472733
39138209
44135864
39132923
44145172
39158245
44170181
39174150
44170588
39195061
44190209
39193850
44194363
39749693
44205839
39787059
44220816
39768442
44229347
39231877
44251061
39766651
44250253
39259861
44266755
39275717
44276840
39277111
44285408
39286567
44298994
39783017
44300574
39300749
44292185
39299369
44301752
39304847
44308200
39827511
44320189
39836988
44327581
39322347
44324737
39863257
44338135
39872421
44343270
39878825
44341617
39890249
44344356
39891651
44361004
39351377
44360077
39876570
44362326
39366149
44373906
39374780
44372467
39377963
44388027
46267582
44404558
46275724
44410801
39423658
44421393
39939544
44435528
39433927
44449475
46724470
44453410
46688715
44463265
46703388
44472395
39956236
44482511
46735096
44490160
39490413
44491710
39502345
44510847
40024037
44516850
39529977
44529369
39533384
44543380
40017236
44541465
39559159
44556275
39557432
44568013
39569893
44585262
40056966
44597835
40108236
44582838
39585596
44585775
40084002
44605715
40108166
44604970
39611403
44614000
39618361
44625326
40120454
44641200
40135650
44646455
39651450
44650315
40162989
44658299
39669551
44670064
39680550
44685335
39684761
44683194
39694195
44711316
40205020
44712226
39722426
44727079
39739451
44746089
39748431
44752226
40242267
44761124
40297927
44765861
40292650
44768322
40278230
44783398
40309008
44774929
40314676
44796265
39806423
44800535
39804754
44806643
39805752
44809221
39816688
44832077
40383718
44819178
40376938
44827366
40384964
44838690
40382945
44855431
40380576
44875910
47024124
44880894
47020469
44894475
47004614
44894462
47008613
44911957
39923629
44916924
40413735
44929808
40426641
44938137
40446167
44937281
40469568
44952283
47075018
44971417
40479218
44976097
40472676
44978895
40506613
44985464
40523152
44991105
40532906
44996788
40541121
45013242
40538430
45019638
40556842
45035526
40563848
45049128
40599427
45054958
40595921
45060641
40591356
45077225
40590276
45091002
40633359
45102829
40627280
45113233
40668706
45128940
40671350
45138703
40695480
45141089
40663388
45155435
40710349
45170692
40710890
45175840
40691972
45185844
40723991
45189420
40746976
45209741
40211179
45205170
40212207
45217929
40791122
45224341
40233031
45237354
40786870
35801492
40258961
35810955
40293920
35808989
40298338
35826015
40285348
35277162
40298063
35836170
40292253
35838260
40299304
35840263
40310727
35866375
40323309
42306960
40337574
42379485
40330096
42367712
40330231
42334590
40342053
42348568
40349281
35351219
40360950
35927384
40375231
42356530
40383080
35944654
40384229
35394329
40405268
35402192
40404708
35400669
40409276
35954999
40420164
35939446
40434378
35437713
40439032
35978369
40430640
35989528
40433376
35980617
40442456
35996910
40454559
36028552
40449310
36052254
40466626
41980148
40476967
41989524
40472586
35470691
40485464
35490877
40500716
36162108
40514806
36181935
40531568
36204203
40537253
36207954
40533236
36233757
40538245
36234367
40549688
36277698
40555651
36302824
40569464
36317894
40572427
36322340
40582990
36323256
40599749
36324725
40612919
36341605
40622794
36354557
40628363
36347442
40635659
36352983
40650156
36370880
40663216
36367718
40665819
36379962
40668494
36368712
40683036
36378620
40694546
36391402
40711109
36393188
40721054
36369708
40733213
36386428
40739289
36388602
40742433
36399724
40712384
36404291
40769360
36395756
40776772
36413894
40777627
36425337
40785188
36424872
40797835
36428084
40799623
36420816
40811122
36442474
40804257
36455522
40795653
36439876
40809851
36489254
40817143
36495621
40818711
36469601
40823280
36486794
40834278
36500950
40847748
36476849
40842758
36504956
40862302
36490184
40868683
36505882
40880683
36530701
40882267
36511181
40883203
42361676
40881426
36567971
40881113
36552750
40888498
36550484
40906996
36562173
40928066
36567928
40942302
36585494
40952649
36596358
40954920
36597896
40978277
36589336
40984747
36599256
41000395
36615523
41009790
36616376
41017698
36604513
41013026
36625967
41020559
36631136
41041309
36621559
41037051
36614183
41057278
36643615
41058654
36652529
41056774
36629608
41075474
36641090
41096257
36658787
41093807
36679646
41105519
36669269
41101741
36691272
41090432
36719374
41107648
43012067
41120727
43010296
41118834
36743399
41135844
36763900
41149908
36759663
41153595
36750569
41155336
36783187
41169636
36806662
41177238
36805304
41175080
36803550
41184279
36809429
41199016
36827429
41212232
36841826
41214736
36810998
41230695
36818707
41246519
36822514
41248335
36840373
41267039
36855018
41270060
36857396
41272691
36869252
41282375
42751408
41284477
36877870
41304884
36858226
41308869
36859055
41321203
36881393
41332100
36864800
41346267
36884515
41354012
36911935
41373858
36910378
41394148
36924007
41382763
36945716
41405625
36954740
41408675
36404159
41410387
36958177
41423074
36948107
41420174
36419053
41418843
43342264
41435373
43377919
41444161
43369488
41455619
43367023
41456501
43389113
41468456
43418447
41465449
37030838
41480913
36478755
41479287
37027903
41486651
37014110
41504379
37021647
41507455
37051404
41494559
36490474
41502144
36492212
41498183
36502907
41515623
37048261
41515414
37085892
41524683
37079766
41545966
37089921
41557159
36556247
41565615
37157281
41576749
36576082
41581436
36572576
41585841
36586272
41589746
36590823
41598341
36596352
41610804
36609811
41619237
36621801
41639270
36637509
41653715
36640948
41651722
36657697
41653036
37214516
41670041
37194728
41666556
36671883
41680072
37204810
41682302
37216186
41694423
37243318
41710714
36705412
41709719
36703896
41714742
37279981
41722468
37281029
41727419
37279805
41735247
37308790
41773655
37325310
41763236
37295538
41723668
37227050
41695540
36697380
41707259
37222051
41727458
37245918
41701399
37178679
41672643
36676805
41682213
36684410
41685014
37233997
41705089
37225878
41703278
37219129
41721866
37242924
41718859
37252609
41726965
36726656
41740630
37258021
41749681
36754486
41761906
37308924
41768612
37291962
41774549
37299565
41787470
37303007
41765163
36759050
41771343
37310145
41794466
37302215
41789803
37324686
41801932
36795385
41813534
37321998
41842108
37360084
41842317
37392122
41857780
37403130
41859579
53749061
41892517
37419139
41888482
37430041
41860862
36912764
41891426
36883249
41879970
36879430
41888585
37444439
41904413
37438478
41907636
36909980
41915321
37465175
41924726
36922158
41934243
36924993
41938162
36944696
41961899
36952612
41972952
37488879
41970286
37532149
41986670
36995417
42003776
37003587
41999287
37010904
42010607
37545114
42012012
37019647
42028133
37554079
42049696
37050701
42074711
37593316
42088729
37093866
42113347
37115793
42149194
37121359
42138528
43894869
42149078
43875890
42150654
37642953
42162098
37162051
42172463
37642137
42187664
37179221
42187692
37665394
42194010
37193446
42211589
37221828
42225103
37219366
42221110
37709229
42221447
37215033
42224662
37732908
42236154
37764399
42251937
37758225
42247088
37806494
42259293
37821766
42279004
37808817
42301051
37305501
42310973
37796702
42315860
37815445
42310673
37815577
42321982
37854333
42323914
37825416
42329674
37860087
42340416
37851730
42345066
37849903
42338162
37873476
42353298
37860863
42375529
37862779
42376209
37894093
42377398
37900646
42397101
37911449
42408125
37914971
42420215
37919607
42429570
37428268
42439923
37938175
42448254
37444507
42459865
37460383
42465522
37465947
42463333
37463585
42464276
37969254
42472561
37467616
42467175
37473416
42467217
37461642
42464517
37460260
42476035
37475778
42493950
37516180
42504078
38049942
42513002
37512081
42516928
37515646
42528754
37522875
42532065
38065405
42532013
37530301
42543587
38096748
42564542
38068572
42583521
38086675
42588849
37595486
42602600
37605916
42621951
37623827
42632722
38110341
42645641
38134826
42654180
37651417
42647555
37660816
42668538
37653537
42661167
38185546
42664355
37662044
42663505
38209234
42666438
38232215
42664512
37662733
42674875
37675330
42687805
37680283
42684289
38282004
42699732
37700918
42699136
37692527
42703556
37696941
42708924
37695931
42697494
38311321
42706939
37707943
42755949
37725543
42731023
38330439
42731864
38349377
42732892
37732738
42734420
38386957
42741540
37742646
42752364
38397426
42748850
38394423
42741521
38414915
42761144
38444516
42770683
37776857
42788590
37782073
42794741
37777424
42791693
38493620
42774529
38505689
42794915
38520575
42806111
37799934
42806128
37794035
42803539
38500494
42817726
37808931
42824755
38508595
42831892
38523226
42843295
37843699
42848363
44066839
42855479
37851494
42855964
38561778
42865242
38546183
42870515
37868007
42873627
37871058
42877063
37877190
42880203
37881838
42882909
37885551
42892793
37894211
42900588
38609224
42921104
37920006
42924560
37923679
42931823
38614838
42962115
37953469
42965566
37966067
42988468
37987383
42991848
37987782
42991443
37985349
42995449
38652168
42998839
38641259
43019455
38009369
43008046
38015142
43016207
38638067
43035662
38024822
43035321
38042486
43037470
38047663
43047456
38046125
43058510
38056862
43078152
38067561
43080237
38706233
43089483
38710958
43097504
38100422
43107874
38111018
43120354
38121019
43131297
38131683
43143043
38757454
43145498
38139551
43144442
38140337
43141488
38137485
43143359
38142720
43157152
38157708
43175785
38160163
43185412
38188918
43201956
44316246
43196758
38805115
43203813
38199259
43213749
38211586
43224986
38822172
43258341
38241035
43262132
38843012
43249065
38259684
43270291
38856335
43282062
38274642
43281624
38841031
43282845
38281957
43296193
38301033
43311871
38886275
43307943
38888687
43309370
38303875
43310137
38309868
43323747
38323736
43333407
38881406
43335747
38879756
43353814
38874475
43355290
38351104
43370915
38368794
43365303
38916638
43411272
38407037
43430406
38431175
43440395
38437276
43449016
38455800
43448082
38448167
43474966
38480954
43492494
38499168
43517246
38529786
43540477
38550108
43540819
38532841
43538592
39050463
43554218
38553643
43552293
39091899
43565274
38565234
43582045
39089446
43591129
38590239
43610677
38604408
43602184
38608143
43620001
39149945
43630424
38635999
43642019
39178652
43650731
44719176
43660380
39161382
43658396
38671785
43676472
38681905
43692749
39177085
43688443
38678651
43685983
44764339
43708649
38715986
43712872
38707588
43707416
39248804
43729047
39252225
43734747
38729990
43724018
39263096
43731377
39281495
43752068
38747707
43769851
39310305
43776892
39298128
43767726
39306618
43781332
38773611
43790416
39314510
43793686
38809745
43807608
39335424
43807144
38813782
43823371
39367254
43838812
38831006
43836647
39395851
43849500
38857599
43867627
39395748
43878168
38875048
43873273
38877372
43885444
38883727
43886201
45416163
43893159
38896808
43908599
39428737
43920843
39417824
43932155
38936727
43894020
38944355
43953401
39473298
43963397
39446872
43965126
38961291
43979189
39450807
43988631
38993137
43994751
38995426
43996369
39000517
44002841
45515724
44016335
45526268
44011877
45028264
44028337
39501963
44028812
45551490
44035632
39520262
44039021
39041189
44057413
39551227
44057614
39063656
44073230
39583169
44077495
39600698
44101685
39591703
44089414
39596534
44107360
39100462
44109310
39617631
44121135
39610700
44132013
39120118
44130998
39611108
44131554
39652788
44146466
39145160
44152563
39149887
44161850
39653684
44179293
39651866
44189389
39195876
44205727
39205803
44221185
39225098
44241662
39731167
44257886
39753188
44266731
39760108
44279343
39746213
44288689
39772642
44312509
39763604
44298658
39300941
44306019
39309345
44310333
39304850
44320893
39320193
44340894
39809093
44366682
39351367
44366110
39860820
44382830
39860759
44385527
39842932
44390340
39389832
44403817
45307739
44412275
39413191
44420052
39418614
44427117
39438840
44442763
39443132
44459418
39457874
44473791
39482367
44486261
39487582
44487780
39488640
44495538
39492546
44497875
39494827
44509301
39509620
44506935
39509232
44510130
40094902
44531259
40087088
44538448
40090328
44542465
40085471
44558776
40117520
44569395
40108284
44577203
40137495
44590763
40155633
44598314
39598238
44614348
39604037
44614924
39606928
44609293
39607811
44615380
39617064
44615316
40159905
44633828
39630400
44635773
39632793
44647217
39646441
44647836
39659158
44665413
39668977
44677401
40182412
44688870
39687092
45178570
40188439
44692204
39683651
44679999
40212304
44689133
40237633
44698168
40232711
44693796
40243564
44697884
40252329
44706946
39703970
44715242
39717397
44722849
45611097
44750645
45613119
42400711
43258266
42398276
37405082
42409089
37399404
42405275
37980373
42426538
37419234
42424243
43757960
42429551
43817213
42435118
43807739
42441346
43795605
42457946
43779057
42475749
37472733
42485119
38017975
42486757
38027165
42493631
37487910
42496624
38022203
42506680
38034790
42523106
38033400
42532693
37527204
42535208
38057114
42535029
37524235
42526188
37527376
42540043
37534969
42538594
38093288
42531193
37555956
42565145
38112980
42569951
43375034
42576725
37576950
42578217
37582371
42590673
37596797
42601880
37606728
42618155
38144197
42624673
37629369
42624781
43914236
42626691
37630665
42634112
38152971
42629589
37632903
42636223
38185139
42642819
38186699
42643082
38196362
42649568
38199090
42665425
38297515
42672392
38323057
42672555
43535937
42681027
37682282
42676188
37680225
42687574
38393944
42694521
37690989
42707538
37725758
42735382
37735929
42747795
37759021
42771679
38479048
42775847
37782756
42795368
38505061
42813761
44058269
42830769
38537031
42844637
37845812
42866245
38547621
42862474
37849206
42870322
38544048
42881915
37884450
42892692
37894728
42897842
38626968
42914669
37905333
42915055
38651489
42934984
37936742
42942121
37945181
42953338
38717445
42958513
38729152
42976456
38755151
42988901
37988183
43000506
37994785
43007804
38795506
43015517
38801927
43027625
38029812
43041645
38035629
43048248
38041691
43055263
38055490
43063861
38062365
43063472
38066818
43073161
38918541
43083203
38922335
43095951
38936537
43097283
38110366
43126075
38964968
43149638
38148750
43166212
38168530
43177520
38182733
43182262
38182023
43201888
38983188
43220926
38226335
43239564
39027509
43253622
38248720
43274668
38271882
43271962
39028146
43287355
39036941
43309576
39056226
43337209
38337994
43341029
38337902
43343729
39039938
43345369
38332913
43329798
44463544
43299033
39060482
43369434
38345597
43360128
38365377
43382044
39074035
43399701
38396667
43411476
38399163
43410336
38418596
43425645
38433205
43441307
38440129
43451074
39122379
43452584
39142557
43450467
39151540
43467657
38472123
43476647
39186352
43486213
38486936
43494197
38502539
43506788
38503148
43502692
39186340
43522415
38517038
43522350
39186232
43522956
38532870
43530890
38482687
43541638
38551546
43547634
39219330
43564244
38566373
43573066
38574253
43586008
39251581
43585711
39248950
43601234
39255111
43596015
38599437
43609368
38613944
43626460
38621215
43630670
39276566
43644620
39282530
43651555
38652288
43659479
44212406
43668334
44207384
43680180
44196978
43681126
44204487
43686761
44213794
43709619
44228383
43704497
44219684
43712754
44256305
43732979
44272126
43743159
44305967
43756191
44291446
43771796
44296902
43787197
44328309
43802286
44336424
43810218
44763568
43824877
44331956
43830811
44331677
43833180
44351071
43848369
44357813
43857677
44356257
43861665
44367673
43868254
44358666
43877739
44380732
43898243
44382508
43909849
44373917
43906708
44371489
43909776
44388144
43946161
44400661
43968813
44418968
43959805
44446778
43988531
44443687
44010324
44439568
44023611
44467518
44042000
44480837
44064787
44471387
44095945
44482884
44107379
44488010
44117030
44503395
44136508
44511990
44151043
44498259
44182442
44485732
44182161
44505316
44182253
44499575
44186929
44497275
44203387
44474843
44219883
44503836
44224883
44535170
44245240
44513157
44243427
44523930
44252745
44522492
44256026
44578105
44258858
44555967
44274464
44583036
44297279
44586140
44308772
44595509
44330019
44591912
44331873
44601505
44337052
44633634
44362780
44638860
44366357
44624944
44366655
44630094
44388503
44665606
44394612
44660347
44398978
44661263
44415160
44675260
44422764
44677354
44427422
44688522
44437529
44708789
44465606
44702015
44483082
44728719
44483960
44731456
44490919
44749806
44501463
44765135
44509213
44776322
44521094
44775163
44533896
44782461
44551528
44774284
44565697
44779796
44570025
44799594
44579591
44830803
44581689
40064648
44594799
44815642
44601490
44802035
44597487
44814260
44602321
44806494
44613859
44818628
44647916
44831536
44628378
44849898
44643788
44835163
44649304
44851730
44667094
44853800
44678566
44855085
44684077
44850775
44696080
44893676
44698332
44923830
44702846
44923210
44714976
44889702
44723173
44899019
44752697
44943260
44749752
44948347
44764986
44973185
44768377
44964621
44777155
44978655
44783882
44980835
44798968
44964993
44788102
44985112
44803457
45000511
44847288
44993642
44864336
45004850
44868728
45002622
44884562
45025610
44919190
45014693
44941282
45045115
44969498
45030495
44979331
45057662
44996369
45074790
45015054
45075907
45039410
45076123
45048444
45089458
45040142
45093383
45070346
45114691
45063699
45112604
45076195
45120300
45109014
45123869
45101534
45149796
45108495
45128298
45125120
45151353
45128633
45147142
45141715
45146770
45137779
45153864
45161365
45153414
45168855
45169802
45170957
45159013
45162603
45187543
45163671
45174879
45162193
45191185
45168319
45182174
45190731
45230105
45201481
45202714
45207808
45228565
45235693
40748012
45244228
45274867
40263231
40274782
40281866
40285432
40269133
40279327
40308798
40292594
40315678
40287739
40326443
40298231
40325658
40303702
40325037
40318035
40332933
40337622
40354748
40346277
40372242
40357484
40380161
40365756
40380521
40370622
40389635
40367915
40411807
40373560
40396949
40383643
40416496
40384049
40422551
40391976
40427485
40397847
40431339
40400749
40432314
40413464
40440167
40411263
40471887
40417153
40458851
40437795
40467634
40431124
40481743
40430088
40481198
40453791
40460958
40454785
40493951
40455490
40487454
40461395
40480615
40462545
40508329
40468697
40496164
40483322
40504708
40494078
40506938
40482751
40491189
40496050
40474095
40489562
40519880
40506061
40505011
40474616
40495606
40492702
40486818
40513310
40507459
40508338
40536795
40518754
40537589
40512991
40541327
40521907
40550298
40529285
40562438
40556533
40585181
40575672
40594177
40588742
40575673
40614990
40575636
40620272
40581400
40638934
40585824
40661320
40602605
40688692
40601858
40706917
40601748
40724316
40617679
40731032
40606087
40752315
40606480
40783352
40614026
40767692
40614641
40786171
40633008
40794164
40651119
40796760
40643596
40817343
40644585
40812934
40635906
40814673
40662209
40833039
40663385
40825160
40669833
40815568
40684511
40817755
40717385
40824274
40698125
40830244
40704084
40837817
40719434
40839893
40722923
40846783
40735233
40843377
40729413
40866067
40737032
40880969
40756060
40877869
40764367
40886259
40749667
40880469
40735196
40883400
40752077
40905205
40760101
40921494
40761758
40932518
40772932
40930208
40781925
40937965
40807554
40949338
40799612
40965874
40785554
40961298
40791443
40974709
40804965
40974669
40809905
40993928
40818242
40995191
40800094
41009177
40855695
41004308
40882585
41012398
40876367
41016074
40873144
41032924
40859767
41039076
40869483
41045691
40872502
41061874
40905770
45914678
40913083
41080001
40924249
41097566
40932748
41105648
40941234
41114793
40967322
41116860
40949179
41124008
40950590
41129670
40956728
41140325
40961570
41155137
40955351
41163894
40963535
41153107
40971844
41155642
40978559
41164473
40985718
41173070
40994914
41199617
41000085
41249054
41024388
41262896
41001168
41252528
41001732
41253183
40956409
41252716
41060222
41259469
41017533
41260590
41015089
41300213
41021537
41320304
41013731
41342475
41008609
41362489
41023697
41394180
41044223
41395890
36401079
41404671
41011800
41414126
41019013
41417144
41035762
41430915
41066487
41445688
41044757
41478452
41053773
41489845
41150251
41518658
41140958
41528356
41159738
41529826
41171271
41542677
41182617
41549916
41173677
41563706
41206116
41579707
41184087
41584554
41181470
41604891
41202328
41613650
41224475
41634232
41213945
41633620
41227383
41638046
41213109
41653995
41237646
41667497
41244383
41665372
41232551
41678523
41238218
41672693
41244876
41677153
41257849
41699328
41241721
41713788
41261735
41731656
41284198
41737887
41267647
41738313
41261960
41744383
41269792
41754325
41282041
41759347
37524753
41760812
36767987
41769092
41303406
41775234
41309625
41778355
41320791
41793982
41316801
41800181
41337661
41815173
41335936
41821710
41307070
41841139
41312192
41851563
41343588
41853055
41361142
41875644
41342067
41879190
41316372
41873112
41318019
41896264
41357269
41894798
41317328
41902131
41366421
41908234
41351796
41906109
41306130
41913732
41355261
41935050
41318577
41936269
41377804
41944306
41363295
41947938
41360748
41959708
41380631
41973546
41387180
41996499
41399402
42002432
41389874
41991811
41396468
42010558
41418285
42006205
41428107
42030863
41438519
42024632
41446901
42026888
41447121
42028460
41448818
42035759
41439504
42046543
41457459
42052743
41451548
42052219
41455424
42069422
41495022
42103548
41504174
42146739
41502369
42178281
41492014
42194865
41496966
42222991
41522075
42239656
41535283
42255164
41533251
42267626
41527471
42275483
41562341
42291894
41550955
42310772
41549558
42323574
41570642
42334956
41600579
42368958
41591097
42366986
41577227
42369770
41574343
42382810
41589024
42397747
41605040
42406559
41574652
42419491
41573448
42416743
41593003
42420571
41536688
42413848
41606400
42421364
41592730
42438241
41605536
42434048
41610086
42454949
41605938
42461616
41634704
42477102
41644336
42490524
41641834
42502661
41663653
42513827
41681478
42525972
42225903
42520357
41707372
42551802
41724217
42556328
41713153
42567599
41730436
42576594
41705489
42597114
41739076
42600407
41737227
42608516
41727413
42620149
41739995
42641046
41762070
42643209
41739454
42638907
41750296
42658314
41773478
42669352
41786008
42686193
41789579
42694962
41777465
42706250
38210633
42707616
41805623
42725348
41818228
42748260
41800202
42757354
41806941
42766262
41815326
42762569
41832072
42778108
41851773
42789360
41834067
42795625
41841035
42808766
41868204
42814707
41872499
42820909
41858870
42832548
41856104
42846618
41849121
42858574
41844898
42867001
41830296
42884405
41844040
42890140
41871808
42891612
41872307
42908167
41863994
42911476
41881710
42917200
41883269
42936825
41889547
42949275
41883028
42945253
41907587
42958749
41923519
42973766
42513187
42990696
41949533
43001511
41942415
43014056
41968909
43040523
41986405
43065346
41989544
43077451
41993471
43097603
42003230
43109677
42008262
43114672
41998916
43155565
42024339
43177607
42027521
43195803
42033301
43215692
42043543
43229028
42059516
43238728
42054531
43252359
42608785
45543310
42626706
43245042
42624850
43260476
42101441
43275428
42127060
43273788
42132936
43272278
42111913
43281645
42126431
43288092
42154816
43291618
42160499
43298453
42166207
43313699
42186658
43304066
42204200
43319522
42244021
43307873
42171795
43299537
42169294
43316746
42173379
43329483
42183473
43331778
42169074
43332228
42171601
43362156
42189507
43375650
42170685
43385729
42164528
43389616
42169636
43403468
42193963
43400477
42219019
43401665
42210290
43419841
42223321
43417905
42221614
43424132
42250662
43421286
42226660
43449193
42255408
43444724
42258091
43464852
42249820
43476356
42259261
43481386
42274313
43493900
42289976
43509882
42319632
43520748
42307612
43529821
42329082
43543334
42341392
43547781
42341322
43548703
42329731
43559988
42343402
43571123
42362070
43585039
42386560
43587079
42861311
43604083
42363457
43611904
42838500
43611099
42848041
43618860
42392410
43611133
42408474
43616411
42410416
43619331
42418977
43632400
42421086
43650993
42423950
43672357
42434981
43670577
42451885
43702423
42456781
43715437
42452190
43738833
42457955
43760653
42445517
43774845
42419931
43798311
42420412
43816209
42418733
43844965
42447835
43863086
42446461
43895934
42447428
43899025
42448604
43902661
42434510
43900087
42425454
43910853
42448050
43912162
42442172
43909174
42432626
43919908
42423630
43936900
42435553
43935301
42423393
43927644
39448356
43936147
48943161
44465557
38954054
43964744
38924339
43981816
42516210
43987339
42517842
43998696
42535440
44014183
39537548
44009439
42538099
44011415
39530272
44025351
42560087
44035674
42578965
44042367
39047437
44054802
42589465
44077236
42590662
44077743
39078792
44075444
42586354
44088509
42590736
44090281
42588207
44073746
39073913
44079800
39079036
44075126
43093162
44087863
43082761
44097619
43063024
44078790
42608260
44100920
42636443
44112999
42639734
44115190
42648592
44118478
42649154
44127686
42654293
44138976
39145590
44139999
39144499
44142971
39147504
44147001
42665681
44159677
42640599
44160364
39165923
44174633
42660614
44187494
39189399
44189732
42663478
44206992
42689311
44206063
42654400
44210915
39213530
44226855
42684336
44241805
42715955
44227533
42660994
44258316
42701682
44261567
42701893
44264875
42698208
44273153
42701581
44281194
42703390
44298191
42744253
44306345
42743778
44311521
42735966
44313159
42777917
44317929
42755472
44312961
42773602
44322180
42786628
44325685
42802249
44329034
42812230
44331113
39335391
44341852
39338367
44340685
39343504
44345511
39343914
44354878
42879928
44342799
42864907
44367625
42868012
44376985
42870338
44375829
42895387
44386332
42888965
44403243
42916169
44408788
42921964
44416799
43327658
44423596
42915688
44441674
42927330
44433223
42942798
44446234
42968309
44458196
42946432
44475459
42954540
44487530
42958564
44486615
42953297
44489967
42945875
44512247
42949488
44526301
42977413
44537787
42979870
44531237
42974029
44518927
42965499
44556356
42958946
44541532
43022247
44575563
43012188
44563045
42989867
44565424
43051956
44571013
43036984
44582798
43032300
44602928
43028515
44601236
43032682
44595842
43082129
44596246
43014597
44608651
43045168
44627475
43070172
44645767
43073606
44657277
43087320
38987429
