51115819
43743638
46116969
43731039
46082007
43718747
46078174
43699616
46058504
43706115
46064109
43708380
46059166
43711627
46059602
43710404
46063951
43695235
46067102
43694245
46066438
43678708
46039658
43677125
46061687
43661846
46014066
43643375
46025240
43628832
46015545
43634426
45987931
43617912
46013980
43614721
45985170
43606711
45974056
43610081
45993353
43600862
45966355
43599625
45956363
43600870
45956879
43607519
45963379
43598609
45969241
43585922
45963861
43582107
45950919
43589677
45936006
43586006
45918646
43581508
45902376
43575997
45908076
43563818
45905388
43552910
45882236
43552952
45884268
43545354
45851203
43550877
45845377
43534968
45842649
43535163
45839779
43542097
45830262
43538083
45806013
43524801
45800967
43512075
45797054
43494896
45770476
43495106
45746019
43492794
45738068
43487824
45740124
43474885
45735201
43470959
45717430
43457555
45712505
43448135
45699905
43421495
45669862
43421764
45650051
43415828
45634889
43402498
45638171
43394814
45646973
43382627
45613410
43377951
45629093
43365163
45614556
43359551
45592635
43361553
45610467
43345297
45565431
43345928
45582140
43350099
45551680
43345698
45560704
43333729
45557095
43335233
45538543
43326861
45533671
43319562
45512688
43299072
45508178
43288262
45475600
43282355
45486753
43273994
45502701
43267376
45478661
43265930
45452257
43254199
45448853
43251083
45448662
43243189
45446773
43238539
45454273
43234380
45433993
43230603
45427028
43214496
45412385
43200298
45391553
43183363
45396478
43177736
45375253
43178209
45389898
43164254
45354993
43148533
45364419
43133925
45335205
43128300
45346522
43131372
45338191
43115467
45323299
43116743
45325885
43104783
45324243
43100061
45319423
43087933
45306000
43084030
45286368
43082112
45266732
43075220
45253495
43057072
45237840
43057719
45241486
43060424
45237937
43059857
45228809
43067122
45247729
43067880
45788873
43063673
45207596
43051407
45204398
43041178
45188856
43042949
45171467
43048146
45182422
43051662
45199916
43043698
45192856
43035198
45164685
43017781
45154353
43005564
45153377
42998365
45177974
42992736
45654306
42979358
45130217
42981532
45124796
42978836
45128127
42971228
45120412
42957296
45120538
42938262
45115235
42921040
45098965
42915990
45103361
42913164
45083710
42907550
45088312
42900924
45067207
42887067
45082714
42888148
45049098
42881869
45064897
42870859
45026313
42867768
45004059
42877441
45010987
42853026
44987828
42835779
44995083
42825689
44972524
42828824
44963606
42830310
44948609
42825762
44958047
42823737
44945566
42823303
44936709
42814296
44922934
42810376
44914842
42806849
44910875
42809464
44899207
42790804
44890989
42780598
44877677
42770377
44876480
42751376
44854899
42746886
44853864
42730547
44835318
42726541
44808035
42721926
44821089
42702236
44775691
42696959
44762276
42690484
44805325
42676803
44796587
42675706
44803075
42671092
44786525
42674132
44777424
42680933
44773111
42673552
44761062
42669512
44761414
42657562
44764524
42649699
44738132
42640996
44729211
42625317
44739667
42613464
44725102
42602854
44710772
42597745
44701927
42580238
44696774
42575435
44699840
42586283
44721621
42579534
44707127
42592288
44703668
42583743
44731030
42562122
44718806
42558557
44710821
42544842
44691078
42539953
44663236
42537966
44661398
42524813
44661731
42527456
44661772
42525664
44647852
42513587
44636533
42505202
44616085
42507565
44612775
42499522
45089864
42488967
44575069
42484704
44553285
42487269
44555956
42478991
44532992
42457622
44517375
42434051
44500405
42445537
44494609
42434319
44458426
42414381
44443954
42402795
44473775
42395653
44455226
42382357
37371036
42366115
37360420
42360456
37359574
42354432
37347914
42350123
44922179
42345612
37337131
42337156
37320008
42311783
37306494
42303816
37299537
42297773
37297643
42294979
37915011
42301399
37934538
42285699
37927861
42280716
37912296
42278313
37921173
42265311
37889756
42262649
37856530
42248469
37861921
42241211
37877010
42228513
37877978
42228604
37874235
42207269
37209137
42193434
37856736
42172361
37175266
42179617
37840511
42179435
37172138
42170352
37166603
42165296
37151801
42149892
37140463
42132780
37764907
42119608
37109857
42095808
37753010
42087361
37080904
42083071
37754125
42069977
37073466
42063733
37061807
42054327
37047750
42044567
37039788
42036505
37021949
42012010
37011560
42009581
37008526
41996823
37684045
41982053
44006369
41974745
43988934
41960721
44554357
41952173
43992107
41952356
43952188
41930648
43971539
41919284
43951602
41912473
43941131
41921161
43946034
41935027
43923765
41924441
43940854
41926396
43935994
41912904
36907355
41894919
43883562
41895525
36889704
41881361
43887473
41871709
36872899
41871172
36862980
41850219
36846958
41845000
43827820
41853896
43839613
41869097
36864118
41859276
36858753
41859038
43843436
41860402
37449130
41843451
37441164
41846940
36844905
41829361
37458714
41834427
36828076
41829584
37426958
41826408
36832453
41817838
36822686
41811750
36810702
41799469
43751051
41795628
43749104
41787845
36778642
41780765
36782899
41783475
37354923
41777102
36776016
41768486
36768435
41756966
36756605
41754591
36756581
41745214
43638698
41732689
36731087
41717185
43614542
41696955
43612638
41681930
36685275
41689333
43575977
41682737
36674996
41664093
36653832
41651661
37230761
41649795
37231895
41644749
37236479
41630147
36630106
41622447
43521710
41602471
43508191
41580520
36576888
41582803
37173067
41574580
43486160
41566360
37173680
41558711
36546628
41541547
36538841
41541714
36535592
41535992
37142461
41536503
36531523
41523380
36527263
41522862
37137430
41517918
36514909
41520277
36518569
41512126
36509608
41501278
36495495
41488809
36488408
41478424
36474887
41472881
36482472
41475458
36467689
41467789
36464119
41458920
43349162
41458979
36994245
41449657
36994536
41434232
36972485
41433608
36418518
41374078
36408393
41402819
36962483
41388650
36380219
41377042
36941946
41374794
36366412
41360709
36355512
41345838
36340021
41333371
36329590
41326089
36332685
41333767
43176568
41321907
36924703
41310215
36312773
41309135
36312431
41306429
36307182
41295940
43128813
41289383
43123290
41280878
36286436
41290204
36288285
41289203
36865374
41281911
36277078
41282456
36281513
41274607
43105428
41262751
36255262
41265398
36254772
41245080
36241066
41223478
36205220
41195856
36758393
41183547
36181389
41180863
36752679
41168839
36744685
41163760
43024378
41150065
36141028
41127640
36698968
41125931
36124235
41111210
36114757
41105432
36105170
41101000
36637543
41101570
36095405
41094900
36641826
41086135
36620314
41084179
36089886
41081121
36076087
41066102
36621746
41058496
36058555
41063580
36614831
41052925
36050266
41049136
36045831
41033025
36034762
41034931
36034688
40989358
36036989
41026032
36011740
41000800
35995908
40984573
35987017
40984037
35985245
40981490
42776804
40971632
42781238
40949207
42779701
40941906
42759746
40930911
35922821
40923734
35921310
40918754
36496510
40916190
42708479
40909993
42700586
40911754
42680697
40894304
36442039
40888776
42692427
40880773
36429751
40866273
42660789
40861674
36398699
40857000
36390907
40855367
36389299
40841884
36361537
40831183
42675523
40834185
36355769
40826040
36332135
40823874
36313213
40811322
36323693
40804805
42671937
40794508
36338391
40774081
36293137
40755314
36266595
40755206
36293142
40754918
36283466
40755740
36238990
40744107
36235893
40724540
36235258
40724657
36235428
40727295
42646374
40728911
36242605
40706366
42672393
40700529
36250451
40693967
36246333
40697508
36233260
40701717
36219620
40685407
36200894
40678524
36197654
40666066
36168884
40669911
42619376
40655840
36156465
40652967
42618084
40645110
36166063
40634901
36165304
40620606
42647132
40622604
42642548
40626856
36148850
40621986
42652652
40626011
36152491
40617237
42678938
40610792
35603454
40599310
42698364
40591585
36076465
40583439
42672680
40584781
36181931
40577669
36168714
40570617
36130195
40563230
36126259
40556998
42620876
40549188
36147867
40537597
36153210
40528701
36134696
40525850
36136259
40536357
36130506
40536959
36137748
40528049
36108228
40520874
36058704
40516912
36091223
40496205
36129236
40478915
36097452
40462999
36093910
40456973
36084916
40445780
43018254
40431901
42997000
40420350
36051942
40424710
36034561
40407016
36033573
40404552
36038385
40385767
42357155
40385555
36034430
40375317
42347214
40354911
42339082
40354485
36007614
40352032
36018644
40350646
36028069
40345217
36014933
40324688
35993669
40322471
35973652
40323552
35983595
40328941
35965562
40321373
35951658
40307805
42288215
40327913
35949269
40329839
35902187
40317500
35884456
40293370
42239927
40323777
35332143
40318967
42249491
40311862
35948083
40324790
42187501
40267283
42168349
40251848
42184227
40247005
42162164
40232441
35975644
40220222
42114248
40223652
42122224
40220166
42099168
40224421
42091565
40224910
36021199
40234696
42088163
40220077
42075591
40231336
42085585
40234504
42079712
40234389
42078711
40225305
42063928
40229235
42059887
40224376
42031571
40235714
42017319
40240513
42012571
40238178
42002692
40219328
42001533
40222445
35221918
40220060
35230418
40222847
41940739
40234417
35232775
40233538
41923297
40221054
41891820
40230848
41905716
40229655
41899835
40238808
41901639
40238701
45248328
46871608
41848250
40226235
41831472
40231493
35230767
40223295
41866829
40212009
41864211
40217385
41850530
40222612
41844595
40227786
41846674
40210943
41847746
40234357
36477676
40231889
41814821
40233442
41798773
40232457
36514831
40231703
41799514
40231290
41773888
40239473
42294697
40230999
41750683
40227971
41747464
40249877
41742262
40245543
41736271
40291561
41811283
40274076
45271325
40258141
45251432
46712815
45246673
40233377
45236169
40226046
45225953
46687164
45220419
46673857
45210453
46664641
45200087
40184211
45186005
46644977
45184291
46627452
45184221
46622640
45172783
46612330
45179698
40173235
45167722
46610219
45154861
46610074
45156101
46627460
45150314
46605223
45138379
46562398
45121426
46514962
45115725
46507553
45103533
46501193
45092896
46497259
45083313
46467818
45063936
46462191
45044080
40037381
45037581
46464820
45033828
46963168
45022640
46419299
45030754
46938051
45024649
41920013
45007785
46423432
44996262
46414794
44989850
46403454
44978147
46394977
44965156
46381833
44956470
46378532
44956272
39951503
44946921
46360316
44933928
46353382
44922472
46376677
44914839
46336915
44895537
46332012
44901370
39887789
44892294
46335748
44895833
46321511
44885068
46317998
44880768
46307334
44858234
46283237
44861510
46286170
44858484
46303675
44853305
46300867
44843786
46282370
44848419
46766189
44801332
46200650
44788479
46212689
44782177
46193984
44775787
46681627
44751473
42054798
44749884
39738984
44739112
46145050
44728668
46138197
44714296
42011505
44706716
46629528
44691240
46608567
44679257
46604580
44677963
46077316
44665313
46582584
44715747
46573822
44651953
46549330
44645186
46554624
44640536
46533814
44635913
39630267
44619595
46505645
44616257
46495087
44609482
39601474
44606036
46464123
44607125
46459236
44602184
46510296
44644920
46501275
44640714
46482920
44638171
46483004
44629748
46493620
44618201
46485327
44629869
39605473
44615127
39606236
44606917
39588620
44601927
39587772
44583143
39568174
44568776
46428833
44559480
39555338
44568975
46409351
44581546
39567547
44577545
46417726
44588272
39579420
44572299
39555181
44556708
39540138
44541293
46352019
44538240
39528353
44532542
46325302
44511350
41719595
44491787
41684390
44488481
39480535
44488474
46268772
44473870
39462964
44473868
46253457
44472791
39456615
44463826
39460235
44456894
39443415
44451601
46218079
44444303
39431572
44443881
39436421
44447803
39440113
44448520
46188408
44453868
45663174
44445190
46160901
44434971
39415883
44425498
39413469
44418166
39386819
44386201
41771142
44384379
39390733
44402399
46128849
44402808
39394267
44397809
39385619
44378154
39375704
44374471
39366197
44364119
39353209
44359417
39348916
44357196
39347511
44336428
39331501
44326820
39315509
44311648
39309604
44315705
39303032
44308126
39304189
44307277
39296977
44290556
39279224
44279376
39268837
44270737
39260339
44263118
39262068
44273375
39269975
44273505
39260646
44257882
39244625
44256664
39246137
44247301
45950526
44234467
39218976
44232768
39227014
44232777
39222352
44227023
45918675
44220250
39209769
44216105
39205163
44198049
39186269
44190695
39182384
44192296
45320286
44186587
45323293
44170231
45308192
44153372
45290802
44156515
39145777
44151250
45258882
44145342
39129463
44138533
45277862
44120156
45259699
44103173
45222493
44091291
45242733
44089432
45771133
44090331
45210632
44077374
45754362
44070336
39050851
44049437
45213961
44044214
39034793
44027453
45710099
44027988
45200228
44022846
45178092
44032299
45172294
43983306
45154174
44012847
45146352
44011267
45153484
44005006
39003246
43998483
45139076
43979921
45108445
43979571
45661876
43969080
45107652
43972441
45088525
43959040
45086363
43962889
42514688
43957846
45073345
43954895
45614268
43941331
45054300
43935978
45071521
43927696
45066317
43928997
45579370
43914374
45062706
43920113
45068755
43915624
45065269
43914772
45034963
43914798
45013488
43909999
44992579
43911151
44984240
43896371
44973339
43889495
44962906
43878316
44972092
43883311
44939572
43877593
44936661
43859816
44917564
43858214
44954364
43826639
44924775
43805669
44880290
43799407
44893081
43795237
44883563
43782349
44897792
43754929
44865593
43753732
38745015
43747753
44856771
43720697
44865355
43743959
44837961
43725513
44854103
43725562
44831458
43719598
44821428
43719167
44814373
43719660
44804220
43697800
44800347
43692929
44790330
43692657
45327320
43692711
44793796
43686066
44776899
43672951
44761140
43661664
38652079
43662161
44745487
43649716
44740144
43652807
44760876
43641953
44730475
43642704
38623945
43628814
44738499
43627321
44743819
43622602
44715077
43612606
44707473
43593248
44697753
43579545
44677524
43584090
38572418
43582453
44660968
43582829
38574285
43570065
44613206
43568117
44596766
43557755
44604815
43549575
44617173
43547822
44602459
43533294
44597972
43533941
38522552
43535486
38534381
43521932
38512849
43518154
38504917
43502025
43296077
43488134
43328672
43483817
44658075
43486113
43399655
43470066
43396339
43464056
44631147
43449419
44614244
43426274
44605840
43411688
44589352
43402954
45040686
43393519
43509878
43387894
44584541
43379281
44573224
43374413
44577297
43356389
38325150
43355369
44625642
43338744
38328042
43327638
38308702
43306684
38295802
43293626
43539813
43292509
43553948
43282098
43539927
43275375
44538139
43266559
44524538
43258862
38249618
43241317
44501661
43231219
44474576
43236686
44499063
43222902
44488510
43222285
44493211
43221733
44481037
43217103
44473009
43225541
44445093
43213466
44427806
43207687
44438272
43195947
44441019
43193764
44414724
43185802
44417459
43176544
44420395
43177301
44399286
43186390
44385197
43171741
44359592
43153347
44351278
43157124
44383143
43138137
44349427
43139170
44345750
43132187
44349976
43117071
44353707
43120585
44826553
43098317
38086299
43088028
38068925
43065130
44410536
43059123
44470809
43050943
44474631
43037211
54504053
49525245
44493233
43011416
44523649
43003457
54637740
49636625
37991301
42993228
44061238
42997913
44068889
42993859
44088696
42997932
44108599
42998907
37986565
42979962
37973578
42968110
37957650
42961446
37957288
42963412
37953556
42956039
37946097
42942425
37933064
42942601
44764770
42927883
37919906
42923581
37915591
42914606
44187242
42900749
37900284
42890708
44798471
42884632
37869989
42877455
37867792
42871807
44803867
42876181
44302087
42876387
44320739
42883424
44907873
42883188
44347783
42891655
37872258
42875328
57887836
49428305
44419848
42840765
44397752
42831048
37818650
42818098
37809937
42802038
44447840
42799368
44473119
42792069
44459492
42787601
44460826
42784791
44485314
42772061
44509944
42763546
44524560
42758862
44543895
42743749
55297307
70547928
65537630
70530622
65508466
70519909
65528086
70510714
65496725
70512640
67706452
70514262
67707611
70505255
67698429
70498839
67693890
70501128
75288176
62691504
85310681
70505880
84708898
80296980
67675299
70478159
67663836
70468980
67664599
70468952
67665810
70482857
67664843
70472527
67664978
70469509
67652184
80441294
67665633
70430232
67637327
70423006
67627132
70416402
67624775
70410398
67606656
70394994
67603517
70392953
67600807
70395959
67608399
70394442
67596404
70386044
65439810
70360809
65367840
70356177
67561800
70356863
65521882
70343780
67552751
70339824
67553688
70322133
67540202
70328839
67530723
70327754
67534921
70315477
67508647
70312110
67512046
70320653
67501688
70302928
67499128
70301410
67486104
70272569
67477628
70278740
67479856
70265126
67473998
70268632
67469060
70260199
67449122
70256466
67451480
70251049
67439744
70240290
67437157
70223672
67434822
70244909
67424205
70212173
67404035
70229688
67402578
70217563
67386600
70204491
67392089
70183978
67366625
70185775
67349300
70186098
67334636
70172337
67332176
70149992
67311052
70132483
67312392
70141669
67302138
70118156
67313610
70140599
67314954
70128860
67320201
70120655
67307157
70114182
67306577
70135954
67287661
70103738
67286630
70099774
67283456
70083786
67277820
70054174
67268174
70047812
67273572
70022767
67261968
70013804
67264257
69990497
67264590
69975036
67255140
69968987
67236608
69953094
67234835
69944624
67241720
69938973
67212136
69916472
67213903
69901277
67190138
69895443
67172579
69891353
67179647
69883940
67170146
69871115
67164839
69869092
67162153
69855480
67142845
69849902
67135173
69826183
67136930
69824445
67124014
69827540
67131213
69814459
67129182
69802609
67123309
69829117
67109380
69797003
67097679
69786470
67081444
69766500
67071935
69763101
67068244
69755733
67051537
69738034
67045625
69722441
67030326
69709626
67035305
69702491
67024833
69702143
67020511
69694222
67009998
69684203
67001811
69679137
66981686
69664999
66972899
69660794
66973341
69652499
66957619
69653785
66958854
69631908
66953003
69649807
66931162
69641151
66928561
69625278
66922800
69604210
66919072
69606122
66919875
69592434
66912418
69590723
66902303
69569841
66894944
69563332
66878351
69550631
66865568
69537287
66869489
69501269
66860645
69504146
66841608
69489918
66849482
69477272
66830268
69477300
66820316
69475319
66815784
69456339
66805085
69426639
66794775
69435987
66776398
69366438
66779572
69404315
66781017
69380347
66771608
69393878
66764504
69372891
66741991
69357101
66768498
71784202
66755652
69352934
66764634
69340340
66763361
69340666
66754290
69331179
66747760
69349512
66741528
69311827
66719454
69293475
66730004
69282417
66711640
69246049
66719372
69266235
66726910
69250173
66703541
69228563
66694694
69204827
66676834
69200799
66677790
69186435
66668938
69172134
66653381
69182961
66651394
69177115
66642542
69159202
66636204
69145248
66620350
69147378
66616760
69136372
64129422
69110725
66609625
69105431
66603110
69094199
66599807
69079997
66588691
69064410
66596425
69050588
66623334
69041925
66603430
69022895
66598771
69021170
66545577
69023909
66552120
69022878
66671404
69005020
67250700
68981348
66525960
68964817
66514131
68958822
66511819
68945725
63946500
68938270
66788139
68919691
66483192
68901212
66835890
68888668
63923948
68901111
63911758
68900979
66496342
68893512
73917528
71508246
66480625
68874511
67014396
68873549
63883928
58874097
57704360
42654868
37630228
41434231
37631949
41433942
37655765
41428796
37672420
41413785
37637013
41425598
37685886
41416284
37703251
41407058
37713976
41392981
37692876
41387526
37688159
41368456
37688247
41356992
37675015
41350291
37703883
41330091
37714105
41321973
37724433
41312187
37774589
41289448
37779372
41276518
37816608
41262613
36250061
41248059
37819443
41244311
37818143
41236214
37855337
41235026
37868462
41232772
37869774
41219206
37848702
41203786
37839070
41182226
37859050
41191750
37869943
41179598
37911315
41174184
37891086
41165451
37879971
41164554
37889996
41163817
37884180
41154692
37906408
41154584
37904592
41140195
37959129
41130181
37947493
41122580
37992768
41103354
37996977
41103092
37982759
41095691
38006569
41065428
38083035
41061701
38053194
41049862
38055466
41034687
36025502
41026215
43348267
41016540
38100554
41010283
38125520
41007958
46003094
43086363
38101060
40993560
38107720
40993370
38120284
40989789
38137817
40983498
38153747
40979806
43313056
40974411
38135871
40968147
35958704
40970483
38143370
40945963
38179918
40931936
38192847
40951881
38219511
40926588
38222404
40920665
38225395
40916477
35899975
40901426
35890988
40890464
35889199
40892302
35874703
40881595
35868582
40877871
35871968
40871201
35855027
40863306
35858488
40856348
35838029
40872102
35857558
40853835
35842411
40837111
35826640
40831466
35816097
40815752
35804163
40815661
35797586
40804191
35789943
40787838
35774558
40786709
35771443
40773094
35764791
40769963
35756820
40751568
35743693
40755777
35737547
40736863
35719506
40722485
37999085
40723105
35709243
40701811
35682244
40689602
35679749
40683344
35678658
40676115
35667474
40665929
35652294
40655549
45658640
40646922
35638590
40641445
35635273
40636417
35626603
40641063
42904546
40630726
35612741
40608252
42884513
40612362
35602122
40611575
35603527
40607497
35598231
40597885
35587888
40590975
35586940
40586118
35572926
40566840
35558805
40557520
38149208
40557061
35554505
40549290
35536492
40543631
35538413
40531372
35523581
40528348
35520289
40523307
35513554
40515444
35508069
40503240
35485789
40492306
35494495
40489487
35480818
40498233
35488985
40487911
35474572
40480148
55494162
50500677
52688336
40467587
35435168
40440352
35430698
40441147
35428095
40419572
35414387
40413099
35409731
40410751
35409669
40406425
38483235
40403390
35385053
40391689
35382447
40392133
35390018
40397828
35386406
40387693
35371308
40380139
35371155
40363407
35354031
40347117
35343761
40347212
35342912
40336223
35328196
40329649
35320308
40331609
35335438
40335713
39116442
40325579
39089077
40319013
35311010
40318395
35322747
40325085
35314353
40317869
45317060
40313659
39139912
40323066
39167947
40317482
35317305
40316135
35307099
40317622
35320852
40332502
35322178
40321215
35319712
40322123
35310228
40318978
35317788
40322526
35315098
40331621
35322626
40347248
39257722
40335453
35333752
40336917
35318198
40326769
35318573
40328161
35321818
40325916
35317698
40313542
35310174
40318307
35323885
40318667
35325752
40324463
35317236
40321651
42316784
40319135
35324752
40311255
39382224
40308070
35309278
40304517
35310781
40313591
42270827
40322900
35319238
40332954
35320623
40317743
35309365
40305455
35300629
40298980
45304356
40297767
39462721
40318511
42224389
40321969
35311454
40307286
35310613
40319749
39473532
40314689
35306984
40319927
35321962
40315322
39535283
40321777
35308229
40318461
35316277
40324560
35306779
40305218
35316892
40314376
39602690
40317464
39598120
40309576
39586733
40319886
39593253
40322320
35323821
40319543
35316702
40316792
39640340
40333511
39652606
40333794
39748155
40325001
35312141
40315406
39752702
40327709
35319245
40324764
39826281
40342306
39842098
40337376
39829551
40321611
35311492
40318862
35310380
40303526
35310055
40308940
35323093
40324199
35328040
40325076
35323325
40297007
35324551
40321339
39824781
40313627
39808034
40312401
35300927
40295816
35311144
40309511
35314682
40320549
35308151
40312045
35306721
40306395
45318174
40322478
35314455
40322864
35323538
40331227
35324298
40331909
41861166
40331890
35323786
40320630
35320504
40329576
35319743
40327842
35311496
40310096
40019439
40309929
35314471
40313805
40042927
40325658
35318863
40326043
45336199
40328198
35325909
40338789
35329451
40314977
35313102
40322532
35308414
40314230
40114685
40319780
35304666
40314102
45322652
45141955
35313367
40306665
35314096
40325414
35312275
40317992
35310777
40308921
35310015
40308352
35306170
40307224
35322406
40313556
35321566
40317502
35307667
40302752
35304831
40308143
35314466
40329094
40414374
40320211
35314519
40328081
39870661
40323602
35319801
40318776
35320989
40319277
35299026
40295846
35316023
40317557
35321328
40317194
35310619
40309870
40490489
40320070
35311448
40315977
35313048
40326752
35317888
40319066
35317746
40321921
35315616
40315474
35319468
40315108
35326348
40329339
35323911
40312174
35311989
40309953
40530322
40310460
41427935
40311138
40573065
40319941
35325777
40323241
40597928
40319230
35310753
40328951
35312075
40309269
35301936
40296924
35316509
40322540
35312391
40316502
35303207
40300980
35308501
40309187
35311204
40310391
35314974
40311478
35313216
40313901
35312838
40321722
35310638
40324500
35318931
40320980
35320654
40331183
35324452
40322913
35308917
40311717
35314722
40316089
35320663
40326754
35314526
40312122
35321840
40329815
35319319
40324734
35310165
40318462
35307147
40321477
35316955
40319886
35315717
40319337
35315231
40320321
35319326
40322645
35317437
40324524
35321595
40319445
35309001
40313722
35306869
40309494
35310094
40316756
45316415
40318819
45312254
40311021
35300643
40305391
35314990
40321846
35314053
40314875
35317563
40308500
35311386
40302030
45326450
40320095
41276689
40304249
41706658
40305051
35324363
40336253
35320800
40314121
35323052
40325899
35315727
40317425
41252164
40311766
41288506
40312885
41279405
40315842
35304024
40303643
35319363
40314842
35305336
40307563
35305356
40304877
45302708
40299992
35320970
40319197
35308597
40309112
35316641
40327086
35315266
40311924
51411511
46430660
35308366
40307616
35318987
40329438
35311435
40301941
41403975
40307976
35323148
40328095
35317486
40323444
35316172
40323652
35315217
40319154
41461311
40307435
41897106
40309061
35303270
40297738
35302910
40312922
35302918
40304222
41453721
40312791
35309019
40310215
41478877
40306172
35314224
40305044
35309110
40310653
35314019
40316856
35309844
40317717
35312863
40319783
35318435
40313552
35322347
40324105
45322750
46633042
35307339
40322928
45320096
50364518
52148581
40335005
41734403
40311788
35315099
40317528
35313899
40305339
35304960
40310532
35319526
40317201
35328214
40323947
35311498
40310918
35329952
40323170
35323785
40321871
35316855
40313192
35307376
40314923
41750390
40304879
35321366
40319884
35310004
40309771
35306096
40303521
35299753
40304446
35299630
40312654
35304874
40309514
35306985
40301764
35306400
40307090
35298926
40295849
35303906
40305513
35316862
40316856
35312626
40305841
35313054
40318753
35316420
40321921
45320815
56954376
52377046
56943472
61429749
40333761
35306729
40305353
41960898
40322931
35312351
40317066
42425380
40322491
42412703
40351923
35349115
40365364
35359101
40357188
35359073
40373711
35376122
40382448
35378130
40383841
41463372
40385386
35376537
40376887
35368785
40382934
35371242
40376180
35375427
40378806
35366369
40394510
35384024
40376549
35366901
40384523
35362065
40369736
35363005
40363009
35343376
40353261
35346063
40348459
35336139
40336440
35324793
40328932
35311184
40311017
45330028
47095005
35315012
40306960
35319312
40323290
35314597
40310406
35314369
40312532
42597765
40321408
42125702
40313958
35311696
40303654
35321517
40326005
35309235
40312186
35311965
40311810
35307385
40310241
45323297
40324446
35314521
40314474
35321641
40320990
35314745
40318827
35305068
40308197
35307299
40315198
35315966
40309392
35318724
40320483
35314754
40329067
45321328
40314710
35328277
40325775
35313861
40320226
45303073
47295015
35298507
40301234
35310751
40310534
35303181
40301761
35307765
40311097
45299009
40288283
35316427
40336821
35316691
40323005
35300998
40317639
45312962
47427576
35315876
40309900
35304193
40310266
35313501
40312803
35312715
40309907
42482634
40300960
52614337
60361403
62130520
47680260
42644647
40308608
42614409
40304696
42591064
40307931
35316931
40321027
42677083
40324340
42664137
40308057
42648668
40319767
42182813
40327313
42700044
40309764
35310979
40304933
42697720
40317377
35311133
40318498
42750556
40330643
35324944
40338421
42805110
40339086
35326591
40334079
35324941
40337919
35335443
40333364
35323571
40317884
35312535
40309185
35314151
40308689
35298454
40299964
42904415
40306133
35313849
40321530
42910322
40314131
42903709
40305817
35312301
40324303
42862519
40313166
42902832
40331897
42942016
40312768
42948619
40319199
42954965
40307083
35325906
40332742
35325984
40327665
35329895
40339139
42963513
40353557
42996480
40342528
45335005
48054183
35326865
40323750
35312111
40308842
35325834
40329263
35306087
40323456
35316613
40321467
35314696
40325609
53058051
48076421
43120423
40318964
43110113
40325811
35310651
40310736
43128208
40309897
43115787
40307324
43129114
40316948
43130639
40320178
43105673
40325897
43090354
40316713
43107736
40307033
35305792
40305220
35322502
40317775
42720782
40328316
43249434
40327954
35310370
40319173
43715058
40322437
43299067
40318242
43289873
40324038
43321103
40319757
35316050
40322250
35306699
40312294
35305589
40308813
35321594
40325239
35315007
40335926
35321147
40324624
35310904
40319249
35316858
40324936
43414014
40333878
43365133
40313483
35328454
40318556
43354930
40308745
43375168
40315399
43386566
40331042
43391484
40323956
43456211
40323504
43417508
40330305
35316140
40322279
35319763
40321911
35310906
40320233
43496409
40313696
43489248
40303319
43472839
40313734
43489675
40306994
43521204
40311795
35310948
40312106
35315250
40310593
43488467
40313745
43540122
40309827
43584189
40308866
43607998
40322277
43634181
40316717
35316022
40315982
43689747
40316665
43678479
40304187
35316692
40316892
43681425
40314001
43714501
40315159
43670790
40329333
43689796
40324194
53767414
48745508
43757220
40313531
53803637
50385605
65376905
58294735
63361458
58898572
64201678
69209372
65343600
69194172
65327783
69187965
65365092
69169712
65329473
69169686
65320889
69157784
65333863
69156879
65331408
69176329
65330215
69192637
65326833
69201076
65328487
69205209
65336118
69199384
65329581
69184720
65360231
69173832
65317516
69183542
65323626
69178610
65328431
69171637
65325296
69194824
65338230
69191092
65335228
69228263
65326027
69238895
65318116
69266322
65326213
69282672
65330244
69298362
65340239
69293627
65329907
69288703
65319120
69306662
65318865
69305565
65329624
69344363
65333851
69357055
65320868
69346736
65335720
69335947
65331395
69359256
65334490
69378535
65319359
69391225
65327417
69389985
65330130
69385921
65329191
69395669
65315974
69436198
65336378
69491254
65321440
69494863
65321789
69490249
65329923
69540193
65324104
69530902
65338149
69522225
65324229
69502590
65335267
69526559
65329161
69512347
65327186
69533579
65311525
69562045
65330736
69572297
65316954
69569787
65330096
69596915
65288176
69597384
65326372
69598574
65308089
69568478
65343409
69574150
65311916
69590360
65330939
69577255
65297790
69590322
65330877
69585381
65297718
69589232
65332982
69593178
65296637
69586832
65328125
69630542
65297426
69649969
65308272
69688747
65305145
69694326
74704791
70391615
65355276
69712930
65353939
69730613
65344274
69721894
65371706
69715658
65358035
69762277
65358872
69737710
65324174
69746518
65342010
69744956
65310313
69734702
65323403
69724220
65298052
69696347
64703078
69696008
65329381
69674156
65341744
69665233
65297790
69649559
65318777
69649483
65303981
69639099
65311968
69637491
65297926
69629256
65337369
69611902
65306170
69595857
65315128
69629843
65310757
69589654
65336907
69573064
65309596
69570306
65336796
69570250
65303308
69553571
65324513
69530208
65307905
69527501
65333949
69513321
65299157
69503817
65330204
69507544
65316677
69500509
65322730
69507002
65302760
69498958
65321517
69492019
65302315
69477381
65328102
69470198
65303688
69469827
65323648
69455656
65312443
69447828
65327863
69433866
65312587
69403982
65322806
69419174
65289076
69415610
65308517
69392820
65296041
69379491
65324864
69371494
65297460
69364433
65327758
69367941
65301727
69349655
65313696
69331121
65309171
69306395
65312593
69307990
65309879
69282241
65310410
69265761
65314115
69265952
65319990
69253047
65309748
69246774
65319855
69216221
65311233
69213129
65330632
69202612
65314145
69182199
65325530
69195403
65305589
69177593
65320535
69184863
65305453
69178710
65328400
69172432
65316302
69159746
74161573
70336846
65317083
69135830
65337756
69142303
65312864
69117233
65341677
69113018
65304649
69108963
65326740
69096156
65303997
69091638
65325325
69085842
65477455
69093758
65315045
69095460
65297409
69067578
65314522
69065599
65324498
69064173
65328947
69039684
65338512
69041405
65357914
69028451
65366951
69005295
65363639
69005849
65344133
68996354
65338742
68974450
65328035
68973812
65318424
68963803
65712891
68952343
65332956
68958660
65325143
68945554
65323181
68939763
65331780
68942525
65336244
68936778
65332694
68926410
65334804
68921864
65332320
68924657
65338085
68907002
65319376
68904329
65321246
68891051
65323730
68875894
65353473
68857105
65328064
68849974
65343125
68847279
65326866
68831622
65331942
68819467
66014812
68815268
65991582
68790704
65332450
68784358
65330259
68760253
66010143
68755628
66052739
68742831
65331438
68734536
65312729
68727164
65325184
68717095
66193789
68714932
65802647
58696998
53697940
51375754
43695013
40321012
36457276
40320265
36451732
40309317
36038301
40311211
36509339
40306890
36014550
40298256
36551463
40317949
36047498
40306879
36593103
40303052
36576920
40304733
36609908
40312548
36615422
40306105
36630098
40312177
36605571
40313471
35313939
40321377
35307088
40313257
46634757
41698553
36748732
40327109
36754348
40323899
36753528
40317566
36777481
40303670
36778282
40325372
36772798
40317142
36816763
40305861
36783402
40313712
36816227
40304560
36327823
40319969
35308401
40300231
36807997
40316776
36807491
40323042
36856078
40313870
36822038
40318606
36878355
40328711
36873481
40317144
36882442
40323230
36988503
40312436
36980663
40310559
36983872
40325322
36950380
40339939
46984562
41462431
37041678
40332499
37031957
40331948
37021684
40354866
37022561
40371112
37015341
40380043
37017694
40390061
37049350
40396577
37045010
40408812
43228643
42085791
47080827
40420002
37098156
40420367
35418007
40417661
35392944
40399790
35389672
40391922
35384579
40384954
35374001
40369482
35372667
40375136
35356482
40366159
35348879
40360746
35343702
40345352
36701767
40338424
36721604
40329348
35317329
40305946
37299354
40311028
36787332
40319183
35311407
40311348
35312725
40315890
35308042
40312612
37365576
40324205
37347183
40320029
37339920
40326789
37350020
40306797
37338548
40324224
37338276
40315735
37356273
40319157
35310148
40318018
35305653
40307995
37437711
40309682
37451237
40340343
37427746
40318433
37436023
40313866
35324137
40305311
57011606
40332933
35326950
40329957
37505161
40322773
37516290
40310704
37568703
40327165
37595873
40322929
37622059
40316846
37612327
40320297
37595739
40318493
37083862
40323653
35309595
40303530
35297430
40299356
37601153
40310329
37136841
40304692
35309747
40310588
37659193
40319201
37686647
40305729
35318670
40323399
37700265
40319635
37703019
40315401
37734081
40339779
37710247
40318635
37760449
40309486
37796918
40309237
37777555
40315124
45312531
40316819
55329955
42323357
45326993
60343559
55339434
40334579
37343486
40313797
37374420
40302480
37388294
40317004
57970481
42441702
37422212
40315408
47425093
42453057
37453511
40322142
37453527
40303602
37447255
40321238
37454834
40313995
37499338
40320442
37486641
40305383
37524625
40312435
38048145
40309083
37521494
40325734
42470253
40331218
37569468
40315927
38126790
40306381
37572313
40317620
37580945
40316208
37561771
40305507
37538867
40293031
37555310
40270884
37582926
40319429
37610617
40310597
37629988
40307192
47669752
42675864
37680215
40303788
37702358
40301387
37681771
40313852
38246401
40312894
37712678
40313169
37721968
40313797
37706497
40321245
37700054
40317873
37722364
40297265
38297169
40318374
38273667
40309436
38276225
40302544
38319138
40311873
37818332
40314709
37818584
40302054
42142013
40317961
37855148
40311151
38349924
40307576
37851700
40307402
37861928
40319117
37884328
42997950
38017376
40339322
38799452
40342288
38071630
40342181
38081461
40362356
38084136
40376833
42063167
40372599
38128592
40360913
38127912
40343778
38131865
40341589
38139517
40345551
35347903
40351954
38150632
40324207
38138553
40317664
46192221
