41179032
42673151
37660946
42645062
37630527
42613807
37603042
42586783
37580272
42580618
37571362
42564242
37550432
42538615
37532894
42511345
37499827
42476587
53678277
47145112
37451001
42441926
37438478
42425994
37416291
42405136
37386767
42376640
37372427
42363120
37354805
42340184
37327878
42319478
37313909
42289981
37275937
42260070
37247621
42241002
37227990
42230114
37209477
42210842
37195241
42181941
37175279
42169619
37155675
42140597
37128108
42124236
37119922
42106987
37089648
42074725
37053038
42047643
37041980
42036203
37026340
42017594
36998418
41993002
41684463
41983692
36969378
41963705
36954446
41933822
36929273
41926720
36918882
41908667
36900472
41877965
36865772
41853720
36845798
41826668
40818005
41804348
36797435
41785888
36783151
41774284
36759488
41750775
36741994
41741361
36726767
41715718
40689036
41697888
36689682
41676679
36668371
41670983
40654769
41654996
40624147
41642582
36673781
41701158
36632129
41620468
36603826
41579434
36603609
41582358
36641288
41598425
36567669
41525406
36550225
41557873
36531529
41468882
36453367
41459814
36456955
41466770
36427090
41401402
36395462
41406639
36395821
41373818
36338833
41316059
40871575
41323617
36317570
41284243
36264026
41252014
40796688
41212601
36207066
41191058
39961569
41199826
36188759
41176452
36139724
41116759
36159205
41147453
40613343
41128398
36118058
45613837
50577336
41069683
36041879
41017285
36033120
41018586
36013394
41007728
45977387
40956598
35948839
40962643
35935668
40918068
35905942
40946396
35938056
40940103
35924023
40911217
35909701
40896493
35884764
40903983
35886702
40855550
35858394
40891617
35872292
40829364
35791342
40805749
35810659
40788110
35779783
40748058
41344055
40718750
35698737
40680034
35667414
40706469
35707811
40718993
35725524
40722797
35706890
40707369
35710144
40687993
35696087
40707509
35691106
40673615
35673361
40690759
35693669
40689338
35685267
40668100
35651043
40652164
35611621
40585484
35565806
40550842
35532911
40515258
35531170
40538919
35523755
40528404
35519701
40533802
35537806
40548110
35546042
40558196
35542485
40575951
35578217
40550262
35551796
40561505
35521134
40504213
35495855
40476815
35460949
40488315
35489592
40494481
35476765
40479012
35474532
40452675
35438148
40416498
35401776
40406303
35404564
40386025
35375319
40356771
35320410
40320089
35347557
40305092
35294918
40277658
35295689
40323353
35331612
40312666
35301550
40287218
35316533
40314052
35295026
40269646
35288181
40272044
35333344
40291171
35286504
40262223
35295674
40314949
35392811
40345411
35340005
40316260
35339160
40314826
35339358
40295866
35292300
40269664
35342218
40346523
35318613
40299293
35280016
40298406
35337761
40301581
35294885
40274881
35299302
40318024
35340671
40303807
35297597
40282164
35289351
40317620
35345867
40301721
35296199
40274174
35313660
40310713
35315437
40290989
35287451
40296964
35352531
40343922
35306087
40292489
35278175
40305479
45296239
40228660
45222586
40202638
45183675
40193258
45188349
40137152
45130672
40119668
45150942
40134540
45121073
40080087
45065803
40045069
45038979
40092132
45096848
40034657
45001211
39976382
45004030
39987882
45004366
39997077
44987965
39978045
44942409
39928790
44911485
39880900
44879508
39895572
44891328
39876796
44876858
39842282
44814075
39790629
44788282
39764178
44759300
39736963
44772931
39696361
44698989
39676219
44663627
39648058
44666564
39667236
44658820
39636081
44603045
39606826
44605162
39578869
44578397
39567239
44544780
39543171
44541408
39519335
44529497
39505322
44502711
39475017
44476944
39452407
44473524
39427342
44446052
40967940
44408442
39385387
44385074
39334083
44354870
39345545
44338798
39324231
44296993
39293065
44287298
39264810
44275905
39258771
44254181
39266767
44271016
39247171
44223830
39211894
44218307
40532929
44182535
39157629
44165812
39121414
44130769
41342816
44107989
41312427
44107729
39060331
44078310
39067115
44087430
39076418
44026475
39026071
44062214
39050939
44026206
39031144
44002042
39018624
44014174
39001454
44014025
38991686
43972848
41001825
43965773
38949710
43961817
38928713
43938533
38926544
43920997
38902825
43901672
38848229
43869772
38873994
43875415
38865593
43838284
38846647
43840465
38822396
43845527
38830268
43800484
38779058
43824384
38810395
43774195
38750119
43735704
38731183
43742804
38727957
43687145
38661370
43646830
38687891
43697536
38670669
43625135
38618376
43655061
38631382
43633099
38630672
43577564
38567028
43608565
40357926
43574321
38525744
43512038
38488435
43531450
38511533
43531955
38476646
43466420
38474733
43490095
40205089
43456211
38443808
43425821
38404699
43380045
38358742
43354322
38335828
43342366
38297744
43289331
39109690
43273447
39071916
43298189
38245088
43226060
39000926
43193090
38198896
43159613
38145922
43135936
38113917
43095145
38881360
43055985
38036646
43034858
38783408
43040768
38742175
42984798
37960662
42947273
37942021
42961841
37931764
42921846
38623254
42867085
38583520
42884840
37839767
42835935
37783255
42776714
38468174
42771415
37748112
42739315
38412924
42715135
38378773
42750023
38375255
42716068
38335449
42739180
38337288
42677466
38322310
42647643
37630669
42630043
37588795
42599749
37576696
42567948
38188244
42587336
38148841
42500536
37477370
42511870
37494363
42473578
38072575
42438051
38034338
42434199
37999869
42353797
37974663
42327043
37950390
42326683
37311404
42270944
37237715
42265976
38673120
42245513
37813338
42196602
37181026
42216905
37195915
42188120
37778087
42135081
38493061
42164022
37744540
42118337
38462179
42093753
37682989
42118393
37674616
42080786
37641592
42042575
37630392
42057621
37036200
42002037
37606960
42016424
37561501
42002213
37507183
41947103
37572507
41958707
37568836
41959593
37518221
41898010
37494683
41907268
37475841
41879814
37440808
41844246
37410336
41837823
37408588
41785178
37386122
41769665
37365592
41778108
37296235
41714429
37291569
41707357
37240214
41692867
37295179
41639232
37234378
41634457
37232472
41597232
37210758
41558594
37182944
41552457
37154195
41523248
37117916
41487766
37101757
41516358
37111220
41461652
37058427
41434541
37004792
41440203
37008251
41381413
36977781
41377512
36930840
41387747
36943445
41337421
36919138
41318908
36888627
41277518
36855758
41252228
36855800
41236760
36853207
41192270
36810045
41165357
36736685
41201697
36751560
41126239
36712804
41091719
36695763
41099878
36683938
41054827
46680181
41699154
36648663
41050705
36614930
41006416
36623149
41007978
35996091
40976131
46639490
42192567
46606284
40931952
45928332
40884596
36541467
40859232
35861048
40858929
36559198
40800488
35780242
40759389
35754299
40761112
35739211
40729695
36531056
40726889
35698488
40714154
35657919
40642178
45621135
50659411
57518642
52574754
47554831
50587227
47551334
40556368
35533152
40502023
35474864
40468102
36981619
40485320
45448127
50474434
47561882
40409727
35428509
40422001
35364917
40376191
35353304
40400324
35378764
40369433
35315861
40312414
35289926
40311432
35352080
40323582
35295459
40279417
45321644
50395622
47353919
50348834
47404991
40274032
35320592
40323894
35333962
40342691
35352921
40329399
35339117
40351795
35305605
40291907
35277273
40312582
35349668
40357060
35335356
40343554
45306540
50351893
46643788
40315049
35338542
40385271
35366220
40397409
35412890
40398736
35378082
40391327
35368065
40391266
35415044
40387232
35369458
40335605
35303223
40342130
35330155
40323755
35343831
40333796
35345637
40347789
35341474
40339982
35369193
40377756
35354173
40353844
45357355
40359966
45365615
50382690
57221461
52218188
47218441
50404354
47226914
40343366
35360735
40343483
35343229
40334968
35367734
40336627
35362696
40350068
35366094
40372161
45358516
50398311
46701332
50397022
46703922
40334414
35296278
40290747
35284815
40276457
45328247
51118115
57211723
42238289
37210953
40301292
35321592
40322896
45361574
50413266
57231085
52224663
56802908
40399988
35372542
40327330
35311130
40357170
35337718
40341024
35337912
40329187
35352886
40370213
35389116
40392993
35336427
40355330
35398109
40389064
35385733
40370185
35329099
40355133
35411191
40421900
35406951
40365266
35341842
40386011
35393440
40393788
35380723
40341305
45384200
50461927
56724572
60419112
57207047
51673052
46679820
50452894
46684133
40400944
35353225
40380777
35419613
40405244
36665537
40375893
35353816
40377234
35363110
40354487
35331327
40289273
45313744
42165122
46611083
50907896
45272558
40244851
45261993
40251048
45251724
50204844
45234881
40198006
45225497
40239075
45233682
40204705
45172419
40191505
45194194
40182016
45179468
40132916
45114128
40121587
45095049
40080062
45046311
40038234
45043509
40031881
45020921
40010641
44976241
39962925
44978709
39969849
44956588
61259328
44927856
39884007
44907868
39907993
44928222
39866963
44848072
39855643
44835804
41052243
44865489
39807863
44826500
41058576
44849297
39833028
44798291
39785304
44818443
41028034
44816103
39814766
44815314
39814277
44815477
49804189
44759332
39756866
44753813
39748393
46009194
51020049
44731410
39705629
44691141
39690110
44724500
39709962
44711387
39665242
44645759
39636358
44606905
39590274
44624929
39600365
44600856
39618068
44630012
39620679
44601283
39601989
44574522
39582881
44571843
39570282
44545870
39524963
44515363
40695180
44514768
39495540
44484201
39470980
44492810
39449182
44437120
39422962
44416650
39385428
44396964
39404978
44389367
39370807
44367932
39361541
44339586
39332337
44315654
39342091
44321146
39277045
44267291
39253581
44239217
40529145
44266173
40589996
44255638
39261263
44269377
39274681
44194335
39207925
44182720
39181615
44152208
49215040
44177078
39181154
44186144
39170750
44137078
39122650
44110639
39096247
44083930
39074069
44109940
39097737
44092169
39092648
44097128
39054947
44046314
39031079
43993574
50778826
44037068
39027092
44036733
39037681
44022373
38980210
44028945
39020122
44035949
39019884
44029837
38964122
43980513
40185735
43953028
38942498
43943029
38948361
43953808
38943608
43935988
48940884
53926375
50676098
53887694
50659821
43877172
40140356
43826458
38817418
43805430
40075386
43823953
40045802
43751733
40027194
43738566
39992577
43761708
39960044
43703926
39951602
43678258
38698112
43680258
39887135
43663513
39875812
43644094
39866978
43601813
38590913
43572557
38573236
43616627
39812109
43536399
39789491
43516245
38506406
43517203
38515379
43498330
38481193
43488263
39661471
44637789
38421942
43387711
39620342
43378179
39609292
43357549
38338188
43347589
39576720
43287658
38266054
43243950
39504839
43262031
39536337
43204880
39492353
43161357
39464134
43165490
39427468
43111099
39398479
43100691
39350051
43043742
38031640
43012996
39284281
43012930
39249427
42971227
39223426
42937259
39196182
42943252
39155012
42896571
37885122
42867146
39141672
42900221
39100235
42880591
37887964
42888140
39055006
42815365
37825774
42778613
39042249
42742614
38995074
42705884
37685521
42669903
38949577
42643803
38911723
42626529
37608004
42594935
38869213
42581964
38832576
42548394
37533285
42511285
38719571
42500500
37457073
42465363
37507717
42458650
38690319
42417026
37458708
42430010
38628670
42437700
38641560
42360392
38606655
42391701
38567059
42388416
38544475
42367942
37355860
42342652
37329497
42297961
37270288
42288211
37272586
42261564
38450136
42240878
38510078
42223628
37209535
42207439
37193288
42154816
38419916
42167593
37170882
42164434
37156300
42110584
38360963
42105752
38339525
42079522
37081057
42104217
38269929
42096897
37042763
42038095
38359259
42004358
36983975
41963303
36980818
41987150
37006000
41991446
36997697
41978800
36957154
41952718
36930688
41964032
36962609
41979568
36992026
41952762
38343038
41925394
38324250
41933108
38326291
41885871
36870274
41876989
36871166
41863940
36820134
41797650
36782915
41804353
38259120
41814400
36790214
41796726
36778569
41764845
36762331
41759962
36755060
41748760
36757834
41694960
36688728
41676437
38193744
41692489
38177770
41684336
38183718
41606731
36594579
41632651
38159669
41571045
38132204
41548390
38113800
41566587
36522353
41518168
38037377
41480815
38018545
41519844
37982160
41444543
36434906
41418556
37928995
41422804
46470415
42873843
37860607
41452081
36443540
41379701
36331018
41368986
36350710
41345196
36341157
41300994
36288741
41258880
36252037
41289111
36258581
41242367
36237182
41207631
36247576
41257675
36195545
41177923
36160095
41151329
36174894
41131033
36113177
41103611
36080856
41115113
36094402
41021331
36028210
41004217
35991937
41021482
36008023
40954501
35934555
40914173
35894779
40938861
35882122
40875796
35862662
40838577
35870869
40871242
35816564
40797734
35792444
40774475
35812454
40756960
35760076
40737684
35713016
40741762
35720584
40669782
35662246
40645780
35628936
40667658
35657765
40601315
35587538
40560699
35548331
40590775
35525882
40519681
35510342
40505677
35517722
40536922
35461113
40455532
35433469
40416257
35436200
40417663
36746500
40382131
35372875
40383560
35408565
40359604
35339866
40323736
35328819
40369731
45325229
40279327
45285198
41596046
45276667
40272244
45264770
40254940
45261733
40263141
45272949
40269090
45266693
40255580
45278138
41515256
45272098
40288389
45265939
40282225
45263486
40257268
45261481
41482441
45239974
40225825
45209643
40165625
45154674
40134399
45169974
40146192
45097819
40084112
45077660
41370580
45097296
40067507
45015781
39996347
44964312
39966311
45007849
41284781
44965130
39957586
44970974
39908033
44891795
39885218
44870038
39848037
44885646
39878084
44868124
39857878
44863835
39843807
44819524
39799846
44784499
39756670
44784186
39772006
44771937
39755200
44769006
39743384
44710723
40999959
44684163
40990755
44647300
39657111
44655958
39643545
44633656
39610174
44607731
39562539
44553353
39529396
44511966
39489756
44513780
39487854
44485566
39463668
44463027
39435454
44402805
39373715
44371304
39345089
44345744
39361144
44348354
39323342
44325651
39305606
44273693
39255618
44239988
39215476
44198573
39165823
44180486
39166754
44176507
39161812
44183670
39145059
44134342
39112413
44093432
39071281
44124965
39100759
44093892
50368738
44104330
40368731
44046239
39027478
44012430
38992954
43990002
38997287
44000275
38998287
44002644
40182518
43961847
38941079
43934818
39562754
43912402
38891838
43910206
38893385
43882275
38866194
43882353
38836945
43835295
38810256
43805331
38782319
43784233
38773197
43779298
38749842
43736251
38717398
43729535
38721793
43731834
38716109
43721510
40019971
43688726
38675821
43686348
38705354
43641689
38650828
43616263
38623726
43656649
39884643
43639482
48662517
43647343
38629146
43658452
38642879
43604097
38617189
43599599
38566757
43567658
38599343
43579534
48582339
53624345
50268799
53655656
49804501
53579834
60241646
55273675
59793335
43507126
38438373
43455505
38439355
43426745
38397248
43359257
38334578
43381211
39636566
43347550
38301894
43292949
38270577
43294143
39548006
43290188
38250331
43244488
39485447
43266063
39490547
43239866
38221824
43218473
38204711
43214057
38195047
43165826
38135871
43160268
38147813
43153047
38146242
43099090
38096571
43087715
38060841
43070153
39299584
43061175
38040015
43054304
38034985
43039897
39193678
43009089
37991362
42988840
37984764
42959521
38584046
42967936
37956173
42959504
37942477
42905521
37910510
42923324
37893361
42895464
39129355
42825732
39122620
42850871
37865101
42847128
37818574
42844257
39113380
42808510
37774793
42764676
37716532
42753772
39018100
42722692
37715363
42697173
37675693
42694781
38920830
42662179
37646066
42616663
38904514
42639376
37614060
42648762
37603561
42582652
38841410
42618592
38809217
42608898
38826347
42583799
37572277
42568929
37546912
42517188
37496712
42532504
37511967
42529951
37508604
42467871
37419249
42469522
37455509
42408710
37376427
42369510
37382824
42411056
38671112
42326481
37306375
42297009
37304607
42290284
38535243
42246449
37982254
42234452
37219417
42213880
37204518
42158800
37143266
42170059
37162192
42163073
37124607
42121267
37100353
42105840
37122500
42124601
38370481
42097403
37086462
42086113
38320874
42011860
36979890
42014725
37005072
41990972
36979414
41964530
36978978
41955467
36957514
41943831
38178443
41888508
38158786
41897246
38120193
41891470
36837138
41865871
36847207
41855234
36846247
41857107
36805622
41812881
48081615
41816015
36794956
41763878
36732723
41756732
37986626
41746799
36742189
41706172
37347638
41695880
36677608
41680192
36666105
41639093
36631038
41623086
36609965
41617343
37872623
41603042
36585765
41574641
36540813
41554942
36534910
41525966
36536191
41529621
36540146
41566086
36556539
41555680
36513913
41526544
36537951
41500413
36492882
41496467
36484662
41489962
36445068
41435940
36403702
41393883
36376758
41405538
36399221
41364556
36341360
41360163
36361676
41338697
36311403
41302734
36278234
41267171
36250687
41260934
36238280
41232773
36214906
41182923
36155107
42402305
46823852
41115211
36788147
41117871
36116912
41117886
36091372
41088767
36052928
41047767
36025428
41020522
35988620
40975432
35996741
40996740
35988468
41005142
35990889
40943245
35915183
40912495
35889940
40881967
35927623
40915983
35906218
40908061
35892120
40854794
35825950
40823265
35800681
40786114
35760640
40794334
35776147
40780722
35765037
40770786
35722066
40716701
35684211
40671682
35647122
40630129
35662702
40673722
35674640
40632030
47483812
40620616
35601472
40585499
35561703
40556724
35509906
40536693
35521536
40524267
35493593
40470214
35497909
40485498
45466075
41119931
35440357
40406340
35421377
40431232
35411481
40416180
35368343
40408783
35390566
40400611
35399307
40421696
35394186
40442885
35434599
40435574
35418546
40350302
35338032
40404647
35417252
40402471
35339963
40322975
35948598
40326694
45362466
40316729
45303855
40328400
45344600
50405512
47076703
62045157
57039458
52059562
37116044
40351273
45319057
50352234
47106736
40305972
35994837
40327976
45369127
40352625
45359121
40354388
35352016
40385409
35388752
40386305
45410212
50417845
46539068
40316433
35319479
40371314
45360431
50432900
46548237
50404351
46497134
50393276
46486760
50383099
46544085
50399358
57077508
52028063
47015615
50350630
46512350
50399233
56996303
61967999
56951032
61923402
56912149
61890347
56878136
61853799
56857858
61862034
56836134
61849129
56793354
61791258
56764123
61755041
56739418
61718327
56670806
61691194
56661139
61649035
56643203
61634274
56601470
61583747
56560305
61535627
56498492
61498084
56483967
61453812
76101066
61430457
66415158
61564319
66381141
70385971
66321011
70375471
66287744
70350348
66284059
70368481
66245257
70364774
66186461
70353902
66147404
70374522
66698510
60369869
76629211
71081077
75467107
70421790
66009613
70369850
65979588
70393242
65929910
70922676
75479783
70399645
65853757
70406996
65797175
70324278
65764114
70322552
65721352
70385173
65689248
70396103
65330961
60642697
65363940
60620243
65283698
60603552
65315868
60571804
65300398
60523617
65288804
60505246
65293718
60472492
65319325
60433698
65288213
60419255
65357095
60375513
65344725
70353522
75326506
81065672
75414764
70356572
65201430
70264164
65170244
70265236
65139051
70292158
65100429
70327065
65078142
70298814
65056400
70331059
65040434
70310729
64994785
70291435
64972306
70280497
64929731
70280059
64921121
70240305
64901311
70246270
64864589
70209588
64826747
70176555
64816966
70273252
64789897
70213115
64759217
70233642
64701002
70270125
56429549
61551956
45260025
40182139
45224484
41464900
45121810
40117357
45091961
40053233
45097228
40084038
45032748
41330446
44996975
41302387
45004082
41302116
44949018
39934056
44918317
41235207
44937647
41241131
44916130
39929475
44851176
41169966
44830505
39818200
44800096
39790335
44829493
39821105
44815950
39817393
44821528
39762014
44767391
39748331
44734602
39724108
44733521
39731625
44739069
39725815
44745209
39751448
44736794
39696347
44665348
39657066
44641088
39636018
44623395
39622273
44611412
39603619
44593804
39579404
44564617
39558547
44540441
39517245
44504936
39491159
44474291
39463441
44443563
39433517
44423663
39417951
44413762
39391603
44375444
39364443
44348191
39316881
44323114
39308011
44299766
39293259
44284837
39281649
44271544
39266876
44257737
39238871
44230486
40513114
44207342
39195715
44182534
39189572
44164183
39154221
44135667
40441575
44122432
40418431
44096992
39085791
44067859
40391136
44047740
39022033
44037232
39027389
44015452
40325896
43990324
40341343
43968376
38956682
43950385
38935167
43933038
40262192
43924541
38914801
43908669
38906434
43889676
38877066
43870640
38861370
43853408
38841703
43829349
40125828
43805543
40121344
43773060
38753264
43744831
38726051
43715975
38715269
43699287
38689368
43674065
38665110
43654016
38640195
43635613
40011687
43601884
39966072
43588506
38579071
43561868
38547699
43540464
38528767
43518306
38506326
43494660
38488020
43472516
38461662
43452632
38452532
43443411
39772532
43421998
38414185
43400246
39731526
43389063
39686356
43367755
38356932
43336403
39658507
43328717
38316732
43310864
38297832
43302180
38294030
43285583
38291153
43265612
38257470
43245941
38236572
43233443
39519499
43217673
38213410
43206287
38194292
43189621
38182102
43161223
38162221
43155594
38756906
43134865
38122485
43111650
38101477
43090680
38079338
43064367
38061323
43045096
38043044
43025420
39293262
43018532
38013757
43008864
39250031
42993615
37981707
42977513
39228821
42942425
37937709
42927568
39146891
42889952
39140812
42874640
39176684
42837855
37819202
42812367
39094019
42783202
37773863
42759791
39065667
42739505
37731119
42711392
39028625
42686741
37664105
42644369
37640253
42619345
37605719
42590993
38924348
42573103
37561869
42540509
37526331
42515559
38886724
42502114
38840412
42498278
38800624
42481403
38812299
42462678
38794238
42449254
38798388
42431624
37395497
42437681
38730081
42388814
38677551
42387663
38714852
42376494
37375486
42369380
38683631
42364055
37346206
42343516
37331372
42313979
37302081
42300276
38630978
42266841
38617766
42256289
37236263
42223262
38566784
42213929
38553639
42187591
38522466
42160909
38507650
42149280
37137950
42128496
38474393
42109596
38455187
42077051
37071189
42065971
37024440
42039989
38403169
42010591
38370880
41993747
38354713
41974175
36946439
41960372
38299237
41931209
36922776
41909991
36908656
41905558
38237171
41880820
38229697
41871583
36866269
41856438
38172452
41836390
38133647
41819677
38107383
41788452
36780358
41771441
38096464
41759698
36756983
41745108
36744612
41739070
38031158
41711700
36710179
41698906
37975977
41677280
37954467
41662255
37952544
41637628
36631404
41614778
36609452
41596340
36583902
41577065
36566177
41556946
37871208
41531821
36518428
41497609
37821065
41497119
36476834
41462525
37791157
41448207
36433786
41430646
37731017
41401109
36396981
41387877
37685891
41376062
36357174
41356006
37642237
41332585
36321494
41311381
37605101
41284317
36270065
41253013
37586589
41232989
36213726
41194310
37541765
41174042
36167405
41156272
37496903
41124561
36119198
41112364
37473592
41090187
36073312
41059155
37434730
41032424
36023077
41015436
36005764
40989367
37381041
40946875
35948465
40942128
35923576
40907755
37308456
40884088
37295272
40868171
35863774
40845928
35839862
40827386
36578942
40807773
37203786
40780556
37182774
40772462
37162051
40740709
37135972
40728496
35719204
40716337
37093284
40694334
35687906
40672385
37083451
40658183
37066830
40630572
37049753
40608354
35607180
40589439
37008494
40565815
36983239
40539782
36967944
40511527
35494150
40489584
36928614
40478903
36915364
40454670
36899979
40430298
35432403
40420496
36833407
40392546
36791002
40370327
36791203
40341315
36776134
40345206
36750975
40338580
36736044
40334426
36714587
40346621
35343932
40330953
35355225
40355336
36632618
40355888
36639798
40344651
35353792
40346072
36615410
40341310
36640366
40357918
35358706
40358689
36611450
40334832
35353726
40337785
36545830
40341176
35351640
40344739
35362911
40343996
36592408
40337491
36620147
40340681
36588350
40345407
35356296
40340578
36584467
40321971
45366768
40346518
36556943
40317461
36562150
40298638
45287440
40274446
45261749
41553746
45240176
41522703
45218597
41507106
45206581
41489439
45190761
41474159
45148942
41467956
45123806
41433268
45095154
41433017
45053655
40059854
45056615
41420931
45046135
41396942
45037445
41359191
44987485
41333678
44962922
41272700
44946203
39920248
44912502
41211015
44896438
41227950
44861004
39855091
44845290
41179597
44813331
39788061
44787044
39769894
44769482
39754572
44759538
39734347
44737273
41053586
44719530
41020534
44681001
39668307
44658089
40986235
44638627
40983699
44621993
39604455
44602673
39586552
44556949
40931148
44559542
40904964
44528505
39509380
44519566
39500018
44490556
40829776
44475626
40828804
44464789
40814387
44437476
40788835
44418971
40763704
44402595
40760190
44396801
40733883
44377486
40707802
44362082
40697632
44335754
40666203
44341005
40676297
44320808
40671500
44296687
39279854
44272761
40631937
44259443
40614154
44242619
40599598
44225420
40572559
44200506
40550158
44172222
40521656
44164032
39158090
44148342
40465173
44122717
40459974
44098774
40424904
44085245
39068998
44068650
40372973
44050005
40357198
44028221
40345408
44007049
38995311
43987083
40278758
43979173
38958361
43953156
40257304
43932379
40248967
43915639
38887402
43881949
38869784
43855457
40200418
43842324
38828489
43823742
40156846
43801504
40157459
43767798
40126220
43757146
40106975
43731871
38712672
43710592
38695262
43685957
40059830
43664382
40038910
43619656
40008357
43622096
39979574
43583091
39945376
43570832
39930456
43540499
39893883
43516052
39895712
43500607
39862757
43487626
39835163
43467282
39811937
43461713
39794263
43442324
39768338
43411760
39765771
43413381
38402724
43394313
39702458
43370697
39681746
43344868
39678909
43312057
39639115
43281880
38268753
43257462
39575369
43246880
39550610
43222928
39533339
43184195
39492015
43151519
38136598
43139014
39467890
43111150
39408780
43080081
39386515
43051960
39374915
43046244
39316387
43026381
39327263
43004606
37990907
42991193
39307620
42964491
37947313
42944365
37931339
42927765
37918611
42907512
39215388
42875192
37856263
42854077
37831870
42823729
39166331
42806245
47794571
42772469
37752611
42748375
39102194
42715313
37699780
42691727
37681236
42663876
39071166
42644953
39066947
42619437
37605775
42586923
39005923
42594975
39002277
42550336
38952925
42551876
38956286
42529442
38915009
42508437
38902647
42483578
38885091
42473001
38850130
42454951
37430129
42433986
38821661
42401695
38796083
42383176
37364035
42361154
38782312
42350966
38752800
42335862
37285360
42325669
38675028
42314777
38656976
42304948
38639932
42279823
38601507
42261005
38618278
42253904
37237620
42226428
38570818
42207933
38534160
42199612
38522942
42180947
38515700
42158692
38484480
42138380
37115772
42116674
37094312
42079087
37070318
42069150
37060498
42062036
38405262
42033356
37009905
42013999
37003208
41990660
36979886
41967540
38315983
41947687
38287648
41930568
38261162
41900934
38253309
41881012
38250951
41872637
38216339
41847014
38195225
41827283
38163230
41806207
38134542
41776443
38116052
41747572
38107319
41721595
38077003
41688879
36683829
41669890
38027097
41651058
36629580
41622338
36606901
41593786
37939034
41576127
37928383
41547052
36548275
41533762
37865007
41494971
37852272
41476242
37833262
41458481
37791994
41427057
36412145
41405985
37741203
41382334
36365580
41358734
37670590
41332068
37652256
41304519
37650114
41282180
37623440
41252125
36237513
41237434
37583924
41211865
36194508
41189951
37514613
41185601
37529011
41165108
37483648
41149863
37478081
41122495
37446305
41097101
37436279
41090890
46077126
41074580
36054376
41044771
36031876
41023446
37350818
41013257
35977368
40985517
35969199
40964987
35933867
40953095
37262950
40921658
37285792
40897604
35884558
40885518
37244703
40878639
37224058
40863749
35838313
40830147
37187935
40808773
35790448
40783278
37141098
40778741
37126371
40753309
35749042
40737585
37076977
40699921
35685916
40676829
47039673
42037934
37000753
40624713
36988134
40599288
35582794
40573679
36930518
40559736
35545667
40544884
36891696
40522610
35517089
40503221
45502798
41866952
36806179
40455950
36787511
40436804
36765875
40422295
36751763
41744786
46731649
51737946
56102665
51716718
55406282
41688276
36682483
40334301
36636546
41638481
36621077
40350970
36635257
40351450
35347607
40336523
36635439
40366504
35349520
40343406
35355906
40351292
35350845
40341154
35358042
40349798
36622040
40338574
36664640
40323951
36651374
40345413
35338550
40323271
36605056
40330776
36591673
40346003
36577636
40330073
36549340
40334096
35342997
40344384
35351772
40349334
36602892
40363161
36575649
40342714
35350161
40343434
36558847
40346629
45368327
41551452
36555814
40347895
35356996
40343926
36556789
40364085
35354590
40348647
36581584
40354067
35352351
40344813
36609398
40342770
36593870
40347622
36607125
40336671
36608027
40338927
36607598
40346434
35353707
40348147
36564949
40352290
36561063
40346832
35351606
40343641
36560576
40337889
36610862
40344734
36596943
40357221
36588366
40328540
35349757
40342019
35348987
40347076
35363805
40357562
36593374
40339797
36617558
40352154
35360381
40350371
35358739
40355028
35361121
40348520
35347382
40338719
35351743
40340784
36652903
40332479
35360315
40343522
36613741
40354825
36605087
40350258
35352733
40349205
36621845
40346647
36597213
40344521
35348597
40353863
36536392
40345709
36552827
40344116
36601676
40356562
35356644
40360667
36586101
40334608
36574503
40350531
36585335
40351278
36610326
40363518
36588726
40340557
35360803
40366365
35349091
40343233
35362898
40359649
35352958
40343095
35348671
40346199
36621862
40361988
35352851
40346271
35349512
40339587
36608983
40335701
36581165
40343064
36577532
40343790
35354034
40346423
36608862
40346976
36562876
40336909
36539159
40358707
36607110
40327047
35348359
40335377
36582963
40343071
36601538
40327219
36580987
40340570
36553260
40351278
36637438
40352471
36616501
40348338
35349478
40340243
35357311
40344139
35350835
40348040
36588326
40347878
36577226
40335811
36565886
40339254
35354774
40342324
35350627
40349392
45346873
40333574
36601478
40308608
35295188
40284622
45269691
41577407
45249177
40247666
45240134
40240238
45229490
41576002
45215258
41566416
45197718
40185163
45181484
41531418
45157409
41507038
45138158
41478636
45122421
40116070
45111158
41438720
45088428
40090933
45071276
41385789
45046880
40037690
45028065
41379645
45006765
41355431
44991977
41344960
44976417
41304796
44955092
41306348
44925483
39914749
44905699
39892515
44889561
39883143
44874337
39867773
44852376
39846885
44846293
41198526
44822570
41191840
44803704
41173149
44776593
41118033
44743778
41096810
44723430
39711225
44700761
39686574
44687732
40425160
44658760
39652241
44639077
39628978
44611277
40973673
44592788
40948890
44561171
40936546
44536455
39538947
44543418
40878549
44506156
40855732
44487974
40836051
44462278
39442315
44419291
40807292
44387789
40793201
44371953
40755483
44352417
40731002
44332423
40727281
44305578
40712367
44292202
40749962
44282197
40018153
44254524
40712732
44237021
40701685
44217420
40676171
44206561
40656372
44189775
39176813
44162015
40607253
44142244
40583860
44121556
39111725
44104734
39095082
44085167
40516628
44068940
40487015
44062126
39045398
44030584
39014530
44003885
40416956
43983197
40414777
43967709
40409966
43946921
40390068
43912582
38899536
43890482
40327092
43876292
40289755
43845318
40277485
43834782
40254433
43827372
40233653
43798937
38784382
43769673
40201441
43753276
40164856
43726504
40142148
43711570
38704863
43703611
40095215
43682742
38672424
43660250
38647060
43637958
38623970
43604697
38595242
43582575
38565378
43551256
39950262
43534872
39927247
43510536
39902518
43476691
39891285
43465081
39848750
43457691
38436625
43431543
39811556
43429059
38421925
43414180
39767485
43385628
39744665
43372010
39740213
43358329
39702148
43334115
39709796
43320090
39681746
43299868
39677278
43285826
39641217
43263092
39615117
43249117
39596439
43227115
38215113
43217692
39541263
43197244
39520938
43165800
39509577
43142878
38136826
43125475
37464514
41109112
37441718
41097499
37441364
41090505
37425904
41055555
36038568
41021326
36020611
41003847
37365342
40998193
37343184
40968379
35946838
40928206
37259879
40919455
35918242
40900261
37207267
40908155
35901199
40891289
37200749
40869312
35856413
40831201
35817154
40793970
36481690
40781038
37106651
40765067
37095891
40749702
37062987
40726644
37048091
40713383
37028657
40694321
37016786
40684765
36977804
40653939
36955374
40633308
36939733
40609493
35602737
40589897
36901260
40556208
36886824
40535131
36861032
40520370
36832252
40493435
36802307
41838857
36801489
40472707
36801231
40464346
36783725
40452252
36745775
40442169
36734705
40421000
36716321
40395137
36650148
40383830
36662677
40368850
36635993
40340626
36648562
40354496
36606948
40362853
36591475
40344697
36563662
40328117
36591163
40353002
36619298
40344518
36566454
40355941
36558594
40355374
36538056
40342211
36529587
40331825
36540566
40337371
36535554
40338001
36558375
40337843
36542310
40328383
36554924
40337134
36547012
40338534
36571546
40352152
36566486
40341512
36529972
40349627
36588549
40352862
36580489
40349194
36574761
40336986
36541518
40335955
36522410
40322946
36552279
40357684
36565987
40334933
36576770
40347354
36554638
40350009
36553844
40349050
36573959
40354398
36509087
40342821
36497459
40332909
36503716
40336155
36519792
40333365
36506618
40323828
36530908
40345208
36535519
40322413
36575622
40345655
36608755
40354318
35978163
40333836
36596494
40334748
35351695
40346099
35340199
40318275
36056121
40295744
45295176
40997111
45283658
40265052
45259630
40253607
45239359
40226893
45217876
41513005
45203719
40174498
45174032
44172563
45151328
41481681
45129747
40112585
45101771
40084349
45077772
40059509
45066692
40044625
45050731
41383084
45028541
41362679
45008723
41381293
44979990
39966770
44962551
39939493
44942206
39924595
44912441
39909973
44906510
39892466
44892355
39873250
44867179
40583521
44860405
39849909
44845005
39829387
44823768
39807231
44796977
39768273
44766114
39755252
44759105
39742396
44739432
39733148
44710912
39717847
44714861
39697787
44665513
39669958
44666758
39626456
44624256
39617758
44630876
39584842
44603892
39559596
44545563
39527309
44543787
39519612
44512104
39506293
44521875
39513053
44495747
39491735
44480685
39439822
44450252
39418308
44451575
39399247
44419421
39390761
44395087
39383867
44369441
39330224
44344509
39328649
44321956
39303312
44269148
39272922
44270548
39226046
44238405
39202546
44224527
39206878
44180145
39179864
44172412
39144456
44156310
39143351
44124630
39135850
44122983
39113342
44115759
39097245
44090344
39086292
44083061
39061971
44052513
40332839
44033423
40320487
44014758
39002679
43993039
38979992
43977733
38957284
43950340
38933596
43926624
38906694
43908889
38894052
43882963
38868190
43860143
38837915
43836697
38824399
43811520
38798075
43792613
38775684
43769395
38764308
43751156
38759808
43750389
38739464
43727600
38712183
43699011
38681016
43685794
38681348
43666991
38642941
43643132
38622745
43626332
38605755
43603176
38577318
43569793
38546808
43543591
38524707
43519825
39198029
43490473
38476811
43473992
38457431
43450595
38434522
43418593
38403131
43398241
38385017
43376250
39072828
43363453
38340974
43333857
38327507
43323951
38312763
43305017
38284557
43278537
38257877
43259684
38240113
43224636
38212297
43227439
38217949
43202356
38186817
43182791
38189091
43179282
38163805
43156649
38138452
43133218
38117803
43107478
38086120
43078156
39410703
43051817
38038463
43037273
38028804
43017642
38002348
43001431
37979835
42973319
37957348
42958880
37934994
42929617
37914197
42916403
37904235
42892233
39214036
42877158
37857093
42845542
37836474
42825430
37810291
42804716
37782381
42774460
37754157
42732799
37725129
42725584
37703897
42709963
37692061
42677839
37668670
42655345
37632612
42636650
37615908
42611183
37580358
42578301
37561398
42550147
37518955
42511299
37487960
42480894
37460286
42457354
37436605
42440758
37424704
42425269
37414546
42408487
38127137
42379166
47375483
42361871
37338783
42332869
37315718
42316692
101497582
