12745561518,
113415090,
108041996,
123120446,
117174606,
113246090,
109154609,
114881964,
120009997,
115474839,
121511423,
116268197,
122733179,
117410770,
112391004,
118890855,
114774008,
120896875,
115940975,
122114429,
117112749,
112885711,
117828829,
113371777,
118659829,
113910160,
120450353,
115543160,
121160212,
116468530,
121795126,
117398400,
112863040,
118265919,
124037870,
120201313,
115350606,
120782133,
115779580,
121663064,
116853431,
122874883,
117517998,
113663937,
118513102,
113865336,
120049193,
116527404,
122914755,
117602243,
123779734,
119019084,
114572840,
120927359,
116309467,
122172324,
117225112,
112287507,
117994080,
113261928,
118371355,
114033558,
119360914,
115096941,
120252669,
115552156,
122125720,
117264215,
123281280,
119178386,
115033480,
120910951,
115956910,
122808645,
117072011,
113177769,
119316314,
115282639,
120748489,
115690685,
122975311,
117848186,
113341210,
108757500,
104362756,
109936986,
115088550,
120831682,
116036625,
121879274,
117079938,
113052965,
119168674,
115167766,
121050777,
116468110,
122147643,
117614517,
112532248,
117883613,
113549072,
119004839,
114559005,
120168781,
115553320,
121516744,
116558154,
123688656,
118480723,
113814440,
119892579,
115846112,
121608813,
117216071,
123167211,
118381805,
113568524,
119652322,
115617879,
122473755,
118180209,
124483736,
119399407,
114911404,
120563029,
116168367,
122119129,
117411074,
112387112,
117659054,
112672118,
108299400,
103830157,
110467880,
115694746,
122808191,
118235984,
114213287,
120174208,
115194985,
121078958,
116390188,
123177199,
117750681,
113137168,
119815576,
114517803,
121366028,
117334254,
123762512,
129462174,
116869200,
122887984,
117972402,
113145773,
118785730,
114566798,
120291282,
115271317,
120806985,
115953787,
121669738,
117664834,
113439004,
129946443,
125931997,
121386474,
116633010,
122806684,
117788546,
113089306,
118837790,
114455209,
120126021,
116092663,
121337655,
116749651,
123666229,
118266595,
113398787,
109325666,
115854454,
121289247,
116610882,
123659423,
118264664,
113688085,
119782748,
116114126,
121870931,
117136591,
122717344,
117900597,
113930945,
120161600,
116152711,
122809756,
117888412,
113307592,
118673342,
115017292,
120778621,
116215435,
122363190,
117808598,
113294937,
119209304,
115370056,
121506022,
116535299,
122910050,
118294509,
113567747,
119928580,
115893946,
122184808,
117494454,
124534191,
119794465,
115682491,
121640256,
117197287,
124180283,
118562153,
114323635,
120666729,
116207290,
122639024,
118149933,
113963492,
120083117,
115333296,
120616603,
116194731,
122464517,
117597128,
113722373,
119683694,
115369815,
120870359,
116460806,
122043776,
117056722,
112963075,
118601557,
114082676,
119046891,
114909297,
121152589,
116632427,
123581664,
118277366,
114015508,
120374999,
115985077,
122644789,
117823462,
124211124,
118875346,
114848688,
121353269,
117067141,
124524211,
119226779,
114563747,
120041136,
116198824,
122121042,
117871496,
123674734,
118816826,
114446493,
121429271,
116460450,
123609745,
119133432,
114776254,
120039800,
115658348,
121713500,
116851503,
123104448,
117966782,
113898503,
120054038,
115101879,
120529268,
127015140,
122816759,
117730072,
112887505,
108311239,
114251795,
119996179,
115896697,
121327790,
117004605,
123330420,
118528653,
114070172,
120270861,
115459564,
120641831,
116281059,
122379366,
118723855,
124614979,
120165541,
114882774,
120865210,
116841875,
122871556,
118063643,
113585311,
118882661,
114668623,
120560752,
116504912,
122148162,
117806897,
123971426,
119117808,
114626552,
120381835,
115859930,
121386032,
117676368,
113091549,
119338581,
114897049,
121083249,
116233132,
122558362,
117630422,
112519459,
118732704,
114080230,
121242739,
116981093,
123897217,
118739367,
114744274,
120766885,
115958386,
122095532,
118544311,
114104274,
120351739,
116186365,
121555057,
116816910,
112296848,
117980533,
113406356,
119148281,
114817806,
120552627,
116460847,
122726761,
118209956,
113291879,
118268574,
114391743,
120747096,
115934325,
122467784,
117026372,
112934908,
118337949,
114259333,
119805677,
115533127,
122160855,
116811227,
122595011,
118657601,
113549913,
118977156,
114396273,
121197264,
116462088,
121874459,
117987247,
113687523,
120150459,
115716127,
122053628,
117411528,
123502475,
118786934,
113798341,
120193172,
115671702,
121765719,
117090508,
123018866,
118644166,
113992931,
119889892,
115112175,
120519510,
116133651,
123332636,
117949581,
112767246,
108644771,
113840383,
109242642,
115922950,
122332447,
118411782,
124988205,
119705659,
115677705,
121319994,
117081738,
124274745,
119212209,
114704679,
120312461,
116018927,
122911705,
117595031,
112161315,
118191799,
113416501,
119161195,
114994491,
120638718,
116009870,
121895384,
118151783,
114279560,
120402918,
115401304,
120987602,
115720442,
122080900,
117910405,
113482530,
120061194,
115957490,
122101561,
117502288,
122856427,
118456073,
114295207,
119669677,
116122968,
121709628,
117222344,
122895527,
118404282,
114226512,
120399948,
116325750,
122543428,
117892594,
113445777,
119431820,
114564624,
120403420,
115446233,
121240494,
117084052,
123161463,
117934908,
114101635,
119785402,
114587319,
120559421,
116013484,
122112656,
117666524,
112693965,
118969885,
114205780,
120912058,
115489995,
121562645,
118149531,
113499863,
119287132,
114913612,
120669386,
116180848,
122318559,
117730965,
112823125,
118663834,
114448556,
119769181,
115302986,
122363854,
117964383,
124266421,
119527176,
114952796,
122197166,
118044968,
124649326,
118996967,
114225225,
119856848,
116017509,
122764029,
118432668,
125098020,
120176803,
116682793,
112077977,
107436000,
95662949,
101685370,
97085770,
92803385,
98945670,
94305947,
99459302,
95712794,
102210774,
97940852,
93558956,
100282331,
96419232,
103272802,
98657758,
95182901,
102564782,
98377387,
94462702,
100576947,
96793847,
102278786,
98439792,
93484875,
99589342,
94766031,
100122648,
95612956,
101453437,
97635508,
93104775,
98992161,
94138215,
99502089,
95358754,
100905111,
96363867,
91899764,
97894940,
104110096,
99030130,
94109236,
99557815,
95128784,
102649867,
98536429,
94765843,
110102985,
104890540,
122265346,
117414867,
113210743,
119126827,
114878629,
120457054,
116442618,
122902055,
118252225,
113424824,
119037865,
114376459,
120063382,
115759924,
122378288,
117588972,
113560946,
118970632,
114351223,
120128043,
115524001,
121752622,
117067222,
113145293,
119111476,
114390679,
120300885,
115876395,
121689484,
127670333,
122679934,
119002925,
114059540,
119119488,
115499707,
121348366,
117018744,
123621027,
118459828,
114290868,
120615604,
115397881,
122012150,
116675663,
112387979,
119231547,
115047617,
120861681,
115304386,
121624548,
116872463,
112953228,
119057150,
114253919,
120280363,
116368457,
122998278,
117016204,
112582547,
118823001,
114482389,
120195313,
116222307,
122746436,
117973702,
113741712,
119741167,
115579514,
121668933,
117243876,
113526173,
119638551,
115176632,
120758808,
116207280,
123056608,
117835174,
113299290,
119435286,
114758287,
120746551,
115818036,
121777682,
117275379,
112468912,
118133218,
113612892,
119765112,
114896042,
120775388,
116615262,
121308450,
117353248,
111877957,
118894776,
114750133,
120948244,
116395459,
123080031,
118099230,
113616451,
119476856,
115139336,
120728345,
116230801,
122678137,
117891657,
113518930,
119078627,
114652865,
120554839,
116180115,
123384413,
117761214,
112488531,
118136903,
114271841,
120198264,
115928425,
122448352,
117960633,
123664566,
118958245,
114566813,
120244357,
115574621,
121870283,
117346775,
112991115,
119299028,
114348607,
119991478,
116101992,
122328108,
117574524,
123493231,
118857194,
114972890,
121468662,
117723598,
124045891,
119177898,
114482986,
120376049,
115724656,
121359159,
116834475,
112059532,
117789395,
113483606,
119003981,
114980122,
120051681,
115632145,
121819075,
117129417,
112799315,
119052311,
114851047,
121311751,
117249674,
123571347,
118985409,
115207491,
121415510,
116692500,
123009503,
119152456,
114728241,
121518426,
117788551,
123894042,
119679664,
115894087,
121441103,
116914138,
112791655,
118390004,
114587671,
120533442,
115999785,
121709805,
117347087,
112779875,
118756335,
114301704,
120119644,
115607526,
121952053,
116805375,
112422663,
129264854,
124212576,
119554243,
115566117,
120210782,
116330853,
122720001,
118165956,
113607159,
119919224,
116176779,
122421279,
117146072,
113096393,
118873681,
114042924,
119893916,
115160712,
120547248,
116900398,
112305818,
117926391,
113795584,
119392071,
114895500,
120236266,
115702215,
121989003,
117519140,
112936793,
119329698,
114549812,
120271514,
115474973,
121823742,
117213574,
112461589,
119019946,
114657214,
121236477,
116841324,
122632772,
118684304,
113992026,
119896583,
115436234,
121793200,
117976395,
124720601,
119715866,
114945651,
130860917,
126769036,
122273143,
117156902,
112547869,
118166176,
113768850,
119798804,
114769464,
121156457,
116477092,
122688642,
117834421,
113160457,
119006545,
114706688,
120272723,
116467030,
122071714,
117847441,
113126752,
118967305,
114629226,
120285026,
115267915,
122104058,
117946341,
123575780,
119177140,
114493979,
120627263,
115599445,
122047855,
117038915,
112592230,
118351337,
113498335,
130090794,
125811781,
121343404,
117506982,
123422737,
119288014,
114948897,
120470478,
116427521,
122926168,
117846320,
114246792,
120543368,
115926118,
122861174,
116942163,
112388050,
119078144,
114851977,
120592548,
115802320,
121589408,
116740141,
112236574,
118224041,
124659255,
119389423,
115467546,
121411149,
117028735,
122912498,
118819092,
114559790,
120461958,
115672513,
122266027,
117039328,
112805144,
118343921,
113916665,
119519276,
114898945,
120403533,
115795191,
122447999,
117288159,
113205665,
118931609,
114341308,
120206101,
116293658,
122301552,
117762166,
113045430,
119025250,
114388041,
120309418,
115376227,
122241784,
117688399,
113350476,
119109409,
114185746,
119757280,
114812708,
120976547,
116539521,
122735829,
117909740,
113575239,
119975865,
115203497,
120967978,
116481399,
122797740,
118317156,
114673658,
120355256,
115855173,
121884401,
118017456,
123961717,
119077488,
114697472,
120342605,
115916459,
122664196,
117182507,
112158042,
118540622,
114284120,
119778329,
115920719,
121885878,
117856425,
123967201,
118979470,
114645842,
120617700,
115670846,
121762861,
116999727,
112772395,
119033195,
114878005,
121606367,
117086313,
122837753,
118370825,
113502857,
119097652,
114727901,
120316637,
114875211,
121760398,
117717532,
124008811,
119447494,
115120550,
121227549,
116671879,
123387962,
118630207,
113816111,
119593465,
115784541,
121335325,
116415887,
122341952,
117799838,
113352664,
119245698,
114675509,
121062320,
116758410,
123855948,
118220730,
113763191,
119796229,
115172876,
121824378,
116740048,
123487435,
118190895,
114280164,
119897159,
115507637,
121886140,
116592390,
122610038,
118284084,
113461505,
120076376,
114799092,
121679603,
117987013,
124051989,
118793233,
114577114,
120285030,
115875924,
122490489,
118355656,
114865018,
120684769,
115641281,
121823368,
117074833,
112403152,
117923497,
113289241,
119179214,
114371406,
119489812,
115682328,
122282405,
117818435,
124256583,
119156958,
114271451,
120123905,
115606272,
121359584,
117033769,
122390769,
117779250,
113629568,
120222402,
115723151,
121220698,
116182087,
122290284,
118057254,
113982156,
119427315,
114730563,
120326347,
115751370,
122565982,
117274603,
113086568,
119001395,
114068284,
120319695,
115902558,
121409940,
116711162,
111818724,
118298161,
113937429,
119592242,
114938670,
120820292,
116879996,
122303967,
118064782,
113922312,
120018792,
115778117,
121946018,
116347107,
111958103,
117755262,
113043347,
117947931,
113893454,
119886815,
115569388,
120838303,
117259037,
123937349,
119058063,
114448587,
120299945,
116723903,
123574772,
117948401,
113739326,
119432259,
114928034,
121816424,
117329024,
123165305,
118553814,
114201865,
120411600,
116373780,
122550177,
117443833,
112675341,
118447822,
114245106,
120264424,
115109990,
122202772,
117687162,
113783343,
119868325,
115769200,
121418519,
117480482,
113467259,
119098507,
114841106,
120482839,
116010064,
122080872,
117590547,
113019819,
118635185,
115000268,
121100588,
117013210,
122494425,
117565877,
113076778,
119069942,
114601340,
120797396,
116155296,
122317511,
117210350,
113240209,
118980032,
113612182,
121005536,
116932333,
124091479,
119891077,
115340031,
130836628,
126130946,
121303536,
116530192,
123237149,
117703230,
113030426,
118791763,
114958410,
121035564,
115898990,
122506311,
117124856,
111931214,
116953090,
113050673,
118561539,
114275059,
120481517,
115302338,
121361766,
116338724,
122759846,
118159439,
113860973,
119588345,
115317940,
121514280,
117035847,
122326979,
118407488,
114433110,
121238419,
116584565,
122987745,
118250459,
114041342,
119668444,
115238802,
121189761,
116551604,
122190079,
117849431,
113095853,
118529433,
114627174,
120297352,
115763005,
122289287,
117577475,
112821014,
119611802,
115785720,
120138824,
115552048,
122512876,
117844007,
113272139,
119236003,
114653681,
120522565,
115856547,
121260260,
117070233,
112900345,
119210797,
115191098,
121985228,
117409233,
123431726,
118609696,
113994006,
119743793,
115315764,
121725297,
116695950,
112184788,
118352064,
114048692,
119609938,
115574615,
121289371,
116666149,
122623075,
117727146,
112927968,
118490272,
114367117,
120370942,
115632308,
121919801,
116945585,
113039314,
108933789,
113881437,
119997716,
116352193,
122474872,
117736069,
124286994,
119006830,
114492443,
120441346,
115132240,
120286349,
116327736,
112693953,
118638934,
114216269,
120476785,
115812194,
121760107,
117066780,
112658986,
119265238,
115429548,
120734611,
116823435,
123349460,
118756055,
114312536,
120206069,
115067423,
121140474,
116685322,
112742674,
118681539,
114226601,
119981706,
115219191,
121053032,
116360317,
122495102,
117897139,
113633615,
120451424,
115905115,
122377883,
117763239,
113500862,
119387739,
114879007,
121215094,
116146326,
122524729,
117999098,
113403012,
119385256,
114530698,
120372384,
115886517,
123129693,
117836983,
112934090,
118744926,
114649097,
120604203,
115560637,
122040940,
117446015,
112786598,
118477389,
114045246,
119729588,
114765517,
121506328,
117133389,
122942232,
117952554,
113904357,
119840132,
115535673,
121073700,
116371507,
122638979,
118844732,
114708760,
120470053,
115495608,
120960292,
117206318,
112912885,
118651019,
114522297,
121429987,
117085523,
123467876,
118049819,
114305082,
120073612,
115431303,
121763596,
116962512,
112285932,
118546915,
113938566,
119648436,
116156059,
122150211,
117458392,
123286113,
118796356,
113909085,
120215102,
115800474,
122267129,
117017519,
112442100,
119084518,
115259170,
121547474,
117071243,
123053452,
119007134,
125462983,
120900345,
116358276,
122134810,
117900812,
113474499,
119788729,
115680161,
121429428,
116873316,
112122172,
117971655,
113484213,
118698411,
114544329,
119859002,
115139032,
121585896,
116825210,
112431357,
118947859,
115174065,
121267712,
116132876,
121606693,
117503868,
113780668,
119979616,
116072455,
122359186,
117697185,
123756310,
118510622,
113443965,
110010134,
116130448,
111871158,
117725987,
113104626,
118429518,
114126246,
119960814,
115206232,
121312136,
116709781,
123209144,
118048443,
113775325,
120612372,
115082342,
120740737,
116583544,
122451861,
118020850,
113856153,
119181323,
114819451,
120915765,
116059414,
121568503,
116449177,
112546830,
108239697,
113938355,
119583419,
115614744,
121766104,
117460714,
112944089,
118519318,
114136444,
119917205,
114978964,
120508030,
115930925,
121421046,
116362613,
112064755,
108009150,
114765237,
121325543,
118034421,
123718611,
119021039,
114303793,
121100557,
117331081,
123975591,
118488402,
114251385,
121024478,
116378364,
123047424,
117660262,
113393538,
119644313,
115207554,
121880381,
117768996,
123735156,
119192166,
114873531,
120970944,
116285048,
122179095,
117552003,
113419812,
119257386,
114741485,
121480860,
116786096,
123898820,
118736193,
114443912,
120522619,
115425485,
122166203,
117127617,
112805644,
119040855,
114779637,
120600036,
115701775,
121526381,
117255484,
113688226,
119445666,
114990340,
120465536,
115781580,
121589744,
117066495,
113076087,
119244602,
114907725,
120707136,
116240326,
122045529,
117566437,
123179301,
118895846,
115067684,
121702617,
116286410,
122161808,
118260374,
113714335,
119992287,
116104093,
122690485,
117676706,
113214890,
119312363,
114648094,
120454524,
116053199,
123224084,
117649371,
113251057,
119682480,
115714091,
122286641,
118186587,
125148639,
119752796,
115517103,
121174768,
116626007,
123217668,
118745500,
114154637,
120009650,
115833727,
122569608,
117714269,
113233784,
119407238,
115639281,
121398933,
116969012,
123683258,
118130354,
113855181,
119311181,
115272270,
131860394,
127894808,
123199034,
118107536,
114048888,
120261671,
115940392,
121796367,
117219695,
112878631,
118091511,
113686364,
108324359,
103637188,
99919766,
105220974,
120799289,
117137668,
112608657,
118963694,
114998683,
120647150,
116108310,
122748492,
118359626,
114621956,
120775924,
116100933,
122294897,
117784489,
113386301,
119312125,
114961100,
120521214,
115973160,
121675016,
117179920,
113056252,
119033279,
114893789,
122096571,
117336316,
124490734,
118998284,
114058923,
119633307,
114994631,
121685903,
117518156,
123246765,
118807985,
114409449,
120148281,
115569005,
121224384,
116639404,
112009139,
118110319,
113877809,
119959223,
116148777,
123355039,
118260272,
113676322,
119961547,
115744548,
122066847,
118232180,
125231564,
119932371,
115724145,
121183118,
116546390,
122459556,
118870339,
114698585,
120675631,
116116264,
123223263,
118019461,
113405636,
119122367,
115388373,
121166075,
116421574,
122572909,
117902290,
113535188,
119126548,
114532683,
120550597,
116210442,
121580131,
117678199,
112864286,
119104460,
115137182,
121925112,
117232322,
123474313,
118613826,
114158227,
120439263,
116116490,
122785583,
118107836,
114086374,
119559706,
115472240,
121648566,
116907778,
123120003,
118758598,
114013532,
119697823,
115639887,
121738031,
117739060,
124645626,
119779901,
115369480,
120915657,
116355844,
122794695,
118171283,
113564293,
119267088,
114882907,
120222626,
116307424,
122584510,
117724026,
113110049,
118944497,
114639736,
120299775,
116227294,
121636257,
117803771,
113052766,
118715614,
114076674,
120981193,
117066479,
122607529,
118765904,
114045283,
119607517,
115643250,
121833739,
117235377,
124638297,
119301518,
113752341,
119733454,
115778773,
121060791,
116829664,
123068765,
119095138,
114854514,
121099468,
117319925,
122602779,
118883299,
114747651,
120741388,
116026886,
122767273,
117832352,
113371602,
120128299,
115084629,
121122889,
116256270,
122625868,
117523900,
113087474,
118760550,
114340752,
120433803,
115725184,
122059238,
117217631,
112207630,
117851984,
113123623,
119136219,
114811169,
120777477,
115684153,
121611469,
116935095,
113258997,
119185436,
115609064,
121918682,
116748357,
123445711,
118142222,
114208992,
120676208,
115802478,
122617218,
117878104,
113972328,
120582722,
115844245,
122783211,
117681374,
113430992,
119237835,
114530505,
120423911,
115916311,
122295829,
116716333,
112595339,
119044666,
114767970,
120351816,
115956965,
121744461,
117172822,
112963282,
118487706,
114616458,
120343896,
115893986,
121530293,
116665352,
112422532,
119321567,
114956679,
120989672,
115880371,
121854781,
116948932,
112342713,
118751997,
114218008,
120092725,
116307245,
123583095,
117855369,
113510154,
118926019,
114530668,
110032508,
115967665,
122798573,
117380698,
112799507,
118033896,
113729409,
120321231,
115987649,
122349386,
117650166,
112721360,
118986480,
114661703,
121008962,
117147859,
123651043,
118361186,
114361522,
120174069,
115385910,
121351413,
116305854,
123043375,
118922742,
113540110,
119672807,
116201200,
122614643,
118062850,
124684705,
119536697,
115407565,
120593509,
115961915,
122116634,
117448726,
112942271,
118980377,
114324507,
119954041,
115557451,
122355827,
117571977,
123945709,
119942933,
115054194,
121664892,
117174350,
124297332,
119003446,
114772504,
121508360,
116950035,
123419082,
118415969,
113678889,
119478970,
114827100,
121739571,
116832869,
122674996,
118569051,
114225777,
119280099,
114964947,
121182373,
117169061,
123020781,
118441933,
113711830,
119408314,
115381821,
121960203,
116956939,
122921208,
118351650,
114300625,
120291391,
116007729,
122773973,
117951913,
112852467,
118855625,
114972468,
121390239,
117037155,
124114427,
118614096,
113803031,
119434852,
114995706,
120695857,
116478083,
123440331,
117924316,
113601211,
119328652,
114994912,
121932764,
117304195,
123473692,
119328877,
115096863,
120947710,
116170181,
123044402,
118626057,
114532953,
120792434,
115159260,
122877936,
118087644,
113510649,
119436432,
114899368,
121840237,
117107011,
123032100,
118459334,
113529787,
119337013,
114768617,
120516476,
115975120,
122815962,
117297572,
113103601,
119581403,
114493778,
121165918,
116592344,
123376042,
117730207,
112990692,
118593922,
114807572,
121582866,
117346088,
123955611,
118997674,
114649033,
120828288,
116105768,
122001083,
117418847,
112705381,
118506906,
113928898,
119695026,
114962551,
120848513,
115908363,
122235089,
117323387,
113270272,
119441723,
115009715,
120839143,
116682795,
123366043,
118130061,
113534471,
119906750,
115345039,
120683627,
116042430,
121893741,
117215892,
112561081,
119373845,
114926232,
120691309,
116408075,
122840988,
118225285,
113252409,
119256199,
114572148,
120764067,
115468428,
121891695,
118260426,
113627898,
119771346,
115665575,
121755101,
117059235,
123131569,
118416030,
113645094,
120079502,
115691317,
121333823,
116929001,
122923119,
118338870,
113392162,
119452894,
115723099,
121395869,
116817590,
122256704,
118134514,
114290255,
120590039,
115890115,
122703494,
117029934,
111803120,
118293644,
114285676,
120346728,
116363548,
122707751,
118125839,
113418556,
119974555,
115351233,
121400579,
117072701,
122644706,
118493348,
113732776,
119450894,
115756959,
122168202,
117918575,
124472827,
119144842,
114776308,
121305030,
117067811,
123598607,
118487713,
114285623,
120082597,
115437619,
121477143,
116978325,
122846915,
118430403,
113562150,
119366880,
114571156,
120356931,
115371333,
122344364,
118624584,
125111769,
119658126,
115689681,
121739495,
116660470,
122856203,
118160386,
113828685,
119614656,
115249829,
120732189,
116337490,
122422490,
118041719,
113827320,
120493831,
115425381,
121576724,
117722950,
113335238,
119420207,
114761459,
121675855,
117447460,
123828647,
119001482,
114423798,
120777148,
115802296,
121932825,
117931730,
113904007,
120400072,
115860647,
122461741,
117720093,
112963092,
119641472,
114899777,
120825948,
116668737,
123136824,
118234561,
113494034,
119339331,
115602377,
122237262,
117704055,
123596749,
119138092,
114681101,
120803540,
116792461,
123895198,
118865974,
114098553,
120053604,
114598892,
121164862,
116622307,
122439572,
117689975,
113590188,
120288382,
116323476,
122530857,
117758889,
113334498,
118793305,
114427546,
119932013,
115292823,
121071793,
117201546,
123406146,
118288040,
114342788,
120298252,
115765223,
122056052,
118235625,
125044771,
119350530,
114605567,
120140928,
115897105,
121650331,
117243658,
123943744,
118567357,
113461293,
119789613,
114714751,
120393825,
115599917,
121419356,
117065421,
122926981,
119078356,
114994325,
121184645,
117627641,
124253021,
119312209,
114845344,
120899898,
116952098,
123189272,
118265375,
124757074,
119607747,
115247905,
121283091,
115978623,
121511298,
117552888,
113252606,
118875186,
114414043,
120183760,
115962187,
121540924,
116882550,
122776078,
119228901,
114876590,
120645325,
115975751,
122162752,
118115387,
114354232,
120024151,
115580138,
122661857,
117833518,
124360956,
119028414,
114010658,
120321253,
116183808,
122463027,
117726872,
113591599,
119933610,
115928421,
122506893,
118218259,
125092754,
119983128,
115011178,
110211175,
116004964,
122381647,
117174112,
113265242,
119901780,
115837626,
122204032,
117516414,
112973716,
118916277,
114371198,
120563649,
115688575,
122176784,
117355120,
112953577,
119417313,
114937817,
121171544,
116901717,
123478705,
118801785,
114547506,
120095677,
115509189,
121771563,
116786646,
112212656,
117940264,
113467217,
120036317,
115551129,
121634158,
116478032,
122501784,
117949854,
113205964,
118773968,
114798637,
121030363,
116269452,
121754766,
117426936,
112899413,
118455433,
114278226,
120021839,
116029250,
121902850,
117262967,
113121311,
119601897,
114854106,
120782121,
116217563,
123546382,
118737087,
113925467,
119716940,
125732178,
120867742,
115479973,
121955490,
116813926,
112800688,
119163861,
115359189,
121523788,
117670265,
124057844,
119455257,
114831000,
120522706,
115872182,
122045910,
117062175,
112699574,
118582894,
113968995,
119693149,
115329791,
121656521,
117293977,
124013405,
119022545,
114420285,
121005695,
137513072,
133136572,
128066881,
124049853,
118999066,
114558815,
120322275,
115970248,
121674273,
116381811,
123401468,
118910887,
114581160,
120431336,
116100664,
121897738,
117140310,
112542169,
119398122,
115083842,
110934683,
115588773,
122280127,
117326895,
112583560,
118100234,
113736833,
120011095,
115963739,
122036664,
117997169,
124326347,
118946340,
114631011,
120639653,
117078727,
123230735,
118822613,
114204090,
119975086,
115549362,
121973636,
117897985,
124792735,
119628586,
115858390,
122213668,
117867666,
123492107,
119224867,
114423571,
120176006,
115729297,
122298027,
117517880,
113079157,
118826093,
114720668,
120667309,
116102858,
122550263,
118011672,
113541343,
119220007,
114872864,
120787110,
116089834,
123158423,
118683358,
114280171,
120632517,
116901128,
122702452,
117896288,
112916466,
118863094,
115057262,
120907085,
116858240,
123598305,
118930621,
114659436,
120256643,
115857706,
122514293,
118385126,
114047906,
119721640,
115728305,
121291693,
116331606,
122458319,
117922233,
114049087,
120595515,
115538463,
122100665,
117083126,
113634485,
119282582,
115257800,
121593697,
117658821,
124285308,
118814907,
115181179,
109895329,
116322350,
123318675,
118270129,
114048756,
118975827,
115235353,
121221639,
116655087,
122343086,
118703810,
114318040,
119850778,
115592993,
121222800,
116579443,
122536706,
118190392,
113850242,
120509838,
115961466,
122574638,
117249945,
112786465,
119357503,
114741381,
120569033,
115750702,
121272411,
116875225,
122129900,
117461863,
123396566,
119369899,
114681810,
120691921,
115593443,
121783159,
117174552,
111841813,
117989964,
114162262,
119952177,
114802328,
120668440,
116361566,
122427184,
117554111,
112780889,
118453799,
113425625,
119088681,
114950694,
120558142,
115826203,
121594177,
116968071,
112685655,
118760618,
114355348,
120070314,
115510164,
120897715,
116579265,
122492592,
117811435,
113654985,
119447155,
114842947,
120505419,
116394630,
122871055,
117646872,
113502021,
119720225,
115321823,
120889341,
116085065,
123317092,
117970608,
113352867,
119967520,
115761511,
122431825,
117147763,
112916388,
118772280,
114642968,
120606678,
115847987,
121812568,
117069656,
112590176,
119203091,
114954984,
120660433,
115770996,
121743531,
117238977,
112732743,
118209048,
113861550,
120098844,
115471546,
122061886,
116720062,
112513962,
118631784,
114157376,
120159860,
115860572,
122295610,
117568001,
123913260,
118888262,
114299596,
120071660,
115858277,
121627779,
117204469,
112921607,
118710749,
114406251,
120338380,
115366314,
121202484,
116577003,
122746763,
118194316,
114217299,
120378166,
115625204,
120903767,
116721551,
112815993,
119009529,
115121015,
121444435,
117083530,
123121469,
118593307,
113515816,
118988921,
114680052,
120783556,
116476280,
122815822,
117780481,
113022047,
119359166,
114535304,
120209878,
115521986,
121745912,
116890750,
123737300,
118220174,
113882048,
119445343,
114778551,
120860670,
116387019,
122808952,
117780164,
114059531,
119901659,
115548474,
121974657,
116950021,
123465493,
118837195,
115078424,
120984077,
116825086,
123658969,
118678682,
114875597,
120652468,
115923935,
123122746,
118123405,
113426821,
119101935,
114846442,
120736718,
118072324,
122561289,
118255627,
124237373,
119486104,
113861654,
119787422,
115880328,
121829370,
117180594,
112987219,
119624681,
115000183,
120847299,
116866463,
123891066,
118396901,
114118146,
119747919,
114834665,
120743280,
115898848,
121731447,
117883735,
113670241,
119175953,
114603411,
120345678,
116849078,
122070297,
117907050,
113369249,
119230536,
114894520,
121659611,
117030580,
123429203,
118345940,
112987237,
118977458,
114177520,
120627720,
115538189,
122013190,
117260649,
124256433,
118834899,
113655986,
120215891,
115883783,
121641533,
117115814,
112684528,
118329658,
113608756,
119207331,
114286723,
120440819,
116518399,
122604893,
118013534,
113487575,
119145601,
114690070,
120442633,
115909291,
122201250,
116855786,
112982301,
118859681,
114784590,
120694975,
115951412,
123043973,
118640393,
114874881,
121256444,
116678123,
123514138,
118226064,
113570833,
119817901,
115279174,
122235086,
117004087,
112801377,
109027526,
104772396,
109932085,
104864861,
111371875,
117885284,
113591993,
119808994,
115752509,
122300967,
117334207,
123956470,
118682507,
114362967,
119958237,
116301318,
122388920,
117614512,
113081667,
119949804,
115020516,
121554326,
116596935,
112110300,
118197850,
114107350,
120159604,
116173735,
121768297,
118016111,
124019186,
119271520,
114807470,
120290241,
115592513,
122392420,
116880616,
112935597,
118625684,
114903439,
121543794,
116892994,
122839780,
117965686,
113240011,
119706824,
114949788,
120767030,
116038851,
122147222,
117911632,
113540560,
119878999,
115440604,
121507134,
117588667,
113901219,
119351037,
114862216,
121161231,
117033639,
123531630,
118594237,
114166728,
110399170,
116005382,
123081243,
117324933,
112868010,
119275407,
114938280,
120808617,
116331737,
122989860,
118295792,
113791070,
119203527,
114482704,
120323134,
115348890,
121943594,
117942622,
113694341,
119055377,
114715664,
120013192,
115431348,
122090286,
117092253,
112705394,
119379110,
114603662,
120524901,
115411265,
122248193,
116731544,
112119842,
118288735,
114080513,
120051095,
115456273,
122284898,
116532925,
112528733,
118826361,
114031591,
120411719,
114967442,
121069442,
116362394,
112182677,
108054292,
114232756,
110443243,
114771813,
110722024,
116791931,
112473218,
118778880,
114952423,
121384079,
116686528,
122515183,
118002881,
113370563,
119551049,
115502798,
121382575,
117434813,
123306197,
118607453,
114330904,
120821323,
116603678,
123296356,
117612342,
113492704,
119360225,
114448105,
120466363,
116742705,
122257695,
117875538,
113073681,
119837260,
115295885,
121268453,
116269260,
122916385,
117450085,
113169488,
119323657,
114867239,
120315069,
114863327,
121118183,
117610835,
113549643,
118957272,
114602478,
120146542,
115930439,
122158679,
117152770,
112612932,
118579630,
114090501,
119658326,
115163898,
120746231,
115915448,
122017765,
116639326,
112429558,
118004023,
113780390,
120328429,
116064886,
122342558,
117037627,
112891766,
118788552,
114797938,
120729363,
116071512,
122421631,
117215222,
113521433,
119846235,
115755517,
121468304,
116768132,
112091678,
117769908,
112768749,
118418769,
114079650,
120019391,
115274137,
121426912,
116718659,
111916568,
117640053,
113230455,
119191559,
114830936,
121448457,
116660124,
123067117,
117981051,
114018218,
119697090,
116236641,
122324959,
117776953,
124126691,
119064744,
114682234,
120360289,
115793571,
122279410,
117652411,
112945312,
119832289,
115661225,
121499241,
116714478,
112680804,
119429619,
115012331,
120636259,
115381956,
122809578,
118833393,
113588497,
109169554,
114521391,
120503939,
115865244,
122271536,
116987816,
112091277,
118000184,
113692454,
119214145,
114927961,
121438293,
117021631,
122515408,
117350644,
113596993,
119266105,
114784945,
120384745,
115477144,
121994668,
117945982,
114186610,
120526161,
115987512,
122406263,
117479713,
113423269,
119199493,
114375624,
120608057,
115952814,
122448163,
117007134,
112068862,
118124671,
113849763,
119753162,
114882680,
120611375,
116999721,
123818793,
119168815,
114558202,
119962674,
115366925,
121973250,
117741555,
123560865,
118685220,
114492380,
121121710,
116538528,
122739130,
117764364,
113283392,
129805556,
125001685,
119832181,
115499281,
122412435,
116974326,
112984822,
119676155,
115707064,
122109914,
116482693,
112423035,
118481330,
113927049,
119733782,
115261752,
121016508,
117024724,
122662420,
117913809,
113324719,
118615636,
114348374,
119447762,
115977171,
122492753,
117032658,
111985902,
118244012,
113757548,
119636660,
115808245,
122581574,
117266284,
112984134,
119737916,
114842651,
120834779,
117166088,
123098487,
118828063,
114461919,
120677375,
116397994,
121599450,
116676132,
112143435,
117864484,
113255166,
119233664,
115260278,
121755566,
117134019,
123154530,
118091038,
113992293,
119988200,
115058210,
122462561,
117013087,
114772446,
119310394,
114656740,
130878739,
126705826,
119911321,
114988271,
121355245,
116650575,
122496181,
117894594,
113820380,
119765855,
116097521,
121760158,
116637740,
122558009,
118292583,
113454288,
119198674,
114762446,
121118527,
116636274,
123023007,
118881444,
114895119,
120867165,
116332310,
122282843,
118065548,
113423096,
119423192,
114978921,
121687442,
116730232,
122626677,
118498643,
114170398,
120674133,
116131648,
122597833,
117857180,
113181574,
118973915,
114433131,
120408959,
115588161,
122453123,
116990967,
112500871,
118687336,
115017094,
121106812,
116774136,
123315586,
118515681,
114200910,
119872827,
115320799,
121164166,
116498110,
122702845,
117500945,
113518264,
120087609,
115689046,
121595216,
116566148,
123082401,
117995381,
114000426,
120816339,
116038412,
122630230,
118332725,
124366823,
119504561,
114766842,
120571935,
116107308,
123142018,
117729934,
113370983,
119748356,
115654384,
121341315,
117302343,
113060312,
117991521,
113097861,
119130067,
114684611,
120491166,
116217984,
121262662,
117451678,
123517257,
118714319,
114510604,
120428708,
116636378,
123540799,
117947399,
113690265,
119849677,
125877393,
121101190,
116480626,
122288383,
117731826,
113670996,
119726967,
116032105,
121936437,
117435133,
124221938,
119650084,
115752206,
121347092,
116698736,
112211560,
118610948,
114151248,
120955916,
116723423,
121457366,
118051423,
113666971,
120147672,
116383468,
122499163,
117805979,
113364055,
119053203,
114822086,
120830718,
116106788,
123326293,
118123540,
113650195,
119531885,
115551413,
121388305,
116955254,
122295597,
118840708,
113970120,
119618895,
115669454,
121441904,
116906811,
122884458,
118894849,
114950087,
120825642,
116096406,
123154688,
117805663,
113549054,
118983391,
115139109,
121682001,
117837757,
123867109,
119190689,
114641782,
120714269,
115485882,
122543109,
117484578,
113049685,
118263366,
113917213,
119444363,
114676267,
120705653,
116841330,
122399787,
118123076,
114236711,
120925821,
116531904,
122639938,
118726412,
114612258,
120476773,
115728772,
121561316,
117220081,
112759396,
117537774,
113547102,
119868104,
115713696,
122525120,
117490763,
113013027,
119797813,
114892347,
120724268,
116945292,
123115131,
117971193,
113640359,
120235486,
115902685,
122369170,
116877150,
111692085,
117843143,
113567794,
119709693,
114549407,
120350173,
115968529,
122588105,
118841965,
114504981,
121306449,
117510259,
124087879,
118634613,
113698129,
119991629,
115816188,
121479427,
117046596,
112348771,
118263880,
113980948,
119818375,
115364608,
121608346,
117677626,
124456865,
118949457,
114002230,
119749792,
115842396,
123402691,
117921352,
113633051,
119862702,
116477035,
122765093,
117672273,
113525536,
119486220,
114914147,
121597025,
117137519,
123851621,
118550976,
113600305,
119382642,
115200988,
121883681,
117171032,
124070555,
118567289,
114066624,
109158129,
104988235,
100969384,
107514078,
124208542,
118827701,
114507518,
121377670,
117429291,
123823120,
118582442,
114427341,
130407169,
125550178,
121205998,
117645466,
113121743,
118728870,
114494096,
120328745,
115449905,
121558881,
117962627,
113558395,
119278341,
114597768,
120568136,
115791120,
121728811,
116764879,
112159643,
118460924,
114174950,
120024698,
115393780,
120956072,
116670777,
123264913,
117865534,
113383933,
120200581,
115784377,
122411225,
117123102,
112947370,
118285492,
113917454,
119746235,
115239543,
122717695,
117585910,
113895171,
119959964,
115055399,
121781234,
117142661,
123464295,
118904141,
115268130,
121226746,
116662507,
122869523,
117839558,
114133738,
119978598,
115586890,
122197702,
116871325,
112690745,
118988194,
114952550,
120603075,
116085420,
122726324,
117758172,
113591305,
119210773,
114628246,
120715235,
115891836,
121441071,
117723964,
113890057,
119708535,
115102921,
120630070,
117003378,
123630614,
118479158,
114560985,
121201631,
116817959,
123041361,
118447227,
114117778,
119728784,
115787298,
122519332,
117311138,
113005953,
118736025,
114580336,
120233169,
115821122,
121409304,
117100398,
112502310,
118937831,
114266438,
120878141,
116533223,
122690743,
118134838,
114452181,
120616845,
116071389,
122965670,
117732221,
113276405,
120085580,
115101917,
121524239,
117790545,
123318608,
118630077,
114131129,
120573691,
115274304,
121428658,
118193495,
114094440,
119226073,
114753585,
121381103,
116391866,
123872699,
118866648,
114968823,
121312473,
116866629,
123537817,
118858987,
114347714,
121071773,
115426523,
121766161,
118116030,
113054366,
118827761,
115164290,
121280777,
116797070,
122512405,
117855415,
113334872,
119911392,
115756040,
121619365,
128702949,
124230421,
119899130,
116125957,
111215713,
105861789,
101696633,
116547326,
112161360,
108381721,
113849087,
119898599,
115179971,
121736585,
117189583,
112891828,
118883895,
114648060,
121264516,
116697979,
122481767,
118253590,
114036324,
119720698,
114930282,
121894137,
116973823,
112710708,
118176265,
114861945,
120661704,
116973314,
124027501,
118639029,
113975398,
119908188,
115081916,
120875350,
116895483,
123755992,
118590855,
114283015,
120403743,
115468808,
122727513,
117947291,
113625373,
120141286,
116198309,
122731571,
117815212,
114065424,
120059610,
115816663,
121624174,
117109285,
112603543,
118966068,
114659867,
121536544,
117208001,
123841853,
118943436,
114211854,
119915460,
115542800,
120941830,
116978337,
122381926,
118419200,
113906023,
119528097,
114707982,
120826089,
116530115,
124342084,
118486254,
113917380,
119510798,
115142447,
121818579,
117922576,
124246696,
119548506,
115328593,
121399555,
116741580,
122859517,
117988480,
112990576,
120222638,
115396171,
121858227,
118140629,
114082298,
119891789,
115974995,
122592956,
117476472,
124154918,
119025447,
113873538,
119748146,
115478065,
122193152,
116808740,
112351436,
118953336,
114783291,
120875295,
116263421,
122697519,
117844882,
113346099,
119224209,
114919175,
120548204,
116077396,
122994667,
117716708,
113596025,
118543359,
114889904,
120475267,
116182060,
122545441,
118828392,
114149281,
120110300,
115197299,
121304253,
116571962,
112176412,
108251103,
113533862,
119108419,
114696707,
120592151,
115814763,
123152974,
117687757,
112804591,
118467410,
114238117,
120879438,
116381558,
122746993,
118564932,
114680308,
121706027,
116770426,
122820059,
117908684,
113311037,
118629379,
114610197,
121250357,
117002414,
122687066,
118314596,
114363725,
119477545,
114703265,
121335029,
117343184,
123716710,
118530341,
114631365,
121072349,
137455035,
133538618,
128953701,
124221930,
118719255,
114563778,
121244041,
116786913,
123082224,
118560097,
113986856,
119773968,
115178475,
122034925,
117562828,
123518065,
118904470,
114450268,
120312853,
115720953,
121693471,
116133636,
111746150,
117096228,
112930927,
118578438,
114906163,
120512444,
115649718,
121528790,
116732186,
112213389,
118792125,
114133071,
120028691,
114875255,
121695258,
116121630,
111024141,
117173789,
112852133,
118018170,
113862943,
119573786,
114853780,
121456558,
117163241,
123527705,
118858659,
114380171,
119822379,
115616556,
122238569,
117757958,
123459449,
119003117,
114627857,
120308474,
115483423,
122358803,
117156828,
112722457,
118722823,
114262840,
119934888,
115554327,
122329516,
116873176,
112038806,
117987997,
113714959,
119861150,
115694599,
121398759,
117237771,
112951450,
119148286,
114714006,
120736430,
116869198,
122700112,
118159453,
113366395,
119014655,
114721114,
120613576,
116726436,
123231210,
117983726,
113573983,
120035848,
115750985,
121545816,
117126594,
111952951,
118171802,
113825766,
119336264,
115342927,
121454735,
117489355,
124164233,
118887097,
114541942,
120560032,
115616364,
122093503,
117796025,
113568362,
120016673,
115865098,
122476393,
116924642,
112486557,
119028155,
114834941,
120419817,
115660354,
121839772,
117879507,
114024844,
119689829,
115699347,
121702052,
116692564,
123217481,
117962795,
113486719,
119037926,
114680942,
122020519,
117757869,
124388390,
119069289,
114683319,
121490164,
117627740,
124296341,
118746697,
114012780,
119985433,
116037131,
121258197,
117017677,
123366297,
118928776,
114638192,
121367269,
117193002,
123354693,
118660783,
114335324,
120047856,
115706203,
121489189,
117126522,
112306451,
117941190,
113721992,
119488683,
115497209,
121945689,
117944023,
124039784,
119107813,
114898560,
121207987,
117156360,
124128956,
118888501,
114644029,
120772761,
116894035,
122536992,
118302514,
113741017,
119422024,
114833547,
121213736,
116617661,
122413864,
118158364,
113029148,
119184643,
114964447,
120703357,
116597764,
123594070,
117902398,
113179970,
119709399,
115702190,
121659467,
117097502,
113031200,
118050700,
113936223,
119799292,
115116210,
121525664,
117779909,
124020252,
118976987,
114162418,
119630921,
115182372,
120898704,
116487151,
123291747,
117683200,
113421482,
118645841,
114643389,
120448994,
116211040,
122701039,
117238147,
112452699,
118414416,
114616720,
121186247,
116756933,
122928987,
129029341,
124403754,
119236318,
114838648,
121492525,
116894916,
124132706,
119140901,
113953669,
109032509,
114809703,
121663709,
117063265,
124351088,
118938643,
114011128,
119844929,
116075167,
121643747,
117998978,
114236973,
119452861,
114667029,
120343343,
115802791,
122534229,
117353181,
113208171,
119167920,
114419955,
120332289,
115546359,
121852455,
117011684,
112734892,
118395379,
114042807,
119383821,
115396022,
121298318,
116688557,
122765463,
118085395,
113528586,
119884894,
115901700,
122869815,
117630089,
113459542,
119500110,
114709717,
120612615,
115918910,
122509459,
117170012,
112867009,
119635936,
114873170,
120757322,
115985073,
121916774,
117034208,
112646308,
118344661,
114201979,
110314931,
116144670,
122983401,
117829713,
113290960,
119021666,
114437602,
120442758,
115929152,
123257548,
118147817,
112817288,
108084222,
113912521,
119152383,
114789679,
110113935,
115999286,
122623554,
117730367,
112914562,
119121290,
114743495,
120692485,
115964576,
122656930,
117499658,
113033289,
119040268,
114739389,
120865833,
116304125,
122656415,
118257721,
114209464,
120921304,
115623352,
121555207,
118006482,
113521494,
118513779,
114105630,
120534251,
115327298,
121342299,
117328322,
112538820,
119140644,
115087973,
120584363,
116123337,
122742294,
117166009,
113019445,
118511542,
114293266,
120967967,
115752362,
121574377,
117798836,
114136107,
119017672,
114784520,
120890798,
116404180,
123541342,
117989094,
113423389,
119887313,
115626030,
122277106,
117376331,
124242766,
119181876,
115107561,
120548291,
116078248,
122703825,
117750994,
113064030,
119940993,
115364702,
121021490,
117129813,
123423985,
118708627,
113918554,
120244834,
115527165,
122327042,
117047532,
113267297,
108743455,
113855029,
119789168,
116086804,
121919442,
117420341,
123918384,
119661961,
115579259,
121351751,
116680333,
123927397,
119146754,
114500866,
120511788,
116019982,
123039146,
117663426,
112745821,
118465118,
113967771,
119900094,
115267484,
121691416,
117560939,
123265447,
118935809,
114324524,
119875255,
116179184,
122457040,
118288063,
113396108,
129397548,
125208714,
121166260,
116965006,
112740187,
108677395,
104307234,
