12803539378,
171561999,
148388300,
169088355,
158527565,
160296752,
161608886,
162197043,
153068845,
165518869,
166801879,
147676176,
149228921,
150935580,
142886671,
144690991,
145997161,
136518619,
137984686,
139775100,
141211499,
143183731,
134544602,
135738983,
137789172,
139323659,
140828507,
132620206,
134308625,
136523725,
138104853,
139982213,
141280656,
142866091,
133858977,
135659581,
136693679,
138927054,
140378051,
141853098,
132410306,
133740801,
135435900,
136998539,
139233781,
140829122,
133022718,
134702317,
135977807,
137437817,
138814189,
140663505,
142667428,
143650521,
134829486,
137008244,
138645496,
140554950,
142331960,
143283630,
135217774,
148089566,
159688975,
161577286,
163437504,
164582710,
165615647,
156215596,
158169885,
148800083,
141668660,
153641079,
165232186,
165911546,
156835426,
158791898,
160021046,
161618494,
162493332,
164091922,
165594675,
166146856,
166756281,
157551782,
158858329,
161772427,
162366050,
164439353,
166216156,
167934109,
168738667,
169172939,
160002228,
161312330,
163056921,
164912083,
166778120,
157818064,
159182927,
161203990,
162889051,
154713342,
156994871,
168073381,
158535571,
160340564,
162434570,
164038670,
165647335,
167267617,
157684229,
158834069,
161392741,
152174780,
153920544,
145795941,
147102915,
138570049,
140236727,
141908300,
143902159,
146009891,
148431592,
140659765,
142453335,
143164153,
144727160,
147662428,
138567703,
140689717,
142426329,
144296874,
146318020,
147116338,
148467061,
139612816,
140603739,
141556864,
142823604,
145109894,
146993549,
149284315,
140697424,
142299836,
144179104,
145248405,
147104546,
148777221,
139818843,
151179106,
152580761,
144485208,
145847893,
137127191,
138114874,
149823848,
141324639,
143786236,
145742309,
136571963,
138349973,
140054254,
141954913,
143658075,
145571266,
137169163,
138456221,
140547770,
142864653,
144311723,
135459027,
137409164,
139039060,
141350302,
143202362,
135301209,
137224120,
138746908,
139706137,
141493422,
143400272,
134380932,
136369007,
137991396,
140350632,
142139846,
143757684,
135185277,
136913825,
138688510,
140776127,
144185307,
145184101,
137422675,
139017583,
139988394,
142089710,
143578758,
136089355,
138427939,
140172487,
142401694,
144306290,
146130436,
147646124,
158270221,
149249370,
140969604,
162500541,
154134422,
155431798,
136328656,
137511335,
139430900,
141555257,
143546349,
145342562,
136839145,
138374377,
140168726,
141767199,
143511567,
135230412,
136713589,
137984535,
140042162,
141662182,
143909772,
146133335,
137489688,
139498412,
141095429,
142963818,
145003097,
146589882,
138490681,
140215339,
142168826,
144622055,
146164692,
148277586,
139998537,
141854581,
143947828,
145997996,
147578902,
138936785,
140661010,
142301831,
143837944,
144582550,
136390931,
138074807,
139875897,
142052348,
144129225,
138618692,
139619003,
140802345,
142433700,
144800521,
136670234,
138828290,
141232979,
152815387,
134351547,
135948486,
138233655,
140320638,
131905072,
153958696,
165668782,
166889852,
167570178,
158308353,
158789258,
160654775,
162006632,
164397781,
166195056,
168049202,
159037059,
159570723,
150469294,
152129918,
154228929,
166282197,
146805088,
138626465,
151472643,
153014413,
154667429,
157573006,
148910904,
140898933,
143066274,
144916980,
146727292,
147839997,
148869261,
140738899,
142076933,
144016525,
145639416,
146793798,
148080541,
139786006,
141146264,
142381271,
144860076,
136079678,
137513986,
140314271,
141699530,
142366503,
143802047,
135638673,
137395945,
139562542,
141544963,
143629621,
135568875,
137350933,
148657194,
149878747,
142292982,
143614509,
144499991,
137101127,
148667884,
149896023,
141472423,
142806371,
145046492,
146530887,
138172428,
140140489,
142261393,
144118423,
146008014,
138412808,
140391933,
142345147,
144297775,
146548162,
147880260,
139344171,
140706885,
142631330,
144100360,
146392381,
137688605,
139265674,
140868760,
142954748,
145336960,
136672604,
138217183,
139389434,
142317612,
143559232,
134664561,
136449104,
137744858,
139338334,
140800884,
143040579,
145304859,
146658980,
149359810,
140087760,
140869766,
142321114,
144122336,
135701858,
137818843,
138835279,
140587152,
142649663,
144312163,
146281297,
138543615,
140818591,
142666807,
143794934,
146095565,
136907382,
138365840,
139667370,
141662560,
143411988,
144706802,
135891163,
138071383,
139020089,
141435554,
142045338,
144176829,
136176232,
138667485,
140165447,
141759643,
142562369,
134287334,
135947360,
137476002,
139513567,
150063141,
151050746,
161941174,
162766750,
164687007,
165925523,
166679686,
167242365,
157193836,
148177755,
150486075,
162165805,
163859464,
165438141,
166671893,
168230064,
158757796,
159639807,
161434850,
162717042,
164747086,
166309535,
167190739,
147706929,
159720326,
161120241,
163146390,
164592104,
165722228,
157090079,
158817206,
161016208,
162460372,
164400264,
165979038,
167418651,
157896444,
159796220,
161738497,
153693934,
154644105,
157520412,
168125908,
158805037,
160995819,
162729012,
164843602,
166263579,
168117769,
168837000,
159618019,
160745732,
162716552,
164285421,
165768962,
168116843,
169397357,
160026518,
161907806,
162916044,
164875264,
165814956,
166854274,
157540354,
159084835,
161926291,
163084321,
153713524,
155738645,
148182447,
159481754,
140097036,
141238450,
153531685,
145515661,
146239788,
138161033,
139133539,
141172474,
142990191,
144574375,
146560260,
148990561,
140515718,
142681913,
145034813,
146527717,
149060287,
141396150,
163335023,
143858021,
145723108,
157467497,
159569785,
161423253,
162578151,
163650953,
165171022,
166090937,
167705555,
169004308,
160333164,
161683175,
163609090,
165408566,
167120615,
168189747,
158860750,
160542523,
161802866,
164880622,
165975102,
168851154,
170127697,
161001630,
161823118,
162991184,
155402014,
167187137,
168349379,
159406848,
160078459,
162189553,
163724945,
165474931,
167241653,
168419039,
169382750,
160210995,
162366030,
164427239,
165681023,
167640488,
169119912,
160108180,
161728536,
163924251,
164995064,
166456140,
167783557,
157625364,
148673870,
140332656,
152244727,
165051436,
166164762,
167691809,
158018852,
159651596,
161925647,
163947464,
165667310,
167008311,
167763466,
158741899,
160555871,
161851925,
163424152,
154681792,
166868071,
168068784,
169039759,
160226727,
162051247,
163674271,
165881823,
167416114,
168585534,
159557924,
161039876,
162470243,
164310084,
166065150,
168239521,
169208147,
160203745,
162118666,
163663864,
164822124,
166514312,
168009234,
158562335,
159929633,
161116735,
162730795,
163720592,
164873965,
166084095,
157664642,
159502407,
160913627,
163094525,
164881545,
165896639,
167047314,
157696523,
158451842,
149243364,
152280408,
163877663,
165706581,
156608557,
168334764,
149277045,
140785894,
152463042,
154997839,
167179510,
169057317,
169891530,
161063335,
163013568,
164761202,
166873027,
166991433,
168504953,
159807992,
160799759,
161514236,
163442372,
165385783,
167369026,
168370644,
148646998,
150832406,
142290169,
144281944,
145931011,
158011966,
169222319,
149803214,
151791038,
163169445,
164669421,
166088899,
167748946,
168976167,
149794606,
152240023,
143274780,
145446200,
156523690,
167934546,
149090227,
140747686,
142533894,
144034756,
145777609,
148058037,
139834962,
141966039,
143840514,
145945144,
147649538,
140014719,
141737504,
143956288,
145652468,
147459536,
149548141,
141030308,
143452066,
144385289,
145524021,
146637957,
137358771,
139038321,
141258832,
141999626,
143650979,
145912565,
137514916,
139919247,
142024929,
143758854,
146161419,
148399392,
139677985,
152110562,
173753552,
163926681,
165369009,
166872591,
157970010,
159440268,
160926307,
151864853,
164005266,
166625224,
167784049,
159543754,
161083850,
162532144,
163827426,
166600459,
168097528,
169727153,
159694688,
162552293,
153569175,
144962002,
146671413,
148093251,
140143051,
141681358,
143099353,
144226270,
145119281,
146317119,
137952799,
139686989,
140975800,
142761644,
144776701,
146578436,
138596254,
140181901,
142818140,
144767893,
146714309,
137765981,
138825596,
140559918,
142766442,
144757357,
136626395,
137956255,
139913651,
142080522,
143143966,
134759047,
136913028,
138197744,
139557212,
140809379,
141598741,
133957386,
135722452,
136815491,
138092136,
129490933,
131548449,
142820544,
164145966,
155131919,
165919692,
156838672,
159075903,
160575088,
162561464,
164778442,
167067814,
168062367,
159009088,
160148389,
161184344,
162858477,
164842594,
166521318,
168179790,
159180549,
161006261,
163422279,
154590700,
157018006,
148885280,
140636446,
142342571,
144000791,
155626873,
166631473,
168017606,
169134606,
159803519,
161860045,
163524187,
165650618,
167721662,
168818635,
159769463,
160984265,
163018350,
164765497,
166158535,
167361904,
167502258,
168979296,
159974187,
160749632,
162761357,
164967400,
166658898,
167920191,
169057011,
159621125,
161316674,
153146949,
164733416,
166982468,
158846903,
149995084,
140036521,
141879748,
144554298,
145770524,
148399484,
139407385,
142002362,
144235094,
145134911,
146924336,
148367839,
139722978,
141798001,
143587654,
145191523,
146861232,
138445786,
140256343,
142350742,
142999898,
144676804,
136150954,
137850877,
139987444,
141599671,
142927245,
144547987,
136295747,
137831375,
139662470,
142297807,
143885078,
135279871,
137828716,
139322160,
141085771,
142160853,
132598832,
134026920,
135265952,
136862567,
128470854,
129953071,
132404993,
134498113,
135458067,
136725393,
138180731,
139128849,
130980671,
131967886,
133326083,
135896265,
137682225,
139290221,
130180428,
131499861,
133820368,
135664135,
137673980,
139324523,
139741928,
152092426,
163947601,
154120836,
156412769,
158225166,
158644028,
170227328,
160825153,
151579056,
142882575,
144706534,
146473527,
149265335,
140550961,
141303107,
142594236,
144313281,
145615746,
147003890,
138803223,
140588794,
141962983,
143357204,
144908551,
136278472,
138583862,
139962870,
142511000,
144700909,
136521655,
138396632,
140732285,
142116499,
144198374,
136022141,
137966023,
139612389,
141564634,
143900663,
145472937,
157159724,
158766807,
149819359,
151516155,
144217663,
145998418,
137365660,
148951475,
141456358,
143013566,
144460965,
146862909,
138671403,
140538037,
142218590,
143973136,
145472323,
146782457,
138420466,
140559028,
142441920,
143769561,
145722569,
137567859,
138988661,
140724506,
142521250,
143631924,
135072730,
136673519,
138694863,
140984406,
142609061,
132894651,
134121677,
145759618,
147195532,
158235023,
149453226,
140817432,
152825538,
164742481,
166494393,
157802926,
168784365,
159839285,
161652571,
153491028,
154575973,
155633967,
167481253,
158343811,
159694920,
161023973,
152358595,
143682148,
145985059,
147029862,
138150368,
139817923,
141713657,
143644560,
145726711,
137864951,
140216903,
143083513,
144512626,
146955150,
138046380,
139681416,
141783806,
143685487,
146150428,
137901257,
139903948,
142186905,
143341624,
144914281,
136804019,
138751616,
140779700,
142408952,
143328434,
144666546,
136527692,
138052965,
139755501,
141792911,
142809023,
134455879,
136257758,
138575577,
140748249,
142607978,
145181142,
136346827,
148488122,
160512292,
161955836,
164726468,
165368714,
166720194,
157904348,
159898713,
161453853,
163359772,
165200868,
166697475,
167743654,
158910654,
161032270,
163359609,
165414784,
167004148,
167687286,
158839062,
160859359,
161643880,
152737378,
154399631,
156462180,
157970786,
148816784,
151185462,
153151955,
145322687,
166678798,
168029851,
158846782,
161018498,
162576579,
163772555,
164120319,
165632298,
167945212,
157949517,
160255565,
161721665,
153030456,
144884260,
146646821,
138373281,
140495223,
142806210,
144896243,
147095555,
138443929,
140437693,
142434042,
143585028,
145408057,
137503420,
139236725,
140951365,
142937177,
144647544,
136412388,
138156802,
139322404,
140703280,
142358178,
133880764,
134759448,
136732146,
139040105,
140979193,
143328882,
134754897,
136868228,
139265576,
141019920,
154268195,
165665745,
146348461,
147712271,
139587348,
141306963,
142822910,
143918769,
136162541,
138425363,
138689219,
140103367,
141966968,
134346790,
136289648,
137575162,
139830295,
141217370,
132237337,
134744128,
136605754,
148035611,
158603525,
149297306,
151278450,
142214979,
153311220,
145231664,
147751294,
158361537,
159867586,
160369213,
161511967,
163291734,
164624330,
156839343,
168589926,
159224754,
160836444,
161537943,
162656283,
164919141,
165692972,
166995185,
168032886,
159355228,
160717141,
161319892,
162546022,
164085130,
165804994,
167099881,
167991105,
158704085,
160066030,
161488556,
162372835,
163511991,
164293096,
165635193,
156206653,
167202617,
158077719,
158190262,
159519180,
149710856,
150809917,
140716904,
133612788,
135272281,
137030677,
137810596,
139907804,
141989230,
143046815,
135161394,
136542190,
138276693,
139991125,
141285953,
142414498,
153828147,
155413672,
166973161,
168458137,
159162600,
161180674,
162791570,
164732781,
166726411,
167825638,
169263639,
160036917,
162081715,
163951054,
165791704,
167639952,
169148920,
159782843,
160977561,
162936680,
165234094,
167162201,
168243830,
158509117,
159701511,
161077251,
163473414,
165280674,
167147259,
158174213,
169017508,
149701389,
160513798,
162885901,
164423999,
165876748,
166932131,
157543851,
158568467,
149178524,
151107727,
142429568,
143968643,
145573948,
146453852,
158870811,
149094025,
151459433,
143532143,
144394178,
145507790,
138001189,
139409488,
141196119,
142839978,
143811612,
155766628,
136431997,
138549843,
140162656,
142213047,
143860458,
144492558,
146303155,
148227744,
140196192,
142026098,
145234630,
147573296,
139348795,
140633216,
142856736,
164646120,
166482497,
168116310,
158917016,
159935719,
151222239,
152507590,
144485996,
146689031,
148531589,
140612721,
143150945,
144996251,
146290001,
147558258,
139809447,
141657383,
143192301,
145438761,
147420514,
138840817,
141168333,
142610272,
144651548,
146649470,
138008349,
139716445,
141582351,
142845828,
144925751,
136580724,
138721270,
140479126,
142247037,
144298356,
135230807,
137122726,
139107257,
141159482,
142829074,
144969020,
136329801,
147990628,
149341035,
141913236,
143928101,
144676201,
136950748,
138661003,
140579729,
142062685,
143749205,
134839449,
136967088,
138131257,
140464998,
141307804,
132684756,
134380483,
136395764,
137386081,
139191501,
140236047,
132132541,
133777356,
135947467,
137167249,
139476442,
131407049,
132482856,
134150747,
135597471,
137364413,
138168364,
129390227,
132289238,
143019932,
164375794,
165728127,
157478938,
148743238,
151472413,
153791034,
145843311,
147541698,
148490878,
150521335,
141810839,
142943529,
144450564,
146486397,
149366613,
140755274,
142869991,
145317428,
146074406,
147358533,
149490902,
140683671,
142786597,
145036903,
147435870,
148323769,
140527716,
141606986,
143605428,
145821252,
147841148,
149710793,
141107600,
142601737,
144971657,
146961423,
148078718,
138878191,
140886685,
151888127,
163030806,
154299806,
166280480,
167437619,
158297797,
159625711,
161567751,
153335385,
145746458,
156015322,
147624422,
139552458,
141679583,
143693377,
145699517,
148122830,
139226931,
140021421,
141559945,
143585876,
145767418,
137857310,
139846778,
142300995,
144204378,
145741259,
137157202,
138833747,
140423356,
142751734,
144701229,
136597893,
137947946,
139395190,
141544022,
144306440,
135575823,
137879173,
139848956,
140794766,
132987264,
134725789,
136595232,
138199243,
139913746,
141490681,
133614998,
135617092,
138136498,
139990762,
141669723,
143030270,
134426143,
135542382,
137144893,
139692595,
161947831,
163775531,
165327656,
166579944,
157109274,
158396179,
160093613,
161828985,
152419618,
164334380,
145212751,
147252037,
139687796,
141595601,
143696642,
145385987,
136800442,
137995018,
139059799,
140496189,
142517396,
134399330,
136329850,
137849503,
140238978,
141667265,
133269392,
134024803,
135633854,
137554422,
139296834,
140586458,
132434626,
134184318,
135704563,
138141990,
140329741,
132242239,
133732933,
135436402,
137503479,
139230863,
141335241,
144065360,
145913480,
148048816,
139223623,
151594960,
163984138,
164736959,
166143878,
156832424,
158641706,
159627976,
161004081,
162739707,
154054074,
164794313,
145642334,
148410385,
159947792,
162371317,
164406302,
165952810,
166973753,
157873727,
159497236,
159912606,
161443290,
153657540,
155431237,
167548737,
158953054,
159959509,
161459285,
164078328,
165736092,
167031108,
168706807,
159676468,
160933457,
162810328,
164812022,
165450459,
167677086,
158062412,
159879418,
161709870,
163230601,
165159290,
166886374,
168485478,
159642983,
160866804,
162110300,
163377648,
164782310,
165813893,
167707668,
158976084,
160153835,
161918573,
164217603,
164630127,
165610335,
156238353,
158541215,
164155720,
161517600,
163557573,
164536485,
150538439,
142324831,
143532881,
146117690,
137348206,
139659988,
140947613,
142868506,
144929151,
146300630,
137370898,
139504357,
141465055,
143177489,
145541633,
137930167,
140151700,
141404852,
142852936,
144929441,
136348650,
138391567,
139688049,
142055072,
143446279,
145917813,
137843135,
141350249,
153312400,
164480385,
165685156,
156728032,
158901318,
159768469,
161888386,
163816501,
154490110,
166582155,
148191096,
149781103,
141220090,
142834999,
145036897,
136788258,
139042528,
140021155,
141253029,
143178354,
135665723,
136705000,
138414545,
139371011,
150488468,
143041889,
144269540,
135638873,
137968933,
139115806,
140005432,
141470132,
142703989,
134845275,
136825208,
138890737,
129990474,
141647795,
142483592,
134420790,
136118238,
137198944,
139503167,
141463836,
143213023,
144835487,
137057628,
138902647,
139953203,
141493722,
143767907,
135220214,
137326245,
139174251,
141842619,
143405789,
145012463,
136660573,
138604420,
141085371,
143269976,
144911113,
146660859,
138289973,
139844722,
151521692,
163430101,
165774185,
166713928,
156702204,
148889468,
151647209,
143343005,
154913390,
167393548,
168960735,
159700311,
161723228,
162811870,
164339361,
155500542,
156640089,
157468298,
149407011,
141296411,
153067864,
154604387,
166571043,
167866483,
157863093,
159242426,
161623113,
162709109,
163549366,
165091967,
145720366,
157431162,
148614703,
150596616,
152192075,
143243316,
144649752,
135756203,
136958944,
138176855,
139843360,
141577301,
133073052,
134550047,
136547865,
138862361,
139920851,
131231546,
132629850,
134369451,
144923538,
166751690,
168715703,
159658367,
161725770,
163263969,
165455546,
166469812,
167346845,
168951896,
150313405,
141292958,
143246151,
144255711,
146019488,
147277121,
138293608,
140808126,
142484133,
143913444,
146079782,
137493767,
139827575,
141924436,
144122768,
135350529,
137551241,
139581691,
142073907,
143622209,
145511046,
146757480,
158383122,
160061983,
151270993,
152661060,
153857970,
165373645,
146103349,
138170179,
139788111,
141140441,
142533313,
144110933,
135219418,
136851550,
138328089,
139879665,
141218537,
142357649,
133839812,
135752706,
137524040,
138663759,
140463731,
142623003,
134447832,
136096701,
137562125,
139124674,
140630951,
132132101,
133596945,
135533093,
137578083,
147025534,
147436875,
150155500,
161580644,
162560932,
153429054,
164859365,
145508033,
136421043,
139269339,
141746834,
143366563,
145084784,
136300150,
138049010,
139665824,
142933669,
144523668,
136624779,
138174655,
139679435,
141911053,
143796658,
135418763,
137360092,
138628410,
140801141,
142584926,
133611393,
135595713,
137820558,
140085305,
142408542,
163372769,
164605965,
155955256,
157431066,
158858063,
160763606,
151877153,
143688413,
145474792,
138023752,
140040351,
141437687,
143473835,
145312664,
136584635,
139050050,
141416050,
143540334,
145918099,
137583565,
139825209,
141653185,
143997022,
145894684,
136955961,
138863245,
140574497,
142271611,
143957496,
135898870,
137822557,
139389164,
141528233,
143507916,
146611078,
157751515,
159213975,
150793540,
142648121,
144437093,
136292250,
137647532,
139979109,
141280838,
142898185,
144727591,
146889809,
148317873,
150495184,
152766981,
144733782,
147222113,
137925140,
140222222,
141858485,
143274730,
145482354,
147246395,
148216050,
140125630,
141303442,
143191294,
144746493,
146102610,
148262230,
139265701,
141038700,
142420430,
143899533,
146333975,
137327496,
139371432,
140484625,
141514774,
142617765,
144694181,
136130564,
138501389,
140414943,
142094430,
143979126,
156335001,
137201642,
139430002,
141113883,
142378090,
145051039,
156378140,
158469608,
160112965,
162247028,
163612288,
154792938,
146255017,
147640790,
149234369,
150268935,
152233378,
164530030,
166498065,
167951927,
158453446,
159574962,
151236164,
153370942,
164985670,
166630601,
156772212,
158191472,
149487603,
151314556,
153524994,
153942178,
165445549,
157067176,
158433592,
159550755,
160548272,
151712819,
163508707,
164627577,
156226296,
157483800,
158479373,
150357133,
151851951,
144114908,
145700451,
137111165,
139194184,
141276411,
143580612,
145046086,
137007731,
139137350,
140483633,
142663380,
144581790,
136011439,
137653027,
139730168,
141842999,
143203726,
144739382,
135029828,
136514489,
138401913,
139746053,
142053971,
134041320,
135583243,
137034006,
138645593,
139946042,
142047759,
143980225,
145652353,
136868166,
138823628,
140644867,
142575386,
143472312,
135612782,
138415950,
149634106,
140829887,
142500964,
134458221,
136688988,
137052584,
139396117,
141300841,
142998870,
134401740,
136478406,
138521353,
140675396,
142464856,
144767842,
136690772,
138205121,
140572735,
142368657,
144055529,
146227820,
138137226,
140030247,
141044686,
143311976,
145329452,
137425286,
139537493,
141547052,
143438621,
145394093,
137343417,
138601892,
140074921,
141411040,
143815764,
145545902,
136717752,
137924762,
139164903,
139999048,
141674015,
133101448,
135215195,
137296401,
139471351,
142130972,
134357984,
136429101,
138199018,
139655755,
141147358,
142442665,
133464570,
135016301,
136867897,
138839477,
139978217,
131220723,
133005037,
135361713,
136839954,
139337861,
150612785,
153082274,
154729024,
166062797,
156569347,
158886413,
160293167,
151426618,
152441115,
165165737,
145889442,
137851527,
139733375,
140595469,
