12784012240,
147051654,
117863676,
129096336,
129439728,
131570559,
123639061,
145186297,
136503902,
137898986,
130321521,
131296646,
133218067,
135236321,
136813835,
139936014,
131050438,
133319180,
135029729,
136164770,
138451340,
129928822,
131999901,
134283168,
124841939,
137931586,
129257952,
131454112,
133577443,
134581247,
136770075,
139012099,
140883290,
133004463,
134917258,
136969131,
138927489,
140069602,
131623120,
133635488,
136063855,
139194457,
130920212,
132989054,
135174404,
126096573,
126484712,
138687806,
140892717,
133029074,
134974333,
115655129,
127428464,
139516063,
140376079,
133161590,
134408452,
136036950,
137868597,
139779097,
141852773,
133774432,
136218310,
137820189,
140205747,
121160072,
133479313,
135087453,
125819578,
127098090,
128656848,
130784996,
133071792,
113842541,
125297814,
127302187,
117730719,
129280954,
130456653,
111582756,
123028453,
103505012,
126150042,
127398885,
139791638,
141747385,
133954997,
125183863,
105412583,
127508480,
128325902,
140571797,
142869337,
134695004,
126213612,
106510804,
108424743,
109700678,
110885509,
102351256,
104204949,
106172838,
108190017,
109931734,
111030533,
101786713,
103830687,
105675190,
108258220,
110108534,
101358364,
103202321,
105079555,
107002461,
108994820,
111003289,
102338305,
104081397,
106348053,
108544344,
109959914,
101365297,
102565433,
103767889,
105852888,
107848873,
109966921,
101324091,
103358605,
104753873,
106947202,
109047250,
111086852,
102007775,
103755857,
105686527,
107208627,
109807414,
131874201,
112848057,
113863438,
126115730,
137786531,
129855297,
121029153,
122498011,
134707007,
137153334,
128463801,
130258715,
131585739,
124290977,
104412661,
126181532,
138483741,
140377355,
132392469,
134613608,
125903627,
127280526,
139773349,
141818901,
133617362,
136232091,
127841260,
129071491,
141981430,
144187183,
124900918,
116057407,
128143411,
129489642,
130784291,
131903673,
133961100,
136503733,
138799310,
129521564,
141749850,
143733551,
134682363,
136724181,
127735688,
129047434,
141329942,
133116133,
125174159,
126065438,
138386295,
140933119,
143090069,
145726702,
157614676,
149710994,
161887573,
153162902,
154629804,
136154751,
147401468,
159704351,
151723884,
143435348,
145599902,
137639990,
139698503,
141742079,
163734986,
164936162,
146263005,
147982811,
139794754,
141952614,
143019134,
145541466,
136852843,
138354157,
140567644,
142386520,
144909160,
136286559,
138702994,
140696393,
142984763,
144866135,
136765409,
138638507,
140345912,
142613690,
134362212,
136764703,
139331527,
130520180,
143082418,
133946849,
125871707,
127122245,
128379541,
119316630,
141712547,
143256137,
145132358,
147782617,
139310291,
141176345,
143249653,
145440237,
147498235,
139261776,
161040069,
152880437,
144635722,
146486913,
148715487,
150069122,
142230693,
164149556,
166335801,
147762398,
149218880,
151612033,
153894913,
155276584,
167314936,
138957490,
140109194,
162734155,
164587718,
165642556,
156603748,
157792176,
159618398,
141324628,
153357537,
144438804,
135392263,
147890678,
149390205,
161335217,
153002890,
165159606,
146481978,
138551268,
150901922,
153136727,
154234874,
155670822,
146576428,
148752990,
160960112,
152114764,
154505075,
155680072,
156734799,
147781723,
149740669,
151359731,
164027534,
165999278,
166811417,
158226431,
149699778,
151511042,
163920644,
155292488,
167297796,
138354884,
150450599,
152466180,
144723283,
146206930,
157762366,
149802684,
151588370,
143172361,
155474063,
166657643,
147957694,
149453837,
161334096,
143146454,
145262412,
166682802,
157866592,
159877413,
151442111,
163714607,
155055288,
147787014,
139812958,
131931522,
133957397,
135718666,
127761529,
108536321,
100097963,
111519189,
134014931,
136166185,
139201241,
130807817,
122322635,
123952798,
125090472,
126620868,
138743955,
130319951,
121343210,
134126524,
125186587,
126076555,
127668626,
128364698,
129322260,
130874902,
132797001,
123802558,
115130590,
138477672,
149898537,
141333611,
143786579,
136016225,
137843999,
139865323,
141863883,
144181215,
135755704,
137886639,
139994689,
141563826,
143934982,
135594162,
137623887,
139476034,
141748625,
144062519,
135846228,
137374566,
139960620,
142699478,
144671918,
136901818,
139076284,
141061085,
143039879,
145214330,
136602969,
138253742,
141200393,
142549543,
144388502,
136284586,
139148881,
140554417,
142773085,
135037649,
137117932,
139012418,
141148205,
131781505,
123930616,
136063196,
116834685,
118688090,
109608064,
132963441,
144978410,
147064363,
139245112,
140997135,
121794874,
144600406,
166447462,
157380198,
138989808,
161088906,
142953931,
165708641,
156497919,
159110306,
150791446,
153417926,
155370759,
157275595,
138753526,
130897487,
132657167,
134760674,
125885587,
128271249,
130358060,
132545610,
113469773,
125801113,
137775519,
139762389,
131378042,
133666259,
136203311,
137847787,
129516950,
131620790,
112565234,
123970309,
125873640,
137301450,
139707104,
131716092,
122805023,
114434828,
125675694,
137959954,
140627695,
132209058,
134189107,
136519294,
127833508,
140704981,
132154720,
134903389,
137131390,
127703188,
130061947,
132537179,
134716270,
137090256,
117256108,
129345609,
130446692,
133071683,
113567144,
127045064,
138811141,
140752555,
132247558,
113667833,
135787804,
126786521,
117708871,
139721381,
120243585,
134332149,
136268093,
138567517,
140833813,
142721516,
145244697,
136685735,
139228727,
140793837,
131929012,
144892746,
136438129,
138192215,
140386493,
142437761,
144406198,
136302726,
138553508,
129391915,
131605494,
144310895,
136371041,
138600635,
129551121,
141675487,
143617968,
145630641,
137733519,
128839982,
141164986,
144906749,
135352600,
137426749,
139542865,
130494118,
142374158,
144838935,
136683163,
127806991,
139531818,
141487518,
133655822,
136027884,
137940013,
139957684,
143151281,
134934383,
136637738,
127511111,
140540314,
142842973,
144469787,
135920698,
126877550,
139028810,
130155671,
141662532,
143933927,
134836368,
146861662,
138804706,
140770861,
142922808,
164296790,
155412744,
136866102,
139392243,
161964060,
163389028,
145334062,
167500263,
158737199,
160775607,
162481498,
164415089,
166728753,
158456036,
139527356,
131622924,
133550139,
135821262,
126204209,
128879836,
130845552,
132821639,
135131951,
137167375,
139277868,
131336623,
133606907,
114427649,
137334139,
140079076,
131772953,
153835216,
134925550,
125772350,
126989947,
118650402,
120726131,
121875724,
122905765,
123671353,
125827839,
138789584,
140527760,
132464599,
113436032,
124897865,
125960532,
126967416,
128496315,
129458254,
131492757,
112436998,
114449307,
115705007,
118407358,
142348315,
132924894,
125229112,
137587773,
139542177,
151376975,
133256554,
135353142,
137674905,
139470641,
141611093,
143083384,
123989260,
114560250,
138846838,
140697685,
142671717,
134536910,
136789344,
138926745,
140901289,
143384763,
135915264,
137047454,
138430579,
141109073,
142835084,
134505978,
137039235,
137955461,
140776653,
142785650,
134427801,
136597912,
138503586,
139906000,
142562625,
134890579,
136919170,
138690507,
161865072,
134752274,
136878514,
138737461,
140512139,
130942737,
133727927,
135858296,
137506549,
139820398,
131409023,
133524948,
135566760,
138005477,
139341309,
131402435,
133805238,
114294159,
115273748,
106508675,
129434470,
141100338,
133205620,
135762086,
127149178,
139077795,
141426347,
133201551,
135501172,
137669358,
139382254,
141526968,
133127837,
135769656,
137567744,
139765601,
141608664,
133976633,
135805757,
137212329,
139313709,
141938102,
134314739,
136740148,
138240599,
140411392,
142717263,
144133495,
136626240,
138359452,
140441218,
142057517,
143796770,
135579585,
137614974,
139347093,
141400927,
144077896,
135692890,
137408949,
139285292,
141569350,
143529493,
135176738,
137325564,
139551249,
141671829,
143797450,
135568747,
137840833,
139684182,
141882665,
143919166,
135430505,
137731071,
140171488,
132033765,
134627944,
136643136,
127961694,
139061772,
141454997,
133229375,
135206460,
137531860,
139183840,
141646427,
122311812,
113461772,
125254346,
126584277,
127704982,
118205747,
131857052,
111956613,
113148653,
125717858,
138066151,
140562777,
142240729,
134668383,
137047469,
138984166,
140889843,
142656242,
134031917,
135942497,
137806505,
140410893,
132363393,
134691372,
125721257,
116332328,
128419936,
120715661,
143236384,
135505968,
137442137,
139902063,
141589881,
143540734,
135130599,
137302842,
139341767,
141376173,
143257356,
135048184,
137609755,
139560671,
141017123,
142551832,
134716971,
136520417,
127761441,
129007603,
130274474,
131325643,
133437787,
124489613,
114881452,
126618850,
127552915,
128882904,
129701728,
142347739,
144475972,
136400697,
138596168,
140742263,
121263125,
133254115,
135089930,
137615845,
128676535,
130563158,
143436762,
135592273,
137426264,
128702369,
140279762,
141787973,
133307115,
135394999,
137102131,
139077181,
141337182,
133302178,
135359367,
137738098,
139772027,
141210466,
133386330,
135145427,
138067941,
140457754,
130920187,
133114127,
135614745,
138374088,
140196795,
141504776,
133293814,
135092570,
137530477,
140318312,
142245425,
133970673,
136311624,
138187213,
140524085,
143287862,
135244370,
137441966,
139428085,
141627197,
143255063,
135300019,
137911448,
140634619,
121133312,
121850882,
134700368,
116378898,
108112183,
109584679,
112487002,
115931356,
107425367,
110336433,
111500743,
113666591,
116552800,
118541306,
141444043,
143373228,
135234755,
137635198,
139741441,
141798996,
143674151,
135376748,
137456362,
139457750,
141888038,
143445004,
134211016,
136517002,
138419079,
140493147,
142505461,
134523711,
136530477,
138658255,
140428098,
152662713,
133973550,
145884854,
137519379,
139195420,
141557907,
133081990,
135457154,
137882856,
128791913,
129901869,
131892280,
112526497,
125436276,
137764631,
139649790,
141619134,
143446984,
135168563,
137703488,
139469780,
141697122,
143586811,
135583594,
137427538,
139571595,
141445559,
153404326,
134834791,
136996757,
139101818,
140633601,
142637004,
134479270,
136597105,
138735451,
141174432,
132796195,
135046175,
136921805,
138768814,
141242857,
133176809,
135034851,
136663808,
139353052,
141738396,
133252109,
135616712,
138086562,
139402051,
141548311,
133544741,
135863347,
137883222,
140030064,
141762618,
133868750,
135840641,
137742756,
139594874,
141539712,
133582757,
135695320,
137712815,
139541211,
141426624,
133291743,
135515208,
126566504,
127279042,
139238395,
131069217,
112184555,
123672940,
124544465,
125422402,
127777010,
139117620,
130562787,
132384802,
134218807,
136297074,
138559030,
140478108,
132436050,
134367017,
136724885,
138647213,
140815837,
132411870,
134628042,
136596048,
138495456,
140147798,
132026552,
134312724,
136113140,
137155896,
138929914,
140706996,
132409244,
134428513,
136343762,
138616336,
140432030,
132516549,
134165883,
136139449,
138501257,
140614002,
132275380,
134145780,
136517172,
138272806,
140564783,
132726663,
134764215,
136447340,
138629775,
130756368,
111683098,
134711497,
136457412,
138692772,
131576697,
132958264,
135179987,
137919196,
139481572,
141524706,
133487734,
135425730,
137502958,
128312601,
119625458,
132153892,
134147526,
136104932,
138310059,
139704478,
131053491,
112252497,
114330334,
137212623,
139591848,
141448356,
133102210,
135420384,
137346096,
139807635,
141867389,
134182193,
136211212,
138711312,
130723494,
132937939,
134858692,
126134192,
116852485,
128022533,
118244712,
119321708,
131490624,
134036125,
115310553,
126772136,
127961148,
108382214,
140963979,
142618058,
134606545,
125820507,
106452909,
128776136,
130695152,
122100469,
113353043,
136075344,
138672609,
140720171,
121760215,
122759835,
103120171,
105098795,
106726989,
128231179,
129300107,
110574611,
112089433,
114097879,
126104212,
117998029,
130629121,
132596889,
134738657,
127016874,
118168570,
130436764,
131948035,
134080453,
136633765,
138545886,
140525563,
132408522,
134773109,
136633067,
138948306,
131160292,
112371343,
134828925,
125747379,
127203520,
128377836,
129711206,
130029287,
132088933,
113014211,
114722982,
116536859,
118603794,
109885853,
111960671,
113775521,
114720427,
116659951,
118623083,
109674174,
122056215,
123413762,
114595125,
116329758,
138536959,
141101145,
142680980,
134321381,
136334183,
138176833,
140274428,
132093565,
112653158,
114975686,
116354158,
138873570,
141135218,
143383061,
135383624,
137530941,
159665488,
151638038,
143216739,
145511358,
137305811,
139462755,
121552022,
154854366,
146729102,
138779448,
130068522,
131368544,
132782977,
123726306,
135110329,
126535466,
97328150,
77287660,
98509834,
99816928,
80360444,
91684537,
92614929,
103636771,
104658275,
105922268,
127841237,
97744557,
88297893,
120539000,
121784030,
134114363,
136423301,
138538328,
130497409,
133831102,
124723380,
137034440,
128134244,
130538643,
111636928,
113408856,
125375548,
137631630,
138884513,
141046711,
143322807,
134116197,
135755477,
137643007,
140150114,
142893690,
144721807,
136392903,
138406803,
140252133,
142626155,
134857636,
136656934,
127346908,
128693459,
119513543,
131145200,
132882612,
135290022,
137435100,
139839049,
141659125,
133769011,
135644468,
136945598,
138887195,
140455352,
142567237,
134396733,
136614728,
138730154,
141770612,
143602346,
135641770,
136835867,
138683924,
140728861,
142418534,
134145474,
137520158,
118393525,
130006148,
101127236,
134214496,
115017998,
106148868,
106871157,
98156932,
121234707,
122050226,
123858841,
115212062,
115923284,
128024909,
129653733,
111301494,
134555382,
137531437,
118652022,
130931324,
122010309,
112597046,
115058852,
128671952,
109482706,
111266101,
134454627,
125832538,
137965570,
118980757,
131488388,
112953765,
125335359,
137287845,
128490309,
119313637,
120358892,
142643503,
134708453,
125600646,
137937302,
139573470,
120906927,
143992058,
135219364,
137080832,
139235797,
141280225,
143433897,
135975322,
138809492,
140881267,
142668641,
144722091,
136264060,
138724271,
140509655,
142436755,
144748618,
136238104,
138638057,
140980874,
142849169,
144990541,
136607092,
138492342,
140610905,
141870280,
143640936,
135411088,
126483808,
127801352,
128783983,
141238412,
133172427,
134922542,
137197121,
127812143,
129951082,
111063955,
143109755,
134885212,
136589401,
138559157,
140778269,
142918099,
135161255,
136506528,
138692707,
140405095,
142555671,
134261781,
136836350,
138463893,
139916983,
140827199,
132994537,
135571329,
126687511,
127919025,
140298593,
130997304,
132659766,
134632740,
136614887,
138786823,
140619901,
142617254,
123134542,
135425456,
127273810,
140198337,
142599812,
144992845,
136814385,
139080727,
141349518,
143455376,
135374921,
137433127,
139480622,
141927441,
133798964,
124841662,
146608130,
138393302,
140528107,
142765105,
144894400,
136454900,
138288778,
140232898,
141984142,
123709436,
135776456,
138204109,
160807548,
152876088,
144965004,
146481538,
138210715,
140105865,
142108446,
143724718,
146205915,
138117595,
140137240,
142408625,
144327936,
146533072,
138276103,
140381952,
142534684,
145569906,
147430405,
139119921,
141112154,
143568130,
134271450,
146670783,
138324858,
140087597,
142283897,
144016085,
146210030,
137911589,
140103674,
142251234,
144492475,
166245379,
156345293,
158281886,
149849103,
130303504,
121678046,
123725223,
135922105,
138271327,
140176438,
142273320,
144358517,
136296272,
138147987,
140071994,
141940634,
144401511,
136538344,
138407607,
140583974,
142360771,
144151611,
136400349,
138193222,
140544061,
142171667,
134220842,
135802317,
137729294,
140267334,
142489511,
134132680,
136257793,
137757567,
140266984,
142651833,
134217693,
134716799,
138401611,
140683139,
143333091,
135991421,
138272292,
140146106,
141706186,
132634585,
134616813,
136678203,
137743565,
139784421,
131381817,
133605595,
135028291,
136735873,
139667400,
131572187,
133697431,
134927844,
137739223,
140570951,
131895588,
133560440,
135582553,
137517866,
139550127,
120492523,
122086820,
124052007,
115784139,
117394571,
130586182,
111704608,
113499445,
115562586,
117361591,
129391199,
130613758,
131689812,
134485772,
136017638,
137650713,
128506210,
119818672,
120753242,
122085503,
134504605,
136797819,
127738763,
128852313,
131234976,
112431744,
114287862,
137653111,
128590330,
129668811,
142160099,
134122451,
136282618,
138246711,
119047026,
132274262,
124591973,
105048105,
116913318,
117644034,
98275401,
121891104,
133480485,
114331023,
105500171,
127696133,
118717496,
119585199,
110620446,
101928290,
103617244,
105708481,
97501416,
120148328,
120755777,
121676534,
112544386,
103560132,
115941305,
116860835,
107881141,
109283530,
110843549,
112593630,
103531114,
105467084,
107479929,
108385693,
130043363,
142252208,
144492585,
136795933,
127793225,
128883897,
129840376,
131183857,
132359174,
134432096,
125821007,
127844752,
129043361,
130298995,
142732094,
144281356,
136315160,
138901296,
129334376,
141776149,
143356072,
135411781,
137734084,
139543802,
140665982,
142363802,
134367551,
136680581,
138655583,
140873450,
142967653,
133853368,
136582210,
138548138,
129551295,
131057449,
122873659,
134939678,
137604165,
128809787,
129551650,
130741059,
132934668,
135243210,
136476142,
138572567,
140609049,
143048669,
134703979,
136664770,
139358474,
141605295,
143323772,
135618660,
137689817,
118371371,
129748352,
130903598,
133673037,
135651059,
137628284,
140225514,
142552506,
144934150,
136632860,
138755354,
141497883,
143383424,
145372969,
137262775,
139708849,
130452753,
142474891,
144801404,
136346842,
138790191,
141506747,
142732476,
145544687,
137519982,
139319777,
141343996,
143550395,
145379919,
137168928,
139505951,
141268057,
143511160,
145576791,
137598130,
149828736,
162795129,
164300767,
156109505,
137756250,
129433371,
131845013,
134490947,
136706286,
139067204,
130680833,
132892369,
133643842,
135855711,
128118014,
129594745,
130742445,
142444451,
144420687,
156589323,
157487410,
148257559,
150985836,
152186419,
144235313,
156228607,
147596962,
148648857,
150707020,
152895056,
144211397,
156125539,
157343524,
138884295,
140063709,
142076799,
144173548,
175364713,
166656770,
156897153,
150071697,
162840478,
164693090,
165970796,
156179767,
148682145,
150681228,
152315775,
164425634,
155735930,
157780730,
159700791,
151050423,
164032743,
164653988,
155445245,
168039231,
158253072,
160319171,
151396588,
142931177,
145055559,
136584933,
139173518,
140709543,
142265288,
134386390,
114589438,
137415683,
139717838,
141626261,
134154006,
145784239,
147740010,
149526385,
141199851,
143487680,
145702898,
137455542,
139520726,
141391526,
143653977,
146919182,
138842633,
140598095,
141967398,
132747316,
143764687,
135500170,
137596321,
138898751,
140816342,
143040149,
134750291,
136992307,
137985501,
138799736,
141758328,
132923264,
135869932,
137548027,
139456857,
131693970,
112842286,
114748233,
116419763,
118834986,
109880725,
111797106,
113983257,
116017823,
117950470,
108874229,
110920884,
112758730,
114690536,
116584482,
107911082,
109992936,
111630286,
113589367,
115549615,
117855033,
108498816,
100450429,
102359393,
94547083,
96700688,
108525219,
110504370,
102209338,
104238108,
106508920,
118869435,
141512215,
133397963,
134708767,
125609561,
137723883,
128908034,
130519405,
121349170,
122451318,
113360654,
136985193,
138846679,
130398047,
121856270,
132947097,
124737769,
136608038,
139014678,
141217867,
133227013,
135359192,
116179196,
97689963,
109383480,
121319955,
92159195,
93888189,
106002832,
117488272,
108141743,
130950950,
111909142,
113710576,
115195489,
106741432,
98921053,
131361299,
101827679,
92724742,
93717924,
94882252,
116138733,
137745977,
129767799,
100225839,
100748774,
112899014,
125455051,
116189260,
138444801,
130786486,
132576798,
135727682,
116645187,
139570808,
131290056,
133414096,
135534861,
137234144,
129801051,
110101160,
121831907,
133888152,
136602231,
139240890,
131737586,
133597525,
135816129,
126565746,
138506511,
130705783,
133202823,
135421968,
137230387,
129323031,
111201851,
113133986,
124405314,
137184466,
139642086,
131344905,
134206692,
136333716,
138736371,
140724988,
121701474,
112249873,
134647990,
136203666,
138529415,
140567068,
132421476,
113163456,
126022061,
127023499,
128384081,
140468072,
142424960,
134392243,
136581765,
128377578,
118869574,
109827690,
111711593,
113548046,
115784544,
117257335,
119085280,
110307505,
111849725,
135204965,
126872086,
139302287,
131807252,
112211893,
134984076,
147840231,
117965616,
119868386,
110600561,
112361761,
114327677,
115636976,
117531574,
120379481,
111129137,
113098176,
124738397,
136764423,
139896938,
141507204,
143346155,
135700811,
137578665,
138923702,
141655803,
133751535,
124975468,
136931819,
138464003,
140691757,
142594679,
144418698,
136784047,
138531152,
140503411,
142430702,
144515181,
136615966,
138338642,
140946294,
142343025,
144628264,
135899832,
137337769,
139563431,
141549166,
143434495,
135433914,
137722377,
139684675,
141566671,
143242298,
135195654,
137567643,
129540544,
121022170,
143132707,
144343740,
136288823,
138608028,
129696098,
141606495,
143739348,
135672496,
127938162,
118932550,
121446545,
123332773,
145414646,
136979521,
139276361,
131595613,
132734811,
144707541,
146735139,
138336112,
140496942,
142384455,
144743325,
146464607,
138060417,
140968518,
121439795,
143801734,
135410556,
137675265,
140169273,
142593393,
124222334,
137798019,
128655737,
129957235,
142012121,
143787248,
156138020,
157937431,
159533292,
151673910,
163453993,
145028025,
166355386,
138189594,
159221364,
150290647,
141106631,
142208817,
144291439,
136778469,
138386612,
140324391,
142538180,
134436408,
136517265,
138605465,
140867360,
142632826,
144521074,
136020900,
138097146,
141159077,
153697584,
146290128,
138184641,
140491863,
142684023,
123229142,
134913535,
137154774,
139323670,
141376954,
132337800,
144698798,
136288060,
138122355,
140283354,
142276230,
143910773,
155532967,
146096170,
136848447,
138515196,
140085625,
141330620,
143385910,
135260826,
137570319,
139538493,
142213816,
143445012,
135140464,
136947563,
139538540,
141712660,
122472712,
134433832,
136858688,
