12799754170,
175260846,
162842144,
163947965,
164965806,
166587618,
167218013,
167732911,
168756936,
158614580,
159471115,
159962352,
161666881,
162224971,
163435396,
164518172,
166027486,
166247402,
167303112,
168069975,
159292473,
161148428,
160779607,
162574112,
164269328,
165594533,
166673750,
168199090,
170099138,
160326177,
160706692,
162221880,
163415406,
163321742,
164744675,
165428233,
166382239,
167451639,
157175173,
158894276,
160706970,
162418549,
163039167,
164117012,
166032586,
166130913,
166483496,
167398362,
157779572,
168344069,
157972498,
159908884,
161916248,
163689715,
164821112,
166163923,
167738300,
169273993,
170221746,
171162119,
171558451,
161689951,
163458527,
165035344,
166215648,
166775213,
167869003,
168704678,
169781360,
170140042,
170985381,
161260207,
162113705,
163186374,
164457906,
166548003,
167872470,
168443284,
169991889,
170278449,
160341320,
162489015,
163980429,
164919979,
166523999,
168348178,
169600502,
169856203,
161027207,
162123098,
164460204,
165714416,
166822396,
166685166,
167492321,
168520438,
158889630,
160595174,
160939423,
162431604,
163947795,
165919956,
166474463,
168458770,
169524506,
170736164,
161136072,
162663607,
164706626,
166639415,
167547110,
168599529,
170203770,
171217654,
161414870,
162251034,
163612107,
164782225,
166056899,
167929669,
168673115,
169857227,
170426230,
171147570,
171914362,
162163667,
163564427,
164600289,
166216868,
166890946,
167719461,
169762123,
170836110,
161248127,
161976260,
162714656,
164028470,
166300851,
168046287,
169075099,
170326625,
171557198,
161332472,
162059315,
163312466,
164489944,
165917077,
167736470,
169191677,
180550237,
170585900,
162784956,
164434180,
165118300,
166539662,
168348472,
169526355,
160306790,
170868819,
161472932,
162691301,
164028057,
164840816,
165533729,
165845074,
167384518,
167899587,
159231130,
160786408,
162420029,
163799353,
166011435,
168337392,
170172586,
171257040,
161267047,
162769150,
164672603,
166390944,
167123925,
168290160,
169214989,
159182727,
159851430,
161353942,
163257351,
163991555,
165587015,
166534577,
167923685,
168975686,
159116105,
160740499,
162165101,
162674535,
164569027,
165839077,
167228485,
168473135,
170856065,
171652893,
161365598,
162362809,
164524593,
165998254,
167980593,
167904797,
169045090,
171019230,
161144822,
162347673,
163462099,
164518805,
165983072,
166557107,
167458556,
168416146,
169465294,
159530944,
161395991,
162198942,
164809939,
165648524,
167044238,
167987528,
169756480,
159995331,
161678563,
162982296,
164390454,
165784134,
167554077,
169481442,
170593353,
171051679,
161383235,
162979495,
164266344,
165624476,
166932817,
169227256,
169619341,
159826104,
162100326,
163769777,
165344322,
166050277,
167721549,
168766096,
169797117,
170620955,
160938073,
161822554,
163722746,
165409529,
166627566,
168134025,
168951705,
170096949,
171107048,
162096469,
162946769,
163471477,
165531884,
166724585,
168508994,
169050983,
170487613,
160742323,
161782399,
162831816,
164181937,
165235798,
166054252,
167506123,
168135430,
167994651,
158928412,
159048911,
160372972,
161322259,
163264200,
164990692,
166634719,
166798518,
168272558,
169628262,
170922333,
160889450,
162441202,
164283109,
165505856,
166417434,
167647795,
169072415,
170453431,
161253608,
162310815,
163915405,
164836017,
165611865,
167195266,
168640075,
169685304,
160345274,
161731181,
163262443,
164803309,
166431303,
168311196,
169898160,
170715893,
161661664,
162854192,
163619425,
165296215,
165941828,
166796942,
166867016,
168393226,
170244541,
170881846,
161428768,
162569483,
163950526,
164801508,
165921656,
166407143,
167855727,
169433298,
160139841,
162422213,
163814149,
163979980,
165873068,
167530464,
168723514,
170679761,
160463768,
161557068,
162605442,
163869220,
165660165,
166848265,
168440351,
169411991,
159359982,
160494340,
161376367,
162004259,
163969585,
165091542,
165599135,
167223452,
168815101,
170011747,
160652222,
171027972,
161963922,
162906801,
163759547,
164522524,
164898262,
166558870,
166730740,
168257460,
170453915,
160235940,
161211006,
162820801,
164661696,
165690514,
166972248,
168646619,
169186896,
169678161,
160283184,
161610917,
162956194,
163952597,
166023035,
167584930,
168913054,
170792890,
171873816,
161680390,
162787417,
163899686,
164692116,
165412862,
166517430,
166765680,
168114431,
169322968,
171118920,
161746099,
163531907,
164989870,
165946542,
166420749,
167629804,
168521184,
160072165,
161287568,
163083545,
164418519,
165691898,
167231811,
169301366,
170943322,
171934329,
162144574,
163230304,
163848881,
164960843,
165545522,
167303161,
168234191,
169730680,
170962448,
161634051,
162989226,
163562649,
165152440,
166133557,
166625199,
167950076,
168928156,
170126873,
161022297,
171712962,
161582583,
163107620,
165097625,
166051059,
166782311,
168085208,
169551023,
171827378,
161820082,
162890035,
163765049,
165823170,
166537700,
167784660,
168092408,
169079756,
170315404,
171337434,
161906461,
162569968,
163532004,
164468063,
166178379,
166713463,
167583144,
168853736,
169574527,
160097504,
161529441,
162787610,
163653980,
165416610,
166534357,
168294223,
169331997,
170460144,
171841405,
162139426,
162701656,
163429105,
164647000,
166387271,
167796126,
168853731,
169779417,
160313515,
162586118,
163032111,
163547835,
164560599,
166118964,
167265100,
168235461,
168521500,
159817138,
160987131,
162453895,
164807766,
166988316,
167901991,
169116686,
170518255,
161076251,
161900305,
163768448,
164845268,
166481485,
168411273,
169936720,
171251370,
161457684,
163231638,
164786384,
165624115,
166956697,
168130987,
168873805,
169122639,
159173799,
160782478,
172824765,
165679792,
166843779,
168636806,
169260993,
168848812,
159230330,
161316538,
163116434,
164232032,
165174328,
166013772,
166544076,
168435902,
169502372,
171344711,
161824081,
163198408,
164177530,
165597769,
167217413,
168161548,
169908849,
171290746,
162595589,
164229792,
164712569,
165878230,
166657315,
167292829,
168963600,
169743016,
160243801,
161667881,
163401805,
164763949,
166572548,
166311722,
166712123,
167049992,
157237938,
147732791,
148660893,
149861444,
151080852,
161655884,
163821794,
154753924,
156591906,
157513537,
158114330,
160215450,
161452603,
163199008,
165214945,
167307401,
168455286,
170013094,
171115788,
161554971,
172466747,
163575768,
164781004,
165637913,
167346598,
169093849,
170256815,
160838545,
161868628,
163392919,
164777814,
166946040,
167152188,
169024983,
170518368,
171072998,
161040883,
163189290,
164202127,
165043380,
165635861,
166700388,
168233413,
168827356,
159024161,
160594063,
161270065,
162401608,
163405831,
164500680,
166886999,
167789025,
168690065,
169616532,
171818236,
172569390,
162658046,
163337700,
164059600,
165456701,
166751349,
167788823,
169416457,
170658717,
161384498,
162724527,
163788472,
164799642,
165579467,
166594742,
167612882,
157678942,
159818970,
161811484,
164143629,
165200085,
166459633,
168015496,
168879301,
159167574,
160992733,
162523452,
164468022,
165365488,
166522539,
166692643,
169102968,
170730820,
171854867,
172658213,
162751132,
163239656,
164071933,
165501744,
167240445,
168994716,
170197273,
170762251,
171246904,
161861453,
162714664,
163684978,
164880413,
166587063,
167594216,
168508031,
169174829,
160230161,
161716119,
162516260,
163370413,
165625333,
167010259,
168337567,
169532301,
170994835,
161698022,
162351376,
163081567,
164183245,
165492893,
166252294,
168404754,
170859154,
171187245,
161026835,
163336426,
164676285,
165465574,
166302528,
168012767,
169104441,
169970214,
171420153,
161401085,
164117907,
165667176,
166543074,
168008707,
169860268,
170811925,
172040002,
162099971,
163408988,
164880018,
165927719,
166850427,
168780327,
169262732,
159691819,
161561502,
162911887,
164804053,
166388130,
166850745,
168346867,
169398729,
160615146,
161358280,
163007094,
164053922,
165845715,
166308691,
168003796,
169114953,
169213861,
159284478,
160940790,
162628536,
163840199,
165067474,
166934378,
167874771,
168896539,
169264680,
170341339,
171669302,
162404616,
163439170,
165007818,
166883486,
168499394,
169601305,
170716755,
171123936,
161400565,
162418221,
163414014,
164719617,
165396505,
166272716,
166586427,
157085333,
158744071,
159708380,
161352797,
162268099,
163986474,
165111064,
167388470,
168582788,
170445340,
160935247,
162555769,
164192636,
164344053,
165030416,
166826007,
168317490,
168837218,
169693001,
159768449,
171422569,
168400272,
169538388,
169945930,
160719407,
162245347,
163657909,
164803806,
165397938,
166726868,
167721465,
158279851,
159907410,
161470371,
163637840,
164859398,
166524784,
166820952,
167907674,
167979559,
158469108,
159976596,
160997977,
162436544,
164388540,
166861753,
167954754,
169225680,
171903340,
172050802,
172510491,
163080339,
164564371,
165428361,
167318376,
167916942,
167932586,
158161814,
159623451,
160887185,
161308701,
162922680,
165050427,
166887017,
167817173,
158273243,
169070846,
159727070,
160909719,
162751073,
163937919,
165684449,
166929733,
169138447,
169445252,
159742241,
160798634,
162361403,
164039465,
165818910,
165862961,
166388724,
168021540,
168621886,
158144670,
160284996,
161098346,
163655104,
164498199,
166585791,
168232842,
169068394,
169453082,
159716027,
160412288,
162068179,
162733397,
164067609,
165727103,
166401657,
168422676,
170396391,
161375109,
162957440,
163783609,
164866745,
165937868,
167864320,
169536252,
170712214,
171698516,
162061404,
162489279,
163462496,
165360085,
167378357,
168352582,
169769340,
171788031,
162268823,
163467462,
165161294,
166240939,
167837457,
168505926,
170461074,
161019514,
162486311,
164248603,
164822143,
166557333,
168101244,
169144907,
170602524,
171763412,
162311489,
162320129,
164403154,
166513915,
167237787,
169218721,
170234698,
161416714,
162600842,
164421143,
165830944,
166410087,
167772108,
168572197,
170068533,
170848928,
171319469,
161850267,
163290511,
164653168,
165662282,
167206009,
168423432,
170279579,
171195894,
161556478,
162639800,
164394094,
166217073,
166894212,
167766012,
169063139,
170180510,
170080749,
160488151,
163098284,
164257543,
166199111,
167757013,
169795042,
171015297,
161364916,
162778058,
163911354,
165582362,
166859818,
168107188,
169217866,
169887464,
160628627,
162098607,
163611557,
165241954,
166451661,
167174055,
168622375,
170856060,
160815326,
162632783,
164123777,
164661975,
166086892,
166888888,
167875635,
168538433,
159304210,
161007315,
162884333,
163420841,
164791953,
166189890,
167786432,
169965988,
170394623,
161551212,
162282442,
163292797,
164556752,
165350771,
166820000,
168663941,
169354408,
160285816,
161947637,
163353426,
164188635,
165535888,
166580123,
168062429,
168875826,
169685064,
160241547,
161458599,
163135255,
163707166,
165416465,
165943497,
167372076,
168218847,
158274093,
160607989,
161863375,
163942596,
165756692,
167074698,
169527443,
170605492,
161371553,
162562257,
163425061,
165018335,
165868661,
167663974,
169720320,
170645408,
171454563,
162128768,
163598780,
164553519,
166029791,
166896451,
168596351,
169565134,
171708346,
161972881,
162563568,
164402191,
165145109,
165599514,
166472299,
168597656,
170101206,
170650991,
160475713,
162421545,
162995487,
164798278,
165818806,
167161264,
167734246,
168993074,
170165244,
160567000,
161509621,
162807938,
164754494,
166079130,
167533801,
169310448,
171461506,
161504292,
163472706,
165242856,
166829084,
168545058,
169742165,
170698412,
171962954,
162209926,
162810633,
164299514,
165230896,
166490994,
167553968,
168586779,
169658524,
160775206,
172297840,
162730432,
163472399,
164905035,
166306187,
168193745,
169183408,
159416705,
159991839,
161628285,
163120139,
164484278,
165908402,
167307328,
168377144,
158645716,
159795286,
160479354,
162350805,
162509569,
164295945,
166046466,
168503734,
169482829,
160259611,
161085834,
162291697,
164018421,
166008238,
167358856,
168708789,
169144173,
170340499,
171561718,
161986428,
163532131,
164660776,
166728988,
168654042,
169881692,
171354166,
161691450,
162353834,
163498213,
165109636,
166090343,
167364060,
168592175,
159068730,
171647195,
161641796,
162122619,
163550643,
165468898,
167092657,
168176781,
170098813,
160123762,
161223068,
163333496,
165113658,
166968074,
168546587,
170092916,
170641922,
160944187,
163000084,
164519734,
166612162,
167282046,
169421108,
170261229,
160550346,
162005256,
163479050,
164212776,
165065018,
165676921,
166455916,
146538071,
147178205,
148972028,
160390560,
161387502,
163302740,
164318590,
166441611,
168476109,
169687690,
170253293,
161019529,
162476248,
164273758,
165511121,
166353324,
167390879,
169440420,
170611250,
171339346,
162113418,
162611963,
163185107,
164208741,
165904777,
167055998,
167893574,
158102066,
160073363,
162101183,
162872054,
164380147,
166168309,
167366099,
167774238,
169734437,
171431222,
162158357,
164509010,
165723869,
167700524,
169178138,
170159969,
170259736,
161518490,
162582102,
163315858,
164596151,
165534411,
166781399,
167944350,
169355331,
169923757,
160689608,
162252391,
163523108,
164534059,
165215771,
166453908,
167577617,
169312217,
170012837,
161233435,
162935031,
164183610,
165942254,
166483984,
167526567,
168973592,
169936073,
160473195,
161540206,
163275775,
164096930,
166057990,
167157521,
167267047,
168647292,
158579880,
159153972,
161149122,
162600649,
163362022,
164237159,
165645948,
166814791,
167254584,
158069082,
159137061,
160927778,
163585408,
165164383,
165737230,
167849304,
168886838,
159405818,
170708078,
161340338,
163504857,
164909281,
165571656,
166432473,
167219440,
168848630,
170196642,
160579933,
162614678,
163755538,
165211617,
166332852,
168326978,
170272729,
170571549,
160767170,
162258945,
164144416,
165262328,
166000975,
167366690,
169426589,
169836622,
171232278,
173144249,
163141075,
174442467,
164745488,
165951737,
166918259,
168112554,
169602112,
170816816,
171242423,
161731483,
163082498,
164852158,
166044284,
166635680,
167266182,
168028654,
168026623,
158359288,
159301834,
161770706,
163716679,
164846893,
165148045,
166542272,
167664098,
168639405,
159566968,
161284881,
163041184,
163953647,
166373981,
167398561,
168851858,
170417316,
160014437,
161253201,
161987042,
162940499,
164409792,
165879786,
167102018,
167651174,
158174028,
159734441,
160933083,
162299943,
163229242,
164997844,
166853584,
167760221,
169277270,
169849341,
160658838,
162396736,
163906970,
164372407,
165229713,
166585553,
167364173,
168221025,
169777697,
170390693,
171737298,
171817142,
161725575,
162461401,
163633465,
164499817,
165391279,
167273489,
167976195,
169578601,
170539213,
171252613,
161362498,
162010924,
163683736,
165528545,
166679466,
167443644,
168778015,
169965393,
171202097,
161485379,
162231056,
164155977,
166480869,
168678706,
170139485,
171218583,
161596519,
162891240,
164062395,
165444219,
166809714,
167643847,
168107436,
169622221,
170713709,
161448348,
162203360,
163533764,
163527789,
164600520,
167006882,
167376968,
168757601,
169952041,
170680693,
160162320,
161492303,
161940862,
163909034,
166040715,
168507713,
169751273,
170712605,
171180186,
161581822,
163500630,
165356605,
166354429,
167640541,
168970982,
170845797,
171242219,
161534523,
161641498,
163480346,
164666458,
164799157,
166516283,
167567716,
168395447,
169603148,
170709461,
171011223,
161065990,
161943210,
163113183,
164621097,
164847241,
166349723,
167471403,
157820655,
160934949,
161919951,
163929362,
165282805,
166107767,
167136988,
168401723,
168215799,
158515382,
160499373,
161139787,
162563440,
164151276,
165953187,
167798019,
169615461,
170900761,
161431781,
163455320,
164133989,
165370690,
166327673,
168067226,
168356337,
159077775,
160431778,
162227556,
163462949,
164382510,
165386197,
166602704,
167876937,
158201525,
159951271,
160950097,
163072366,
164706061,
166325561,
168353191,
169285380,
169709209,
160687397,
162432359,
164300875,
165905218,
166757084,
167370414,
168500264,
169259279,
169822757,
160195730,
161411457,
162264825,
163836030,
165986650,
168379836,
167897977,
168961015,
170456472,
160830338,
162643820,
163873528,
165657538,
166629947,
168215989,
169358722,
169895955,
170788366,
171635260,
162694289,
163684935,
164473285,
165835764,
166133642,
167781504,
169109727,
170423702,
170796479,
160599842,
161559154,
162160947,
163507479,
164694751,
165244772,
166138260,
167396949,
157826130,
159739563,
161312607,
162749633,
164736448,
166282364,
166357923,
167761997,
167988921,
158583244,
159911271,
161638333,
163103810,
165269660,
167482665,
168585899,
170056230,
170737910,
161538256,
162783592,
163199961,
164029180,
165559581,
166529155,
168199758,
169146392,
160601467,
162110363,
164799824,
165559414,
166303639,
168290211,
169052338,
169451106,
160133510,
162056179,
164710711,
166606794,
167801594,
169457188,
170499051,
171972701,
161731664,
162632035,
164463283,
165902355,
166271158,
167662403,
168726042,
169840902,
171142641,
161753980,
162366985,
163374123,
164041411,
165948059,
168053812,
170114380,
171392050,
161701503,
162641062,
162845299,
163564361,
164392448,
166156549,
168094071,
169180430,
159476423,
160329152,
161803606,
162987153,
164044569,
165599930,
167350728,
168820284,
170208356,
160368040,
161726987,
163268792,
165302897,
166186781,
167201007,
157549903,
157952524,
158688684,
159685591,
161472932,
163047859,
164500419,
165837721,
167268753,
169050346,
170585224,
160881428,
162879266,
163207532,
164144354,
165308029,
166674246,
168481068,
170697098,
171893393,
162545370,
162947472,
164678058,
165244525,
166506228,
167653892,
169605408,
170584717,
161043150,
161829376,
163036401,
164707297,
165978647,
167606516,
168589177,
169057196,
170285796,
171178824,
161125742,
162417252,
164549497,
166924815,
168196382,
170112267,
170850224,
161936353,
161973425,
162905500,
164671371,
166087722,
168798271,
168642678,
159347781,
160635384,
161559186,
162832038,
163514461,
165885033,
167826584,
168898389,
169570330,
159419398,
161163774,
163094777,
164754642,
166025634,
167976092,
169172173,
170207649,
170553363,
161444020,
163255826,
164354251,
165612693,
166620872,
167119280,
158018444,
159041760,
159700882,
160787044,
161503348,
163457306,
165276403,
166583669,
167200957,
157153132,
158396861,
159624096,
161104293,
162020977,
162769132,
164390600,
165134592,
166670655,
167535131,
157406890,
158476769,
160398722,
161299750,
162796585,
163833369,
165743960,
166758455,
167750705,
158481714,
160057778,
160877769,
162561435,
163633587,
165868151,
167022022,
168339742,
144259466,
155205655,
146473174,
147647093,
139343966,
140199516,
141799651,
143109984,
143839683,
135436756,
137201526,
137949899,
139874057,
141149655,
150980266,
161670324,
173249692,
163462431,
163926135,
164635550,
165772610,
167459273,
168868320,
170556941,
170993409,
161340970,
172475591,
163262145,
164773898,
165863460,
166399876,
168222858,
169275678,
159674147,
162118145,
163672904,
165275589,
166190355,
167957543,
169740877,
171110581,
162183006,
162642345,
164415410,
166160360,
168770629,
169595675,
170246532,
160589651,
161044506,
162418770,
163189704,
163739276,
165482642,
166586859,
167530343,
158048116,
158997264,
160077202,
160929957,
162671442,
164633336,
166279941,
167681891,
168966800,
169535985,
160167766,
161267316,
162249307,
163364861,
164235710,
166194892,
167670409,
167874471,
169243184,
170375071,
160725379,
161696929,
163141045,
163980069,
165871959,
167087304,
168404580,
159241104,
160579236,
161693034,
163006965,
164139514,
164732661,
165553726,
166620579,
167659429,
157497283,
158671315,
159623105,
161137636,
162514148,
164162149,
155014725,
146685791,
168547861,
159325308,
139755379,
141291984,
152719293,
165276723,
167180047,
168795337,
169347590,
171536881,
172717694,
163037419,
164620263,
165725790,
166787549,
168006227,
169300962,
160013080,
160818756,
161989216,
163513480,
164876098,
165964993,
167757671,
167922713,
169138268,
159905960,
161616232,
163584303,
165262408,
166296261,
166978964,
168687482,
158388904,
160265648,
162415165,
163422916,
164192829,
165178563,
167178805,
168635211,
170357001,
160741836,
162509770,
163913241,
165246461,
166724456,
168295339,
169077141,
160194661,
161572390,
162218784,
163523065,
165694842,
166720514,
168603472,
170008195,
170712266,
161001752,
162575422,
163684414,
164961861,
166321651,
167436694,
168255024,
158729849,
160463174,
162182371,
163943649,
164737126,
166370614,
167781710,
169501428,
170438676,
160809452,
162638760,
164391673,
165877429,
167578053,
169046124,
169460852,
160414277,
162719702,
164669073,
165695007,
166756280,
168179902,
169282824,
169581606,
171121537,
171818308,
161557723,
163539980,
164418399,
166119385,
166948807,
168247020,
170568850,
172159465,
162881344,
163700734,
164828331,
165921130,
166801030,
168268115,
170129504,
171431154,
171856759,
162008370,
162966984,
164406605,
165505351,
167244752,
168118380,
158313786,
159200535,
161473734,
162460107,
163490567,
164721590,
166229493,
166747038,
167990173,
169306584,
160231966,
161609224,
162832049,
163592538,
164798579,
165992576,
167693827,
168844634,
159417362,
160241779,
162013734,
164373402,
165844384,
166477418,
167387572,
168379226,
169344460,
159918674,
161152971,
163593917,
164500267,
166043372,
166753505,
169197678,
170823428,
150946607,
152251032,
153751618,
155350568,
146241076,
147724613,
139115711,
141248264,
153061922,
144012188,
145615246,
146595330,
138550887,
139147445,
140263534,
160039352,
170529897,
171281507,
161893890,
162526169,
164588447,
166215997,
167346761,
168421514,
170280454,
161138009,
171495949,
161896869,
163234497,
163759710,
165462635,
166441716,
168096431,
169595144,
159863902,
160754245,
161390410,
162691474,
163287164,
165087449,
166806455,
168554211,
170739794,
172224929,
162446745,
164181323,
164975703,
166580901,
167490608,
169808829,
170995919,
172201372,
162690994,
163500373,
165082010,
166576846,
167937934,
168649761,
168533104,
148920575,
140569230,
151780043,
163973823,
165796703,
167917687,
168545444,
169358033,
160286285,
162852270,
162978622,
165574845,
166047983,
167697460,
169346069,
170064379,
170401505,
161564503,
162516262,
163881971,
