12784674833,
174777608,
164984057,
166586741,
166848183,
167595792,
157685992,
169857598,
160060449,
162071378,
164306439,
165885303,
166997528,
157896026,
158388639,
160084256,
161634273,
163888691,
165028231,
156218947,
167550169,
158900310,
160784874,
152042884,
132898522,
155747940,
157219897,
138094804,
128844072,
140192734,
160704370,
152141353,
154099579,
165781904,
166851846,
158222088,
159753170,
160581295,
161687885,
164335757,
165732629,
166332377,
156596814,
157549228,
158839086,
160431973,
163048937,
164619653,
167293242,
168383353,
158704605,
159858235,
160830700,
161567487,
162272723,
163087656,
164728078,
165935456,
156263272,
147778961,
149553463,
161791903,
163788258,
165641512,
167128068,
157479515,
158345982,
159538395,
151004580,
142627241,
153872341,
154571617,
134860451,
136419903,
138474218,
140774763,
143282998,
165376984,
166686655,
157861832,
160042892,
160374974,
162281815,
163957977,
166045516,
166967188,
157401675,
158584902,
160974484,
162985842,
164327747,
165240458,
166849370,
158054518,
159864351,
162010902,
163311890,
165959425,
167442436,
158117806,
159464579,
160183335,
151533984,
163464882,
164367767,
165524078,
136101405,
127345793,
138561098,
140517623,
142553568,
144172034,
145807437,
136804178,
138509792,
140169785,
141054253,
143120867,
164381993,
145723456,
137349769,
139799998,
142063200,
142766544,
144517372,
136215973,
138125423,
139945433,
141858497,
143335054,
145847726,
137430794,
139898924,
142148991,
144764525,
146825110,
137969547,
139579186,
142082192,
143541351,
155606798,
146047839,
148373476,
160302899,
152537460,
143738127,
145646601,
137074972,
138384113,
160144561,
152465823,
145486179,
137390204,
138720004,
141143089,
143377865,
145884034,
137616342,
139620258,
141921837,
143131453,
144837419,
146394595,
138251456,
139891540,
141809956,
143890946,
135493283,
137393869,
139826807,
141700732,
133509038,
135594020,
137963822,
139217468,
141290870,
133335222,
134835110,
145840302,
137181061,
139538044,
141796065,
133408126,
135500069,
137295454,
139495047,
141897513,
133709899,
135184277,
137312686,
138839584,
140885187,
132100192,
133371197,
124136178,
124854636,
115598858,
128086087,
130575220,
132587986,
134722704,
136729151,
137923276,
140218322,
142683413,
133228749,
134999970,
136062453,
138689082,
140701816,
152659104,
144323931,
136489910,
138995732,
141086761,
142489083,
145200723,
146894152,
149476407,
141095281,
153586141,
145056480,
136713462,
138096048,
139567407,
140795958,
143295156,
145846187,
137506570,
139609023,
140535819,
142634107,
144052004,
136541777,
138449426,
139949987,
132190177,
133780461,
154566003,
155746862,
146901789,
168485562,
149324639,
160592724,
162227851,
163949422,
165776339,
166903120,
158047163,
159181897,
160118557,
162098806,
163304735,
163527201,
165000705,
155310155,
156461966,
157381276,
158066404,
159012478,
150594325,
142589303,
144134745,
136109079,
138029690,
140799116,
152780625,
164792531,
166372655,
167911804,
158703584,
160680434,
162843345,
164716996,
166397071,
167911558,
158189260,
160950353,
162358295,
153417734,
145050421,
146834858,
148598706,
140362525,
162496725,
164869050,
166809203,
167918995,
158520174,
160049114,
162380611,
163401031,
165631443,
166661346,
158176023,
159270909,
160746304,
162629771,
163826740,
165457880,
156829879,
158871549,
159538134,
159802068,
162011466,
163902361,
155695370,
167081913,
157251458,
148494571,
150156229,
162149067,
164892746,
166384875,
167936689,
159293637,
160704788,
162015148,
163249344,
163825347,
165308725,
167069071,
158482870,
160572341,
162483000,
163425569,
164433137,
154700239,
156718426,
167219418,
158694891,
160627708,
162385246,
164880285,
166859660,
167905889,
158328891,
159234151,
149933347,
141444787,
153271064,
165270395,
155974150,
158181859,
160144459,
160975347,
152274745,
164741415,
165880037,
156403542,
157414789,
158779258,
160459158,
162177392,
153560010,
164897735,
145860489,
147775920,
159141336,
149740294,
141267943,
144617138,
165709116,
147146487,
149009797,
150552109,
152212029,
143948782,
165252663,
155947214,
147336554,
159942110,
160719549,
162190636,
154352162,
165803378,
156716852,
158651885,
159967010,
151346538,
153656085,
144583561,
136931380,
137987636,
140476050,
141407480,
142369992,
134500106,
136734577,
137933814,
139775263,
141173128,
132293780,
134284179,
135781816,
137988412,
139646827,
131556313,
133654584,
135783591,
136759860,
128233813,
129319243,
130481197,
132359299,
134359503,
135784867,
116529665,
117511860,
107842468,
109699588,
111803818,
134588670,
125576201,
127309854,
128383977,
129214764,
130735257,
142117622,
154037241,
155022753,
146340913,
158098131,
149619705,
141825349,
162347746,
163568969,
164884873,
155191579,
156630354,
158302761,
159545338,
150833489,
151685562,
144366796,
165873260,
146800162,
148932056,
160120487,
151531932,
163767633,
166052473,
166966284,
158567432,
159271406,
160715530,
162459702,
163035970,
164381972,
167075462,
168355731,
159390520,
161169218,
163909249,
166062057,
167230156,
158743987,
160736679,
162601049,
164137107,
165672685,
167209617,
157900076,
159375756,
161458676,
163816770,
165570425,
167014615,
157365939,
158157140,
159834506,
160914099,
162780508,
164524670,
166265518,
157665192,
159357708,
160916824,
162776423,
164237396,
156174652,
167568613,
158357027,
149035894,
140224431,
142369910,
154019855,
155821477,
147158435,
138618601,
140836853,
141931964,
143565712,
144725232,
145648638,
137249747,
138984994,
141006895,
142422933,
144210784,
135751778,
137375926,
139553397,
141448640,
142614740,
144395850,
146242997,
137733818,
139386591,
141073350,
142427944,
144251598,
138179511,
139063301,
140722134,
142357143,
144321363,
136596095,
137825384,
138701951,
139860478,
140312571,
142318455,
133648747,
136587124,
137748530,
139138543,
139484376,
130718380,
142868820,
164209286,
166192808,
167495951,
157593140,
159200613,
161421300,
162187232,
153386096,
154892830,
145818780,
148480259,
150449599,
151696981,
143768520,
164932029,
166297488,
167951658,
158252139,
159969669,
161599842,
163707040,
165140543,
165716069,
157338014,
157845432,
149947026,
161095533,
162300795,
163908584,
165870989,
166714100,
157182399,
158872184,
150453843,
162449689,
164925325,
166907734,
168154579,
158682768,
159737130,
161251989,
162631948,
164588466,
165448124,
156128447,
157519919,
159250105,
160238173,
151647643,
142302000,
143939353,
135392779,
137495794,
139396158,
141772236,
143114953,
145343080,
137477065,
139648321,
140715406,
141597865,
143329068,
145464337,
146949004,
138479040,
139733113,
142220852,
144559619,
146413835,
137777152,
139650903,
140879945,
141643200,
143406218,
134954934,
136498582,
139111537,
141497929,
143872308,
135343860,
137682951,
139454516,
141468208,
143149532,
134626734,
136533334,
138250694,
139777292,
142673037,
144024144,
146309201,
138412893,
139822721,
141778524,
142936364,
143953204,
135723431,
137275718,
139259638,
141561979,
143202321,
144428543,
146340456,
138568781,
140076810,
140869741,
142737626,
145169660,
146059178,
136829990,
138385039,
140417866,
142432037,
144448764,
136514664,
138770718,
129853812,
131829685,
123306448,
113367344,
125219547,
116717339,
107380993,
109094247,
120915548,
122178248,
112488826,
114040866,
115461454,
105739263,
118290590,
118579552,
139988660,
161497798,
163201240,
164079786,
165820955,
156230424,
147479405,
149526735,
141491480,
164020440,
165493668,
166380890,
167908211,
159094438,
160981993,
162610922,
164751651,
165923191,
167792163,
168392254,
159648027,
161226330,
162294358,
164000003,
165656306,
156300516,
157726234,
159404245,
161536028,
163648510,
164731954,
155816772,
147162949,
147893055,
140152840,
150983382,
143625682,
164984084,
156270618,
158121696,
158955969,
159867234,
160961217,
162222938,
163201887,
154563280,
146526548,
138079734,
140435787,
143373542,
165098179,
166348010,
157870973,
159480467,
160468957,
161212423,
152690223,
154036688,
165605073,
145999544,
137768177,
140490934,
152657229,
144065177,
146518131,
138156545,
139717172,
140829633,
143415216,
155546977,
146938845,
158616330,
159275592,
161310703,
162666425,
163406071,
164268649,
166144658,
157377318,
147940661,
138604481,
139596801,
140795705,
142244055,
143803008,
135823113,
137646650,
139414226,
141492803,
143912610,
144774247,
136044769,
138354421,
140436516,
142367810,
144573527,
135670939,
137283337,
140537789,
142540181,
154709237,
156455146,
157992077,
159325607,
150853623,
152254624,
153869219,
155201729,
146355868,
138148565,
150071263,
152672784,
144859757,
166392805,
147010894,
148522601,
150165883,
152712527,
144494967,
166008677,
157053599,
159092024,
159903080,
161080128,
162360024,
153775053,
155165629,
156560287,
147962998,
160725273,
162371861,
153500618,
145426217,
166953265,
158072303,
149258951,
151163090,
164498269,
165989329,
166950539,
157758443,
159433468,
160513773,
162984789,
165173862,
166783897,
157649497,
158682398,
159651309,
162118135,
163058707,
164134530,
155217172,
157154716,
148131284,
139415662,
150826491,
152731014,
164190438,
165914723,
167612430,
158340404,
159399795,
150632831,
153303885,
154809871,
146070113,
158848063,
160860291,
161909510,
154002011,
155454385,
166721560,
157946479,
160176611,
161627073,
162938535,
164789721,
166257285,
167757146,
158773982,
160093425,
161552745,
153092274,
154517878,
145932752,
148630955,
160828760,
162648488,
163334991,
164339072,
165710229,
166639226,
157086357,
148334625,
150583808,
152254320,
154379650,
156062256,
147196448,
158294169,
150179616,
141953792,
145345394,
167202857,
157800970,
159363328,
149842228,
141236549,
144335094,
165616629,
157737473,
159303804,
160056717,
161498019,
152644864,
144588198,
136166470,
138413410,
139869771,
142294181,
143819781,
135483575,
136453068,
138717781,
140707904,
152266259,
133316176,
135494189,
137767573,
139457978,
141080852,
132407640,
134427801,
136446485,
138218535,
140363292,
132602054,
134567251,
135971671,
136984236,
139022002,
140509103,
132426179,
134734056,
136594098,
138522378,
141647040,
143610316,
135085014,
137278158,
139560313,
142471648,
144661447,
136339495,
137857696,
140185985,
141612960,
143222453,
146023413,
138048834,
141544023,
132459044,
143649255,
145082663,
136470767,
138118079,
139666378,
141409382,
144272692,
145966085,
138807099,
140668170,
142769320,
144710045,
135447179,
136662455,
138425376,
139967608,
142256610,
143681168,
136976756,
149908503,
141662184,
143161703,
145730511,
137339412,
139635700,
131804597,
133725621,
144341049,
126156049,
106777505,
109734861,
132998526,
134913144,
136386439,
138919603,
140666928,
142628560,
134307835,
136486625,
138493039,
139624886,
141533150,
143249893,
135251194,
136759170,
138667954,
141091853,
143414628,
134883557,
136474084,
138708010,
140408174,
141719860,
133831056,
136260740,
137592472,
139314064,
141241517,
133483477,
135155671,
137184916,
139464404,
141585399,
143639479,
135527944,
137470501,
139061666,
141148032,
142978669,
145204272,
147611227,
140369931,
131772875,
135597674,
137809375,
139562943,
131248530,
133243237,
135307011,
137304063,
139231558,
141244592,
133191480,
135332813,
137393605,
140379608,
142036226,
134770254,
136889822,
138288324,
140542490,
141813287,
133971452,
135860571,
137268459,
139356779,
141540282,
143541557,
145072506,
137411369,
139233369,
141055778,
143598153,
145227747,
137010276,
139148609,
141114394,
153521322,
164652860,
145683957,
138289775,
150154643,
141581868,
144000863,
155478194,
136320030,
137947896,
139341167,
141034576,
143289590,
135183829,
136592212,
138271124,
140039763,
141787916,
133285475,
135176328,
137164245,
139337920,
141720414,
133669085,
135106910,
137461980,
139144398,
141268439,
134229588,
136150317,
137982141,
139484927,
140817505,
143586130,
134773588,
135655681,
127563134,
139925110,
130955490,
143174567,
134728897,
135987267,
139212234,
141520125,
143628928,
144812865,
146262917,
138464773,
140228127,
142555499,
144494173,
146035912,
138302301,
149900109,
151791192,
144362683,
164416240,
144926770,
146133059,
136760930,
138603071,
140382792,
142294952,
133452143,
124834423,
156285878,
147932418,
140600872,
161285162,
162065862,
153354220,
165361163,
156464168,
158655428,
160642064,
162795944,
154026401,
146155829,
168261502,
159206900,
160162848,
161315104,
162275473,
163913468,
165269109,
166722117,
167786435,
158825539,
160450044,
162542631,
164114543,
155631299,
147231445,
159401355,
151485200,
153309046,
165045596,
166860073,
157156942,
147698381,
139030931,
141398034,
153447003,
165751532,
156845279,
158172956,
160297164,
161457011,
163561217,
165293514,
155498988,
146273433,
157631351,
148936711,
150824519,
141978366,
143656093,
145552094,
147532585,
148914844,
140857118,
151873269,
142850793,
134427294,
137347297,
139849412,
140809476,
142792394,
134241280,
135485127,
137000976,
139007303,
141142713,
132946388,
134649697,
136504208,
138266366,
139483653,
140986555,
133537674,
135607532,
137295534,
139379420,
131388193,
132532390,
134143570,
135314151,
136843639,
128547831,
129699681,
131818239,
133698555,
135353496,
135889115,
137223025,
149632382,
141803127,
163134132,
164527032,
155115814,
146425046,
138060382,
140144408,
152117771,
164646671,
165860761,
157249705,
159097332,
160482746,
162827117,
164442650,
165315333,
166359672,
167484548,
158633355,
160025766,
160932981,
152461394,
164594006,
165573378,
156917350,
158913855,
160744975,
162285177,
163139554,
164348816,
166004852,
157285700,
158153004,
159126534,
150723600,
142809312,
163266623,
144188490,
136286115,
138563553,
150587510,
141719945,
153788462,
165759388,
166500183,
156836142,
158021873,
159130298,
150515071,
142010925,
144013233,
146825284,
138494218,
140259465,
142326693,
144376770,
136367645,
138525314,
140740665,
142960013,
144459085,
136205901,
138172168,
140411852,
142264644,
144369738,
146260230,
148391032,
150700622,
152236165,
154104296,
165523483,
157131396,
158705842,
160762742,
162449376,
162940587,
154263924,
146210778,
138668014,
130275833,
132163086,
133407102,
135523327,
136663579,
128459713,
130154295,
132265921,
134176759,
135137222,
156402874,
167465208,
158424682,
160069980,
161703955,
163915375,
165787699,
166752432,
157534050,
158696928,
160481598,
161958933,
153490556,
145240274,
166915332,
157257428,
159195235,
161741262,
163909016,
165055609,
165970049,
157339718,
158613769,
160505076,
172937972,
164165880,
166405293,
167978769,
158788602,
159889960,
161557911,
162626499,
153220117,
143906837,
135599117,
146594149,
148764290,
140114515,
141433950,
142875257,
134433062,
135715381,
138102627,
139414493,
140704534,
132521033,
134393600,
136332234,
137912789,
159884873,
151426738,
153607839,
155805832,
167873753,
147954473,
159429709,
161543967,
162189114,
163050397,
165196043,
166979468,
157406558,
158434909,
149556968,
161197944,
162674453,
153654981,
165766704,
156097892,
157496522,
148483937,
140179235,
141416558,
152785579,
143536477,
135414757,
136484606,
137962000,
139785060,
140725404,
142736964,
144213974,
136747837,
138043832,
140748703,
143080285,
135369879,
137042723,
139335134,
141031200,
142336588,
133765919,
136191418,
137558935,
139109089,
140339228,
132226202,
133955371,
135679241,
146338000,
158224350,
159843607,
160849103,
172959232,
163111563,
154702330,
146256382,
137917795,
140786988,
152085561,
153297010,
144979646,
146069388,
137307621,
139753677,
141747922,
143887951,
135513276,
148146975,
138824187,
150821290,
163970493,
165065692,
166060433,
147210332,
159886970,
161427515,
161765232,
164093880,
165268375,
166460357,
157079599,
158106837,
150537285,
162150804,
152793922,
153902521,
134874412,
136907845,
148987135,
150643418,
142794991,
153871983,
146085977,
158609303,
160371667,
162674426,
164214122,
165079788,
166107252,
167750144,
158769356,
160510890,
162858390,
164051159,
165288066,
156570290,
158052706,
159744900,
161805969,
163646994,
165336635,
166397716,
157535769,
158964704,
160299764,
161080477,
163609762,
165337190,
166383217,
157560204,
159448671,
160778241,
152005495,
164419827,
166163547,
157955795,
158725926,
160654070,
162173352,
163795325,
155594524,
166014805,
147038851,
139291662,
160397394,
150741964,
142781523,
164643034,
165474297,
156967489,
158601425,
160779683,
162843678,
164093610,
165621030,
156924974,
158204151,
149303233,
151209614,
153307602,
165454281,
166343395,
157141769,
168735636,
159946089,
161447906,
163144601,
164403580,
166064417,
157290325,
159578832,
150884299,
162476928,
164030147,
165162612,
166731049,
158574319,
159718772,
161140001,
152462455,
174885258,
165688757,
146631124,
158741102,
160512640,
162504621,
164682992,
166365190,
167701867,
158122304,
159426986,
161668490,
163137852,
165038456,
166513550,
157818927,
159234081,
161984227,
163516503,
164941533,
156855758,
168247606,
149002640,
150285315,
152509469,
154320808,
146439119,
167435289,
158172690,
160081360,
161870855,
163984274,
165285077,
167189976,
158745221,
160227867,
162655072,
164057666,
165805956,
166949931,
147659142,
149866184,
161694343,
163431251,
165720716,
167190997,
158392966,
159665168,
161361114,
153341019,
165575605,
166549332,
147728194,
149523039,
151124916,
142905951,
164965197,
166630463,
167819093,
158050228,
159507944,
162100198,
163388624,
165132482,
166412207,
157458332,
159308394,
161899894,
164071136,
165853743,
166568861,
157752171,
159561430,
161652376,
163695353,
164911565,
166392161,
167888686,
158940387,
159879254,
162702254,
164713133,
166621704,
168067754,
148720615,
160410912,
161878424,
153811318,
165364516,
166833501,
157135268,
159265092,
160606906,
162731152,
163982542,
165416295,
156659366,
158400529,
160754860,
162260974,
164049513,
165584614,
166338349,
157288725,
158937936,
150515367,
162413099,
164632538,
165890374,
167440821,
158506720,
159260156,
161135513,
162361586,
163944000,
165713315,
166866050,
148074280,
139089641,
141087037,
143869310,
165493034,
156626487,
158112496,
159585599,
161170131,
163127656,
165898791,
167842150,
158058025,
159775552,
161582097,
163043648,
165548744,
166324054,
157373305,
159015451,
160020980,
161415070,
152713709,
154718416,
166818026,
167927125,
148879843,
149945362,
141891559,
163883983,
165617283,
166328057,
157595657,
158984633,
150466998,
142789527,
153388867,
154709074,
135836411,
137357443,
139497321,
141338425,
142858717,
144500742,
135550715,
137972025,
140290562,
141894478,
144512611,
136280720,
137998682,
140057141,
142097828,
144783501,
135533309,
137227141,
138692777,
140253963,
142469873,
144558744,
136334564,
137589203,
140316670,
141771438,
144110823,
146377545,
138269365,
140009398,
142057516,
143431244,
164925438,
155478509,
147354392,
138742812,
140978412,
162557537,
164758553,
165372134,
156042270,
158568043,
160849411,
152532945,
163831816,
164771042,
156158085,
157234403,
148521214,
140297025,
152328181,
165173194,
166402381,
157676128,
159145816,
160664416,
163063476,
164780035,
166075638,
146672201,
157878389,
158743380,
150384060,
142124987,
143826162,
146164600,
148204838,
159905823,
151192543,
163765407,
165252270,
166997669,
158467529,
160351380,
162020974,
152997866,
165905537,
166985651,
157865010,
158992963,
160476754,
163042166,
165293304,
165760086,
146891826,
148698905,
160669829,
162699016,
164622130,
165922832,
146681297,
159620115,
161382471,
163331526,
164747191,
166148667,
168239451,
158551019,
159734996,
161521805,
163242287,
164992098,
166626945,
167909209,
158761532,
160141866,
151623348,
153015066,
154621790,
156539178,
158005348,
161204614,
173173305,
163476638,
155461741,
166465498,
156832215,
169719268,
160825310,
152645580,
164656464,
166843291,
147721832,
149179934,
159836174,
160701653,
172981553,
164086146,
164676555,
144911579,
147020847,
139176209,
141000863,
142457302,
134273066,
135970216,
138371586,
140508038,
142232069,
133703251,
136289396,
137815919,
139721407,
141026924,
133453531,
134198337,
136208697,
137913984,
139220773,
141683636,
133431620,
135265154,
137571803,
129137912,
131179636,
132445240,
134185219,
136293721,
138098804,
150792907,
131824901,
132975502,
134572489,
136069239,
138137632,
140640585,
131527548,
143022029,
143992178,
156082458,
156954207,
148620233,
141159698,
162533139,
164940484,
166822423,
167892739,
158709374,
160356363,
161911695,
163761048,
165390687,
166623569,
157631745,
159188178,
161425225,
173612399,
164525794,
165546337,
157060436,
158684230,
161206995,
162568441,
163915655,
165624342,
166891640,
157942968,
159402181,
161735754,
163549150,
164257454,
166635209,
168278954,
149062633,
140841622,
142991122,
144884155,
146911690,
138427314,
140323751,
141804666,
144121389,
146141181,
138037342,
140559100,
162113938,
153293483,
155295325,
147376812,
148255811,
149897718,
141276604,
153437794,
165537842,
146351958,
138142298,
140344522,
141512527,
143879521,
155826251,
136456697,
138620401,
140244441,
142375588,
144243931,
136160805,
138131403,
139866550,
141362276,
143762302,
134913061,
135603911,
137656969,
139289160,
140847761,
132472100,
134507884,
136262926,
138558710,
141062629,
142843757,
134499854,
137217807,
139022844,
141501928,
142121498,
132597843,
134682459,
136834019,
138768403,
140567508,
143048840,
145103528,
136868991,
138142290,
140278024,
143135783,
144833128,
137250940,
138918018,
141360347,
143114701,
144960659,
146514005,
138082393,
140177342,
141969510,
143682060,
135246469,
136538104,
138315779,
141428382,
143172669,
145538702,
136910419,
138345702,
141135961,
142837861,
133836113,
135524954,
136999420,
139026726,
141508567,
143670097,
136204053,
138101448,
139576114,
141944535,
144537556,
136341036,
138465191,
139973874,
142076713,
143181512,
134918212,
136501026,
138738429,
140505291,
142178380,
134001247,
136209985,
138579043,
140292318,
142176217,
132564433,
134013014,
134472793,
136600449,
138559194,
139478264,
131298541,
133108038,
134121926,
137194104,
138942877,
130950974,
133179583,
134419018,
136191301,
138728426,
129430974,
131627571,
133421316,
135532316,
137663000,
139054432,
131023299,
132623906,
134377434,
136400178,
138362797,
139878336,
131380567,
133371853,
135332138,
136239648,
