11696380791,
56988163,
45055510,
44930383,
42917373,
46724436,
43946298,
42636640,
43601985,
46582041,
42119897,
43737562,
41244421,
45922360,
42680250,
44918592,
43052723,
44061827,
42982827,
42562584,
43763229,
42690999,
42965630,
43690274,
43881206,
45431092,
43905834,
42213026,
55517492,
53701168,
45016946,
42077157,
44964892,
41516782,
42544341,
44069272,
43672779,
42573687,
44316306,
42072730,
43772426,
42304231,
46531154,
42871343,
53659374,
41601217,
43609394,
44490247,
44718403,
45673118,
42336167,
44999296,
42580856,
42784799,
42358941,
43741628,
41790983,
44052073,
42991134,
42393957,
45954153,
42651824,
44199340,
43091380,
44770774,
43243566,
44749445,
42424032,
45004466,
45454568,
44973556,
43008764,
44424522,
43684581,
45135118,
43374953,
44765230,
46479997,
44167639,
44265459,
44710928,
44847528,
42786968,
43080350,
45158259,
42848129,
42462774,
46269765,
43334403,
44591104,
45312705,
44164172,
44519970,
44994733,
40928337,
44721108,
43004286,
42770620,
42823587,
42760965,
45054968,
42824383,
43811893,
46511436,
42697433,
43040110,
43077897,
44552441,
46065117,
42939693,
43823947,
45234013,
43678983,
45018625,
42593947,
45009932,
42930877,
43536037,
46018238,
42942408,
44731868,
42603062,
42889375,
42663912,
43850303,
44234431,
46675245,
42102352,
45884846,
40598794,
43365370,
43739635,
46582045,
44015194,
42909232,
44995182,
43946132,
44001755,
44090261,
44544628,
41809100,
45706216,
43825362,
45013068,
39518064,
45787232,
44574376,
43698139,
45890963,
49264190,
52265826,
40973402,
42832756,
43631193,
42711556,
42919304,
42319018,
42279559,
43929035,
45427040,
44221110,
43870305,
43538059,
44754363,
43637882,
43907126,
44121712,
42253933,
46371910,
44073660,
42573399,
41845528,
43554412,
40864282,
43522632,
42771673,
42217986,
44558171,
44713306,
43435609,
41972505,
44708254,
44486416,
44804377,
42587136,
44061887,
42656060,
42282859,
46254420,
43593495,
43610523,
42736610,
43514884,
43674767,
44712884,
42803430,
43648402,
42821836,
43878080,
54471229,
48347584,
44224473,
43461260,
41968024,
43426702,
40634069,
45214729,
45634121,
42357735,
42419712,
44359583,
43655600,
42506792,
42574062,
44064747,
45619172,
44401990,
44384832,
40861721,
42373307,
41517040,
44455555,
43880174,
42278586,
41984512,
41427794,
43458369,
42886272,
44752855,
42722904,
43561377,
42753099,
43462964,
42394935,
41905692,
45920483,
42840046,
44194415,
41747123,
44309301,
46152189,
42459620,
43630658,
45314396,
41021403,
44679327,
44881584,
40176246,
45627165,
42826909,
44906660,
43589637,
42408487,
42544644,
45284567,
47792940,
44647199,
42377250,
43655104,
43907599,
43525673,
42427069,
43548942,
41282039,
42475759,
45943714,
42136413,
43569682,
46269170,
58156680,
43143348,
45782865,
43604173,
42416199,
45286295,
43874374,
41616356,
44118417,
42710911,
44389906,
44903159,
42440367,
40694627,
45927940,
44558132,
41381673,
44718890,
42379401,
43577725,
39348809,
43449114,
46269510,
42626221,
41342337,
43521136,
44007241,
42649601,
42620898,
42409343,
43557694,
43999975,
45325350,
43253083,
42636470,
44082806,
45815996,
42349085,
45051358,
43744533,
42590435,
43305323,
43713549,
44904148,
54892867,
43436306,
45882594,
43130832,
44632772,
42658466,
42458564,
38931803,
44553857,
42464193,
44049712,
42477641,
42424834,
44715813,
42757168,
43052913,
45633175,
43643328,
43086522,
43961081,
43816071,
42203396,
44639026,
43231203,
42748908,
43251391,
45125095,
42177839,
42075319,
44997763,
45433992,
41015763,
44733332,
42204841,
44953830,
42133247,
46100937,
44187684,
43464462,
42858021,
42519862,
44455097,
41108616,
45421078,
44729005,
42192768,
42653365,
42344533,
44107965,
47659428,
45158901,
43440527,
44009286,
44262420,
44483988,
44785864,
43028733,
45101849,
43785541,
42194739,
44980115,
43711675,
43289328,
44611884,
42522005,
42371974,
42706464,
43691360,
43533912,
41252771,
41412187,
42452965,
39178416,
42159523,
43864356,
43228635,
41312072,
42190873,
42991759,
42183813,
46480013,
43761047,
42484660,
44639565,
44732320,
42306007,
43361890,
44792167,
44031128,
42405740,
43308593,
43265880,
43653617,
44849337,
42629756,
44684114,
44623572,
43769842,
41525333,
39957088,
43703834,
42264673,
43760496,
42379993,
43541491,
42629097,
42664964,
44387682,
43717502,
43844804,
39421459,
45465156,
41379430,
42705447,
44388326,
44631683,
44082271,
43043528,
46429285,
42216726,
43684015,
42409662,
43955802,
46113672,
43743816,
42553948,
43660635,
43579910,
43718699,
41874158,
44802484,
43659733,
43325596,
43397289,
43437882,
43553924,
42452878,
42702679,
44749354,
42339673,
43913028,
39398826,
44782535,
43434676,
44208913,
42260135,
45234089,
43753212,
45357397,
42477063,
43641216,
42481624,
41097437,
46022093,
40592037,
43472146,
42972740,
43981255,
43888548,
42843457,
43222026,
44464033,
42396263,
44670362,
43092662,
43660108,
44015088,
43684463,
42904031,
43659300,
44727662,
42262942,
42882588,
43362176,
43362250,
45814290,
43962556,
43289649,
44694050,
42897735,
43719647,
40607773,
42850711,
41853894,
43993920,
43210603,
45999768,
52504302,
41465765,
42585088,
42825920,
41870569,
46309455,
39723021,
41978632,
45527411,
44872784,
41696764,
41396898,
44790995,
42907155,
44964606,
43653921,
39944955,
45722997,
43658811,
43536964,
44736852,
42544865,
44941578,
41471508,
39777133,
46307371,
43729248,
42919374,
44628415,
42104018,
43383139,
42013234,
45607190,
44867128,
44860511,
43782181,
42638502,
42239707,
43271829,
42110556,
41384196,
45942606,
43797347,
43007283,
43185823,
43765293,
43118506,
41762109,
44202854,
42202684,
43416930,
41411101,
41713664,
43102339,
42724887,
42444707,
42537638,
44936553,
40931371,
42785701,
42473356,
45423576,
42749667,
39827382,
45894855,
42607477,
44486407,
43072429,
42066557,
42459481,
42557173,
43438855,
43634404,
44887281,
42879071,
43367847,
44635599,
44487756,
41755351,
43690599,
43337134,
42419430,
43122085,
41989772,
44750804,
40587849,
46314180,
43921229,
42693663,
44376238,
44404736,
42311668,
42817867,
41956952,
43131425,
43139806,
44576510,
43241887,
45253782,
42962809,
45823036,
42092158,
42068718,
39416971,
45118418,
44683937,
44330370,
42776241,
44548445,
44698486,
40881768,
44967931,
44763458,
43680379,
42829075,
44912106,
42019704,
45142367,
44708100,
42502109,
43100525,
42874636,
45976282,
44465605,
40967394,
42603826,
44862892,
45698354,
41794044,
45115229,
42417730,
42313001,
42074610,
43454256,
44582629,
42318347,
43505376,
44225952,
43512613,
42354332,
44731982,
43664624,
43063898,
43497595,
42302478,
42367062,
44101801,
44321183,
43993946,
41341235,
44921118,
44481656,
43461790,
43630418,
44257495,
46039760,
43509911,
43573255,
40771344,
44763080,
42020223,
43461345,
42474580,
43296266,
42251606,
42414474,
43367854,
42544671,
42732716,
46005341,
44791743,
44774817,
41194408,
42322251,
44099552,
42151262,
46041199,
43696336,
42444585,
41204582,
43387056,
43498360,
43521365,
42689344,
43371188,
42325846,
43323863,
41276560,
42092634,
41550109,
43500669,
42243923,
43265709,
42499818,
45671060,
43832431,
43869306,
43495745,
42814791,
44485222,
43357377,
41779843,
43454087,
43831068,
43683868,
42084529,
42154572,
44667942,
43191491,
44509743,
42496765,
43877966,
43256934,
40903510,
44195982,
42428189,
43186729,
41447983,
39902847,
45500305,
42112420,
42864087,
42814517,
41603071,
44704203,
43669737,
42121630,
43666363,
43411287,
42445862,
43339648,
42644153,
42184307,
41114781,
42494362,
41531972,
46253408,
44136628,
44312869,
42624844,
43470955,
38652604,
45663799,
40669240,
44491544,
42390725,
42252864,
43418681,
42381843,
43482745,
43169256,
42465144,
43182770,
44395943,
42247160,
40598034,
44575940,
42536603,
43588914,
43664487,
43593571,
43034757,
44956405,
41887888,
44606761,
68532396,
46793135,
44299384,
44667654,
38671913,
40743299,
41455595,
45225829,
41364735,
43927597,
44521715,
43555822,
42234211,
40684151,
44437798,
43401244,
43364188,
40217185,
40501040,
44600898,
42268609,
42356445,
43793102,
43597717,
40779682,
43177735,
42854599,
42199257,
42103124,
42257305,
42359596,
42707974,
45737353,
43832243,
43873816,
44917565,
43837977,
43939643,
45326195,
44470284,
43596779,
42180580,
44069658,
43785591,
42568637,
42624001,
43475863,
41158420,
43693061,
45841307,
44616581,
42363878,
42371264,
43239207,
42550162,
44656885,
43542377,
45131420,
43607767,
42405051,
43977739,
42573679,
43757779,
41479712,
44177565,
43391622,
44118807,
42176437,
44321013,
42172782,
45024602,
43054360,
44403925,
44646773,
43536537,
43781027,
40930683,
44793922,
42955322,
45724624,
42299167,
42324736,
43218336,
44626187,
44080673,
45614281,
42609446,
43565212,
42852471,
45432882,
44277747,
43591622,
42862443,
45039283,
42247799,
43276032,
42651939,
44694898,
42863589,
44840060,
41489345,
44781295,
42057169,
41662470,
42520517,
44225387,
44972773,
43570930,
43527490,
39957971,
44709579,
42631049,
40691168,
45754401,
43716763,
42527454,
41483045,
43814908,
42829136,
45092698,
42097546,
43709903,
42201947,
42158211,
43525420,
42311073,
41424615,
46031826,
42682335,
43577365,
42748046,
40664218,
43656622,
42283048,
42148471,
45155696,
45530250,
43189353,
44789156,
40367730,
44431071,
42189173,
42872328,
42251936,
43640510,
38679153,
42481240,
43673977,
43757019,
44033543,
40994201,
44767210,
42022435,
44834975,
41140352,
42478724,
42537873,
39936265,
44325940,
44739944,
45384066,
44328033,
43643140,
42617630,
40985735,
43026817,
42529029,
43572558,
43347348,
44540416,
44178522,
40950037,
43531892,
42287388,
42260015,
42404360,
40994096,
40739787,
42000997,
44413805,
70503545,
45265998,
45837674,
41354918,
41450770,
44730460,
42204639,
43515697,
45319003,
46039605,
44705864,
45429664,
44555559,
42920130,
38876436,
44589145,
43587254,
42474206,
44430652,
44995279,
44834693,
43614475,
45153764,
43310368,
43955518,
45473633,
43613601,
43367897,
45234277,
43734872,
41631320,
46410191,
44376659,
43148191,
44824750,
43239995,
43504414,
45349032,
43685134,
39893320,
40748069,
45030407,
44357036,
43790713,
45096942,
44969817,
41433674,
43408354,
42474567,
44191384,
42065199,
43780698,
44601179,
43884812,
44476873,
42387946,
44519429,
40806904,
45017187,
40875822,
45439614,
45856878,
42198920,
43862524,
39553091,
44972180,
52958980,
45027297,
43662605,
43601505,
43969476,
43778548,
44439334,
44510089,
43089855,
41903001,
45367907,
44099397,
44866836,
44088999,
44717873,
42765498,
41073210,
43231603,
45863968,
44535724,
44202801,
44414684,
40903208,
44620228,
42126524,
41248842,
42659865,
45692002,
43721104,
41583382,
42474652,
51480359,
45565155,
44578907,
44297031,
39402852,
45051099,
44366756,
42481116,
41609699,
44768075,
38839707,
42705362,
43370201,
43902494,
44894789,
41735638,
43672085,
44508151,
42751270,
44709126,
43381607,
43589089,
42976808,
43289132,
44727582,
43858980,
43462798,
45269061,
41418254,
42596867,
42657904,
42898039,
45194052,
39337425,
42348196,
43879978,
42653508,
44518568,
42658283,
41278229,
42647737,
43708560,
43790262,
44372844,
46033715,
43853464,
42852333,
45006087,
45057263,
45193030,
45088601,
44311477,
45089217,
46314247,
44237379,
46145648,
41748280,
43769867,
43211596,
44736394,
46157244,
43768922,
39009423,
43905077,
43073061,
46160547,
43575827,
44747946,
45819347,
44547420,
45813826,
43412218,
44640386,
44649045,
39934279,
42580660,
45783510,
43824624,
42677138,
44896290,
41820895,
43788610,
42870930,
43237350,
42853401,
44887054,
43066906,
43171472,
43485886,
42375677,
44769682,
44475886,
46360194,
45164220,
45087838,
43909516,
44685336,
43001666,
44717382,
43829288,
43519148,
41734782,
43993940,
44728541,
44910339,
43601755,
43973667,
43584727,
43029275,
43755721,
42981117,
44783536,
45379861,
45047946,
43886077,
39696121,
41914942,
42225841,
43352015,
42235900,
44811761,
42667155,
43427042,
42653347,
43551615,
43877853,
45207842,
44370386,
44229553,
42765237,
45914368,
44530681,
41804601,
44855618,
43577088,
43772198,
42049068,
42079488,
42448858,
43592687,
44588374,
44750782,
46151716,
41495070,
45193976,
43656028,
42645742,
43555397,
44562445,
42465625,
46311101,
43391560,
39811079,
43849762,
45835967,
43084560,
43648178,
46326225,
44057413,
43663456,
42956117,
44991997,
41755125,
44777434,
43618847,
44746557,
43295220,
43621559,
41622481,
43657276,
44062719,
46145049,
45986920,
42812780,
43762216,
44251104,
43805704,
44685786,
41363226,
44343644,
45393597,
43795492,
41926260,
45576590,
45457326,
43622049,
42562937,
44956708,
41910889,
44033170,
46307772,
42918496,
45889549,
43830073,
44967106,
43995033,
44083759,
42285568,
40914965,
44006867,
40930736,
43435569,
46130022,
44983762,
44664893,
43613913,
45033238,
43885812,
44138725,
43671226,
46247406,
44009638,
42951782,
44652885,
43392714,
43754594,
39468567,
43065756,
44102278,
41015151,
44525178,
41521622,
43292614,
43517777,
44799495,
44324195,
42560278,
43373485,
44824314,
44892163,
43549205,
42499139,
43599106,
51388078,
42133511,
43896806,
44850332,
44697260,
43949409,
43836397,
44444730,
43129386,
43340798,
43819850,
43129167,
44546764,
43683296,
43699350,
43485534,
43568257,
43555832,
44891631,
43208441,
45239687,
42960430,
43823379,
44957696,
44570392,
42478864,
44774628,
43940570,
41643772,
42915256,
44782266,
43677589,
43707165,
43510491,
42821605,
44922385,
41375714,
43900129,
44476674,
45130754,
43140625,
45089820,
44483317,
44530483,
44950373,
43923208,
44417456,
42803112,
42805430,
43720127,
43053736,
45915997,
44505802,
43737400,
44391778,
42478430,
45961478,
43822819,
43738409,
45046638,
41075353,
43611854,
39404888,
44653818,
45693796,
44501093,
41968800,
40808771,
43012011,
44953370,
44919084,
45253642,
44630092,
43496612,
41448830,
44642471,
40769275,
44878400,
45304661,
43425412,
44710534,
45928022,
44461078,
42257656,
43365611,
47995935,
44070348,
44162896,
45692202,
43179590,
45730875,
42487969,
42153369,
44545478,
42594019,
44092330,
44640851,
45539447,
43211505,
43499727,
43067777,
45023464,
43635341,
45004654,
42279355,
43474284,
43155913,
42179108,
44397920,
44946375,
41473037,
43889443,
42908636,
43924867,
41934336,
45781295,
42009555,
44915168,
44944679,
40657814,
44132054,
43867002,
43325219,
45492708,
44492144,
43117453,
41724672,
44139395,
45649102,
43638631,
42227435,
43518885,
45156421,
43521003,
44833657,
40644535,
43306333,
44842356,
43430447,
46020038,
44784444,
43642237,
43239055,
44678017,
42583054,
44730422,
45775225,
43454728,
42764179,
46224619,
45893790,
42601910,
43241384,
42744406,
42697887,
44948627,
44585389,
41818027,
44043205,
45014567,
43695884,
42718540,
46281536,
45221823,
45908909,
44706414,
43008524,
44159430,
43389725,
43593870,
44712705,
45168148,
42011322,
44652431,
44262352,
41466210,
44787852,
44437759,
44668935,
43847144,
46372894,
39481925,
44340810,
44689687,
42113675,
43672545,
42739832,
44914892,
44596424,
44982568,
43553218,
44671869,
44768541,
43380203,
42241930,
44649874,
42303444,
42486189,
40829290,
44359992,
43064362,
44493041,
41757891,
43930067,
44892219,
44875897,
43378668,
42484104,
44810305,
41529833,
40951647,
43244152,
43993816,
43731887,
42838807,
44081535,
44797018,
44545356,
43507078,
43596411,
45252585,
44811537,
44685001,
44545937,
40070760,
43953602,
44679264,
41671240,
44335202,
45837463,
42726818,
43644205,
43931205,
42266805,
43179458,
42217197,
43324382,
43229217,
44731653,
44907330,
44251875,
44488504,
43560050,
45779162,
44447115,
45525565,
43322853,
45526167,
43757819,
42222413,
44987053,
43493367,
43252313,
44735192,
41698617,
46068197,
44671595,
42263277,
43346694,
43143173,
41305547,
43616708,
42056840,
42119116,
41980597,
43761462,
41164235,
43668706,
43165888,
46179549,
45915520,
44002817,
41705654,
45092367,
44158011,
43080286,
46072813,
46095729,
44786851,
43622490,
44756496,
42546562,
43859280,
45071145,
45354317,
43907167,
44224073,
44537598,
46249966,
40894040,
44531474,
43475119,
44477306,
43370436,
42888241,
45210007,
42091302,
43415777,
42686719,
42962712,
44554167,
43961432,
44708533,
43537808,
43699760,
44633514,
42565517,
44730945,
42163347,
43836209,
44206114,
44771543,
42951843,
45016278,
43017977,
45293007,
42173718,
43908318,
43689482,
43900021,
44427181,
41640392,
43504253,
46177249,
44433407,
46054053,
44708126,
42902841,
44807214,
44061684,
41690368,
44567579,
43284866,
43561307,
43780702,
44100539,
43617624,
42923982,
44401326,
43304460,
41901117,
44991352,
45702676,
42540995,
44214853,
43680323,
43629430,
43665694,
44474353,
45195425,
44910714,
45222580,
40979010,
41289999,
44666220,
42922526,
44780352,
43412868,
42518917,
44549640,
43519234,
44915278,
44323450,
43830447,
44658754,
44361550,
42699255,
45033220,
44677791,
43742971,
43318636,
43661866,
44483008,
44040801,
44626319,
43064392,
44876775,
42121191,
45026039,
45860810,
43842805,
44735628,
43310376,
44786678,
44863244,
40976737,
43909301,
45797305,
42243042,
43669757,
43805010,
46000267,
42342175,
44854813,
42636855,
44946503,
44695976,
46173784,
44460707,
44675237,
43864370,
43800505,
43513730,
41477892,
43222911,
43676188,
43529353,
45701944,
44723878,
43178564,
45061177,
44098079,
44914948,
41061727,
45980285,
44279208,
44915395,
44409497,
43822353,
42870458,
42734134,
40868073,
45368029,
44970399,
43116704,
41520618,
42178812,
44736828,
45393159,
42310601,
45249210,
43884751,
43456776,
44179605,
44670556,
41897020,
43959006,
46060792,
43426187,
45236554,
42704636,
42922365,
42631009,
44613805,
44961779,
44589188,
39670606,
44824980,
41057442,
42529511,
43606922,
45021810,
45929545,
43973549,
44739099,
44944001,
40913140,
44070607,
43080401,
44007867,
44893629,
44783761,
43691754,
45487413,
42643142,
44139336,
45152338,
44627545,
44148608,
44729582,
45048496,
43431667,
42043407,
43903744,
45039770,
43798850,
45974820,
44535960,
42554579,
43524885,
42997003,
44195038,
42741911,
45279232,
43452560,
46184101,
43881134,
43905847,
44767185,
44891847,
44837320,
45736285,
42372937,
41802064,
44703227,
43691851,
43586532,
45166006,
42879076,
42751546,
44006151,
42777434,
43056502,
44823251,
43685100,
42375206,
42592368,
43389009,
44446025,
45625511,
40423615,
46011859,
41664991,
43077087,
45337394,
43888479,
44701451,
39827232,
43156681,
43985499,
45980587,
43599720,
43486016,
41151591,
45899792,
45080677,
43762767,
42236569,
44734068,
42339747,
45008774,
43948501,
44171514,
40577580,
43603774,
39651927,
45875717,
43748035,
44956970,
43354395,
43819380,
43289746,
44136724,
45915408,
40024774,
42250322,
44144991,
42102806,
44635351,
44618453,
43104073,
41770802,
41665957,
44114347,
42327857,
41101012,
45053495,
43451878,
43411693,
43860165,
45828635,
45983137,
44872851,
44046022,
44892690,
42592620,
44251278,
43223395,
45908237,
44805648,
43545485,
45733473,
43536910,
42052209,
46163996,
42328418,
42677943,
43807701,
42872557,
45087738,
43235657,
43161520,
43171703,
43829190,
43450019,
44615296,
43539897,
46127707,
43923390,
43249839,
44726152,
43486978,
45115128,
43314332,
45878608,
44436595,
44854522,
42867677,
44734582,
39618531,
44911177,
42536659,
44850182,
42610920,
43251702,
44216726,
45234025,
43983020,
45312991,
42604173,
44052504,
43844596,
43465645,
44796875,
43758938,
46122146,
44728867,
43299515,
43961018,
46684946,
45762975,
44697778,
45379370,
45058442,
45297921,
43881351,
42504008,
43650840,
43909594,
43589626,
43851708,
43666364,
45921591,
44386112,
43609013,
43115572,
43653301,
43815105,
43557726,
43994546,
43839273,
44932428,
44808554,
42689780,
45419785,
43007070,
43012663,
44633236,
40834358,
42072566,
43500509,
42224849,
44218462,
45958249,
42737512,
44273225,
45689041,
43338872,
42618931,
42103413,
40749624,
44329736,
43443003,
43701456,
44036621,
45921737,
44987723,
42802253,
43637413,
42291622,
43868417,
43468694,
43431696,
39627773,
43795284,
42262462,
42838248,
41096582,
42828878,
43632870,
43554295,
46182662,
43867477,
44842626,
43371831,
45876171,
39766420,
45541561,
44365944,
42082782,
42182025,
44687668,
39966883,
43389751,
42654022,
42254635,
43066295,
43592798,
46135327,
43824236,
43569357,
43356917,
43750459,
42723446,
44568164,
43521143,
45004187,
41799327,
43915791,
41970797,
44571544,
42278338,
44044720,
46471889,
44821286,
44427723,
44821044,
41478587,
42867356,
39288074,
43839669,
45152276,
45848051,
44817265,
44674775,
44643447,
41548137,
43419183,
43048333,
44800551,
42797352,
43289899,
44935815,
46026199,
43527321,
42422847,
44144601,
45655883,
43989103,
44467652,
42731075,
43109924,
55806315,
42457717,
45002662,
41065869,
46394105,
44296626,
43615879,
43882257,
43812956,
44468125,
41637983,
44581459,
42196249,
45676910,
42726955,
44936756,
44891605,
44739567,
44117557,
44981302,
46166698,
43542502,
39305574,
43240650,
44795673,
42598879,
44001877,
43902541,
45735269,
43094650,
45111260,
45388536,
44478778,
45027992,
43683989,
45121846,
45469059,
39902946,
45422602,
40124954,
53958941,
45743250,
45792340,
45025917,
45347676,
43952005,
44907625,
45654721,
44797871,
44809802,
42179849,
44621542,
42721528,
43240071,
44047140,
42644129,
45042661,
44063738,
44664569,
41652082,
41229530,
45344775,
44710731,
44434511,
43774418,
42373307,
43190116,
43814800,
44756219,
43289526,
43785962,
43114197,
42842769,
44267883,
40804401,
45020833,
43639843,
43885070,
44538542,
45767624,
43903120,
46380747,
43227051,
42810187,
44790926,
45713185,
41286662,
45801122,
44988061,
45871832,
42764568,
55447421,
45349417,
44679829,
42499563,
43879983,
43275947,
46145493,
43772151,
44673126,
42915479,
43797834,
43587061,
44076043,
42667349,
43091732,
45872965,
44961621,
43930970,
43377439,
42360694,
44814094,
42353535,
43422489,
43564314,
42787674,
45128457,
45074877,
44209353,
43581118,
45355214,
45155112,
41874928,
44721103,
45047749,
45150816,
39090052,
41181663,
45563985,
45594689,
45022137,
46116506,
42838837,
43958898,
42673722,
42903680,
44190131,
52730009,
42488147,
44455226,
45015030,
42762838,
41971792,
43600847,
43636196,
44731965,
44012357,
42664437,
42952445,
43729462,
46218147,
44247510,
43714096,
44133373,
44305894,
45145928,
45863140,
40131566,
53016075,
45368136,
42639676,
42630354,
44421305,
43677135,
44854926,
43331069,
44345117,
45278203,
44210184,
41017135,
46115455,
44744678,
46757338,
44138367,
45896427,
42580252,
45368011,
45634675,
45031825,
44069856,
45279877,
45055918,
40133368,
45255824,
46260376,
44651041,
43754957,
42700375,
44264168,
44217941,
43562309,
43327171,
43734160,
42668997,
41144051,
44474902,
44902933,
42718053,
44458951,
43418451,
38885250,
41934197,
42099774,
43730698,
42844662,
41175299,
43763742,
42363957,
43002366,
45158280,
44600929,
43638715,
43560868,
44895100,
44861322,
46687648,
45030047,
42401839,
42687368,
46229782,
43209093,
45015385,
43521043,
45306966,
45227478,
43760843,
44013425,
43704599,
42767472,
43232302,
44124415,
45485270,
43931100,
44508138,
42675524,
45978241,
42830839,
44851042,
43859166,
42286602,
42541851,
44497350,
43605799,
45065056,
43913518,
42543531,
40735086,
43289626,
43933752,
42353394,
45416779,
44395686,
44098921,
42475767,
41536434,
56050998,
41426890,
42277581,
43160220,
44757250,
44459871,
40031365,
43249302,
46043678,
38781212,
44488627,
44180935,
43562621,
42787646,
43884956,
45551796,
45886419,
44843450,
42861408,
43754681,
43664483,
43419089,
42601559,
43377243,
43251819,
42051109,
46121518,
44264475,
44950314,
44410420,
44761643,
41891597,
43472302,
42436037,
45852723,
40038280,
42369464,
43415718,
46312797,
46077124,
42592529,
43803731,
43539119,
42710836,
43810104,
45112407,
41698710,
43586679,
41783662,
45005457,
45027321,
43092455,
43746955,
43032938,
45857073,
42348536,
43992338,
45078408,
42274039,
45789083,
44787795,
42092461,
43594717,
42402877,
44691767,
43932509,
38999621,
45120934,
43900155,
43740278,
45807963,
39892863,
45148889,
43195956,
43986714,
45165358,
42852584,
46388304,
44554213,
42407356,
39668343,
45167202,
43111877,
43465714,
43428991,
40636565,
44577205,
46283038,
42756328,
45114021,
41998291,
42237968,
42470067,
44938808,
39920396,
44792699,
45491584,
44557917,
42446250,
43008303,
44015150,
46026968,
44554168,
44700350,
44490711,
43181063,
45269418,
44645836,
44500087,
44751766,
42915732,
44745071,
41969027,
43535802,
44780409,
41952793,
40754285,
43271510,
46695556,
44272466,
44776126,
44723794,
44686381,
43599533,
43051238,
41818574,
45352661,
43752038,
44296467,
44618101,
44166993,
43968429,
43318284,
44015499,
43619800,
43176589,
46679150,
41932268,
46421036,
45002835,
41712508,
44946875,
39236697,
44856924,
43377398,
42668084,
42384718,
40842418,
39660887,
44115825,
43596431,
44420778,
43748103,
42584446,
44837258,
43389407,
44412560,
45218356,
43594096,
41951655,
43675520,
44408862,
44717625,
42422707,
42442277,
43825948,
43670281,
44007098,
42918563,
43753732,
43485892,
38852676,
42661397,
44013396,
45800353,
42658711,
43903802,
43802158,
43547951,
46125093,
42700295,
45783857,
42763597,
42927346,
45072539,
44294848,
44652838,
43700525,
43956306,
44601561,
42139158,
45206968,
41787299,
44686752,
41595263,
43189291,
43565837,
44194351,
43962174,
42041063,
46010787,
43875765,
43567606,
42716557,
44543126,
42889489,
44741499,
43634708,
43020108,
44667673,
44923502,
43967032,
42280502,
43956766,
43769338,
43784696,
43655148,
43327448,
40779917,
43844333,
44967606,
43861727,
49322287,
45760149,
42998062,
44687979,
44508197,
41673698,
49347714,
44445109,
44781342,
41888111,
45665491,
44029944,
44771266,
42883770,
44554760,
43761169,
44548183,
42981200,
41738853,
44269875,
45508035,
44906053,
42398281,
40737198,
43906928,
43469261,
39224563,
40263651,
45826977,
39936889,
43654315,
45545418,
46308806,
42757451,
42543113,
43900807,
43733105,
43283392,
43059673,
44947180,
41804307,
45372181,
44727279,
43009085,
46009879,
44019773,
43273658,
43934494,
40747927,
43589148,
42369683,
44374499,
39198352,
45303429,
45010610,
45107060,
44767837,
41990281,
44099071,
45884358,
43404547,
40811336,
42478756,
43553669,
41571811,
39862344,
43866368,
43357214,
44746120,
37681020,
45913432,
42723899,
43780469,
41749895,
46008135,
43634991,
40667294,
45192828,
40689457,
45148264,
43691096,
44268319,
43776336,
42975496,
45852540,
42760936,
43659580,
41985763,
43714833,
40717780,
41217944,
43915729,
42755014,
43895941,
44542010,
44251686,
43825425,
43654929,
38913223,
44587383,
45726092,
43660688,
43354741,
44973935,
43719466,
42535936,
42666777,
44696003,
46205141,
41396879,
42625490,
43857872,
44300839,
45047369,
43650239,
42525126,
46082320,
46563311,
43504615,
43664228,
43937717,
45241671,
43650807,
44718175,
43552541,
43934515,
44963969,
42502535,
42001506,
43407840,
43842967,
41866709,
39708056,
41341516,
41555134,
42584093,
43467710,
43864968,
41093787,
43380043,
40400818,
43426368,
42990480,
44243993,
42120705,
44839671,
42329129,
43878369,
44209672,
46030732,
42406510,
43822187,
42249781,
43819185,
41718182,
44137044,
43919460,
75188653,
49870268,
52894879,
43015384,
41592562,
43004226,
43838451,
43559663,
42524705,
44620381,
42836457,
42980794,
43816840,
42666551,
44712886,
44247842,
45148179,
42506922,
40874924,
44622360,
44641227,
44624922,
42908140,
43910703,
43555001,
43906934,
43762888,
43673781,
43502873,
43826583,
45581831,
41145619,
44259261,
42946185,
43657195,
42431443,
42751952,
40770733,
41876450,
45915106,
46810634,
46154090,
42505199,
42659720,
44757593,
41869482,
44078640,
45301828,
41564394,
44212741,
43295706,
44841570,
43719957,
41974924,
42392537,
41791436,
42868756,
45483764,
44901539,
43738504,
45229224,
46030522,
43632867,
43372795,
42405834,
43538773,
43833221,
43020627,
44986044,
45641475,
44639664,
43514041,
44213746,
44896991,
41245480,
42887248,
42179418,
44040187,
43204575,
45164517,
41704972,
42650472,
42631014,
43739896,
43227921,
43676862,
42531388,
44752251,
41839663,
44017030,
44448093,
43218858,
45937650,
43033479,
45780580,
42479518,
44808270,
39994379,
44432640,
43658647,
42317645,
43291577,
43744265,
42660520,
42477819,
44261719,
43701225,
42924612,
46626102,
44071133,
44505543,
41838907,
44084759,
44898418,
44007313,
45289564,
43194560,
44482840,
44884974,
44009101,
44865243,
44826766,
41103887,
43647729,
43724546,
45129520,
43228219,
44528459,
44704294,
41657605,
45380544,
43291500,
45663204,
41987876,
42337229,
45140843,
45771708,
43912933,
45794974,
46053375,
42314505,
41936312,
44778617,
42602526,
42683141,
43868149,
43292934,
45135741,
44778767,
44015304,
43810358,
41996934,
46129474,
43623291,
40884211,
44451796,
43564563,
44524944,
42419279,
44068957,
44983969,
43333211,
40784238,
43951049,
46102691,
41128892,
43429714,
42509016,
45119908,
42581396,
42989267,
45025455,
43583963,
44153652,
44862620,
39417038,
44916278,
41888048,
44471708,
43453875,
44145660,
43798820,
42265647,
44896832,
41844316,
43916429,
42041327,
43787511,
43422470,
43500285,
42452120,
46261151,
42947664,
43896650,
43989955,
44974782,
42077624,
43602336,
43562840,
43498018,
45491232,
46024564,
41781644,
44854897,
43665695,
43570448,
43711150,
42337445,
44127929,
45000373,
43511375,
39710851,
43821438,
42598269,
43754402,
42625719,
43454708,
43564261,
46102096,
42689115,
43601063,
43722191,
43597563,
43194164,
44615583,
45018564,
44040739,
43732530,
40698014,
45752572,
44832880,
45468992,
45612084,
45817387,
40464030,
44950636,
42390547,
42174732,
43300315,
43463017,
42862040,
42577973,
43991284,
44349043,
43324826,
43409849,
42030331,
43617049,
43667944,
42571225,
42699926,
45084450,
43791589,
42981205,
42684615,
41779585,
43696698,
44067584,
46257564,
45674615,
42520713,
43457514,
44890350,
43009803,
43660653,
43649730,
40518210,
43290225,
44990618,
44714875,
42216705,
42341405,
43744637,
45039796,
43095038,
45751684,
43661590,
43533377,
40780751,
44453838,
44815376,
42454782,
44873537,
43769585,
43725839,
43651619,
44160185,
44228322,
45112056,
43439332,
43721340,
43786937,
45880589,
46309438,
40623507,
44591674,
43725012,
43944798,
46189403,
43805857,
43667199,
42554778,
43314382,
45622346,
44803855,
44804850,
46173061,
45951474,
44955594,
42677776,
45996557,
43731351,
42612704,
43090956,
43824463,
41758095,
42362447,
43616713,
44186631,
44892277,
45879051,
43740020,
42498252,
46418969,
44876441,
44516235,
45144198,
45621036,
43467555,
43726903,
42860676,
45059762,
44928031,
41763158,
54415487,
45381697,
45113885,
43835891,
44911670,
43074623,
43867789,
44839836,
43534422,
43839163,
43746817,
42683458,
43926805,
43379066,
44881455,
41632628,
43852718,
69472164,
46378273,
45148141,
43310358,
43608898,
43669653,
43040933,
43753525,
45166552,
42904321,
43650552,
43615320,
43988248,
43622268,
44802918,
42538791,
44014792,
45615282,
43673965,
40073296,
41839963,
42612768,
43617957,
42842133,
44075844,
43675202,
44196453,
43600723,
46234672,
41030922,
43990426,
41864824,
43294936,
42674171,
43545130,
44929226,
42662849,
45357490,
44779751,
40406339,
39866783,
44797375,
44096923,
46265437,
43320546,
42651584,
43858731,
42945236,
45000237,
44993752,
38797319,
45803563,
44122083,
43783541,
43874317,
43801609,
42661162,
43347410,
42374896,
42280030,
45985859,
42568283,
42211039,
43635345,
46584911,
43976928,
43866664,
43911445,
44073087,
44795551,
43841270,
43849857,
42053624,
44649704,
44888431,
43562937,
45280017,
43799857,
45939619,
42488859,
42477732,
42164288,
44742918,
45081469,
46053189,
42177195,
41984666,
42147897,
44555201,
44590020,
43392221,
42733832,
43690106,
42997851,
45771538,
44772194,
42580600,
44732174,
43931952,
42531508,
43835124,
42454527,
43701731,
42745411,
43667555,
40611163,
43928044,
44351601,
43417359,
44243714,
43538561,
44007199,
43895275,
44648313,
42501113,
42215703,
45142394,
44842090,
43634180,
44360897,
43228543,
42597836,
43694123,
42807371,
39562533,
44919041,
45333257,
44115900,
44918057,
43418973,
43870781,
45263436,
44634859,
42774794,
42918470,
42803191,
44639953,
43648146,
42739867,
42827557,
44931845,
42433824,
43214347,
44996659,
43269535,
43395322,
44873694,
42747787,
43394818,
44637206,
44889083,
42639504,
42702224,
43496787,
44116710,
43437499,
43861644,
43876442,
43589846,
43773838,
42388269,
42255268,
45876299,
42999146,
54808977,
45070660,
42299221,
44145878,
41838446,
53253018,
42590415,
42727945,
41675668,
42819363,
44665136,
42480485,
41696636,
42609362,
43087533,
44988653,
44688577,
46403248,
43651592,
43914451,
45833628,
43250883,
44995834,
42941765,
44268335,
44679481,
41726185,
41911562,
46516518,
46036492,
42793596,
43179255,
54272312,
42684946,
43065962,
43897807,
44785133,
44011970,
45982742,
44976901,
43752978,
44141664,
42125207,
41882847,
45120168,
41947707,
43782300,
45017197,
41760293,
41920655,
46111243,
42460060,
43918760,
43924538,
46195977,
42414636,
43301415,
43291271,
44385934,
44915300,
43224681,
42661026,
43634762,
43167891,
44581031,
42882542,
43054278,
44870219,
42633021,
42585652,
42260207,
42817791,
46125581,
44725782,
44714878,
54943129,
42954276,
44734654,
41532385,
41526350,
45028185,
45175018,
42309405,
42279906,
44325038,
42481662,
42265220,
45079205,
43155728,
43530664,
44050307,
43875002,
42688783,
44836999,
43860990,
43142728,
44431670,
42212015,
43079499,
42422186,
42317148,
40901084,
45099405,
43672880,
43253418,
43923128,
41123405,
44321474,
43630461,
43374495,
44853253,
42474221,
42251999,
40989197,
43494097,
43012947,
41722296,
44958703,
42276170,
44015242,
42508849,
45829489,
42512432,
43409267,
39156217,
43525321,
44681431,
42376741,
42461952,
44607305,
42722764,
44478992,
43616709,
43288780,
43023436,
43431999,
44003368,
43362429,
43811580,
43202755,
40628014,
44227209,
45825974,
42385226,
42348433,
42426453,
43839032,
44617346,
44286064,
43892749,
44552234,
44547629,
43591966,
43644035,
43383697,
43214155,
43529625,
45814580,
43957907,
42791788,
44199875,
43985436,
43206304,
42615086,
43418358,
44993771,
43679751,
43655596,
44585768,
45560027,
42845213,
44876562,
44681421,
43870605,
41697649,
45024852,
42526979,
42843541,
43092794,
71355818,
46040763,
44609446,
43320512,
41850625,
51621918,
42682279,
43235525,
42528420,
43641760,
42614886,
39217185,
41773268,
41415678,
43502818,
40744791,
43858532,
44518596,
43450244,
41822424,
45356349,
45831755,
42999616,
46125677,
44889827,
43692702,
45367886,
44999263,
44758603,
45167358,
44348058,
43312380,
43832122,
42508436,
42079720,
44504523,
42743400,
44712906,
43747174,
41834127,
45438809,
44428780,
43593746,
45206857,
46208807,
44894689,
45250365,
43767529,
43725870,
44836872,
42620937,
42703742,
44552610,
41885740,
45057787,
43638274,
43132895,
44923320,
44642818,
41892170,
43852220,
42711047,
42572413,
44832139,
43573707,
43688170,
43170862,
43600898,
45486059,
45659702,
43523244,
43860691,
42803058,
43885489,
43458890,
44073612,
44931394,
42486017,
43821411,
43577542,
38584502,
45068219,
44736152,
41574440,
44848699,
48114580,
42041377,
46109225,
44787834,
42423818,
45206674,
43101835,
45125494,
44707959,
43861309,
44706711,
43008678,
45439626,
44591882,
44297670,
46268272,
43768024,
42569318,
41958912,
43530547,
42063043,
44894706,
42887596,
45587860,
44696012,
43450986,
38513611,
45927577,
43502137,
41934286,
44976851,
46115026,
44590034,
44603617,
44881865,
43125519,
43470975,
42034890,
44560084,
43773694,
43929586,
43773132,
42534296,
43886918,
44845782,
42302904,
43104124,
44781570,
44907442,
41547409,
43526875,
43464288,
43539998,
43091028,
42763744,
43567744,
42785677,
44136576,
45904344,
43010179,
44835075,
44277301,
41184582,
41884715,
45926800,
43717170,
43655879,
42720327,
47319010,
44888884,
43625776,
41583059,
46049729,
44791119,
42506637,
43448613,
44797398,
45856746,
42295947,
46005499,
43125044,
45759534,
43044237,
45513589,
42353670,
43770685,
42302294,
42591914,
44694959,
42722012,
46097186,
44637138,
43459700,
40772360,
43479394,
46114310,
44700122,
42506868,
42665972,
44579565,
37717228,
44659167,
44257235,
44959255,
43030693,
44824084,
42860988,
44952852,
44136402,
45820157,
44889799,
42540793,
43430174,
39588063,
45667810,
42334599,
43582023,
42579206,
42921012,
45711779,
42171875,
42525091,
43796540,
43938554,
44431402,
46108355,
43757587,
40900794,
44827259,
40832654,
41599691,
43722006,
40957899,
44662225,
43406339,
43463202,
46628379,
44832991,
42871256,
44437558,
42643940,
42840177,
43042190,
43978312,
45045866,
43682802,
44211679,
44845985,
43961660,
40805458,
46091903,
39760542,
44795228,
42680691,
42246691,
46055714,
43634003,
42181217,
41352017,
41665605,
44834905,
43144291,
43740587,
44756883,
43688617,
43596865,
43458428,
39801081,
45205693,
43107384,
42477378,
44682242,
43614033,
45971707,
42851262,
44734655,
38633646,
41670068,
45966496,
42867223,
43100399,
45976725,
41786429,
46138693,
44614505,
41846511,
44224221,
45019537,
40724903,
44676193,
38831290,
43869527,
40756262,
43934014,
43465735,
45148041,
44999545,
44499844,
42722055,
43365184,
43328985,
42728358,
43973267,
45911887,
42786293,
41392031,
46222431,
44783787,
40052631,
41880021,
44805966,
42723255,
44908055,
43442860,
44675663,
50862871,
43137994,
44877159,
43531894,
44830295,
43745695,
43752424,
44977628,
44296905,
44641411,
42073080,
41371838,
44705127,
44456975,
42794548,
41008535,
45883174,
43447245,
73761919,
48433641,
44443840,
44730226,
45727986,
45320433,
44147445,
45013434,
42806857,
40081602,
44838139,
42694412,
45461074,
44627292,
46711807,
40334994,
42324252,
42691572,
45723936,
42509085,
43940936,
43802720,
44427230,
46030654,
44716845,
45672019,
41798906,
44923093,
42838621,
45063475,
43435489,
55175632,
42449581,
43105633,
41214323,
42429816,
42374559,
41498181,
44497333,
40286233,
44851358,
43080613,
42049707,
41250701,
43498643,
46857681,
45083591,
39787708,
70197760,
48239928,
43541573,
46183856,
45783728,
43067068,
44549967,
39614165,
43477649,
45011891,
44532273,
44982428,
44750125,
45019684,
42613551,
44843391,
42598421,
39047639,
44964955,
41611016,
43631817,
38535805,
43351860,
44156838,
44518928,
43687033,
42705766,
42728079,
42993620,
41823591,
44128743,
40878870,
45560560,
43528554,
43742585,
43171443,
43579313,
43647391,
44265506,
44867173,
42688580,
42121442,
44885616,
44466546,
42582296,
42916609,
43552465,
42905027,
44830017,
43790018,
44720105,
44113062,
43453452,
45267548,
43470012,
43808495,
43874586,
44583815,
45884635,
47259084,
42054903,
45096490,
42699133,
44777406,
45932048,
43395184,
42443188,
42777716,
43840719,
44786476,
45139847,
45728914,
42560624,
39921419,
42668291,
43854605,
42711296,
43850555,
44427913,
46341246,
44969912,
42706504,
43074822,
43864574,
40714026,
45864556,
46319638,
43652773,
41882221,
45513328,
45218436,
43716366,
43620078,
42827232,
43111729,
44489914,
42321125,
42658483,
43708335,
43081934,
43632105,
42526882,
44258003,
44477247,
42596458,
44853005,
43813780,
44828415,
43313741,
43527822,
43821205,
45406065,
43543708,
43745092,
45020439,
44188469,
44775652,
43996203,
45208352,
44311253,
43929996,
42859673,
45684186,
43952070,
43298499,
43681992,
43313401,
42312455,
43928736,
45082420,
44544305,
42575997,
41925937,
45066346,
44962206,
44745616,
42910065,
44878280,
45880009,
45869121,
43749374,
42840969,
45097904,
44776979,
42923587,
44768333,
44288114,
42249457,
43533583,
42657223,
45072255,
45667198,
43136029,
44980666,
44752300,
41151070,
44428352,
42264473,
44803119,
41042433,
46326082,
46325814,
43582880,
42408755,
43835447,
40826826,
44580523,
42450219,
43490806,
46074256,
45803487,
41471904,
40577165,
45103988,
44657030,
44140045,
44727409,
45841682,
43353482,
44557775,
43958778,
45897287,
45262639,
44809714,
44549275,
42911717,
44386970,
44797328,
43958302,
42331447,
44914718,
40555612,
40546744,
45637271,
42643231,
44996485,
44635255,
42532646,
44083301,
41239402,
44962184,
42707251,
43482822,
43676883,
43845400,
43388467,
42676053,
44790338,
43972327,
41660886,
42225426,
43449110,
46201868,
39288488,
43719275,
42639562,
43070964,
41370370,
43775139,
43536131,
44787026,
40700005,
46026255,
45083814,
45111667,
44925405,
41592835,
39293027,
44657763,
40837800,
44044724,
44823557,
42614770,
42655693,
41550781,
44771871,
40651248,
44869362,
45893870,
45091611,
42861934,
44524138,
43868037,
43066951,
45221966,
45213813,
41677867,
45084074,
44661954,
43016050,
44639942,
44340286,
43405042,
43829366,
44360619,
46101866,
42834745,
41136972,
45049720,
43696315,
47171678,
46096446,
45837495,
44154327,
44568479,
44732538,
43605164,
39864702,
43547537,
44996658,
42889314,
45900998,
38879050,
42367231,
45504657,
41215921,
44596441,
41813983,
42718477,
43556964,
42141755,
40449895,
44615685,
40981750,
42941876,
39579567,
44942083,
40047321,
45151408,
