11705749667,
68072142,
50674280,
54485233,
49191739,
53115740,
51911051,
53206774,
51426677,
54492288,
54963445,
51298803,
53246451,
52236506,
50552659,
50348237,
51419784,
51745991,
52294374,
49457597,
51732489,
50219560,
48300833,
51555085,
51141117,
49881178,
50524077,
53415736,
58937820,
55755951,
51726553,
54079670,
55247081,
50941389,
50930852,
50266420,
50427840,
49741764,
50155245,
51980743,
48276398,
49478175,
48996600,
52068134,
51291217,
49152305,
51390156,
48446157,
50605777,
56079565,
48734591,
50245707,
49367938,
50536836,
52506330,
53431471,
51718957,
55189087,
52547312,
49358317,
50134499,
51223041,
51769836,
51231598,
50515670,
52143352,
53556171,
51904221,
52302611,
49547584,
50968354,
53368677,
52856920,
51828344,
49951832,
51262684,
51017883,
52177041,
50919397,
52337940,
48552422,
55694927,
51556676,
54126990,
53838806,
50884168,
50569332,
53586710,
54476049,
54559477,
51209870,
51212612,
51918370,
50241646,
50191043,
53058903,
54857659,
51431575,
50297267,
51976524,
52558567,
50627167,
51988977,
50943612,
53451482,
53094237,
54046484,
52443511,
52929852,
52170146,
49058049,
51990484,
54672767,
53847373,
52942051,
51859736,
51741500,
52009479,
49828380,
51135385,
52818080,
50808475,
49994056,
51286757,
51973079,
50984731,
54468231,
52810409,
51362053,
49488519,
49376368,
51414873,
50163656,
51125868,
51041947,
52879345,
51800151,
49622787,
53194133,
51068839,
49946494,
51197158,
53159591,
51467006,
49575990,
50333133,
52032753,
51248673,
48980112,
59305620,
61822394,
52476548,
51736889,
48884268,
49066120,
51107999,
50799562,
51257579,
51288975,
53170349,
52078569,
53779832,
50299223,
50459227,
51124898,
52371538,
51204488,
48289969,
51374456,
51494428,
49856627,
50447924,
51138471,
53002226,
49722900,
50239659,
51391997,
49420579,
50791421,
51894383,
51357385,
52981315,
51415189,
50112303,
52677439,
51362536,
50187085,
50248217,
50007458,
51092864,
48936190,
53009576,
51772243,
50242286,
49401643,
52326286,
49337701,
52328666,
50124219,
49189243,
51556141,
50715690,
52219447,
52402341,
50539829,
54609304,
49109225,
52626856,
50763880,
49277217,
50035657,
53367356,
50042263,
48296460,
52253336,
53438820,
52909706,
50692376,
51046478,
49056352,
51923475,
49177981,
52257088,
51972087,
51784193,
53440091,
49920119,
50933648,
49881669,
47776491,
52317611,
51052314,
49423722,
54394744,
49940689,
51348394,
55084971,
51927887,
50380962,
51233530,
50466169,
51442686,
50310951,
48810587,
48214851,
51336880,
51559871,
54070910,
52659467,
51662631,
50512729,
51661437,
51116435,
48178534,
51826283,
61622435,
52012704,
51489030,
52234332,
51249930,
52018168,
48230766,
49304349,
53359032,
49405641,
53543145,
52970400,
49073838,
48460129,
52281390,
48877106,
50050554,
54487673,
48830168,
51133194,
49236587,
49222116,
50806841,
49970078,
50932248,
49522295,
52791869,
49477425,
53886561,
51447474,
48635614,
52651891,
48905363,
50069529,
50503231,
49383550,
50227700,
54348506,
48827009,
49933020,
49932539,
54342895,
50189189,
54299770,
52599538,
52268285,
57069005,
52872547,
52272880,
52077111,
52322551,
52338712,
53987648,
51341760,
50825554,
52200151,
50753451,
51857502,
51773067,
48549366,
49063048,
50514428,
52344733,
51474702,
53310652,
50238408,
52585894,
49797918,
51677645,
53022986,
50925714,
51679007,
51455512,
51517071,
53335343,
49934873,
48885357,
48232956,
47904271,
49885023,
54407749,
51519141,
54479541,
51167283,
51720201,
51843584,
48676302,
50662122,
49811813,
52625751,
49725610,
51970471,
54125780,
50232274,
49134945,
50687012,
52312154,
51563190,
52226360,
51580905,
51147940,
52193977,
51149535,
52203529,
52129772,
53876406,
49320908,
52844076,
51438217,
54305558,
50837844,
50045737,
51306098,
49222795,
50367076,
52213255,
51079007,
50267133,
51664852,
51861299,
49759412,
48672924,
51893336,
50386581,
48130813,
52226813,
50221976,
50078366,
54439936,
50985687,
50523317,
51800857,
51862163,
49368932,
52433120,
51777325,
49033756,
49299206,
52514756,
51322564,
52589877,
52481999,
52751177,
52241774,
54271629,
53742914,
57349357,
52777951,
50229346,
53306682,
51545869,
52266082,
48003512,
49209250,
49389405,
50300789,
48906465,
49095854,
51906105,
49207172,
53103100,
51088194,
51349701,
48982719,
50046801,
50937395,
50221748,
52244876,
49696262,
52109411,
51316537,
51558542,
53462807,
51020314,
51357148,
50160620,
50766228,
50639822,
53817360,
48135190,
51933359,
50055044,
49210783,
50323698,
50642736,
51726538,
52240357,
49184882,
54495990,
53492798,
50268364,
51229223,
50275379,
50256396,
49821066,
52595974,
50792441,
52552704,
49381583,
54366000,
50433534,
54132713,
53915254,
48968896,
50197339,
53889384,
53257462,
50280814,
51426664,
50125837,
52085970,
51209053,
53202279,
49828330,
51062101,
51275647,
51194590,
52440971,
48792903,
51284289,
52080988,
49008435,
49279878,
49177418,
52576652,
52528801,
49027561,
53182204,
50719885,
52395411,
50433439,
53184349,
49628994,
50369119,
49947309,
51283485,
49746692,
51525776,
50596185,
51331738,
55181324,
50406897,
51072291,
55594059,
50823596,
52077549,
50901292,
53262606,
51120398,
50604518,
50335793,
50612742,
53020962,
48127063,
50144061,
48341342,
51326180,
49656999,
50093078,
51196315,
52142904,
49047782,
50693286,
49901802,
50941538,
48319928,
52526889,
48647911,
49170289,
52227524,
50182299,
50167509,
50279280,
49126964,
48312556,
49298212,
50073589,
47965011,
52054074,
49449052,
48966326,
50575031,
54410838,
49981486,
49191073,
51325412,
51584566,
50199214,
50304722,
53028005,
49413405,
51869559,
51718862,
49128101,
52221505,
52469314,
51214257,
50441239,
52203731,
50804153,
49055588,
54220013,
49498979,
51583888,
51716840,
55044318,
51585881,
51776281,
50773817,
48941319,
49087905,
49111783,
52996652,
59033779,
52968534,
48694195,
61322710,
49598184,
51337147,
49458721,
48953298,
48489802,
52721579,
50372036,
52145867,
50123513,
53104274,
48887105,
50207143,
50263381,
50276286,
51889345,
52392621,
51810776,
53995575,
51703801,
53344756,
50322699,
50226985,
48003429,
51036743,
55968495,
52240998,
49289287,
50003882,
50874730,
51143900,
50891518,
49910087,
50875180,
50011289,
48192673,
51783447,
50430985,
51228031,
51766558,
50627638,
53594877,
51367468,
49974755,
47897498,
49319223,
48307788,
52171882,
54085931,
54337211,
50990972,
51918605,
49285200,
49386235,
52195121,
50791042,
50725919,
50004948,
51588462,
52213426,
51268777,
51926633,
52495529,
51423379,
51597767,
49188959,
49927800,
50006726,
54149675,
53979960,
51597943,
52942265,
50183640,
49593625,
50520706,
51564227,
51749363,
48917401,
53004294,
53017089,
52392694,
51056270,
50270778,
53297815,
48014474,
49670274,
51481074,
52204776,
52104115,
49055998,
51803129,
49005528,
48971924,
51102372,
51321398,
51099017,
49043861,
51182538,
52528877,
51292480,
51235763,
51435206,
48593802,
52160734,
49971876,
48059941,
52169480,
53513233,
51214783,
50142250,
51431404,
49083718,
49280307,
52682094,
48930393,
53010345,
51851312,
53336638,
49139252,
52392715,
51465858,
52219510,
51380791,
52958681,
50815594,
51948299,
53407147,
51398687,
50151296,
52914447,
52580796,
50130656,
48134959,
50057104,
51297194,
48825706,
53339392,
50123854,
48035973,
51282366,
50935749,
52085887,
51430943,
50076806,
48931617,
53181954,
51653796,
51136240,
48785651,
50534653,
53525455,
50053688,
54126200,
52736595,
49979042,
51576911,
51691571,
52525236,
51303359,
52918920,
50779271,
48459304,
51604775,
49355298,
50988493,
50209101,
48356220,
53221531,
54111661,
48753276,
50644216,
51137882,
52094038,
50813747,
54577503,
49999145,
49054476,
51019531,
49912167,
50917098,
52061407,
53296190,
48177813,
53542812,
53203099,
51335528,
50225227,
51787080,
48769772,
50254930,
51155355,
50426781,
51273645,
48078753,
50860370,
51571995,
51907087,
52875474,
51494893,
49915119,
52050145,
48938297,
50931028,
56662626,
52922083,
53551948,
49224256,
49836140,
49060250,
52422785,
54171866,
50052913,
49916906,
53531311,
51490235,
52002119,
48904526,
50060072,
50136822,
50957516,
50954410,
52851770,
50162832,
47955256,
52141277,
49915986,
48735559,
50816175,
54489502,
49516108,
50654327,
50880873,
51844746,
47798312,
52833005,
50324027,
50975973,
52913452,
54136114,
50857129,
50095167,
50961549,
50931952,
49463074,
54047666,
51481637,
52106638,
48764841,
49947290,
53024230,
47858654,
50736437,
51238246,
50178146,
50430208,
52215727,
49158895,
51067604,
51080901,
48670910,
49819330,
53764459,
51291694,
49942989,
51776558,
48596329,
53599874,
52953394,
55022898,
53928784,
51740034,
52970988,
50154406,
51062507,
50818243,
51033216,
48748243,
49148954,
49069625,
49972876,
51187767,
49827032,
49970758,
48651180,
49296306,
48560140,
52053166,
50918697,
58213895,
48273031,
48834338,
49319584,
53349921,
51211274,
51522650,
55169666,
49583301,
52146626,
48856107,
49139835,
55119995,
49852228,
50670989,
49402964,
51022346,
48754414,
50936272,
51574797,
51936999,
49080054,
49968656,
50360669,
49984647,
50001028,
52249237,
47975977,
51971921,
51385222,
54282028,
50052954,
50435325,
51035704,
48852760,
48095899,
49526598,
53799757,
51279939,
49917767,
54045248,
50919922,
47931444,
50866510,
51268054,
49297650,
53028716,
50529417,
52737703,
49759749,
50525829,
48568770,
49629304,
51896836,
52021786,
54592798,
52906642,
49152791,
50933352,
49468358,
51256693,
49165080,
51369927,
50093005,
48350279,
51428249,
50674943,
49123629,
49460073,
50386118,
50261725,
51596523,
51024742,
52096028,
51757024,
50258118,
50189421,
51313726,
49324188,
48924722,
51620073,
50099851,
48385851,
51326983,
49143401,
48531805,
51437342,
48988695,
48244721,
49354263,
52594868,
51395375,
51184524,
52997091,
53351694,
50773379,
50680015,
53124708,
49288672,
49246551,
51719941,
50386649,
52502560,
47909846,
51163664,
51008506,
51141569,
52552077,
50719731,
50286032,
52047381,
48007056,
52204668,
52163310,
49021415,
49438003,
50042440,
49310524,
49444914,
50944885,
50411729,
51556083,
50946001,
50830376,
50829673,
52458590,
50295877,
52555705,
51106306,
50962643,
51442709,
52554264,
49884758,
49718619,
52484483,
48255343,
49241865,
51127764,
51794595,
49729060,
48787106,
49081360,
51412536,
49124925,
51622733,
53006859,
52735968,
53045778,
51575251,
53647044,
49662051,
48913995,
51149840,
49291339,
49180004,
51185137,
51783353,
52502440,
50543552,
50898917,
49648102,
48791951,
49136246,
50071546,
49752333,
51267330,
49286991,
50976192,
49232438,
51311402,
51158182,
56372162,
51394735,
48351895,
50968171,
49851292,
52860108,
50611555,
51152073,
49756503,
52760120,
51308620,
50464697,
47938894,
50177745,
48192663,
49485971,
49960246,
51431431,
49716041,
51535550,
47964276,
50373770,
48977733,
49210317,
50346157,
54171787,
51441839,
50180230,
50748724,
48158999,
51635231,
49049882,
48722134,
50193357,
48772012,
50636115,
53717316,
52101842,
49795641,
48111090,
52491350,
48124660,
49602340,
50911810,
50331774,
50963594,
50231707,
51353337,
49193745,
51015713,
50830537,
51522708,
48527858,
49814826,
48782150,
49706730,
49720700,
49185951,
51099296,
49251739,
49069397,
52788190,
51020726,
49200536,
49534779,
51683489,
57284925,
51906416,
51064111,
52715502,
53997777,
50459876,
51606007,
51537187,
52659727,
51562201,
56232613,
53521748,
50917722,
55179012,
50733900,
52683123,
53340066,
50248325,
50649661,
51965745,
50454419,
55602724,
51214626,
49181654,
50954131,
49307956,
51832415,
48864726,
48071074,
51312641,
46975587,
51123288,
54149572,
50591038,
51218976,
49242631,
49014140,
50116884,
48795252,
54834648,
49805598,
50553208,
49018874,
48886468,
51072124,
49182095,
54017519,
50260670,
53192033,
52184507,
48388856,
50553403,
47772297,
49243807,
50526405,
50743529,
50109506,
49995168,
50428599,
50080490,
49376851,
51115033,
51165504,
51152759,
49526931,
48257477,
50058590,
51626844,
50735851,
53041087,
51520578,
50940497,
49147920,
49879981,
50966062,
48830173,
52667562,
51982017,
49490979,
51067991,
51610983,
51613481,
52177986,
48981539,
51323627,
50966168,
51948200,
54704407,
51957314,
52595961,
49982882,
51105073,
49948560,
51190996,
47989674,
48675488,
50360453,
52793876,
50556995,
49155916,
50741422,
52969123,
51775543,
51279907,
49187711,
49506449,
51125283,
52137092,
47981509,
49885577,
50863262,
49273881,
50925283,
52140042,
49052246,
51144831,
48969740,
51315676,
49735726,
51595931,
51337346,
50018122,
50712567,
49223639,
49457751,
52146909,
50392838,
52209290,
49688747,
48479324,
53899716,
48900830,
49057005,
50312860,
49427597,
48506577,
50660853,
49922499,
48779134,
47954536,
50947635,
47789223,
49114561,
54490466,
50802810,
48214219,
49893139,
48282130,
51004529,
51842545,
51788277,
51457743,
50978353,
49150470,
50008947,
48795332,
52157177,
48740699,
53551249,
51192486,
48280546,
52763337,
49907819,
49248114,
50566896,
50210747,
48175478,
49422531,
49420960,
54383488,
48312373,
50488842,
50286275,
50337059,
53572865,
51325720,
48016628,
50809576,
50688002,
51664205,
51738233,
52565659,
51659105,
48173489,
49118973,
51145779,
50919187,
49668509,
48761698,
49991490,
50096422,
50043207,
50407992,
51534550,
50394165,
52563836,
51522673,
51040181,
49200980,
51088748,
51564159,
50381476,
50395056,
51481351,
51226271,
51294032,
49408867,
48333691,
50293973,
51285544,
48256872,
50988642,
49248001,
52032217,
48117013,
48702932,
49403303,
51719629,
51552157,
50302204,
49098568,
48849522,
52462084,
50749717,
52712724,
51509045,
51030688,
50165072,
49274671,
49247195,
50537476,
49911343,
50335686,
50419887,
49511949,
50528686,
52891124,
52021941,
50300655,
50259641,
47898365,
48000247,
49586975,
49122757,
52149372,
50987051,
51643720,
51976199,
47895640,
48434065,
54574556,
51034247,
47759604,
48334298,
50291129,
48241845,
49204606,
48938588,
50017716,
48747918,
50210362,
49238518,
48285135,
50679761,
47905226,
49190155,
50534046,
50190887,
50864226,
49123683,
50426704,
51686621,
48945888,
50265814,
49897655,
48915320,
50035224,
51779409,
50020731,
50508345,
54725715,
56860028,
55852700,
57079984,
52555690,
51621917,
51154206,
49103346,
50158905,
50001013,
47881972,
50790604,
48777642,
49740591,
52477350,
51960723,
51287164,
50370453,
48927842,
51878010,
50750765,
48777487,
51810668,
49154073,
51669652,
52381365,
50469467,
50049062,
49937901,
52732802,
49697965,
51931848,
49392263,
51344173,
50016250,
49919195,
51274477,
53333789,
49152592,
48506594,
50071213,
51819880,
49669261,
52790598,
49182081,
51967819,
52867268,
48893926,
52190436,
53119878,
50680315,
50966684,
50138353,
51277317,
51503088,
54354370,
50638175,
52070460,
51181546,
52674138,
51829900,
52114811,
50592360,
51392424,
50898598,
50763170,
49890472,
51239743,
52412544,
54082402,
51856232,
50559187,
50844909,
51706071,
52626756,
52410550,
52382738,
54089460,
50315678,
52865117,
52463574,
54254948,
52663867,
53258438,
55267106,
53085392,
53956078,
51928974,
53118020,
48014812,
50306254,
49884278,
49257097,
50132195,
49735661,
51026646,
50545519,
49060497,
49886156,
50818996,
49766264,
49860460,
53433230,
51813863,
50322787,
50483011,
51333001,
51199946,
49927194,
52011782,
52728159,
52470061,
53078123,
51221632,
48818135,
49205767,
47939109,
51375983,
50277475,
50619447,
50962457,
50335080,
47343392,
52681079,
51203282,
47857543,
51839329,
51615275,
48308114,
52280543,
49217660,
52772883,
50484768,
49094069,
48399973,
53554457,
51121854,
49902130,
51699690,
50402893,
55741004,
56959099,
50221950,
48248791,
50770314,
51448415,
50124470,
53692199,
49348544,
51420655,
48881246,
53590110,
53939014,
52151588,
47982163,
52204249,
51189619,
48298745,
49525103,
51462494,
51296476,
50075322,
52033706,
48948311,
48708393,
50439099,
54979603,
51936679,
50260151,
50016913,
48254668,
50510504,
52123798,
50228031,
51329506,
48605750,
53250650,
52701076,
48559004,
50445834,
51231020,
49895263,
48916887,
48976143,
48307014,
52650321,
51630487,
51431880,
50669739,
48668143,
47861213,
46784523,
51295721,
51169171,
48723462,
49098844,
49058169,
46908308,
48759466,
47912260,
49974559,
48230909,
48990746,
49813963,
48009392,
50045598,
52130344,
50123239,
46826200,
51854950,
52088996,
48753162,
51173179,
48999024,
49891374,
49744412,
49884143,
48284564,
48246004,
49888219,
50891947,
49825610,
47797397,
48058569,
49175169,
51878071,
48737688,
52893358,
52162535,
50626208,
50591738,
48320703,
49288822,
48299069,
47547025,
49384832,
51329855,
51084752,
51165994,
51815773,
48959056,
49824611,
52379730,
51119518,
48408097,
51052850,
48902316,
48947318,
51449074,
51981561,
52152204,
51687317,
53086566,
48006228,
50856555,
50157929,
50627740,
52452415,
54105875,
49070177,
51387287,
50986690,
48078657,
51126922,
54899789,
50179857,
51553863,
48571183,
57043297,
51170976,
56664989,
59162778,
51590276,
53666563,
53723190,
48816651,
51096613,
51485443,
48782224,
52133743,
48196710,
51381709,
50610623,
47863396,
51485663,
52052665,
50483916,
51428015,
51215018,
51038080,
52329568,
52167717,
47498070,
48885418,
61388183,
53239511,
49977962,
50064348,
48876670,
51707006,
51420089,
51159547,
51528215,
49978658,
49371017,
50209847,
50378880,
52813860,
51087538,
51113781,
48728759,
47925738,
50136722,
47206729,
54054577,
49678318,
48851329,
50128610,
49594352,
52494783,
51179508,
50520135,
54872232,
50165620,
52011380,
48917360,
49078823,
54025572,
48926448,
50535402,
49026587,
51498491,
52271595,
49003625,
49166485,
53096244,
51085416,
51802536,
52439711,
50449987,
50075850,
51660660,
48347185,
49150281,
49040446,
51191887,
49606985,
50858906,
49073450,
51649203,
47889507,
48833176,
48911100,
50126745,
49941033,
51055285,
49191708,
49193493,
49804463,
47703652,
51615479,
50433003,
51400992,
50854198,
48463461,
51002820,
52139129,
48938120,
49155351,
48017680,
48363936,
48548906,
49828441,
47981100,
50262351,
51102210,
48411191,
49353276,
50015755,
49900192,
50760463,
49067563,
51057967,
48736168,
51620753,
50025241,
51160169,
48920045,
52698742,
49984887,
48985932,
50046671,
49975727,
51572762,
49509867,
48764928,
49799485,
53565161,
52503849,
49340757,
51785126,
48812059,
50811654,
51087171,
49253849,
51231638,
52202368,
51530186,
49728077,
49201337,
48941014,
48045122,
52450590,
50191998,
50986675,
53750894,
50353976,
47882771,
51036910,
53599310,
51718582,
48525973,
49381588,
52051575,
50834396,
50129820,
50220952,
50829904,
48995818,
50922803,
48884100,
49942076,
48654283,
50686626,
50266046,
50871034,
52648340,
52790278,
53076217,
47908683,
52114510,
50677277,
52443315,
49175669,
51213962,
50161251,
50012467,
52094497,
52095078,
49473855,
50571381,
52271240,
54091002,
50141826,
49746958,
50377466,
52461281,
52489153,
48059225,
49859797,
48085346,
49014045,
51464596,
50155386,
53123526,
53936332,
50447263,
51187420,
48927032,
53195189,
51324054,
51139582,
51749513,
50114666,
51871751,
49128529,
50545574,
50023577,
48747675,
48950396,
51459862,
50805386,
49832797,
48194070,
48267458,
52891577,
51238604,
50722573,
50832698,
49389606,
49017386,
51056181,
50110279,
51062468,
49332416,
51529200,
51920702,
51557790,
52202561,
51928928,
51530672,
53897322,
52306876,
50890954,
48766266,
48050978,
50439288,
54435949,
52821047,
49928928,
53069122,
50239192,
49091245,
52148987,
51028655,
49978705,
51171003,
50109900,
51592639,
50118911,
48986081,
52624406,
50417834,
51257693,
51425998,
50458265,
53577998,
49195869,
48080022,
48535261,
51421639,
51437368,
49317226,
51000570,
49770404,
48814763,
56605249,
51565015,
53535314,
51961435,
53371642,
56795594,
50540586,
51589808,
49885044,
47315696,
49514580,
50884079,
47876721,
50140771,
49989664,
48986227,
48137765,
51057696,
49764502,
49813660,
53022097,
48083306,
49827268,
52796987,
51792911,
52167121,
52219642,
50406179,
53277700,
47879776,
54781056,
47777428,
48008855,
49877730,
48074932,
51215170,
50949403,
47884400,
48147744,
50157862,
51938979,
51653050,
51075494,
48020580,
50049750,
51414361,
50812434,
50050809,
49989096,
47789536,
48242931,
49131254,
49898935,
47978699,
48116069,
50026285,
48945913,
48290565,
51441293,
49904210,
49914384,
52636251,
52241357,
47913824,
52723077,
51008767,
49819126,
47735448,
49993474,
47883563,
49739218,
49008456,
49142017,
53957348,
50585093,
55138319,
53657643,
49270163,
50244269,
50298563,
50851765,
48831594,
49163047,
48088496,
50968359,
48734765,
48584671,
50829981,
51635604,
50711736,
49728591,
50148274,
50902427,
49969369,
48882042,
52923573,
49119340,
49601140,
50383944,
49465854,
52187219,
52224814,
48970033,
51047268,
47767683,
49998812,
49821387,
49824594,
51194878,
48788684,
50620718,
48879398,
50756198,
51158259,
49236177,
50137882,
51931660,
51658527,
47522383,
51583868,
51511735,
49872414,
50225019,
51446609,
53071483,
49145245,
50722353,
51136074,
52781387,
50455114,
54383602,
55150331,
53637342,
50338513,
50668809,
52794243,
49984362,
48980998,
50067187,
50799852,
50665228,
52202366,
47994830,
49675640,
48814602,
51694954,
47266403,
49291470,
53964863,
52801696,
51130543,
51665295,
48765383,
49066533,
50185859,
48122662,
50600676,
54845844,
51434313,
53503374,
49670966,
49831759,
50018227,
49521099,
50532602,
52805541,
51308866,
52832255,
49487638,
51066816,
48590433,
51377571,
50693195,
50801156,
50970891,
50280492,
47318316,
50217729,
48907205,
48826866,
50124172,
52651567,
57145998,
52807136,
50909166,
49146286,
49844636,
49690020,
48995126,
50965801,
49944069,
48853190,
52738481,
49978980,
53304718,
50169932,
49305909,
53124898,
48873710,
49904223,
49990948,
49501612,
49151185,
49057178,
51132128,
52911844,
50896352,
50116157,
51389352,
50293784,
49052663,
51381941,
50202869,
51076603,
49955093,
56015931,
49795550,
50182130,
49229372,
49838646,
51280982,
50450429,
51958784,
52654338,
52172999,
51696548,
50569369,
47850974,
51057763,
50412837,
53277477,
48973423,
49635874,
49821683,
49659576,
50101562,
50157822,
53566430,
47631210,
49667739,
49183079,
51952787,
53315431,
51550319,
52147869,
51887524,
50066790,
50401126,
54263243,
51020573,
51861580,
51663253,
51004491,
51720130,
49089814,
51182341,
52287086,
52211065,
51674702,
52283660,
49617396,
51615880,
50051578,
47886879,
52201972,
51143040,
52674386,
49426334,
52643236,
52719205,
56759357,
50424879,
54770421,
52514770,
56793700,
51944889,
50582242,
49730628,
49678337,
50830198,
52525953,
50919062,
49902034,
50853367,
50487102,
51172861,
51178813,
49306310,
50739709,
48678302,
48849858,
51215866,
51614638,
52300885,
50153541,
51753155,
48468821,
50728461,
47718394,
52979357,
47774006,
50373596,
48415500,
49970977,
50036088,
51005683,
48907281,
49973751,
51691982,
52472366,
52185194,
50038713,
53243246,
51310973,
53181124,
51680105,
48835376,
50252988,
53049962,
49372366,
54643449,
51158724,
49828224,
47689919,
47979863,
51345602,
51333325,
49926361,
48914681,
48899643,
54218401,
51072309,
51165092,
49104971,
49691411,
50831791,
49489989,
52203291,
52286019,
50744508,
50712101,
53232659,
51081279,
49814217,
48004337,
51784763,
49814691,
48687246,
47979103,
51306606,
51454896,
52915352,
51652424,
50694346,
50651879,
49861990,
52367157,
52816143,
51672861,
50602696,
52741260,
52589784,
50669576,
49737621,
49623750,
51539623,
51573476,
52824244,
50890028,
48927937,
53567605,
52766597,
52349261,
48620217,
50333946,
50701177,
53582668,
54598191,
53671137,
52760514,
54402366,
54140434,
50803562,
52052935,
49994751,
51624065,
51881561,
49059680,
49958956,
54064491,
50287169,
49193343,
50972132,
51712149,
49858396,
48868861,
49371783,
51374724,
52216681,
51934956,
53808370,
51094230,
48981882,
49003503,
51816228,
49011173,
48818242,
50229214,
53186439,
50888296,
51331029,
48860506,
51843608,
51835175,
49198003,
51343233,
51022817,
49199197,
49208128,
54014754,
50301683,
51167801,
50297797,
50370166,
50080418,
49352158,
50834812,
51194582,
56794788,
49737220,
51210223,
49239025,
52890150,
51809374,
52166287,
49440489,
49817654,
49919025,
50141324,
50413133,
53509008,
52258461,
50030930,
50881089,
50533282,
51124783,
51676746,
48899770,
52160631,
48238198,
49993608,
53035087,
49000143,
54901973,
51384965,
48751579,
53833002,
51343363,
49714763,
51073375,
53613001,
54249798,
50941127,
50250184,
51716304,
50259109,
48825788,
49932208,
50910747,
50890519,
50759263,
50174529,
50879312,
48753185,
50554865,
52176326,
52225124,
49253129,
51015025,
50681769,
49853407,
49055429,
51116069,
51090729,
53246477,
51950989,
53264645,
48793716,
49963496,
50906315,
52175084,
53040041,
49702336,
48728441,
52821397,
49970722,
48997298,
54799844,
51620515,
51077858,
48006400,
53120571,
49941414,
51176176,
49997904,
54056947,
53120930,
50273037,
51178179,
51792823,
53118671,
52740452,
51587074,
51759259,
52754662,
53122742,
49950585,
51593831,
51749848,
51486344,
53059165,
50572114,
49235689,
53894886,
52211000,
52463705,
52968830,
53230382,
52219337,
53955104,
53240571,
48935751,
49797325,
51676721,
52966411,
49753008,
49772631,
47884530,
54299354,
53164738,
55738136,
56965669,
51674068,
57071463,
52172681,
54391973,
52584514,
53044735,
49947832,
51894541,
50304405,
50031826,
51612034,
48968159,
51312296,
50096154,
48320705,
55316852,
51265400,
49844902,
51220854,
53110505,
52834722,
51248980,
51131105,
47911846,
51146913,
51741097,
56953819,
52980286,
57167308,
56933466,
50535568,
50263986,
49042756,
51053201,
50763520,
49081821,
49176384,
49876465,
48968253,
49825211,
49583299,
48918997,
52769840,
52522993,
50004449,
50481528,
55257622,
50689223,
52180581,
50698659,
51694119,
50116040,
47872319,
52990530,
52714174,
55825229,
52256744,
51795565,
53700439,
49993403,
51068367,
52657257,
51830604,
54664207,
49819612,
51019791,
51704825,
51386140,
50872317,
51080959,
53774524,
51199726,
47904360,
50238028,
50896834,
49165731,
50780795,
54978783,
53015450,
52207523,
49851734,
49441641,
51897040,
51487490,
49827433,
49295360,
52639684,
51515532,
48264181,
53298462,
50173568,
50112198,
52953006,
49740035,
52446091,
49591334,
47398972,
49949727,
53090237,
49920948,
50558684,
51923236,
52171025,
48973558,
53627792,
50209354,
53022638,
50742635,
49837299,
54829458,
48696056,
50169358,
53043617,
53450872,
54663331,
49950354,
49168114,
51619161,
52338107,
50150252,
51689834,
54887574,
53305133,
49976522,
51052490,
48340222,
54616457,
50084299,
52632667,
51650423,
49012260,
54551036,
50841059,
52097413,
50113494,
49049629,
48934439,
55174206,
57268896,
51464264,
53893516,
51340529,
49231948,
48845320,
50600430,
51175578,
51059321,
48864711,
50273275,
51358720,
48871616,
49290565,
47331696,
51287133,
50284105,
53456229,
51973155,
52020052,
54385279,
54772010,
52622278,
51005822,
49005782,
48994286,
53284491,
53036627,
51555341,
52450244,
50904419,
48760096,
50506327,
49051694,
50955279,
54677683,
54741288,
52445929,
52942347,
52169973,
50474943,
53264576,
50945000,
48111537,
51519649,
49724837,
51327142,
48146100,
47025529,
51408482,
49029528,
49179473,
49282910,
50099925,
51330623,
52165275,
48041987,
50990308,
50999888,
54439291,
52360278,
49519112,
52739601,
53085919,
52169846,
51383531,
50908038,
49874035,
50420460,
55264571,
52190789,
52670253,
51674961,
52229058,
50888505,
48979031,
50716225,
52672489,
49268910,
48287731,
51052899,
55188969,
51163686,
51467565,
51814271,
52136528,
49919149,
51887009,
53775208,
53189836,
48637096,
51263592,
53870377,
53591460,
49203317,
52218344,
52211871,
51163835,
51103684,
55247261,
53091270,
51217256,
49232475,
49853480,
52844517,
52177949,
50425985,
49840883,
50955386,
50324008,
52323652,
51451894,
51141613,
51362022,
51212691,
50346334,
49892323,
49258537,
51282607,
53968155,
50853643,
49974365,
48822728,
48802014,
50172443,
49455228,
53678211,
52150201,
52682938,
56495825,
55895637,
50955269,
51052108,
56001260,
53124175,
51081257,
48995555,
53207444,
49196318,
55082426,
53372415,
49197529,
52116653,
53848077,
51250083,
50721793,
52928197,
50385806,
49077808,
52170576,
50742183,
48883153,
52833448,
51201159,
50854224,
52894005,
50720557,
57186002,
50762610,
51243648,
53724354,
51223544,
49655730,
49076484,
49147220,
55177059,
51259282,
52131805,
48972266,
47951670,
51170758,
49906241,
52154771,
49961610,
48144878,
51673087,
50946739,
49949309,
48108605,
49905880,
51994566,
50256184,
50926813,
50780575,
49282493,
51324624,
49468987,
51495147,
51089142,
51450284,
53985186,
54377284,
49774249,
49156006,
49340298,
54877302,
50262466,
53254039,
52895383,
50375541,
50887584,
49840792,
50899619,
49987374,
48902142,
49644829,
51751909,
50725289,
49937050,
50194618,
50231563,
51879708,
50049298,
48808221,
54251527,
53236855,
47916605,
52558926,
49377153,
52146355,
48917325,
50712620,
56647982,
52191699,
50920908,
50175349,
50133113,
50172499,
50116821,
48348547,
50482396,
51765985,
49756181,
51542250,
51465919,
53306009,
52116664,
49936111,
48150888,
52983687,
51100225,
48846573,
47985479,
50725055,
53149946,
48937550,
49864849,
49192419,
51829376,
49953275,
49309222,
51016264,
49968965,
49802518,
48972453,
53508995,
50931889,
48906576,
51096057,
50223785,
52140862,
51741226,
53449667,
50865132,
52182386,
50908150,
50190538,
51038015,
48656851,
50107175,
49819204,
48260384,
50984873,
49731486,
49116641,
49649908,
53753255,
50256067,
50290593,
53925322,
52758657,
52146444,
51664234,
48797145,
50339897,
51039833,
50896779,
49520257,
50885101,
51764846,
50889787,
50659506,
53483942,
49020241,
50011447,
51584114,
52168082,
49017404,
49918114,
51392709,
50410825,
51157774,
50793739,
48809290,
48795146,
48103638,
48940848,
51213192,
50088466,
49793027,
49242989,
48915996,
51036886,
48984998,
47882062,
52574773,
51549115,
49967265,
51630851,
50233288,
48920495,
50218763,
53676016,
52413832,
48269653,
49710432,
47981971,
50172395,
48049506,
53548349,
55025077,
50556026,
52065702,
50187352,
53512728,
52914452,
53019837,
51191489,
48702106,
51647016,
53508801,
49297669,
50035939,
49939549,
50983603,
51252040,
50939265,
48178668,
51847598,
50046783,
49058976,
48876893,
51140319,
52121748,
49554692,
52583368,
49211276,
49800144,
48199623,
52194696,
48986375,
52787854,
52127138,
51784920,
51509813,
51344609,
51629310,
48860927,
54664943,
50690755,
52924763,
48512587,
51092778,
53970963,
50913599,
48015708,
50819975,
51443107,
51046770,
50741634,
52500574,
49727703,
49794020,
49650692,
49642330,
47512855,
48969273,
49377877,
52168828,
51091452,
48770729,
50870777,
48169496,
50090881,
51110245,
54251308,
53059776,
50173567,
56652892,
55436789,
50580235,
56742021,
52328463,
51789424,
49725298,
50133220,
49876797,
51101342,
51828410,
51216430,
51664224,
51142808,
48224978,
50956041,
49069715,
47390990,
50179951,
51298067,
48815731,
50896871,
53264419,
50042889,
49978557,
50017519,
50038891,
51575492,
52805283,
52409541,
51131838,
50934345,
49973237,
54082187,
49339049,
51821841,
50231280,
51105125,
50001008,
49317595,
54085953,
48949115,
49029268,
52191214,
51706991,
47944740,
49740546,
48773812,
48943697,
50137961,
47679985,
53288059,
50313197,
52476999,
51108271,
51695000,
48894184,
50137676,
50852748,
51551123,
50249541,
49159508,
49087291,
51189136,
50992107,
49942069,
48141992,
48034783,
51365729,
53695913,
50819080,
52842300,
54294134,
51837951,
49033146,
52749556,
52103086,
49827939,
51118858,
50938506,
49972547,
51802557,
48608838,
49406816,
52145427,
48905896,
49886698,
52753959,
48817647,
52785828,
51850187,
49814748,
53860925,
51339132,
48772606,
48072847,
48230303,
52150184,
48774611,
48917516,
49298340,
50021804,
49719643,
50112272,
48285110,
53202615,
48490674,
50746026,
54007388,
51447804,
49819486,
50105922,
50758022,
51771179,
48695118,
49260589,
51013547,
50811405,
51544590,
49348033,
50288684,
51929639,
50798514,
50797017,
53010852,
48792481,
50984158,
52338396,
52159085,
48933003,
49758277,
50039615,
48883457,
47820707,
50057057,
48940041,
51829523,
48113694,
48832072,
48619976,
48168025,
50241517,
50697131,
48071874,
48136519,
54112442,
51206426,
52618991,
51190182,
48801856,
51005269,
52150913,
51090431,
49302955,
51782031,
50538396,
49257764,
47297573,
50473030,
55074078,
48632445,
51529817,
48488171,
51622499,
51544506,
50372658,
51838086,
47985098,
48449244,
55830913,
50037530,
52181660,
49959498,
49185276,
51194983,
49666505,
48782906,
49920872,
49016535,
51720401,
51209426,
48144509,
48843791,
49042959,
52078622,
48027678,
49072908,
51100250,
51083637,
48272873,
49083315,
48568292,
48920265,
53704218,
53548740,
47134175,
51439412,
49147887,
48204573,
50294192,
52088492,
49826407,
52134019,
50343596,
48286123,
54531586,
53398898,
47799308,
54035881,
50181602,
51046219,
48860110,
49497262,
51407057,
50401169,
49265886,
48091427,
50546347,
51446685,
48487314,
49801073,
49083866,
50096529,
48722743,
49283917,
51458862,
52855158,
49828804,
47926614,
49929115,
48403687,
49103936,
50814135,
49939438,
48965279,
50733172,
50258396,
49487703,
50442874,
51813528,
54540007,
49404014,
50951096,
48663395,
48297673,
50177737,
54900248,
47959735,
48267083,
52382389,
48819881,
49985373,
48247651,
50983057,
50013642,
50750025,
48743527,
48708076,
51776234,
48871906,
48867947,
53223509,
49072863,
51433734,
48088228,
49573554,
52365955,
51188042,
51602637,
54421279,
56846897,
50085904,
49982486,
55547532,
52367427,
51765370,
48624817,
48125973,
50475801,
51000956,
48984638,
50846212,
49399620,
48937206,
51690519,
48017053,
47714792,
47986694,
51029276,
48261281,
51594988,
47699797,
53622604,
50010658,
51288737,
49877997,
53333613,
53177804,
51308352,
51195852,
48095345,
51085441,
49168151,
50919407,
47983173,
50042774,
49771709,
49108622,
52898289,
49954155,
51587580,
51907400,
50795814,
48003153,
50127215,
52173451,
51754072,
47867061,
50309431,
49629622,
50507496,
50798505,
49231904,
52229327,
50884866,
49229882,
48994347,
50259746,
50086222,
52818334,
49899605,
47873093,
58003597,
49364034,
50061320,
49916060,
49216795,
48670940,
49677622,
50680190,
49022023,
51203144,
49803768,
50657186,
51629153,
50228497,
51087667,
49261351,
49895491,
49468053,
52305737,
50893343,
49813677,
48126630,
51151415,
51865514,
50981043,
50902048,
49944566,
49226345,
52180507,
48585755,
50233605,
48146029,
51014364,
50906861,
51611411,
50450865,
49814184,
48347156,
50954028,
50939277,
48109604,
52162952,
50803494,
49348068,
50239744,
49897116,
49125993,
47888545,
51422275,
52201267,
49305596,
51046033,
50041586,
48857307,
50985089,
49244259,
51759299,
48935742,
48999220,
49066016,
49494423,
48883250,
49359605,
50899693,
50613879,
49828619,
48583388,
51319164,
49456397,
51912293,
49990111,
50831973,
53942147,
56427686,
56776530,
51086044,
50346612,
50110180,
49145137,
51041124,
49745417,
47902253,
51568403,
53417217,
50293058,
50855023,
49366072,
52524918,
51153007,
51218032,
48769516,
51271167,
51524343,
50904808,
47887742,
52000542,
49917339,
53641733,
50339389,
50524901,
54009646,
51442909,
50689124,
47893605,
48251817,
50671391,
49283161,
51539762,
50240828,
50017149,
53037471,
48224360,
47833115,
47790354,
52193783,
48238580,
53266181,
50883470,
49568837,
49242894,
52145720,
49052092,
49985894,
49913111,
50061889,
48699257,
51061768,
51004584,
49876901,
47737205,
48769374,
48936033,
47954136,
51431275,
50331600,
50371430,
50961558,
48233751,
50537939,
48696276,
51121819,
48741739,
52720399,
49978245,
48528701,
48759769,
50831091,
50408687,
51004806,
49063336,
50443399,
50803728,
50776179,
47978470,
50212243,
50154008,
48077207,
51007488,
50951915,
50844568,
48429000,
50882249,
48757670,
49992544,
47980353,
51818530,
50897920,
48068533,
50845316,
49167883,
50654298,
48708995,
49714559,
49200424,
49547743,
51951522,
51881719,
50097514,
49771658,
52038910,
50965432,
51091700,
50885420,
49855908,
50278664,
54161365,
49673166,
50114426,
49191022,
53324003,
50329530,
51451811,
53114502,
47794789,
52691325,
48693687,
48978740,
52920211,
48412022,
51722862,
47135827,
49883626,
51501569,
50251526,
49122629,
52484794,
50078947,
55814478,
50489031,
51693308,
49671098,
56367818,
48253299,
52343317,
49783792,
48871686,
51812398,
49742831,
48966030,
53704149,
50164121,
51893988,
49192591,
48891695,
52714660,
50130903,
47735729,
48170056,
55038389,
48207714,
51562386,
51612793,
49981921,
50630349,
52248671,
48747076,
51852699,
49856667,
48708367,
51894387,
53739878,
52664533,
50773024,
52715149,
49719137,
49679943,
51576539,
52340176,
52621939,
51908009,
48824456,
49972674,
48381805,
49713518,
49682882,
49083977,
47846750,
51419937,
51676230,
50180418,
51851459,
49132728,
48384660,
49330182,
50113713,
50902967,
47785855,
52825016,
48746249,
52180972,
50034990,
50093767,
49780422,
47871037,
48118428,
50234857,
52159716,
49114736,
50740482,
51606551,
51029103,
47820472,
50989207,
50444361,
49995355,
48187643,
55225608,
51826695,
49063665,
49910154,
49609136,
48312554,
50007937,
50031214,
48709620,
50061451,
50450622,
49560564,
49278857,
49912598,
48250014,
52294543,
50012464,
52047206,
48126664,
51297885,
49088126,
51355838,
51751829,
52973028,
49076636,
50853593,
49567389,
47545251,
49226112,
50435103,
51014884,
51686596,
52390853,
51248647,
50276270,
54229135,
49904605,
49067226,
53906931,
51604534,
51075637,
51833096,
50927089,
48278401,
50478951,
51859592,
52789241,
56420904,
54011057,
48718681,
49865465,
52989592,
53889856,
51341906,
52110073,
48327603,
51271878,
50409101,
50822908,
51637836,
50628614,
52522597,
49639947,
51750068,
50438123,
48782735,
48201262,
51856425,
49945531,
48974709,
49196898,
49574552,
54798428,
48231032,
50764023,
47750225,
52112653,
51491780,
50478328,
52053859,
52682623,
51111963,
48975675,
49086332,
51244336,
50936004,
49709240,
48389688,
50070867,
48207833,
50536544,
49181654,
51346066,
48774269,
50104508,
49190339,
48307936,
52159260,
51061595,
51055550,
48868742,
48174286,
51132635,
50114880,
49668129,
49774568,
47879286,
51145638,
49430406,
52349844,
49082020,
51095548,
48381488,
51242964,
50838967,
47980460,
48063017,
50542220,
52147311,
48984215,
48303998,
51352819,
49341553,
52540682,
47882329,
49004516,
49693090,
49199720,
50106906,
50832206,
48069617,
51776504,
54344363,
50205799,
49259147,
50239786,
46976450,
52838256,
51194716,
49619738,
48030414,
50011690,
50468764,
51343113,
51135719,
49719363,
51988313,
48490128,
53109295,
48965215,
49349385,
51824673,
52838823,
52489062,
50687174,
51635331,
50862463,
50933087,
48337170,
51338091,
51429219,
49263558,
48226817,
53253193,
52932090,
49185596,
48237158,
51281785,
53164317,
52414139,
52338592,
50829104,
50981163,
48005318,
51581516,
49863377,
53263864,
50208257,
48787217,
51428409,
53547995,
52157494,
50270605,
51083209,
50219979,
51640380,
51187256,
52953547,
51858607,
48957065,
50241674,
58526829,
52939824,
58204321,
51213894,
53186686,
50747607,
47828089,
51395998,
52098474,
48188075,
52168713,
50406180,
51065874,
53891272,
54575942,
54041490,
53197757,
50755467,
50755414,
49048426,
51049647,
52008698,
49122828,
50027550,
48132412,
50823911,
51444123,
52996909,
52952426,
48035329,
53220967,
53546170,
48095932,
50010077,
50807945,
49958977,
50280166,
52930077,
50353885,
52202488,
52150049,
51101814,
49121525,
51270154,
52119943,
48071161,
48734920,
48978912,
50231392,
51592841,
52162934,
49518815,
50113469,
51730516,
51592764,
50965596,
51575453,
51898750,
53162950,
48715528,
51656601,
51635487,
50204140,
48919968,
51159490,
54943458,
50532432,
52100996,
48816006,
49898032,
49009760,
51176116,
51123975,
51791988,
53476764,
50582716,
52136084,
50196772,
49375549,
52115260,
51226489,
48072041,
50167878,
51127233,
49745175,
50492473,
51253154,
53792231,
48718384,
48220940,
51363038,
51580445,
51382255,
50005686,
50121352,
51827594,
50775016,
50794868,
51436697,
53592757,
49937727,
49270337,
51619194,
49503231,
51617185,
48845079,
51821801,
50847476,
51761472,
54644712,
50823530,
52110286,
51656591,
51200444,
53218018,
51017020,
49730540,
48838745,
49394115,
52443875,
50185617,
49065497,
53763344,
52144286,
49090748,
50075194,
51005023,
49078824,
51263177,
50924798,
50731057,
49695550,
48803454,
47913197,
50334232,
50355955,
50456874,
50819561,
48133061,
51004461,
49346921,
53475562,
51321526,
52704530,
56459400,
49788586,
50199176,
50139488,
50314755,
52136640,
51081176,
51068617,
50762641,
49591790,
49643848,
48778943,
50020235,
50862234,
48825462,
53201115,
48240400,
50747022,
49848839,
48834323,
50961558,
49970343,
49967304,
47999973,
50468313,
51139802,
50065539,
50286856,
49270760,
49823842,
50629431,
49148950,
51108843,
52209457,
51565642,
52406565,
51214787,
49908261,
50113713,
49109686,
54150848,
50715256,
50082932,
50111930,
51841595,
48721925,
51071532,
49080030,
52439959,
49483719,
52136588,
50322567,
49899709,
51319613,
50930948,
48023951,
51565920,
