11693505487,
55620663,
44458601,
46731516,
46395741,
45052153,
43689946,
54983812,
46678027,
44712977,
44790724,
42413288,
43584424,
44651138,
45028025,
44400564,
43399210,
44230277,
43889311,
42048002,
56746584,
44584456,
45750818,
45874670,
44712361,
44730120,
45139330,
44168213,
44773694,
44868971,
41310520,
44026268,
44040948,
45020029,
41460221,
41622680,
42918300,
44889527,
44612159,
45726671,
44982046,
42547977,
45337657,
40884968,
45751050,
45137549,
42630136,
45449312,
44006537,
42624234,
42348937,
42435116,
44941034,
43409234,
43580702,
45002077,
43639281,
44731736,
43338093,
40835005,
44320712,
44393003,
45864836,
44828798,
40185797,
44105905,
44330929,
45933668,
44015357,
42468044,
43453533,
43368037,
44735164,
43392918,
43190910,
44680472,
43682258,
45537825,
45037656,
43463474,
46496506,
46113689,
44637426,
45593805,
43339286,
44621560,
44708193,
40259975,
44733139,
45777281,
44380557,
46044253,
40758310,
43562959,
43386085,
44801368,
42038410,
44033599,
45890142,
43431399,
46000908,
40931312,
43950952,
43631270,
45707087,
43178730,
43325337,
42600493,
44897734,
41638858,
38832798,
44658931,
40241592,
43804858,
44641905,
44701007,
44990964,
42565892,
40971674,
44236845,
44583760,
45045575,
44624843,
42421315,
44728960,
46148123,
43613939,
44910029,
44177400,
44584618,
44770064,
46186080,
45337403,
45638204,
45108646,
44387786,
43668092,
46058067,
43894316,
43867344,
43523985,
43766348,
43474210,
43655114,
42670869,
44923187,
45035993,
43736239,
43547620,
53592959,
52049658,
44980785,
42582929,
44547875,
42355156,
43393203,
45451649,
45400683,
45474797,
45822900,
43437583,
43518660,
44645886,
44758181,
42355494,
45044573,
43648959,
42919080,
45580989,
42971793,
45770156,
44438293,
46141637,
43297412,
43598644,
44536215,
41160584,
43417581,
45769631,
44580602,
42489080,
44773990,
42249536,
43269112,
43365727,
44057879,
43772114,
43624760,
43537772,
42205937,
41810572,
45010983,
44363546,
43343583,
44871886,
44350225,
44340346,
46024963,
44697088,
42265139,
44021748,
45382913,
45842180,
41985097,
44333235,
43367059,
43818497,
42982780,
45344365,
44815339,
43493279,
44212472,
43252217,
45753742,
42384046,
45754372,
44728043,
41144966,
41296580,
43426016,
45681494,
42515214,
42164319,
41210541,
41938582,
44204578,
44563753,
44463790,
43510977,
44727371,
42628666,
43173002,
44454903,
44615009,
43382211,
39955242,
44395913,
45596418,
45817738,
42013621,
41920964,
44391352,
45340452,
49074881,
44864770,
45736487,
43172633,
43747357,
47081506,
45035158,
44041990,
44214117,
45863419,
42266611,
48516899,
45578025,
42425638,
43946474,
44758811,
42027057,
44502241,
45561095,
43289797,
45807340,
43068865,
44285926,
43863147,
43598952,
44708265,
44697720,
45086848,
45952188,
44065631,
43683764,
42821343,
41840710,
44475744,
46086867,
41234723,
44863322,
38977565,
43721439,
44462903,
45925184,
43566388,
43417705,
43826014,
41759547,
45957468,
42308332,
45037734,
42662486,
44533681,
43413911,
46068929,
44587338,
44646286,
42030821,
45415556,
43796905,
44427914,
44467326,
43825981,
43378308,
43663715,
41559520,
44647257,
43443028,
51747355,
44814089,
42231817,
43525323,
45622663,
44734252,
45033409,
42263468,
42575345,
44877190,
45080842,
42426990,
44157645,
45699278,
42373391,
46388521,
43639773,
44813748,
44823213,
44123597,
44122576,
46382116,
42635385,
42974446,
44132202,
40311469,
43541897,
43955500,
44446030,
43718927,
43830743,
44978172,
45771664,
46419026,
48458829,
45582781,
44773242,
44011664,
44666326,
43515270,
43599762,
45090605,
45422920,
45926997,
44575733,
44377521,
44454612,
42417698,
44427894,
42428250,
45192340,
45116386,
45046351,
43007440,
45597728,
45107964,
42712485,
45860881,
44662463,
46149984,
44921126,
43965918,
43879335,
44812628,
45838303,
43625827,
43040157,
53237426,
46258228,
45084127,
43346237,
45817196,
44354366,
44695106,
43592282,
44962751,
44750834,
44425045,
44541664,
46210520,
43954726,
44701209,
43175454,
44761309,
42371206,
44142954,
44439893,
42454213,
43859260,
43490216,
41860943,
45411563,
45903302,
42598809,
42847782,
44866124,
44624493,
43358938,
43880590,
45292181,
44641091,
46016537,
54857517,
46822470,
67619063,
44345177,
44850595,
43135901,
43343518,
43366254,
40523134,
42725940,
42637897,
44825350,
41928596,
44773100,
43511634,
41589936,
43575503,
46240674,
44999500,
44453528,
42770418,
46278281,
44311223,
43055768,
45842582,
43490518,
44046482,
45763458,
43684662,
45556598,
44452209,
42210011,
41577303,
46721156,
44703455,
43490463,
44901382,
44765505,
44845846,
43525150,
43224582,
45958205,
44578229,
44387662,
43553573,
44424628,
44701627,
45537397,
45228280,
45010789,
45453890,
44107946,
44120759,
45460014,
42344541,
44763958,
45091775,
42912228,
43102934,
44242501,
43507220,
44315918,
44197447,
43576891,
43946131,
43743887,
44496071,
44822994,
41132996,
43881186,
45314923,
44090865,
43827280,
42602164,
43427382,
42457131,
44762527,
43281318,
42482832,
43546542,
43813929,
43365327,
45101105,
45432812,
43970518,
43728912,
44797475,
43305526,
44306227,
44507438,
44231182,
42271897,
43512038,
43471552,
42538285,
43888815,
44774469,
42340474,
42479205,
44609023,
42331730,
46260549,
43462512,
45158803,
44476154,
42865981,
43694640,
43072407,
43710845,
45700454,
45468311,
44522149,
44690761,
43535669,
42286769,
43278197,
44561012,
41031392,
44800266,
42172389,
44351268,
42740867,
45433521,
44705741,
44584505,
45261406,
44479336,
43111822,
42265450,
41492503,
44601788,
44866919,
43459553,
45712109,
44945341,
43530395,
45974290,
45634110,
43727129,
43813672,
44792487,
43050034,
44764168,
44372318,
46666417,
43934735,
44616886,
43218843,
42248622,
42035226,
44556995,
43603866,
43812313,
45149495,
44197981,
43424696,
43569981,
43210331,
44460743,
44224833,
43453137,
42554038,
44100039,
44750962,
44334987,
43182051,
42304814,
44920634,
43877767,
44553740,
41814207,
71440898,
46290490,
42564043,
42655833,
43442614,
44935226,
43470539,
43344295,
44924259,
44109137,
46194795,
44927466,
43365705,
43167354,
42977346,
45919794,
43922824,
43509891,
42259208,
44433813,
46194803,
42206602,
44448308,
44479574,
42355403,
43496571,
42362986,
44998991,
44734211,
43216186,
44713501,
44916169,
42059373,
45051612,
43471456,
43927469,
44655878,
44738969,
41992580,
44580396,
42222081,
42288232,
43432659,
43184829,
43270796,
44273559,
44345191,
44207111,
44371662,
42301213,
43739811,
42568676,
46024410,
45049007,
44760755,
41721264,
43415036,
46412084,
52790945,
45191321,
43458959,
42582436,
44409409,
43172402,
42177862,
45175621,
42717906,
41123651,
42552541,
44742365,
42726992,
43087326,
46486259,
43710895,
44154928,
45865348,
43466035,
41317034,
44594272,
43505467,
44696298,
44986227,
43682755,
43767270,
41065290,
42361151,
44950127,
42880868,
45759551,
43639024,
41920833,
44868201,
44015120,
44537126,
43918189,
44604570,
44720674,
43210770,
42154132,
45764181,
43366298,
45674475,
43521055,
44293183,
41962079,
44704807,
42180753,
45926306,
43686435,
42387316,
45569415,
45819736,
43464870,
45904539,
43142243,
45641620,
43204118,
45824679,
42108839,
43143119,
43324852,
45564040,
43102712,
45491713,
42375252,
42846530,
46445205,
43623978,
45365586,
43262984,
45539037,
43322929,
45776106,
42113324,
44833768,
43952441,
43499268,
43568010,
43787023,
43247663,
45765454,
42544442,
45965885,
43410633,
43292067,
42938775,
44720289,
43660219,
43774995,
46114587,
45849540,
44859953,
42293593,
43344937,
43394284,
46186403,
44617421,
43596201,
44032230,
43590347,
53529358,
45229140,
43196852,
46212763,
40926796,
42939048,
45012223,
42727587,
43495125,
43819698,
45096791,
42519922,
43373183,
45198983,
45278571,
45435494,
46099860,
43604710,
44917049,
44878030,
46057059,
42694756,
46284112,
43354665,
43286640,
45005676,
43643535,
44758331,
42878099,
44984000,
43680954,
44800661,
46201376,
44938990,
42459897,
44118153,
45132352,
43121285,
42997470,
44796778,
46181275,
43607678,
44783580,
42606590,
44770702,
44053015,
44137189,
43964132,
42996532,
43803903,
40926546,
44226156,
43171325,
43996142,
43014607,
45547083,
45213652,
44270038,
43101725,
44317443,
44132069,
44641032,
43079651,
45097480,
44053407,
44670415,
44016099,
44091739,
46000313,
42554754,
39891667,
46272284,
44044158,
45020903,
44834703,
43067601,
45967598,
42545615,
42446692,
43509522,
45851187,
45211194,
44063525,
43551379,
43442215,
46162363,
42077173,
45231248,
44013958,
43983612,
45253538,
45896889,
46128663,
44644484,
43742474,
45334360,
45677226,
44904870,
42052813,
44623101,
43602974,
42230374,
42949446,
44129980,
43776940,
44623858,
43855421,
44810565,
44966895,
44988503,
45269713,
44928680,
42720798,
44267882,
42657739,
43703184,
44095463,
44625783,
44909906,
42031520,
43573701,
44612097,
46045475,
44912238,
45060219,
44967987,
45137444,
43734818,
43731074,
43406475,
45936184,
46371005,
40254395,
42915537,
44754138,
45017034,
43815765,
44160530,
44703962,
43252756,
43742478,
43764959,
45530957,
45084438,
44871673,
44924762,
44082015,
43382918,
44914764,
43374908,
44731022,
44392516,
44703799,
42732239,
44235983,
45743641,
44034967,
44874267,
44728482,
44262051,
45121846,
45408768,
44723642,
42641650,
43774081,
40896419,
42934519,
43509863,
44953437,
43851978,
40879448,
53708711,
41919469,
43785881,
43754173,
44002853,
45290554,
44329031,
45883977,
43813208,
45278791,
44838810,
44410308,
43796743,
42747078,
46168012,
41974298,
46494818,
44786383,
43409889,
44743543,
44501145,
43620553,
43717782,
43797334,
45259216,
45585495,
42751315,
42049710,
42798969,
43292845,
43615018,
43362107,
43856533,
43739003,
45073940,
42785952,
45994528,
41814210,
45037032,
43650135,
44862722,
44683771,
44178472,
44800553,
43765322,
44904418,
42712108,
44879706,
42564492,
43789101,
41949682,
43154740,
46149347,
44851391,
43446286,
42643527,
42019478,
42168510,
44970972,
41988591,
46179409,
44007047,
43783646,
42818781,
44740517,
44465909,
44007052,
45222213,
43987503,
46463610,
45805940,
43770540,
44939941,
42436145,
44732319,
44934960,
43570045,
44995922,
43958113,
40683300,
44124340,
45095241,
44212056,
45084462,
43567297,
44921603,
43814669,
43555583,
45364907,
43891336,
43415361,
43694926,
45107683,
44451387,
43815107,
42643609,
41788397,
44678873,
43855877,
46196089,
43608709,
43111885,
44069438,
43222605,
42952091,
44958023,
42123892,
44803301,
44538522,
43778850,
44125764,
43866685,
42932509,
46102529,
42418439,
38740336,
44729046,
42555856,
43949599,
44734342,
43897986,
45062954,
41609904,
43799415,
43096035,
45950002,
44457378,
43247315,
44945898,
39980152,
43673026,
45628348,
42415187,
45545261,
43984704,
45752114,
44992631,
42529853,
41470296,
42977097,
43123326,
44757731,
42835398,
43832805,
43693278,
43307269,
44886071,
43889494,
42383061,
42627268,
43822567,
42642875,
43305988,
44588959,
42620123,
45327461,
43918296,
45581550,
45200845,
42609640,
44792650,
42504146,
46466743,
43868563,
43450104,
44411004,
43884881,
43635691,
45029108,
42466414,
44296658,
44429510,
44441559,
44324032,
44504480,
44166690,
43154861,
44364252,
43871331,
41043499,
43690382,
43686114,
44603005,
42121686,
44666883,
43612911,
42147712,
43953283,
43646089,
43270946,
41391332,
45642424,
43028721,
45376274,
42821693,
44236433,
43735819,
43862290,
44049982,
44928221,
44451937,
42161723,
44693979,
44728467,
44863113,
45188994,
43819161,
44761753,
44521310,
44749992,
41575267,
43936580,
44847897,
43179649,
44858285,
45005878,
44948772,
40016941,
46063888,
43819953,
44449557,
43818399,
43137891,
44999881,
44763164,
43757545,
44137893,
43643200,
43893944,
42147745,
45044111,
43866182,
45628316,
42677580,
44716065,
43026196,
45755992,
43366656,
44722081,
41014321,
42351935,
44731358,
41555529,
45827405,
43638977,
43750134,
41531041,
43601878,
44170679,
42707667,
45275478,
44832952,
45962270,
42400026,
42968879,
44907637,
43767583,
45162418,
45193290,
44765388,
43793035,
43526612,
42386918,
43558625,
42878542,
42800536,
45150942,
46072002,
42095505,
42144837,
43807027,
42668476,
43580580,
44878754,
42899810,
42764937,
43053596,
45744359,
46137762,
42774866,
44728805,
53504323,
45213535,
41828720,
41673916,
46138714,
42049520,
46409580,
46284450,
42013265,
45163160,
45629385,
42347000,
44954953,
46112316,
40615288,
45697997,
42788526,
44653928,
43981914,
45683417,
41747482,
44912869,
42407821,
43824243,
42682626,
42531204,
42937875,
45566934,
42397367,
45875850,
44748219,
43099808,
44782432,
43370456,
43653683,
43849965,
43224461,
44236067,
44013135,
43665167,
46043162,
43190721,
45430107,
44639975,
43583411,
43121046,
44152154,
44614945,
45806729,
43518070,
43614363,
44450303,
46093282,
45429088,
44085822,
43417697,
45193056,
44790752,
42999522,
43559881,
42761305,
44588568,
43089077,
44868159,
73019093,
47688934,
42990562,
45244388,
43437838,
43886786,
44867060,
44844320,
42756233,
44986847,
42701108,
44670435,
42643582,
44438965,
44028359,
43939243,
44526154,
42668692,
45746905,
42617031,
42820257,
44613837,
43473921,
44533826,
43894796,
45617860,
42106015,
42216221,
45818723,
43517659,
43936237,
44739642,
44470068,
42198442,
44624971,
42646268,
44379083,
43515508,
44691483,
42710025,
43821604,
43963382,
42425559,
44001335,
44610407,
43972080,
43702769,
43319934,
41656800,
46048181,
43495373,
42858424,
43653015,
43045313,
44787810,
44676241,
44532375,
44914872,
46032586,
53058261,
46510917,
44147602,
47741131,
44703443,
43360272,
43827129,
45779391,
43636841,
44512787,
42297995,
42549348,
45581162,
43618617,
43889049,
43730138,
42548291,
43851929,
43762734,
45004503,
49651532,
44377891,
44324635,
44700542,
43579832,
43684079,
44954991,
44568447,
42719157,
45132160,
43725017,
44203754,
44790761,
44524815,
42452929,
43438951,
46087404,
44912091,
41336703,
44842103,
40665978,
42616016,
42234261,
45836960,
42911109,
43948216,
43825091,
41785496,
45380780,
45728143,
42393158,
39988448,
45030502,
45012828,
45339322,
43632894,
44977481,
45098699,
43771482,
43011026,
45251675,
43413960,
43569767,
43380825,
45921216,
42641111,
43382062,
45032047,
42579468,
44682937,
42315695,
43528493,
42447601,
44554213,
43368737,
45275331,
44809705,
43000734,
45377356,
45595419,
42147225,
43635321,
42849186,
43562678,
43914829,
43344965,
45704295,
42663709,
43114247,
43490172,
45022926,
46228186,
42829688,
48387789,
45775446,
44064465,
43930132,
44262444,
45820809,
43768634,
44784933,
44540017,
43863119,
46018898,
43257058,
44761843,
44318491,
44834899,
42377563,
43419779,
46253899,
42878979,
43719612,
42291685,
44012295,
43590407,
46020543,
42256000,
44233272,
43710247,
44850289,
43219779,
44967694,
40484206,
41514101,
44723997,
42447521,
40658903,
40742052,
40641808,
46093185,
44682188,
53289401,
45982396,
43566218,
43589071,
43690234,
42265019,
44817495,
42477376,
45254756,
39711549,
41572337,
43737885,
44517279,
43758627,
43845927,
42715840,
45872983,
42396356,
44030594,
45777385,
43452447,
43786946,
43798736,
43137818,
46298090,
43430484,
41857378,
44461811,
41829106,
44943471,
42632754,
44505462,
42265438,
43551009,
41725846,
44715739,
44984152,
44871298,
42570521,
42374615,
46669934,
44579394,
43461950,
42698309,
43512321,
42163140,
43816730,
41075509,
45201766,
43999954,
43943648,
45214316,
40989608,
44372198,
44044075,
43644719,
43847590,
44954813,
44901791,
42171945,
44782958,
42022531,
42522513,
43569261,
43484969,
41643559,
43879331,
44067614,
43627719,
44046673,
43278892,
43561445,
42959426,
40568356,
44936358,
44319808,
43942296,
44602371,
43881880,
45743383,
44776298,
44475588,
44955981,
44089810,
43842186,
44985720,
44154147,
43757675,
42979966,
44011987,
44798955,
42579993,
44720600,
43662089,
43609630,
44285257,
44017493,
43727804,
44975375,
41837070,
43664087,
42043954,
45005616,
43849535,
43304159,
41238242,
44132830,
45127740,
42886348,
45994600,
42230104,
43836419,
42951995,
44977025,
42761190,
43142416,
45013227,
54701269,
44338905,
45734300,
42557333,
40169497,
44087288,
45052211,
43855689,
42562311,
44043688,
44221406,
44295317,
44464740,
40047226,
42579545,
42687707,
45688900,
41763225,
45194467,
43852602,
45622830,
42876706,
42234723,
44707899,
42759928,
43743063,
43023585,
43914446,
43797530,
40508190,
44451478,
43067073,
45086082,
44732253,
43795914,
45004606,
42738672,
43362432,
45229128,
45255890,
44961835,
46034093,
44965930,
44942405,
43677165,
44741793,
41589058,
43678558,
42874521,
44954685,
44581671,
42532572,
38510854,
44965449,
45154217,
45160641,
43611450,
44218312,
45896468,
41867343,
45991119,
45539255,
43866012,
44616890,
38634318,
43914591,
44775899,
45069811,
44437982,
43862986,
43819244,
43200243,
44719104,
42653683,
45387475,
45126492,
43980530,
44074726,
43889277,
40801151,
45792638,
44020826,
43970951,
45923341,
42796462,
45182924,
45660892,
45294787,
43874843,
46351547,
45843378,
42393353,
43012099,
44300618,
44148473,
46201916,
43840645,
43933831,
42414134,
43033066,
41026829,
43852047,
43505666,
44977943,
42434296,
43594735,
40463255,
46297456,
42578237,
46260730,
44501039,
46500025,
44747301,
45129934,
43820422,
43349409,
46021373,
43803071,
43780741,
44038812,
39596518,
45137218,
45833079,
44986495,
45243339,
42804805,
44756661,
45022086,
45148055,
43731551,
45799399,
42781457,
43752153,
44119209,
45326169,
44787391,
42481179,
42012109,
44742305,
40115487,
43523745,
45253736,
44862144,
44671689,
42353185,
45354383,
44136070,
45165268,
45572370,
41570612,
45625128,
44083731,
43322619,
45211555,
43562662,
42771017,
45784310,
45999523,
41497663,
43011485,
45507316,
44649061,
45862638,
46123306,
45162772,
43534143,
42372262,
42606821,
45008588,
43968199,
43328973,
42510384,
42149607,
43704159,
42675033,
42632542,
43895053,
42839996,
45450568,
41132210,
46191875,
42715569,
42726569,
45140448,
42921257,
42467760,
44821452,
45499882,
45045695,
42986259,
44999169,
46014952,
51825665,
43942024,
42073579,
42931985,
43875647,
44099523,
44150848,
40046055,
44863927,
42554999,
54897019,
42836137,
44141884,
41059380,
44904593,
43243175,
45930621,
42617910,
42573050,
43774597,
42470582,
43730914,
42656019,
44764787,
45925742,
45988008,
42534507,
43925999,
42926948,
45127040,
44842881,
43773828,
43966453,
43853239,
43615297,
45271498,
41563496,
44778986,
38748198,
45120087,
44804253,
42670696,
43719898,
44312337,
44137795,
40705336,
45422542,
43611691,
47974348,
44365197,
45094330,
53430858,
42370541,
44599073,
43909814,
45631055,
46068376,
44981081,
43636732,
43732811,
44611753,
40662014,
43963131,
45798649,
41341656,
41136827,
45973116,
44911144,
43054730,
43791902,
44724798,
42678156,
42749451,
44606517,
42816893,
44216125,
46309828,
45620873,
43805847,
43264909,
44282506,
45823693,
41056471,
45018616,
44163960,
45036987,
42901930,
45891232,
39992260,
45084272,
40780382,
44832740,
45109725,
39025256,
42250217,
43507595,
41647158,
46007642,
45490139,
44469680,
44936728,
42619571,
44133783,
44908596,
43689345,
44572475,
42189066,
41918945,
44112618,
46341455,
45208036,
43570170,
44062472,
45390231,
44155191,
42368326,
42888588,
43976436,
43576231,
39082691,
44942770,
45208116,
43347965,
43693624,
43457738,
45223394,
44290458,
43780955,
45023819,
43088245,
43076855,
42695165,
41495733,
43254778,
44846080,
42130801,
43980937,
42972502,
40001994,
42929359,
44961036,
44726933,
45469664,
40734085,
44031161,
45163490,
43878227,
45190326,
42713809,
43097414,
46181258,
43802733,
43647095,
43622083,
41365678,
45410282,
45749759,
43788610,
42441638,
43534175,
44983600,
43038838,
41007609,
45087188,
46264818,
41135699,
44577344,
45295792,
43993171,
43903975,
42953191,
44016909,
44167103,
44201633,
39199610,
43844167,
43867563,
46521888,
45967323,
44301256,
44912312,
42816580,
41274693,
44039415,
45414946,
41905269,
43495051,
44741378,
46231665,
42360112,
45022001,
43815695,
44792059,
42773825,
43716076,
42070986,
42657709,
45037458,
44055356,
43412872,
42921739,
43946283,
45066446,
45440509,
44918056,
42397333,
42793696,
44211938,
44415751,
42794025,
41926590,
44767247,
43047286,
41246248,
45017926,
39075367,
45143073,
44007248,
45956793,
42814786,
43287308,
45190683,
44302573,
43766729,
43993568,
43203743,
45040937,
41969378,
45731385,
43868176,
43852620,
44082240,
43812544,
44154745,
45451641,
43365809,
43005226,
45129461,
45155620,
42124287,
43801663,
45524913,
45338507,
42794754,
45892295,
43044092,
46473438,
46423632,
44677934,
42887517,
44766815,
43332634,
43903880,
43663007,
45099509,
44249564,
45318139,
45222974,
45300264,
41970137,
44895807,
43063961,
43690967,
43075242,
43850056,
45265226,
41718688,
44185683,
43935678,
44462212,
39969110,
43390288,
44142089,
44592137,
44771617,
43260249,
41694014,
46033963,
42862665,
44250906,
46099472,
44483764,
43589774,
45045876,
45467778,
40754131,
45672553,
42586768,
45958635,
43482192,
43651491,
45235175,
46077205,
45924838,
42153825,
43749601,
44310385,
42154314,
40751559,
43855311,
45885379,
43176388,
44260630,
44990711,
40313700,
46271322,
41206398,
44203764,
43273077,
53075462,
40939221,
44289879,
44301838,
44789205,
42825173,
44162343,
43970255,
43742563,
43422165,
42790562,
43910127,
44590014,
41982579,
45911735,
45101125,
43581749,
45374075,
46426540,
40895320,
44405980,
45028925,
42878123,
45066702,
43182648,
42174041,
38679830,
44848633,
43254327,
44564813,
44061881,
43779533,
42925335,
43620283,
39125967,
45056999,
43798082,
43757835,
44363690,
41023785,
45406983,
42386383,
43492854,
44150495,
44107058,
42625028,
43006645,
42269198,
41498332,
45529759,
46182634,
44032894,
44110668,
44044214,
45292200,
43362032,
42986909,
45848759,
45363418,
43291764,
43897948,
44490102,
42922721,
42927837,
46197025,
43920716,
43029355,
42913950,
45279403,
45846511,
41119808,
43636892,
43996905,
43057455,
44810981,
40399485,
43304843,
43623125,
44586762,
46487258,
39348682,
44162094,
43196343,
44098760,
45080355,
44672969,
43577679,
44189579,
46213086,
46130677,
44842543,
44902323,
46539504,
43875299,
43806010,
43199548,
44432740,
44861317,
40455967,
45677477,
43981656,
45355651,
43840439,
41157617,
43869419,
45088235,
45244883,
44702912,
43877853,
43720484,
42395241,
46223172,
44285418,
43743901,
44629327,
43840847,
45021181,
42998355,
43923465,
46063807,
44425603,
44213408,
44703312,
43755899,
45191747,
43701241,
42701017,
45055584,
43445889,
43973609,
44817970,
42159543,
44682912,
44896018,
43877294,
42754713,
45158001,
45054522,
46103744,
40473807,
42679617,
41883709,
43268064,
46079391,
43862765,
43959955,
42328053,
46159748,
44375652,
42858406,
46257916,
44020121,
45178367,
45658922,
42792008,
41768349,
44809640,
46503287,
44053990,
43781030,
44274131,
43942935,
44053111,
43265620,
44397376,
44760852,
42887215,
41882803,
46602566,
45278237,
45281709,
43435399,
43941231,
43704072,
42554877,
42763123,
46165687,
45607732,
43828798,
42996047,
44940955,
42807036,
44387949,
46143059,
43213792,
44464576,
46205285,
44070603,
44790967,
42566730,
45289359,
43645169,
42714414,
42643006,
45031757,
43469389,
43125145,
44392241,
46393781,
42032795,
45097058,
42981437,
44186875,
42369391,
43828292,
42925099,
45044390,
43154333,
44984662,
46387411,
46195194,
42045757,
43535800,
42666570,
44892103,
43057353,
44157182,
42182422,
45126768,
39591501,
46247837,
46012273,
44239755,
44024129,
44339578,
41903452,
43090380,
43690374,
42882190,
44725727,
43926943,
44914153,
44040047,
43872548,
42947237,
42822605,
42987914,
43899279,
42995246,
44962936,
45198993,
45069527,
42352081,
44509091,
42743095,
44868761,
44331276,
43948952,
43537576,
43660106,
46847191,
44831633,
41844352,
46314030,
43892778,
44087182,
43857872,
41100072,
41855889,
45013396,
45768069,
41509144,
45120429,
44049393,
43122690,
43947120,
45070035,
41883781,
46291742,
43844271,
43600822,
43402829,
43754809,
44842755,
41846828,
41998207,
42920909,
45196305,
42555024,
43390562,
43590129,
43549281,
42776009,
44804264,
43686918,
43930916,
42950475,
44608739,
44179263,
43671305,
43335271,
45908942,
44796776,
42665552,
44522787,
44924802,
44974551,
45035583,
44854727,
45584665,
45894582,
44013990,
45099806,
44486371,
45952781,
44415509,
45193568,
44957329,
42771209,
44956048,
43564399,
41435756,
44998030,
40770486,
46392630,
47402759,
43673554,
42668446,
44335122,
45759777,
44668305,
43495213,
46115492,
42895973,
45450280,
45557672,
44409545,
46008197,
45055772,
43503406,
44131559,
43511533,
42810600,
43672418,
42697060,
41764090,
43915234,
42852098,
43745304,
43711272,
42891083,
43575127,
42832294,
43478128,
43651927,
42672131,
44885796,
45213415,
43815895,
42412794,
42673293,
44248547,
43658387,
44719527,
42705327,
44800753,
43792835,
43581287,
44713348,
44553664,
42208570,
44044979,
44643334,
44394781,
42914469,
45216313,
43022605,
43609048,
42792459,
42754985,
43971632,
43747902,
42887373,
43458784,
44140739,
44200438,
44531423,
44614601,
41520441,
42947238,
43970420,
45116313,
41817202,
44747093,
44045028,
44931948,
45044883,
43696305,
44781426,
42498833,
43879187,
44772023,
45220898,
44070173,
45135231,
44014871,
43911956,
46314128,
45190222,
43759892,
44818068,
42773016,
43912013,
43889998,
44263003,
44889043,
43459662,
44085502,
44915308,
46177626,
46079504,
42675428,
43919166,
47373463,
46584742,
45738728,
43674095,
42905006,
42248580,
45572790,
43781496,
44085982,
46260619,
43888693,
42774601,
44890635,
42139932,
43445151,
45894386,
42345018,
43481107,
43712148,
45406985,
43913037,
42655350,
42985775,
43762026,
43531737,
41675038,
43824921,
42139911,
44573161,
43918970,
45059894,
44784344,
43199590,
45044932,
43600194,
45161935,
44864208,
44329192,
45291649,
44647286,
41719947,
44219093,
44113176,
45005189,
43768861,
43904141,
40862422,
45036624,
42706573,
42576758,
45778696,
43780805,
42614052,
45243950,
45994487,
42754858,
44449474,
44063448,
43404909,
44700220,
44632842,
42629029,
42902767,
45757345,
43577458,
41305887,
45714477,
42543039,
41951469,
44204081,
43225715,
45142238,
43803230,
42901244,
43115155,
46213479,
44345598,
45163485,
45136701,
46117773,
46286370,
43606227,
42854301,
45079076,
43471872,
44604399,
42461172,
42834009,
43822856,
46017756,
43442257,
44072484,
43612236,
42733089,
44303475,
43663680,
44697719,
44156779,
44381433,
44668259,
44565007,
43843279,
43658323,
43736570,
43715910,
43834092,
44539715,
42770966,
44189950,
43917518,
43412106,
43915406,
43297271,
42461402,
45286027,
43427101,
44847333,
46003733,
44013968,
45036825,
42901823,
46163882,
42765941,
44753918,
43961293,
44165229,
44024993,
46688988,
45956433,
44119387,
46025488,
42641004,
43614069,
43573038,
44834407,
46599881,
43374564,
44155738,
44895796,
42453683,
42576581,
45022143,
43816872,
46051784,
44483492,
45053098,
43973906,
43775598,
43692961,
45933185,
42868171,
46248686,
43686883,
46476640,
44796442,
43954957,
43707789,
45281070,
43389667,
42871772,
45047365,
42917717,
43788105,
42670160,
44817695,
43943372,
42640142,
45266586,
45105409,
43125099,
44888567,
43791644,
53644579,
52679336,
40979498,
46117733,
44080818,
42794934,
43731487,
44201772,
41887197,
44015890,
44733484,
42449835,
43767342,
44609943,
44897951,
43741438,
46494989,
44590616,
46277783,
43804470,
43964900,
44620394,
46015699,
44681104,
43309757,
44752345,
42522578,
45015375,
45222187,
45076923,
44850184,
43769996,
42664732,
42575794,
42405437,
41051776,
44860716,
43748766,
43928763,
44103120,
42902765,
45056630,
45850433,
42715510,
42725108,
42708106,
46003353,
45394477,
44780853,
43752429,
43506427,
42691806,
42080242,
43039169,
44569958,
42851723,
44828878,
44886848,
43570899,
43720176,
43871411,
43415595,
44166238,
46016341,
44450280,
42660204,
42593992,
44235164,
43451537,
43276091,
44960406,
43588303,
43204122,
45125582,
43900648,
44783209,
44585047,
45879828,
44908367,
43733683,
42378171,
44256880,
45879893,
44905129,
45971678,
43807695,
42388693,
42206542,
44559188,
44176251,
43950500,
43979318,
43250313,
42968835,
44540894,
43367416,
44560386,
44037877,
43513878,
44867663,
46318491,
44108698,
44274917,
45040156,
43853404,
44970096,
44521291,
42671267,
46106556,
40551474,
45965536,
42863139,
44850064,
45340018,
43498902,
41677055,
44610431,
46142925,
42838234,
44355872,
41553731,
46046382,
41938027,
43817217,
44965042,
45044006,
43726247,
43975114,
45487074,
44807899,
41916065,
44084142,
45216304,
42721845,
44368549,
45540466,
43377769,
44691172,
42540059,
45081358,
44914861,
43007683,
43861275,
43652021,
44457554,
45197806,
42854090,
42696115,
43678215,
44050909,
42482178,
41836100,
43615362,
44117966,
45419761,
43729574,
42847050,
44943883,
44929693,
41788474,
45769693,
44938333,
42088697,
43647620,
43513472,
42033677,
43486790,
43024168,
44967908,
43956813,
44872710,
42809729,
44778605,
44031182,
44824598,
43536754,
41716557,
43554233,
44496171,
42402059,
42628384,
44005140,
45122409,
46006711,
42750758,
43852670,
44883428,
43235447,
41466470,
45207406,
46065550,
43760935,
41677815,
44951182,
43340753,
43190864,
43680015,
42435281,
43918799,
43439098,
42684521,
44186340,
43790474,
44304538,
45635525,
46016468,
43317456,
44953272,
45426881,
45273012,
45250522,
45617103,
43653176,
43464314,
38790751,
44996701,
42548938,
42709711,
44195102,
44570127,
42869458,
44883831,
43919843,
45763357,
43085860,
44971599,
45041940,
46166794,
44088744,
44721193,
44653879,
46165732,
42813398,
45062947,
45530958,
43750057,
44979458,
44959757,
44893092,
45057902,
45166043,
42867990,
43609368,
42084547,
43993689,
45188849,
43824795,
42984359,
43931527,
44594822,
44977793,
43958214,
42874805,
44839365,
45807121,
43521816,
44738080,
43124338,
43568256,
43635495,
42821804,
44236414,
44625774,
44785052,
41587888,
43003511,
42847185,
45193026,
43914314,
44854689,
43352805,
44905191,
44842584,
44655639,
44498022,
46060120,
43325195,
43529621,
42770822,
44298067,
45715689,
45116426,
43432139,
42778898,
43893539,
41886069,
45900804,
44921664,
43745665,
44862162,
43656641,
45056242,
43656743,
44192042,
44624382,
40694446,
43452213,
41896805,
44777882,
41906087,
45064544,
45120450,
45499082,
44787043,
42719799,
43935994,
43404254,
43653258,
43876825,
43826471,
42956267,
42977953,
45467472,
45161578,
39858197,
44447898,
44738684,
43887989,
43462685,
43380321,
44691095,
44444105,
45634276,
45191398,
43862583,
43644547,
42438613,
43296443,
43866561,
43531939,
43762319,
40326393,
43762078,
42733666,
40823684,
44290844,
44433041,
45748070,
44838235,
43773176,
42447930,
43979678,
45424737,
44131674,
46006901,
54569016,
43447813,
44469544,
43617526,
43856253,
43698420,
43646124,
42890793,
43685535,
45015661,
42801857,
43812078,
44546427,
45036556,
45006840,
44354227,
46634159,
43693726,
42916138,
44780800,
44875636,
44457133,
43408655,
44591946,
43306600,
44927938,
42751214,
44069377,
44955481,
44921959,
43050252,
43860799,
43135159,
44103560,
45787500,
42521243,
44870473,
42734520,
43028594,
44211969,
45924499,
42720769,
45405840,
46021023,
45074858,
44785278,
42829537,
69849139,
44514409,
45329277,
44733835,
42031314,
43747008,
43149787,
40592780,
45195797,
46004229,
42383996,
44089546,
45093749,
48761823,
42995186,
43460047,
42177960,
45359332,
45746195,
45291863,
45007898,
42778964,
44999856,
44598588,
43663722,
44711959,
42166783,
43954963,
45048806,
44943556,
45944619,
42784118,
46254489,
43670595,
44270742,
45866530,
41762223,
44740942,
44656242,
42460775,
43991099,
45251435,
41637274,
45144051,
46102866,
44355662,
42952112,
45135692,
42876381,
45899394,
41996051,
44668582,
42948350,
44182052,
45572651,
44078872,
42817426,
44124603,
45175413,
42595069,
43730443,
44173532,
45961492,
43674020,
43002374,
43741753,
43714106,
42273011,
43879327,
45423050,
46337491,
45876492,
45208039,
43723481,
44141771,
45858746,
45148821,
45535653,
41510314,
45148693,
42884510,
43816880,
44034662,
43732777,
45952681,
44973772,
40679705,
43998429,
44731785,
45207206,
44929987,
43441182,
42939919,
43759199,
45242435,
44852774,
44682509,
43945980,
45490720,
43620851,
42180855,
46196148,
46563446,
44890162,
43909153,
42687254,
42883717,
43837308,
43856827,
45244271,
46062870,
44659636,
43596407,
43500225,
44167293,
45938889,
46463215,
44589240,
42961140,
43707162,
41014866,
44814484,
43137281,
44972588,
43347814,
44526672,
43611669,
43857590,
44216116,
44976435,
45976800,
42385889,
42973676,
45870661,
44210669,
39228661,
44897669,
43760407,
43866879,
42979213,
46265117,
43677579,
44315739,
45684777,
43084793,
44871121,
42714552,
42601850,
41807939,
39161455,
45656631,
45126799,
44991011,
45159422,
46505002,
42971829,
45804149,
42640617,
45279576,
44805330,
46296024,
43177313,
42303599,
42641582,
40364626,
44689702,
42601767,
42049270,
43797274,
43512483,
43167211,
44638968,
44863455,
42849434,
44913987,
44144725,
45047365,
43033357,
45060196,
43209499,
46271501,
43499624,
42805134,
42871786,
46170344,
44093835,
43624994,
44886933,
44679293,
42762460,
44997967,
40852834,
46222693,
42878293,
42832355,
46258401,
44962213,
39802373,
45292496,
43691068,
45909789,
44682497,
44572914,
44897618,
41721218,
46213779,
43989246,
43778614,
43261231,
43092081,
42851183,
41960939,
44090300,
43603198,
43688374,
43626590,
38817818,
43743180,
43973755,
43702851,
43804369,
42547633,
41994869,
44899808,
42906333,
43851562,
44570415,
43641993,
43654093,
44938341,
42426765,
45306883,
44838524,
44920498,
44141496,
44792089,
42834537,
43553387,
43011669,
45360966,
45223862,
45931237,
42581016,
43919927,
46254714,
44756516,
45159269,
43870551,
41391748,
44060405,
43523222,
42712978,
42808410,
45886443,
53520772,
40733250,
45923083,
42904492,
44436616,
45288070,
41293230,
42670111,
45325824,
38722503,
45031065,
42381106,
45526654,
39798118,
45106581,
42952373,
44280291,
43947518,
42827725,
45969089,
44334955,
44355878,
45681644,
44283076,
44808954,
42779520,
39942167,
44608123,
43132189,
45265708,
43889785,
53333811,
42798027,
42815614,
45255511,
39745776,
43656281,
42772843,
44991177,
43895567,
43517111,
42480531,
42654132,
42751821,
45045249,
42572200,
46558240,
44331015,
43975645,
45692842,
45014204,
45491508,
44055177,
42438284,
44903333,
42827491,
43412528,
42176436,
43298937,
44045175,
45066819,
42543074,
44804117,
43655699,
38949506,
46441828,
42046629,
44666183,
45442859,
43938901,
44817966,
45059219,
45069527,
42424132,
45072898,
44833106,
42986835,
45407149,
45140941,
44650265,
44388432,
42414031,
43199071,
45634723,
43740673,
43473410,
42078036,
43806207,
44050767,
41831439,
44301107,
45698674,
44029483,
43933199,
44391608,
44017194,
45319497,
45701037,
43910380,
42739080,
43900750,
42429851,
44131531,
45187139,
45056794,
45557417,
46353777,
45677790,
45370374,
43865816,
45002170,
42959375,
43418896,
44958348,
43808795,
41912873,
42999771,
45827330,
41773878,
43440899,
43989572,
44005242,
44530024,
44717333,
42980071,
46014197,
42796148,
44760318,
45024419,
44517814,
43270279,
44469622,
44843647,
44362605,
40948268,
45878014,
42299821,
42946722,
46032992,
44017256,
45824814,
42999712,
48079751,
42676945,
42920474,
43485668,
44274234,
45360914,
45040313,
45412386,
44148568,
45935119,
41950109,
45516182,
46318033,
45123624,
44838924,
46322955,
46091517,
42923168,
46187583,
43127955,
45895293,
41540529,
43633400,
45052386,
44984838,
44164612,
45213313,
42511807,
43070952,
45857155,
43320541,
43662989,
44175118,
44303085,
45212513,
44702335,
44016208,
43963302,
44673830,
42160168,
43870468,
43898821,
42052680,
46117447,
44199780,
44801408,
43863501,
42738802,
46128473,
41872463,
43825396,
45721651,
38831264,
44803789,
44464973,
42934890,
42548823,
42993049,
46268973,
42514910,
42723413,
44372323,
45395265,
45835593,
44843823,
39857188,
42454368,
42477644,
44138345,
44537008,
42793437,
43646756,
43013481,
45999509,
41154002,
45033185,
43405514,
42780656,
45065823,
42534348,
43244276,
43901585,
44862238,
38600917,
44033347,
43903697,
43889737,
45029281,
43716254,
46342512,
45108217,
42642844,
43611747,
45137623,
42241026,
45999705,
43824752,
43925612,
43212427,
43140268,
43716603,
43624848,
45345233,
43925904,
45176992,
45955818,
45392768,
43723125,
42703660,
44674109,
42272641,
44853258,
43059241,
42219126,
46074776,
43203984,
43701959,
45003862,
44523724,
41721820,
46333715,
43936376,
43995548,
45466973,
45391937,
43854676,
42847199,
43977499,
45064615,
39707325,
42206428,
44905694,
43314472,
44060794,
43940084,
43581563,
43060410,
39887029,
46510841,
45285136,
44974770,
43923270,
41757067,
45892533,
42805046,
42990534,
44875817,
42876332,
44109343,
42411100,
43646270,
43571307,
42899475,
42625030,
42270627,
45138065,
44107609,
42663274,
44051143,
41665618,
45098894,
39618276,
46046103,
44032852,
44175755,
39999408,
46347966,
42885996,
44171685,
43991089,
45077400,
43854754,
45161270,
44669408,
42728278,
43233438,
43850894,
43909541,
44130879,
43418713,
44929207,
42638242,
44993895,
43377358,
44188478,
41746530,
46279652,
44859199,
45667776,
43623744,
44967828,
43562602,
43042408,
44073890,
43598284,
43669235,
43087585,
44752649,
42825008,
43886578,
43042880,
43698631,
43221098,
42630566,
44482864,
43593508,
42975230,
44029456,
45498798,
41993902,
45134030,
45801849,
42962401,
44577724,
42989941,
44823399,
43922460,
44961792,
46379750,
43490261,
46132013,
45654225,
44821108,
42729187,
46264586,
45762326,
50568547,
43637442,
43983773,
44201885,
44728781,
41910025,
45456080,
44100882,
45161177,
44902291,
44828090,
39488341,
44404769,
45969438,
42868608,
43724005,
42820755,
42693129,
44847096,
43721743,
43871012,
43636895,
41180753,
43876148,
42747800,
45108963,
44766360,
43482229,
42519085,
42913781,
43938244,
44334983,
46004343,
42729266,
43356703,
43897555,
46421063,
43825726,
43733649,
43770504,
44018064,
44876369,
43745224,
44282180,
44348741,
44573779,
42763419,
44795957,
44614302,
44184270,
43577071,
43342798,
44145216,
43918002,
45108320,
42232770,
52971503,
51940322,
40875202,
46106637,
40993025,
55398936,
43585967,
46018374,
46035902,
42460921,
43534438,
42886463,
43488815,
43978401,
43836366,
42604563,
46280867,
39448992,
46589712,
44611480,
43090208,
45379008,
45989587,
42393692,
42734133,
44606283,
43719393,
42421519,
44725693,
42954820,
43741967,
42471430,
43905211,
45240854,
43270014,
45484305,
43960237,
44596106,
42774523,
38656619,
45158934,
39636220,
42086166,
44714267,
44813086,
45007123,
45548848,
44826644,
44100478,
44778014,
43746805,
42491276,
43633953,
42670203,
42002963,
43962973,
44532412,
45126634,
44984072,
43407627,
44710863,
42521213,
43164285,
44559172,
40935418,
43687770,
46285545,
42744398,
44809217,
43789151,
46168283,
43882038,
45190382,
45229945,
43327255,
43816664,
46205229,
43835360,
43943995,
45344387,
45299618,
43609242,
44703149,
44887038,
46292349,
45940321,
45982165,
42762418,
44033791,
45931985,
42381104,
40722381,
43621985,
42049358,
42582444,
42992448,
46267967,
44942373,
44724483,
43507863,
43119430,
42880795,
45179499,
44422515,
42491187,
44649156,
42933575,
45665956,
45311679,
45924827,
45267812,
44645653,
44973574,
42996678,
44889862,
44598248,
44202509,
43899610,
39627864,
43175208,
46193326,
44766582,
42203688,
44557254,
53189467,
54197889,
44275364,
43885865,
55474636,
39516132,
42586717,
43679464,
45822939,
42534771,
44192709,
44572600,
43857966,
43571617,
45536958,
43443891,
42871431,
44965042,
44690488,
44734931,
45114786,
44523601,
42601309,
40792117,
44879478,
44359976,
45030237,
42638428,
43761137,
43443318,
44268888,
45333358,
42689092,
43992031,
42371734,
39620062,
45394068,
46388500,
51436177,
46385613,
45025108,
43864282,
43557128,
43684405,
42951931,
43901163,
43921450,
44804427,
46273531,
45829409,
44901295,
42402690,
42071127,
43543150,
42972608,
42618959,
43703028,
43586003,
46364955,
45823218,
43061848,
43902900,
45957680,
42764361,
42328492,
44802598,
42999897,
44610183,
42495533,
43742249,
40220884,
43909276,
44279294,
44905282,
43973001,
43726924,
44795809,
44876968,
44169773,
45524193,
43018574,
43568339,
43478735,
44621775,
44843265,
42759560,
45190225,
45129970,
44026481,
41059231,
42948836,
39840383,
46445789,
44605207,
42697631,
44687384,
43896726,
43466880,
45034321,
45190126,
45121185,
43829464,
46019843,
41896591,
42980623,
44500457,
45802007,
42482723,
42142446,
43431446,
45020408,
44770969,
45282638,
44587881,
42763609,
45698332,
39583717,
44455599,
42843754,
44624682,
43591988,
43798786,
44978268,
42472546,
44907996,
44605691,
39141191,
44215640,
46063235,
44019191,
43474954,
42714155,
42968815,
45384216,
45588673,
44774370,
44809130,
44558574,
42676033,
42862216,
45374090,
44816921,
43734791,
43683376,
42969411,
44699000,
42122255,
42491367,
44035390,
44915847,
43044147,
40945419,
44717397,
45732891,
40395798,
