12767714316,
124931735,
111691275,
112294224,
113252740,
114272016,
124988119,
136710495,
138638102,
140528668,
143282557,
144980569,
146139488,
137120926,
139442228,
140869432,
143670694,
145312768,
136968167,
138481336,
140714357,
152730727,
154441573,
166969605,
168220157,
158795835,
159660062,
161527725,
162504415,
164638182,
166393225,
168415471,
169519107,
160033160,
161618371,
161991031,
162975134,
164024686,
166203922,
167898716,
158225496,
150303715,
142630538,
154117306,
145752751,
147697969,
149411862,
151223752,
142328723,
154249244,
156377857,
167164311,
168279160,
169579680,
160020521,
161968426,
163060158,
153179185,
155215384,
147355194,
149019732,
140050789,
142315763,
144573878,
146012215,
137189448,
138880477,
139998461,
141856855,
143296008,
134851196,
136237377,
138146072,
139337582,
140658381,
141745522,
133434326,
134805961,
136378377,
138233717,
139426368,
141474295,
143540756,
134976784,
137154389,
140071269,
151243663,
143566757,
144355184,
136585862,
137612787,
139697037,
141371231,
143085348,
134584866,
135950005,
137362931,
138693260,
139541629,
141016642,
132392152,
153863194,
166443230,
167457181,
169020665,
159570058,
160051870,
161199504,
162730498,
153909892,
164960919,
165564756,
156305374,
157961244,
159207967,
159900035,
150978458,
143811306,
155063964,
166651543,
147412071,
149304716,
141538507,
143247306,
144907996,
147000101,
138465161,
140211478,
142318411,
144174464,
145693907,
148018559,
138609214,
141155544,
142504695,
144159107,
146432175,
137501787,
138880402,
141062340,
142662714,
144910217,
136931429,
138661474,
140166980,
140616787,
142087963,
143630789,
134332151,
145963338,
147923805,
140137112,
141763758,
133387077,
135674588,
136463049,
137877631,
139261666,
141068224,
143137229,
134164130,
145974444,
137829954,
138361506,
139352578,
131480723,
143007828,
155167936,
166183009,
167991109,
168217748,
159226433,
160864308,
162902487,
164679472,
166521972,
168225329,
168935949,
159801141,
151631618,
163203993,
164380823,
165886535,
166359458,
167888792,
169657377,
159839249,
161902148,
163542311,
164725812,
165711559,
167119464,
169203658,
170803464,
160821269,
163276537,
164747420,
166066960,
167906838,
158092461,
159593799,
160950045,
161691064,
162784008,
163575640,
165019135,
165530466,
145615284,
138321609,
149188627,
140739000,
142663677,
154415908,
166568471,
156940516,
148937692,
160128910,
152611336,
142852330,
143438166,
145267250,
136943590,
138571317,
140683104,
142033734,
143886064,
135705793,
137829100,
139622686,
141756220,
143750582,
135607157,
137044690,
137602011,
138794511,
139395695,
150452301,
161911776,
163800483,
164545428,
166023380,
167966420,
168767170,
158394896,
160464169,
161958869,
163524677,
165254840,
167389528,
169475038,
158790791,
161038510,
161733157,
162899512,
164670136,
166243809,
167348826,
158025098,
148869333,
140214396,
142242825,
143480952,
144133726,
136509875,
137367977,
138521403,
139976307,
141835577,
133695772,
136043448,
137518950,
139467245,
141510050,
143226630,
134652391,
136933190,
138488355,
150641854,
141622317,
132551677,
134226612,
135875166,
137526859,
140251007,
140031788,
141300173,
163152646,
155241750,
157111221,
148355600,
149794468,
170344920,
160884384,
152465677,
154469856,
166385767,
167251472,
168759340,
169977327,
151253292,
162097900,
163993465,
165683104,
167497243,
168367764,
169675093,
159617936,
161496846,
162936405,
164651591,
156650410,
158827277,
170812533,
151642473,
142840662,
145506327,
146613898,
148402838,
139810497,
141712313,
143831717,
145740408,
147324684,
148937615,
150613240,
141551781,
143594459,
144556466,
145955712,
147550507,
138306301,
139687436,
141521753,
142812501,
145104910,
136293750,
138002619,
138974736,
140455515,
142619326,
145220323,
136921866,
138765402,
141714169,
143416851,
143988627,
134276909,
135798718,
136366260,
137655164,
140108731,
142333386,
134383118,
136147943,
137575690,
139039746,
140435980,
141878165,
132987014,
134788961,
136049547,
137173287,
148423582,
160280351,
161811539,
163207092,
165055169,
166463043,
168087289,
169246725,
159440544,
160695784,
162664275,
154494308,
156357775,
147424043,
149498580,
140954813,
142598874,
144925162,
145371317,
146292730,
139028539,
139908595,
142018325,
143600956,
145142948,
146874079,
138759337,
141082273,
152671998,
154815610,
157397179,
149017418,
139231364,
140216374,
141510701,
143749583,
145924978,
137464239,
139298918,
140686721,
141461803,
143728850,
144793397,
136527511,
138452027,
140059743,
141860074,
143733434,
134939204,
136679938,
137392707,
138179485,
139781116,
141669811,
143622467,
135176092,
136664307,
139170580,
141368354,
143180165,
144764886,
136645326,
138024272,
140109565,
141153208,
142749136,
144999743,
136093428,
137393424,
138917454,
141079140,
142660801,
143923538,
135578387,
138585675,
139625088,
141796171,
143348274,
135191396,
136542789,
137792822,
139026228,
140674443,
143009265,
144536365,
136638784,
138996880,
142276362,
142776051,
144953333,
147103621,
139031008,
140597427,
142949853,
145516859,
147037729,
149478495,
151680573,
162882637,
164141729,
165349033,
167172480,
168514441,
159041646,
160309618,
162016001,
164004524,
165165493,
166164246,
157007241,
159093163,
160391074,
162245055,
163273543,
164880339,
166563941,
147234456,
148913104,
141438866,
143411891,
155517374,
167061687,
148093943,
139211264,
140989233,
143100026,
144945706,
147005727,
138111105,
138968003,
140503853,
142183976,
143676585,
134813983,
136072640,
137373178,
139024346,
139843888,
159860473,
161407324,
162779090,
154050160,
166094834,
146747554,
157727584,
158376708,
159566485,
151012825,
142744868,
144870396,
138834587,
139784697,
141599535,
142251809,
144240119,
136175087,
138066778,
140742552,
142654932,
144595993,
155540126,
167091610,
147589328,
149252984,
141030138,
141838108,
143316935,
145328568,
137122223,
138758823,
140252480,
142963137,
145172399,
137047839,
139168411,
141224962,
143043081,
144537807,
136373044,
138690740,
140271771,
141656874,
143065278,
145174462,
136585218,
139178559,
141033242,
142376785,
143792401,
146201159,
137442632,
138633935,
139952234,
141539080,
143457820,
135078212,
137283542,
138965258,
141205412,
163486514,
164978893,
166566024,
157017937,
148727484,
159983045,
151814875,
153188649,
145091119,
136508557,
138950829,
141226732,
143204571,
145066539,
147521965,
138923073,
140472225,
142164192,
144002871,
146330494,
137793877,
139969517,
142310595,
143595508,
135137727,
136807436,
139303427,
140323370,
142724428,
144523527,
146807723,
138606227,
140159172,
142313637,
144078963,
146000252,
138210549,
150564688,
162035977,
163954500,
165405779,
166541030,
157081229,
159098447,
159980650,
161180113,
163364403,
164641615,
165970573,
156645901,
158679220,
149946162,
152059788,
154517780,
156372219,
168036516,
148596700,
159952648,
161820309,
163273492,
164980008,
166080845,
167916693,
169348238,
160098129,
161560470,
163240370,
165003678,
166818255,
168539780,
170261395,
160361862,
151598467,
143156455,
155001447,
147187292,
138702097,
141087390,
143515430,
145439607,
146780938,
148404064,
139786812,
141878624,
143510483,
145884776,
147004471,
158473088,
169879433,
150907494,
142211747,
154501929,
145874283,
147525122,
148620656,
140450977,
142030071,
143417984,
145590697,
147439456,
158740653,
150247642,
151461866,
162568648,
153589032,
165589413,
166887789,
168143549,
159178999,
161125571,
162850235,
164392077,
166613534,
168026380,
169560903,
160122129,
152129903,
163292108,
165316474,
167056527,
168561147,
169335389,
159870201,
161324577,
162950656,
154047390,
156061253,
167335472,
168361519,
158787166,
160398653,
172284379,
163112226,
164855108,
166234529,
168169630,
169278613,
160689585,
161846824,
163681811,
154733150,
155624407,
146590003,
137534397,
139015635,
141343444,
143250747,
145008994,
146930645,
138831695,
150807994,
143148732,
154119884,
146617187,
157774972,
159859936,
161119945,
152060064,
153093925,
154516513,
156574148,
168400690,
149248964,
141411967,
142487449,
144160405,
146017962,
147792458,
139860229,
141996939,
143668833,
145092378,
147116325,
138284506,
140371848,
141843325,
143432709,
145713860,
147538679,
138856147,
140993904,
143117475,
144747700,
146406607,
137778562,
139757050,
141777841,
143621461,
145906644,
137459471,
139930881,
162116958,
163356544,
164656736,
166874236,
157471449,
159223403,
161210422,
162600125,
164781624,
166280126,
167173241,
157352300,
148913455,
150893047,
162608054,
163593746,
154460295,
166325805,
146205353,
137953450,
139669317,
141254398,
143254353,
145069959,
136362148,
138622885,
139769518,
140517138,
141713570,
143364968,
134898730,
136682132,
138051903,
140103782,
141738883,
134035929,
135965669,
137966936,
140034155,
141589476,
133293976,
135482662,
136260681,
137685260,
139368009,
141401948,
134012186,
135889365,
137470573,
139823773,
141597177,
132902706,
135217041,
137251207,
138668216,
140222205,
141871131,
133422021,
135151241,
136495782,
138251255,
140178336,
141980608,
133391993,
135704498,
137313609,
139272878,
141814068,
133192768,
135364644,
136786260,
138903300,
140411341,
142364145,
134387159,
135961742,
138584552,
140723930,
142404403,
144229939,
135144824,
136983044,
149168206,
140462775,
152510560,
164708860,
166185493,
156694353,
147240184,
149156690,
160726467,
162609287,
164064364,
165946758,
167251901,
157769453,
159621641,
161002202,
163206467,
164720201,
166316525,
157579765,
158687175,
160726056,
161416374,
162739278,
165109601,
166663553,
168243647,
159483391,
160745484,
162872772,
164321580,
165933750,
167659424,
169337690,
159438317,
160351114,
161868349,
163272246,
164817768,
165684711,
168135028,
158346115,
159647415,
150590538,
142421402,
143968272,
145440160,
137350459,
138607838,
139942142,
141266357,
142538139,
134511796,
136032678,
137374386,
138608760,
139957632,
132421356,
134744990,
136959748,
138566001,
139274724,
130695558,
132880227,
134964662,
136991150,
138565491,
130879699,
132305010,
133735601,
135171653,
137912066,
138360523,
130811234,
132271007,
132765725,
143983999,
156311566,
167147953,
157740225,
159506262,
160548199,
152214640,
164661140,
166448734,
157287097,
158083053,
159723940,
151706891,
153299014,
155131074,
156503161,
168055339,
158603317,
149444801,
151991841,
143214357,
145200664,
137012257,
159560382,
162187980,
163844120,
155392918,
157546432,
148812669,
139972382,
142006754,
144222040,
144615169,
145201238,
146303787,
147747310,
149011657,
160721409,
161775099,
162934729,
164726055,
166085284,
167929554,
159226390,
161158173,
163280486,
154575751,
157220662,
168203768,
158819628,
159744740,
160627624,
152408583,
163901521,
165697024,
167172515,
168417690,
159283263,
159475340,
160670270,
162306519,
164584834,
165941036,
167704843,
168545436,
158785434,
160696653,
162415248,
163983977,
166347950,
167994333,
157912777,
159040498,
160354039,
161890514,
163751259,
165053085,
167126329,
147384552,
148909139,
140917088,
142927563,
144776851,
136804641,
138719475,
139856133,
142043244,
143890315,
146641277,
138240605,
139455475,
141830947,
143986242,
145656702,
137606003,
139300763,
141068934,
142985969,
144421695,
136262850,
137210915,
148906687,
140920567,
142488325,
143888990,
135951842,
137645319,
139479918,
140970455,
142580770,
133998877,
134547872,
136008123,
138172819,
139647782,
141014213,
132610409,
134574244,
136619262,
138643712,
140036444,
131179168,
132523273,
133739574,
136221886,
138198674,
139699136,
131890026,
133776407,
136141290,
137263294,
139521498,
140870955,
132266431,
133754697,
135807938,
137919734,
139429830,
140388354,
132473636,
123150411,
134792323,
136563721,
138258820,
140118594,
142469666,
143772801,
135871678,
137582662,
139919628,
151635925,
153867228,
144610072,
135954366,
137658580,
139131248,
141451904,
143020468,
134956849,
136510919,
138687427,
140653684,
143202659,
145637636,
136446925,
138148610,
139919817,
141837421,
134200106,
135340965,
137113326,
139202867,
140271680,
141616474,
144653557,
136476610,
138156127,
141420340,
142726113,
144781277,
136259963,
138797494,
140538598,
142674383,
143962172,
136071247,
138313415,
140270392,
141824042,
143780911,
145638482,
138342016,
140134957,
141327459,
143026804,
143776153,
145865377,
137739620,
138385985,
139935557,
141985512,
143893408,
144848193,
136892223,
138371785,
139371699,
141503766,
142914509,
134909734,
137135950,
138832474,
140829490,
142952310,
144826898,
136074217,
138228311,
139736988,
141045825,
142491234,
143268000,
135460081,
137329233,
139826751,
161624974,
152779127,
164561291,
144897084,
146373931,
147588516,
149597235,
151276005,
152752145,
164644328,
166584494,
156676196,
158643540,
160717847,
163193101,
154118973,
144962438,
156747932,
147941080,
149226698,
141035489,
143117443,
143067298,
135010792,
137415206,
139360160,
140683488,
142255813,
133564472,
134302623,
136011390,
136917525,
138242344,
140555477,
142266431,
143574756,
135575691,
137910607,
139749899,
141937972,
144133921,
146141607,
137829432,
140204001,
141989772,
143726949,
145810528,
137604314,
139323134,
141312763,
143150557,
144819165,
136496962,
138454925,
139196182,
140823387,
142759391,
134926455,
137216527,
138013613,
140126135,
143095280,
144686056,
135949650,
138131072,
140536935,
142116080,
143696461,
145286639,
136417037,
138117660,
140883048,
142757316,
144841382,
136549621,
138185727,
139975798,
141414759,
143589486,
135157216,
137415745,
138885535,
141292850,
143050041,
144026136,
135086302,
136538844,
138782177,
140657235,
153062746,
144809126,
136552709,
137964762,
139949215,
141598032,
144449004,
136427438,
138944369,
139749924,
141376140,
143337056,
143968439,
145927546,
137400038,
139955573,
141184246,
142587073,
143971264,
145244181,
147326574,
138532414,
140375685,
142694109,
144092565,
146016962,
147315671,
149486907,
140792397,
152899019,
154616498,
165996123,
167760152,
148635073,
149512434,
162124564,
163601802,
165697743,
167832676,
169027676,
159902630,
161186070,
162776376,
164872229,
165819398,
166345499,
168092507,
158855788,
161068210,
162931796,
165348035,
166870784,
167748490,
158742930,
160234934,
162219614,
162772855,
165049393,
165420859,
167786576,
158855195,
160557385,
162688931,
164563798,
166325336,
167827086,
168948603,
159527557,
160905701,
162108044,
164040619,
164566794,
166386962,
146604356,
158579747,
160763101,
162089878,
164268568,
165684913,
166740796,
157499319,
159120974,
160213734,
161889347,
153861267,
155889395,
156478686,
147735622,
149122312,
151398593,
162658045,
165539653,
167413595,
168747073,
149595154,
151148327,
142428774,
144711843,
146112434,
137703932,
139414345,
140965184,
142691275,
143281091,
145103009,
136672264,
138541300,
139914723,
142030780,
143405322,
144861977,
136539919,
137979321,
138759884,
139725952,
141472806,
133428307,
134832888,
137433920,
138991108,
140531996,
131909618,
133332949,
135481144,
137930928,
139171685,
139655380,
150896811,
142564985,
144733841,
146511966,
138575214,
140576020,
142423839,
143802311,
146012109,
136469051,
138075122,
139682636,
140224148,
142297657,
143617459,
135535388,
136742165,
138083194,
139778785,
131850266,
133883248,
135886338,
137925357,
139785454,
131591853,
132131010,
134726591,
136536075,
138200808,
129605396,
121046979,
132990784,
134418484,
136316290,
138421686,
139613878,
131889690,
133989992,
135736826,
137867131,
140226970,
142255245,
133682786,
135767965,
137567947,
139740328,
130950744,
133084664,
134662286,
137110442,
138967938,
140371127,
142171377,
144036723,
135142839,
137326568,
138569243,
140992415,
152587082,
163136830,
143364329,
136223030,
137976944,
140103416,
142170249,
143604320,
134776695,
136067369,
137901111,
140145342,
141911393,
143241733,
134507973,
135632875,
137566948,
138454432,
140661771,
132873175,
134387973,
135530113,
145995864,
168057754,
169492479,
160133276,
161458578,
162492846,
164558211,
166510405,
167290946,
168025284,
159361531,
160681147,
162274075,
163770565,
165343782,
166876259,
167916213,
158043228,
160167780,
161661703,
152878953,
164645168,
155700405,
156610639,
158656162,
149669004,
152055101,
144003142,
145708899,
137346235,
139706758,
141581556,
144096727,
145921570,
138141545,
139268945,
140454164,
142040804,
143696898,
145408355,
147505237,
138666173,
140586154,
142453997,
144559239,
147308789,
138712490,
141018323,
142631636,
143579954,
145072969,
146315257,
138366294,
139867801,
142170315,
144115361,
146263079,
148199684,
140222729,
141067511,
143138515,
145263335,
147381909,
149532960,
141055575,
143230185,
145197667,
146191881,
147492921,
138919717,
140437193,
142605965,
144048008,
156489946,
168454258,
159117892,
160846361,
162323315,
164284089,
165709077,
167513220,
157767104,
159628286,
160406664,
161609037,
162866777,
163711793,
165289292,
156648883,
151904518,
143388294,
134969655,
136677915,
139124719,
141372549,
143043572,
134341649,
135460483,
136979492,
147831135,
149350987,
160582334,
160826208,
161756675,
162880938,
164681509,
165527105,
167168517,
157752376,
159172657,
160545596,
162688741,
153561091,
165534132,
167593636,
157668587,
158296818,
149406720,
152124594,
153636546,
154364855,
145895605,
148167288,
149946035,
142119236,
143740920,
155121859,
167401356,
158134693,
159024121,
160465052,
161697116,
153505043,
154681773,
156601965,
158000282,
159881404,
162097168,
163488543,
165288119,
166792835,
158236742,
159802952,
161863671,
162810116,
165709675,
156506966,
168087721,
149479289,
140816448,
141871462,
143172650,
145142813,
147124974,
138630678,
140435364,
142606630,
143995109,
135251782,
137383497,
137935556,
139659685,
142061398,
143067296,
133907232,
135268552,
136653461,
138542755,
130121104,
132229156,
133902461,
135372183,
137525502,
137232890,
129523437,
131920400,
132794527,
134533877,
145535339,
146614109,
147845842,
140069448,
141861248,
144010662,
145604330,
136848556,
138472020,
140474520,
142317168,
143376431,
145178400,
136414755,
137842633,
140911449,
142444396,
144336679,
145311929,
146244349,
148170985,
149389837,
161417719,
162385129,
164027997,
165170874,
167145040,
158024502,
158879400,
160518486,
151616369,
153921378,
165992557,
166917292,
157956322,
158250844,
159501837,
150662039,
152392646,
143284282,
144487160,
136471452,
138101644,
139232115,
140803569,
142475771,
134238334,
136305122,
138525945,
140768486,
142371431,
142928851,
143586448,
154545355,
166784314,
168410572,
168853506,
159881629,
161100269,
161898766,
163765903,
164778624,
166723156,
168352073,
158688300,
160734794,
161672594,
152593479,
154622655,
166013126,
146940201,
138384160,
140205718,
141981065,
143545745,
136019154,
137518282,
138892894,
140690421,
142265364,
132966895,
134721789,
136826774,
137619872,
139199890,
141005305,
132634193,
134331055,
135350027,
136464733,
128267148,
129110406,
131964910,
132573163,
134443567,
135289867,
134887934,
146199020,
148014579,
148611718,
140223161,
141293394,
133471587,
135066684,
135537134,
138204377,
140100753,
141281764,
133209580,
134810484,
137873005,
139236995,
141344145,
133463436,
135084912,
137287193,
139221712,
141151219,
142613693,
133879375,
135908831,
137588481,
139793716,
141727564,
143760544,
135907735,
137924082,
139954056,
142195511,
143662328,
145508109,
136802801,
138554288,
140338747,
142237751,
143819149,
135369940,
137597435,
149422596,
150107861,
140416081,
142003078,
144185234,
136130847,
137352098,
158760135,
160018087,
161143528,
163253937,
165388867,
156431254,
167878277,
158462273,
150017150,
161916114,
164678743,
156291654,
167863556,
158931103,
160600020,
162153346,
163808199,
165774358,
167044222,
168721329,
159565951,
160925944,
162369585,
164333300,
166120494,
168357763,
169804524,
160580846,
162121339,
163727107,
164467747,
155596438,
167930385,
148682213,
159357231,
160677260,
161913864,
162385718,
164657132,
165903861,
156722204,
158274276,
149498358,
151247463,
141804860,
144541297,
146500576,
137858765,
139174760,
141112196,
142666751,
133617640,
135687826,
137377050,
138816743,
140895780,
141957864,
133213657,
134278283,
135919113,
137481364,
139718486,
131092137,
141801964,
163441597,
165542299,
166708793,
167935731,
158792527,
159573287,
150614223,
142998764,
154598594,
146589825,
148252218,
159995532,
161287812,
162698257,
163776550,
165546202,
167655133,
168171463,
159364101,
151274215,
152866281,
153560420,
165976845,
167243520,
168053790,
158576633,
161080487,
163036524,
164191418,
165931172,
167335755,
168627034,
158687037,
159300215,
150527909,
152961867,
154396119,
165380762,
146022778,
138211749,
139918263,
141845909,
143866575,
136035392,
136943415,
138316302,
140193577,
142119036,
143489152,
134708016,
136763543,
139028958,
139403722,
140759989,
132873369,
134484410,
136450719,
138066729,
140240558,
141151045,
132198292,
132826852,
154247024,
165665145,
167744714,
158765350,
160057555,
162040707,
162658910,
163831800,
165411847,
156266563,
158576477,
160413462,
161105850,
162220414,
153230769,
165413034,
156355437,
159004136,
160355879,
151238036,
153327575,
144962947,
137149696,
138422231,
139617192,
141136621,
132954230,
133998711,
134975958,
136586060,
138406966,
130045712,
131256087,
132983695,
135242821,
137240032,
137799149,
148907715,
160737076,
161925544,
163303233,
164226650,
165663162,
156207226,
156991252,
158169429,
160183369,
162138478,
163412910,
164799685,
166521507,
158112475,
159551162,
161485079,
163422381,
164801207,
155165648,
147071481,
138681974,
139742505,
141877478,
143548441,
145666217,
137308556,
139578748,
141843918,
143531409,
145880150,
147367399,
139437879,
141651284,
143596975,
145878881,
148401597,
138970422,
140608610,
142767684,
143778886,
145266194,
136934965,
138294048,
140356627,
142494770,
144627401,
136611358,
138149737,
140362388,
141860041,
144873718,
145938619,
137433755,
139916572,
141902679,
143807544,
145537521,
137510523,
139024180,
141218735,
141971689,
143594582,
145371027,
137178485,
139337089,
141185971,
142669070,
145063239,
136816896,
138780919,
140231844,
141576181,
143328658,
135653573,
137897395,
149262076,
151759236,
152238788,
144499609,
136385287,
138256833,
139720460,
140941805,
141850634,
