13304617000,
505415000,
487989000,
509115000,
579771000,
634086000,
652681000,
735334000,
771315000,
844699000,
875535000,
908099000,
1001238000,
1041860000,
1126316000,
1199239000,
1242682000,
1325381000,
1359450000,
1429108000,
1470687000,
1573969000,
1661929000,
1702585000,
1778962000,
1819092000,
1921856000,
2024782000,
2078140000,
2143092000,
2216770000,
2250323000,
2327613000,
2389924000,
2415770000,
2445707000,
2516800000,
2540098000,
2604721000,
2658654000,
2729669000,
2791458000,
2856998000,
2928230000,
2988785000,
3012093000,
3086286000,
3142885000,
3169628000,
3240643000,
3284098000,
3380881000,
3462568000,
3496296000,
3528173000,
3583492000,
3627883000,
3689091000,
3683623000,
3675379000,
3677528000,
3711387000,
3717025000,
3726489000,
3704842000,
3709470000,
3728441000,
3727117000,
3745875000,
3747787000,
3745337000,
3730805000,
3721166000,
3723496000,
3714009000,
3715222000,
3704091000,
3693526000,
3686504000,
3678290000,
3677433000,
3669509000,
3671081000,
3673439000,
3666134000,
3653834000,
3636294000,
3633539000,
3626051000,
3628460000,
3627974000,
3630209000,
3667095000,
3669077000,
5078791000,
5077164000,
5070740000,
5071338000,
5071900000,
5072405000,
5066017000,
5075686000,
5081761000,
5101044000,
5100531000,
5109547000,
5112370000,
5091694000,
5075362000,
5100443000,
5126002000,
5108128000,
5108114000,
5108830000,
5109818000,
5111502000,
5113272000,
5113121000,
5114055000,
5116401000,
5117057000,
5117466000,
5111804000,
5100263000,
5081206000,
5082514000,
5074315000,
5075135000,
5074664000,
5075243000,
5060548000,
5059574000,
6541451000,
6540450000,
6528721000,
6530996000,
6521030000,
6502971000,
6492833000,
6495152000,
6548302000,
6559069000,
6576190000,
6576411000,
6579455000,
6559572000,
6551391000,
6532846000,
6534894000,
6527048000,
6528002000,
6506139000,
6507438000,
6508855000,
6498099000,
6478749000,
6474076000,
6470667000,
6472637000,
6474268000,
6467247000,
6468609000,
6462447000,
6451988000,
6442102000,
6437905000,
6437797000,
6450071000,
6439703000,
6441902000,
7841799000,
7844834000,
7847546000,
7849610000,
7841122000,
7841139000,
7858176000,
7866297000,
7873797000,
7888418000,
7906501000,
7879971000,
7874548000,
7862272000,
7855625000,
7866921000,
7858951000,
7857354000,
7870039000,
7859275000,
7861393000,
7854954000,
7848413000,
7860218000,
7866808000,
7870617000,
7872615000,
7871886000,
7874797000,
7866242000,
7867628000,
7846315000,
7840538000,
7837944000,
7839399000,
7836700000,
7831588000,
9458693000,
9480123000,
9474566000,
9475578000,
9467234000,
9470127000,
9457762000,
9447933000,
9439189000,
9429563000,
9430305000,
9421864000,
9423579000,
9421696000,
9460165000,
9474097000,
9485230000,
9496991000,
9486859000,
9487363000,
9468645000,
9461346000,
9452143000,
9452734000,
9453487000,
9443826000,
9457636000,
9458226000,
9448446000,
9450576000,
9450803000,
9443038000,
9452111000,
9446778000,
9445759000,
9449468000,
9447022000,
9447923000,
9436267000,
9437965000,
9428330000,
9407421000,
10761201000,
10772645000,
10784365000,
10776466000,
10777030000,
10779199000,
10769224000,
10804819000,
10826232000,
10850693000,
10847043000,
10838368000,
10840093000,
10828954000,
10821197000,
10801316000,
10833920000,
10845541000,
10836167000,
10836838000,
10837781000,
10838972000,
10828308000,
10844621000,
10846477000,
10848191000,
10845342000,
10845355000,
10847152000,
10837882000,
10840025000,
10828706000,
10820706000,
10810663000,
10806000000,
10803870000,
12164367000,
12164363000,
12157745000,
12156489000,
12148566000,
12152874000,
12159443000,
12170244000,
12170690000,
12185976000,
12182876000,
12169860000,
12153828000,
12157380000,
12173249000,
12213294000,
12227036000,
12227854000,
12219818000,
12250100000,
12261193000,
12252441000,
12256406000,
12263851000,
12267447000,
12269925000,
12272327000,
12270495000,
12261636000,
12264379000,
12256677000,
12259946000,
12260507000,
12252449000,
12243654000,
13496428000,
13492843000,
13502185000,
13494671000,
13493950000,
13521186000,
13546377000,
13538975000,
13520317000,
13500283000,
13483213000,
13466419000,
13479760000,
13496132000,
13526443000,
13518085000,
13498797000,
13481137000,
13495957000,
13486328000,
13530086000,
13511831000,
13494423000,
13473377000,
13463632000,
13445387000,
13427243000,
13453178000,
13455724000,
13437437000,
13427989000,
13410247000,
13423991000,
13416843000,
13440159000,
14462287000,
14443778000,
14436470000,
14415682000,
14400205000,
14391892000,
14374586000,
14425013000,
14404434000,
14387708000,
14368735000,
14359888000,
14341216000,
14344096000,
14419654000,
14471461000,
14512626000,
14564740000,
14567036000,
14546733000,
14583135000,
14585367000,
14582810000,
14625386000,
14666143000,
14717196000,
14762499000,
14807786000,
16607195000,
16610557000,
16601008000,
16601216000,
16589207000,
16568193000,
16570850000,
16565366000,
16564783000,
16566311000,
16599873000,
16602588000,
16602111000,
16583070000,
16594083000,
16605775000,
16605881000,
16610761000,
16601355000,
16605449000,
16605726000,
16597186000,
16586978000,
16576833000,
16592812000,
16580110000,
16569652000,
16551884000,
16542064000,
16525694000,
16509725000,
16498039000,
16479768000,
16474078000,
16482825000,
16467963000,
16448048000,
16442817000,
16443384000,
16435861000,
16433137000,
16445794000,
16437355000,
16416746000,
16407362000,
16387808000,
16369859000,
16935832000,
16918459000,
17018125000,
17101249000,
17092385000,
17072245000,
17058145000,
17042389000,
17038392000,
17062770000,
17053968000,
17048005000,
17094886000,
17162462000,
17179585000,
17181233000,
17164491000,
17148274000,
17140253000,
17153029000,
17389893000,
17374278000,
17373238000,
17852360000,
17874419000,
17916620000,
17918225000,
18583701000,
18594006000,
18595815000,
18637418000,
19141929000,
19221567000,
19212922000,
19206500000,
19229444000,
19362690000,
19364757000,
19346659000,
19329727000,
19311959000,
19305755000,
19295492000,
19287638000,
19290015000,
19272776000,
19275467000,
19256651000,
19246842000,
19237989000,
19241329000,
19221248000,
19223986000,
19203008000,
19205354000,
19199931000,
19189528000,
19173326000,
19164807000,
19145333000,
19134679000,
19119896000,
19108010000,
19090899000,
19082234000,
19061992000,
19045966000,
19038200000,
19017955000,
18997880000,
18979772000,
18960720000,
18941143000,
18943360000,
18926113000,
18909684000,
18888166000,
18868690000,
18848612000,
18839642000,
18818977000,
18799460000,
18780056000,
18759093000,
28927380000,
29071938000,
29258807000,
29441520000,
29700443000,
29812888000,
29816063000,
29803263000,
29787224000,
29774886000,
29757454000,
29748457000,
29738569000,
29729284000,
29710374000,
29701769000,
29692671000,
29678377000,
29680836000,
29659251000,
29662314000,
29653456000,
29635277000,
29625336000,
29626062000,
29606029000,
29609130000,
29587766000,
29577925000,
29559151000,
29549772000,
29540711000,
29529750000,
29510605000,
29511068000,
29492875000,
29482197000,
29463512000,
29455044000,
29434158000,
29425111000,
29405347000,
29385836000,
29367068000,
29348836000,
29330922000,
29313002000,
29300308000,
29282145000,
29262429000,
29252297000,
29232701000,
29222868000,
29204086000,
29194569000,
29175539000,
29177055000,
29156884000,
29158100000,
29138526000,
29128714000,
29109785000,
29097352000,
29079158000,
29071109000,
29060860000,
20022486000,
21483888000,
22941977000,
24827648000,
26511770000,
26875655000,
26880090000,
26877514000,
26859031000,
26859021000,
26852266000,
26840160000,
26844626000,
26831937000,
26835146000,
26813471000,
26807632000,
26836576000,
26814889000,
26795257000,
26776142000,
26757191000,
26736609000,
26717140000,
26708321000,
26699177000,
26680088000,
26668848000,
26649737000,
26640200000,
26632039000,
26634151000,
26696820000,
26676874000,
26655372000,
26647707000,
26625667000,
26606713000,
26588250000,
26567700000,
26558918000,
26551575000,
26543428000,
26524946000,
26516264000,
26507253000,
26497345000,
26479029000,
26459806000,
26453919000,
26443080000,
26435260000,
26427090000,
26417996000,
26397362000,
26389878000,
26369747000,
26360993000,
26342814000,
26324415000,
26305023000,
34947257000,
106241429000,
106373462000,
106541311000,
106667189000,
106803013000,
107012869000,
107169297000,
107255053000,
107256195000,
107257295000,
107263371000,
107275085000,
107293939000,
107284923000,
107288317000,
107274807000,
107257286000,
107237667000,
107220206000,
107199502000,
107189216000,
107172406000,
107151995000,
107143971000,
107127866000,
107116649000,
107097531000,
107089970000,
107068412000,
107070604000,
107062387000,
107043566000,
107046516000,
107027686000,
107019858000,
107021563000,
107014494000,
107004840000,
106995378000,
107001798000,
107018177000,
107012291000,
106994441000,
107006872000,
106998070000,
107010822000,
106984326000,
106967464000,
106958138000,
106946330000,
106929622000,
106919801000,
106909150000,
106890308000,
106881455000,
106869229000,
106849379000,
106830245000,
106819827000,
106811101000,
106790117000,
106781627000,
106771671000,
106764709000,
106743732000,
106735147000,
109068860000,
109058997000,
109060052000,
109051746000,
109051101000,
109043735000,
109033177000,
109023673000,
109023959000,
109016012000,
109006109000,
108996195000,
108988336000,
108989232000,
108990047000,
108994008000,
108983670000,
108972849000,
108964777000,
108945160000,
108935463000,
108914577000,
108906828000,
108886207000,
108867528000,
108854895000,
108837345000,
108839661000,
108830830000,
108821111000,
108821810000,
108802338000,
108792983000,
108784659000,
108763263000,
108757063000,
108736039000,
108728536000,
108707533000,
108687327000,
108667365000,
108658831000,
108638762000,
108617607000,
108598597000,
108876704000,
109040106000,
109215479000,
109287965000,
109400514000,
109423395000,
109435564000,
109415784000,
109395209000,
109376018000,
109357300000,
109359840000,
109341341000,
109332935000,
109316490000,
109298312000,
109275963000,
109256817000,
109238129000,
109219543000,
109200564000,
109192357000,
109174024000,
109154916000,
109146693000,
109126387000,
109106882000,
109088316000,
109070027000,
109053213000,
109044525000,
109025740000,
109019921000,
109004257000,
108980218000,
108961969000,
108943689000,
108924739000,
108911292000,
108928209000,
108928201000,
108932628000,
108934119000,
108938328000,
108944835000,
108935896000,
108927577000,
108919410000,
108917799000,
108896766000,
108889415000,
108872076000,
108850099000,
108841437000,
108822897000,
108804103000,
108786277000,
108768636000,
108750640000,
108731086000,
108713937000,
108694798000,
108686125000,
108677632000,
108669110000,
108664215000,
110838289000,
110819437000,
110811551000,
110792426000,
110771764000,
110753696000,
110734952000,
110714108000,
110694504000,
110676588000,
110660136000,
110638586000,
110618814000,
110598672000,
110599645000,
110580012000,
110572695000,
110552868000,
110543244000,
110543614000,
110535056000,
110525646000,
110514306000,
110505156000,
110495152000,
110498468000,
110479878000,
110486204000,
110500785000,
110490809000,
110496409000,
110487059000,
110491294000,
110473033000,
110453312000,
110444152000,
110425054000,
110426964000,
110416853000,
110396472000,
110386929000,
110400635000,
110361739000,
110340127000,
110329368000,
110310527000,
110299813000,
110292609000,
110280892000,
110260974000,
110251046000,
110231000000,
110234148000,
110212950000,
110204125000,
110185079000,
110166023000,
110157748000,
110136038000,
110127183000,
110118637000,
110098959000,
110090407000,
110069014000,
110061011000,
110360637000,
110444180000,
110548027000,
110683655000,
110806312000,
110818938000,
112102321000,
112084549000,
112066408000,
112046881000,
112028971000,
112007040000,
111987773000,
111981214000,
111960784000,
111941760000,
111922449000,
111923968000,
111905343000,
111886954000,
111866070000,
111847213000,
111829023000,
111810049000,
111790930000,
111772113000,
111753657000,
111735692000,
111717639000,
111698096000,
111677411000,
111657973000,
111639296000,
111621373000,
111602304000,
111583637000,
111574974000,
111556060000,
111536559000,
111517158000,
111499533000,
111481826000,
111463916000,
111446379000,
111427742000,
111409383000,
111389906000,
111369450000,
111352179000,
111331884000,
111326824000,
111323487000,
111325335000,
111326468000,
111339683000,
111341631000,
111343162000,
111343095000,
111355551000,
111367717000,
111366233000,
111346790000,
111338131000,
111322017000,
111300890000,
111281632000,
111273312000,
111255513000,
111246846000,
111231839000,
111210396000,
111191649000,
111175139000,
111156183000,
111135365000,
111114844000,
111106228000,
111091571000,
111079932000,
113120645000,
113101770000,
113081041000,
113090848000,
113071183000,
113071786000,
113052706000,
113044012000,
113045143000,
113037304000,
113037763000,
113021817000,
113008550000,
112988189000,
112979254000,
112960811000,
112949761000,
112950875000,
112932357000,
112915475000,
112905855000,
112893217000,
112884431000,
112865919000,
112855791000,
112835408000,
112816297000,
112796332000,
112777146000,
112757237000,
112738727000,
112729306000,
112710356000,
112710645000,
112690845000,
112682288000,
112672792000,
112653148000,
112644614000,
112622551000,
112614628000,
112605157000,
112606629000,
112587616000,
112568366000,
112558770000,
112538931000,
112529738000,
112510644000,
112499654000,
112479703000,
112459414000,
112439262000,
112419979000,
112400200000,
112381111000,
112372564000,
112353637000,
112332447000,
112312126000,
112293014000,
112272946000,
112253554000,
112233892000,
112298656000,
112299808000,
112278316000,
112258956000,
112238727000,
112218958000,
112209900000,
112191193000,
112171672000,
112163706000,
