14462621
14457505
14454308
14448625
14446873
14441013
14438722
14432822
14429801
14424426
14422065
14416046
14413472
14407404
14404770
14398835
14396498
14390735
14388509
14383229
14381082
14375377
14372496
14366539
14364729
14359095
14356780
14350769
14348439
14343535
14341294
14334662
14332372
14326489
14324787
14319135
14316787
14310932
14307745
14302095
14299925
14294069
14292077
14286586
14284752
14278746
14276397
14269406
14266984
14261548
14259083
14253049
14250652
14242761
14240130
14230930
14226463
14217282
14214314
14208936
14205366
14199339
14196591
14190722
14188574
14182530
14179236
14172349
14169815
14164310
14161944
14156065
14154104
14148061
14146497
14140710
14137522
14131570
14129090
14123746
14121590
14115872
14109578
14102174
14100042
14094023
14091647
14085617
14083231
14076475
14074195
14068302
14066038
14060284
14058434
14052677
14049421
14043320
14041008
14035639
14033340
14027310
14025199
14018548
14016389
14010291
14007960
14002211
13999680
13994298
13992155
13986279
13983173
13977152
13975367
13969592
13967372
13961182
13957352
13951491
13949340
13943394
13940984
13934981
13933125
13927194
13924019
13918165
13915962
13910799
13908468
13902688
13899501
13893594
13891946
13886260
13883972
13878316
13877589
13870570
13867804
13861861
13859527
13853509
13851635
13845792
13842723
13836817
13834719
13829521
13827368
13821636
13818685
13812879
13811320
13805577
13803392
13797891
13794670
13787191
13783186
13774981
13771121
13763340
13759937
13753219
13749426
13741865
13738260
13731219
13727564
13719765
13716170
13709205
13705847
13698851
13694946
13687493
13683644
13676565
13672649
13664820
13660683
13653040
13644875
13636639
13632803
13625326
13621420
13614250
13610656
13602700
13598862
13591204
13587937
13581192
13577354
13569877
13565860
13558717
13554638
13546736
13542883
13535178
13531968
13525300
13521587
13514044
13510279
13503186
13499516
13491629
13487835
13480190
13476998
13470189
13466351
13458725
13454527
13447290
13443239
13435587
13431851
13424235
13420644
13414000
13409998
13402245
13398332
13390990
13387370
13379463
13375805
13368121
13364988
13358342
13354420
13346909
13343094
13336075
13332278
13324872
13321145
13314027
13310826
13304195
13300486
13293079
13289444
13282541
13279071
13271693
13268239
13260575
13257471
13250583
13242121
13234903
13231302
13225082
13221315
13213834
13209832
13202078
13198693
13191890
13188075
13180532
13176731
13169766
13165967
13158148
13154315
13146809
13143458
13136871
13133160
13125601
13121851
13114898
13111177
13103368
13099415
13091849
13088382
13082524
13078682
13070960
13067098
13059917
13056270
13048418
13044618
13036855
13033729
13027145
13023546
13015976
13012216
13005136
13001205
12993397
12989568
12982071
12978809
12972043
12968120
12960477
12956652
12949366
12945562
12937750
12934017
12926114
12922917
12916270
12912746
12904935
12901181
12894154
12890316
12882493
12878548
12870658
12867223
12860456
12856446
12848865
12844976
12837711
12833998
12826056
12822382
12814543
12811430
12804786
12800927
12793496
12789806
12782751
12779061
12771382
12767221
12759639
12756283
12745760
12741329
12733822
12729837
12722428
12718678
12710943
12707223
12699596
12696419
12689790
12686199
12678481
12674774
12667495
12663604
12656074
12652022
12644445
12640921
12633972
12630059
12622276
12618395
12611180
12607152
12599490
12595931
12588183
12584900
12578272
12574426
12566787
12563017
12555699
12551904
12544137
12540027
12532340
12528957
12522180
12518189
12510558
12506700
12499618
12495712
12487749
12484112
12476313
12473227
12466466
12462236
12454774
12450880
12443648
12439818
12432185
12428176
12420441
12417131
12410300
12406483
12398690
12394947
12387523
12383608
12375907
12372208
12364517
12361300
12354591
12350892
12343338
12339486
12332301
12328681
12321002
12317097
12309476
12305749
12298876
12294999
12287402
12283648
12276391
12272306
12265280
12261519
12253748
12250462
12243695
12239989
12232351
12228556
12221410
12217556
12209860
12205748
12198136
12194753
12187856
12183897
12175983
12172160
12165052
12161385
12154432
12150514
12142615
12139374
12132659
12128849
12121172
12117338
12110248
12106211
12098425
12094399
12086668
12083279
12076761
12072746
12064977
12061088
12053549
12049699
12041848
12038127
12030485
12025119
12017267
12013344
12005750
12001868
11994887
11991040
11983300
11979377
11971708
11968348
11961304
11957437
11949980
11946068
11938702
11934905
11927060
11923370
11915615
11912413
11905672
11901837
11893979
11890247
11883126
11879138
11871375
11867127
11859335
11856032
11846313
11841631
11833370
11829332
11822201
11818440
11806798
11802373
11795083
11791885
11785051
11781216
11773251
11769292
11762241
11758172
11750750
11746699
11739025
11735728
11728931
11725150
11717268
11713463
11706123
11702369
11694600
11690853
11683160
11679927
11673234
11669319
11661804
11657729
11650604
11646750
11639280
11635333
11627519
11624187
11617524
11613589
11605979
11602109
11595003
11591364
11583583
11579738
11572180
11568906
11562170
11558368
11550835
11546878
11539779
11535907
11528485
11524606
11516880
11513713
11507083
11503289
11495686
11492067
11484956
11481343
11473468
11469790
11462463
11459212
11452524
11448654
11441084
11437200
11430093
11426188
11418502
11414605
11407040
11403640
11397033
11393038
11385455
11381584
11374595
11370627
11362848
11359147
11351567
11348053
11341187
11337431
11329864
11325927
11318830
11314784
11307218
11303358
11295732
11292417
11285514
11281644
11274132
11270419
11263399
11259560
11251898
11248201
11240542
11237306
11230448
11226649
11218978
11214964
11207831
11203746
11196178
11192262
11184478
11181122
11174392
11170410
11162821
11159095
11151960
11148090
11140666
11136893
11129329
11126086
11119209
11115169
11107589
11103749
11096659
11092779
11085052
11081081
11073415
11070193
11063081
11059285
11051372
11047723
11040607
11036901
11029128
11025295
11017747
11014449
11007646
11003792
10997514
11019212
11026412
11022157
11014385
11010256
11002348
10998731
10991786
10987670
10976623
10971783
10963800
10959503
10951267
10946991
10939077
10935506
10928427
10923855
10915836
10911434
10904055
10899981
10891925
10887861
10879567
10876151
10869293
10865275
10857171
10853074
10845636
10841629
10833685
10829490
10821572
10817920
10810764
10806292
10798233
10793822
10786322
10782195
10774523
10770375
10762289
10758792
10751814
10747835
10739650
10735535
10727894
10724029
10715762
10711483
10703493
10699860
10692728
10688485
10680504
10676230
10668827
10664688
10656634
10652454
10644465
10640983
10634049
10629970
10622116
10618039
10610448
10611498
10603717
10599649
10591503
10587901
10580726
10576356
10568452
10564283
10556975
10552669
10544692
10540496
10532613
10529036
10521989
10518009
10509835
10505858
10498302
10494244
10486296
10482168
10474280
10470494
10462972
10458547
10450502
10446301
10438729
10434571
10426597
10422534
10414291
10410826
10403804
10399694
10391411
10387291
10379808
10375769
10367886
10363530
10355399
10351693
10344548
10340021
10332129
10327819
10320005
10315853
10307820
10303759
10295603
10292198
10285280
10281221
10273148
10269063
10261475
10257390
10249454
10245229
10237394
10233696
10226410
10222050
10213963
10209756
10202189
10197954
10189956
10185846
10177814
10174198
10167279
10163098
10155158
10151054
10143537
10139415
10131563
10127329
10119391
10115671
10108284
10103871
10095799
10091679
10084203
10080091
10072112
10067929
10059911
10056396
10049467
10045410
10037188
10033204
10021869
10017408
10008951
10004580
9996574
9992790
9985445
9981113
9972875
9968595
9961071
9956932
9948899
9944972
9936691
9933281
9926264
9922158
9913980
9909936
9902538
9898433
9890380
9886312
9878321
9874518
9867204
9862744
9854761
9850515
9843104
9839064
9830888
9826680
9818744
9815314
9808360
9804204
9796117
9792024
9784481
9780417
9772413
9767930
9759680
9756107
9747484
9743085
9735030
9730803
9723334
9719234
9711033
9707038
9698967
9695524
9688539
9684445
9676350
9672123
9664580
9660484
9652391
9648216
9640220
9636578
9629288
9624804
9616727
9612560
9605184
9601054
9592943
9588766
16145577
16137700
16123301
16120337
16114141
16111462
16105921
16103441
16097365
16094759
16088447
16086232
16079967
16077242
16070872
16068070
16062354
16059489
16053179
16050646
16044509
16042567
16040096
16037523
16031399
16028819
16023204
16020529
16014451
16011976
16006046
16004085
15998229
15995356
15989026
15986351
15980475
15977795
15971609
15968958
15962865
15960713
15954556
15952013
15946037
15943426
15937926
15935383
15929257
15926729
15920631
15918505
15912438
15909804
15903579
15900802
15895079
15892283
15886192
15883627
15877631
15875585
15869596
15867137
15861042
15858544
15852960
15850503
15844458
15841869
15835827
15833758
15814795
15811569
15805074
15802227
15796480
15793740
15787389
15784875
15778753
15776787
15770767
15768292
15762302
15759867
15754489
15752045
15746028
15743557
15737618
15735659
15729533
15726950
15720657
15717907
15712245
15709288
15703116
15700423
15694416
15692429
15686398
15683779
15677699
15675196
15669649
15667263
15661133
15658645
15652528
15650589
15644488
15641829
15635617
15632970
15627349
15624732
15618559
15616071
15609996
15607857
15601830
15599439
15593433
15590727
15585162
15582678
15576619
15574063
15568047
15566122
15559947
15553388
15546328
15543561
15537874
15534908
15528652
15525905
15519854
15517725
15511592
15509073
15502957
15500450
15494998
15491027
15484673
15481872
15475470
15473265
15466952
15464261
15458020
15455245
15449526
15446892
15440576
15438014
15431955
15429958
15423872
15421432
15415376
15412880
15407378
15404813
15398737
15396206
15390230
15388109
15381891
15379081
15372696
15370000
15364355
15361822
15355796
15353235
15347248
15345144
15338982
15336163
15329943
15327348
15321804
15319372
15313245
15310694
15304586
15302536
15296395
15293703
15287564
15284903
15279209
15276609
15270528
15268062
15262051
15260002
15253930
15250234
15243979
15241442
15235978
15233516
15227240
15224373
15218307
15216082
15209769
15207052
15200703
15197992
15192321
15189551
15183433
15180881
15174838
15172886
15166825
15164400
15158362
15155889
15150406
15148002
15141951
15139299
15133260
15131133
15124990
15120462
15113902
15111138
15105515
15103014
15096874
15094350
15088343
15086369
15080152
15077673
15071533
15068201
15062541
15060114
15054102
15051575
15045332
15043145
15037041
15034336
15028048
15025308
15018718
15016161
15010139
15007484
15001447
14999401
14993460
14990988
14984921
14982297
14976656
14973216
14966985
14964501
14958278
14956025
14949901
14947133
14940798
14938095
14932486
14929828
14922715
14920025
14913941
14911995
14906033
14903602
14897631
14894279
14888645
14886088
14879884
14877145
14870801
14868495
14862136
14855927
14849172
14846302
14840641
14837992
14831974
14826606
14819079
14815355
14808976
14806541
14799564
14794980
14777226
14772497
14758487
14753856
14747326
14736079
14726906
14722553
14714978
14710694
14704833
14701491
14692650
14688163
14674045
14669945
14663624
14659316
14645944
14641544
14634889
14630639
14623381
14618967
14610192
14602400
14594592
14590146
14582543
14578189
14571576
14567529
14560343
14556142
14549196
14545689
14538332
14534071
14527006
14522763
14516045
14511874
14504472
14500087
14492474
14488690
14481601
14477350
14468685
14464421
14457724
14453579
14446542
14442405
14435433
14431741
14424402
14420362
14413315
14409016
14402231
14397934
14390822
14386525
14378006
14374109
14366850
14362475
14355369
14351056
14344558
14340526
14333458
14329599
14322731
14319189
14311957
14307899
14300655
14296405
14289405
14285252
14276892
14272500
14263948
14259921
14252716
14248394
14240874
14236623
14229764
14225546
14218291
14214231
14207250
14203519
14196331
14192276
14185170
14180916
14174235
14169924
14162677
14158314
14149664
14145843
14138596
14134260
14127310
14123129
14116305
14112238
14104831
14100749
14093938
14090351
14083086
14078733
14071234
14066970
14060205
14056007
14048505
14044087
14035499
14031774
14024639
14020450
14013385
14009169
14002591
13998455
13991337
13987239
13980323
13976808
13969549
13965412
13958312
13954234
13947460
13943245
13935815
13931396
13923192
13919461
13912152
13907837
13900636
13896411
13889703
13885675
13878735
13874664
13867585
13864034
13856693
13852491
13845281
13841117
13834201
13829946
13822724
13818421
13809758
13805972
13798763
13794541
13787337
13783114
13776294
13772254
13765200
13761175
13754247
13750100
13741875
13737603
13730435
13726283
13719242
13715095
13707671
13703213
13695830
13691946
13684698
13680413
13673164
13668970
13662435
13658343
13647832
13643052
13635847
13632191
13625032
13620974
13613834
13609590
13602718
13598350
13590699
13586577
13579186
13575264
13567786
13563594
13556437
13552281
13545729
13541742
13534742
13530699
13523580
13519988
13512605
13508496
13501405
13497200
13490340
13486155
13478842
13474482
13465827
13462057
13454690
13450435
13443383
13439283
13432719
13428835
13421739
13417504
13410239
13406687
13399435
13395185
13388007
13383680
13376788
13372522
13365100
13360792
13353140
13349415
13342127
13337990
13330656
13326654
13320214
13316305
13309286
13305171
13298202
13294661
13287318
13283121
13275730
13271458
13264496
13260227
13252921
13248633
13241457
13237683
13230340
13226163
13219029
13214840
13208297
13204280
13197011
13192964
13185992
13182415
13175013
13170873
13162264
13157905
13150867
13146760
13139303
13135100
13127763
13123981
13116863
13112698
13105696
13101625
13095132
13091106
13084261
13080191
13073136
13069497
13062266
13058066
13050872
13046669
13039676
13035358
13027871
13023658
13016380
13012755
13005655
13001420
12994143
12990051
12983425
12979452
12972450
12968412
12961272
12957538
12950184
12945976
12937468
12933115
12925227
12921026
12913645
12908801
12901261
12897732
12890520
12883010
12874412
12870097
12863472
12859406
12852376
12848313
12841181
12837488
12830209
12826023
12818793
12814502
12807563
12803397
12796080
12791723
12784624
12780980
12773804
12769733
12762726
12758513
12751904
12747968
12740973
12736892
12729957
12726292
12719172
12714891
12707353
12703016
12691804
12686766
12678344
12673979
12666840
12663151
12655939
12651786
12644680
12640573
12634008
12629992
12622930
12618858
12611749
12608163
12600866
12596406
12587903
12583511
12576432
12572251
12564944
12560609
12553348
12549710
12542254
12538159
12531070
12527020
12520481
12516509
12509559
12505383
12498418
12494699
12487562
12483407
12476065
12471640
12463542
12459378
12452315
12448145
12440988
12437463
12430153
12425831
12418700
12414651
12408102
12404112
12397019
12392923
12385946
12382361
12375156
12370862
12363585
12359106
12352105
12347580
12339960
12335778
12328588
12324754
12317356
12313163
12306122
12301943
12294925
12290557
12283367
12279186
12271910
12268123
12260834
12256536
12249202
12244859
12238228
12234013
12226789
12222687
12215429
12211799
12204841
12200797
12193686
12189575
12183126
12179049
12171918
12167606
12160497
12156745
12149597
12145381
12138232
12134075
12127063
12122915
12115702
12111600
12104475
12100689
12093524
12089427
12082173
12077953
12071100
12066839
12059659
12055443
12048246
12044590
12037329
12033156
12025608
12021294
12013330
12009067
12001612
11997520
11989998
11986543
11979248
11974892
11967721
11963549
11957030
11952963
11945926
11941821
11934482
11930698
11923327
11918957
11911427
11907206
11900543
11896418
11889379
11885049
11878005
11874615
11867283
11862962
11855680
11851273
11844519
11840293
11831713
11827471
11818915
11815161
11807948
11803730
11795170
11790841
11784006
11779937
11772795
11768683
11761312
11757559
11750417
11745986
11734545
11729441
11721321
11717036
11709629
11705331
11698216
11694677
11687532
11683349
11675923
11671643
11664955
11660622
11652996
11648923
11641902
11638303
11630861
11626652
11619388
11615327
11608802
11604723
11597400
11593031
11584565
11580453
11572920
11568536
11561330
11557107
11550484
11546470
11539452
11535260
11528034
11524539
11507922
11503481
11496176
11491770
11484615
11480556
11473436
11469245
11461804
11458253
11451203
11447007
11439719
11435603
11428840
11424614
11417364
11413002
11405592
11401427
11394012
11389672
11381019
11376735
11370100
11365794
11358686
11354576
11347681
11344199
11336893
11332855
11325850
11321527
11314736
11310302
11303056
11298838
11291572
11287776
11280593
11276304
11267624
11263369
11256737
11252612
11245532
11241140
11232520
11228816
11221358
11217095
11209962
11205858
11199307
11195113
11188086
11183654
11174873
11171049
11163847
11159616
11151977
11147713
11140815
11136493
11129334
11125110
11117889
11114197
11106780
11102576
11095382
11091147
11084340
11080146
11072676
11068444
11061190
11057161
11049674
11045477
11038109
11033920
11027385
11023281
11016102
11011941
11004886
11001473
10994202
10989788
10982619
10978362
10971707
10967338
10958786
10954465
10946969
10943209
10936115
10931878
10924361
10920171
10913348
10909064
10901802
10897407
10890179
10886549
10879246
10874936
10867680
10863494
10856897
10852796
10845464
10841279
10833954
10830166
10823059
10818648
10811340
10807268
10800669
10796517
10789356
10785404
10775114
10770820
10763529
10759239
10751714
10747581
10741009
10736696
10729143
10724788
10716165
10712207
10704823
10700611
10693521
10689411
10682872
10678841
10671781
10667775
10660756
10657194
10649813
10646209
10639908
10637212
10631291
10628540
10622102
10619461
10613137
10609471
10603031
10599485
10593135
10590585
10584967
10582129
10575990
10573514
10567425
10564618
10558412
10555717
10549592
10547000
10542000
10539284
10532921
10529326
10522992
10520876
10514897
10512319
10506125
10503531
10497884
10494609
10488230
10485645
10479465
10477162
10470885
10467297
10461010
10458522
10452917
10450289
10443998
10441323
10435046
10432073
10425667
10423026
10416914
10414061
10408342
10405129
10398586
10396055
10389992
10387864
10381854
10379212
10373028
10369614
10363740
10360621
10353847
10351109
10344689
10342564
10335062
10332520
10326342
10323628
10318037
10315396
10309421
10306827
10299854
10297817
10291856
10289616
10283488
10280834
10275060
10271379
10264859
10261986
10255463
10253283
10247173
10244656
10238463
10235211
10229391
10226844
10220555
10217860
10211411
10209406
10203045
10199555
10193290
10190537
10184796
10181937
10175618
10172956
10166574
10164345
10157938
10154429
10148149
10145525
10139789
10137381
10131318
10128840
10122791
10120797
10114692
10111109
10104740
10102113
10096434
10093763
10087513
10084772
10078541
10073700
10067249
10064474
10058245
10055582
10049934
10046541
10040250
10037825
10031789
10029814
10023636
10020814
10014597
10011840
10006170
10003390
9996997
9994335
9988132
9986056
9980056
9977518
9971399
9968780
9963206
9960766
9954650
9952130
9946159
9943836
9937666
9934921
9928791
9925970
9920325
9916532
9910092
9907399
9901111
9899031
9892852
9890346
9884300
9881743
9876203
9873665
9867491
9864970
9858944
9856931
9851003
9848219
9842111
9839443
9833722
9831062
9821072
9818361
9812092
9809956
9803869
9801318
9795139
9792479
9786797
9784168
9777794
9775187
9768946
9766632
9760473
9757672
9749957
9746997
9741171
9738472
9732275
9729633
9723484
9721403
9715360
9712878
9706712
9704087
9698491
9695935
9689826
9687332
9681212
9679003
9672878
9670213
9663956
9661308
9655758
9652999
9646704
9644101
9637923
9635840
9629648
9626972
9620822
9618193
9612604
9609966
9603859
9599770
9593420
9591258
9585037
9582275
9575922
9573101
9567272
9564327
9558009
9555384
9549262
9547156
9541006
9538455
9532297
9529691
9524158
9521379
9515216
9512578
9506554
9504356
9498163
9495644
9489611
9487017
9481245
9478604
9472417
9469848
9463843
9461806
9455878
9453409
9447239
9444719
9439209
9436654
9429101
9426659
9420417
9418322
9412190
9409474
9403199
9400542
9394668
9392057
9385781
9383198
9377101
9375058
9369049
9366458
9360251
9357770
9352132
9349724
9343626
9341101
9335012
9333085
9327019
9324285
9318011
9315248
9309590
9306988
9300731
9298287
9292156
9290142
9284136
9281563
9275511
9272962
9267363
9264890
9258708
9255155
9248934
9246796
9240519
9237702
9231305
9228590
9222741
9220136
9214063
9211588
9205538
9203525
9197445
9194834
9188717
9186164
9180701
9178226
9171993
9169482
9163419
9161418
9155085
9152421
9146216
9143507
9137691
9135198
9129085
9126515
9120339
9117361
9111002
9108299
9102148
9099297
9093350
9090770
9084526
9081916
9075736
9072740
9066452
9063903
9057657
9054973
9049198
9045526
9039156
9036419
9030181
9027974
9021872
9017875
9011475
9008758
9003098
9000426
8994079
8991261
8984017
8981683
8975475
8972447
8965792
8963072
8956427
8953781
8947681
8945077
8938855
8936845
8930731
8927377
8921082
8918555
8912948
8910437
8904308
8901834
8894740
8889998
8883431
8878882
8867667
8862939
8856123
8851837
8844922
8841227
8834193
8830409
8823324
8819183
8812148
8807978
8801403
8797291
8790203
8785822
8778519
8774704
8767489
8763098
8754555
8750275
8743286
8739006
8732051
8728043
8721107
8717524
8710250
8706115
8699124
8695025
8688436
8684289
8677213
8673003
8665776
8661866
8654776
8650181
8642599
8638310
8631438
8627240
8620090
8615829
8608764
8604820
8597922
8593831
8586778
8582636
8576124
8571817
8564730
8560498
8553154
8549065
8541803
8537542
8528861
8524533
8517740
8513587
8505872
8501713
8494606
8490936
8483508
8479239
8471983
8467713
8461031
8456792
8449494
8445257
8436652
8432794
8425472
8421074
8413751
8409367
8402401
8398237
8391134
8387083
8380315
8376732
8369426
8365348
8358387
8354164
8346134
8341988
8334701
8330404
8321851
8318059
8310656
8306055
8297472
8292970
8286080
8281778
8274544
8270401
8263243
8259653
8252341
8248127
8240936
8236748
8228547
8224261
8215600
8211227
8203612
8199515
8192071
8187591
8179938
8175662
8169115
8164919
8157849
8153846
8146710
8143169
8135907
8131655
8124487
8120682
8113942
8109699
8102240
8097810
8089414
8085392
8078225
8073431
8065062
8060730
8053696
8049614
8042502
8038558
8031443
8027790
8020419
8016145
8008470
8004202
7997264
7992960
7985744
7981250
7972541
7968440
7961073
7956577
7948957
7944452
7937742
7933298
7924668
7920572
7910246
7905786
7898374
7894014
7886762
7882412
7875280
7870931
7863555
7858818
7850987
7846973
7839639
7835203
7827503
7823232
7816471
7812337
7805135
7801118
7794064
7790500
7783340
7779164
7772030
7767811
7760887
7756749
7749109
7744768
7736165
7732049
7724771
7720339
7711845
7707576
7700857
7696656
7689661
7685682
7678705
7675045
7667836
7663644
7656334
7651974
7644911
7640678
7633231
7628811
7621623
7617728
7610513
7606232
7598903
7594728
7588202
7584027
7576982
7572974
7565785
7562304
7555034
7550825
7543575
7539278
7532516
7522452
7514001
7509511
7501014
7497003
7489690
7485178
7476741
7472409
7465874
7461791
7454674
7450634
7443658
7440039
7432749
7428747
7421525
7417320
7409527
7405286
7396915
7392443
7384061
7380136
7372963
7368701
7361159
7357065
7350583
7346596
7339551
7335505
7325977
7322085
7315145
7311038
7303690
7299480
7292756
7288651
7281101
7276506
7267944
7264140
7256737
7252561
7245393
7241228
7234771
7230500
7223453
7219378
7212344
7208812
7201470
7197110
7189871
7185691
7177552
7173240
7164651
7160232
7152604
7148789
7141584
7137262
7128607
7124356
7117822
7113768
7106816
7102724
7095558
7092038
7084823
7080555
7073013
7068738
7061864
7057686
7050291
7045936
7038537
7034531
7027284
7023104
7015549
7011480
7004933
7000879
6993881
6989615
6982558
6978777
6971547
6967264
6960086
6955731
6944443
6939826
6931952
6927257
6918547
6914760
6907478
6903157
6895770
6891682
6885107
6881137
6873943
6869922
6862860
6859193
6852004
6847841
6839442
6835064
6827106
6822883
6814004
6809566
6801136
6797293
6790159
6785988
6778781
6774473
6767913
6763930
6756926
6753071
6746058
6742437
6735200
6730982
6723309
6719029
6711865
6707512
6699911
6695468
6686776
6682809
6675593
6671270
6664146
6659814
6653192
6649017
6642009
6637926
6630668
6623166
6615899
6611560
6604350
6599970
6592909
6588467
6579892
6575570
6567860
6564096
6556639
6552308
6545268
6541105
6534607
6530690
6523619
6519384
6512323
6508661
6501265
6496999
6489526
6485294
6478383
6473961
6465333
6461077
6453794
6450143
6442878
6438550
6431413
6427127
6420373
6416207
6408971
6405004
6397849
6394141
6386966
6382567
6375174
6370661
6363666
6359406
6352215
6347845
6340531
6336647
6329230
6324993
6317587
6313430
6306971
6302794
6295720
6291557
6284203
6280424
6273114
6268654
6260963
6256645
6249632
6245370
6238098
6233950
6226678
6223071
6215866
6211596
6204390
6200092
6193413
6189426
6182390
6178277
6171021
6167347
6160151
6155920
6148538
6144075
6137130
6132929
6125645
6121177
6113458
6109737
6102490
6098207
6090903
6086782
6080125
6076112
6068974
6064670
6057082
6053355
6046120
6041542
6032788
6028412
6020298
6016019
6008508
6003927
5996276
5992565
5985242
5977309
5969020
5964787
5957995
5953799
5946428
5942082
5934710
5930940
5923407
5919086
5910320
5905878
5897851
5893538
5886066
5881748
5874071
5870408
5862943
5858753
5851496
5847474
5840929
5836767
5829570
5825375
5818121
5814469
5807115
5802617
5795046
5790762
5782560
5778154
5770953
5766596
5759181
5755663
5748576
5744244
5737211
5733092
5726561
5722442
5715458
5711318
5704127
5700287
5692911
5688341
5679723
5675244
5668391
5663945
5656882
5652681
5645527
5641994
5634754
5630855
5623826
5619673
5612822
5608836
5601752
5597463
5590202
5586544
5579401
5575052
5567485
5563278
5556541
5552352
5548896
5544988
5537812
5534359
5527082
5522998
5515896
5511851
5505436
5501338
5494312
5490137
5482950
5479104
5471740
5467402
5458828
5454392
5446353
5442040
5434371
5430225
5423132
5419517
5412201
5408034
5401045
5396962
5390509
5386402
5379289
5374988
5366540
5362578
5355236
5350704
5342995
5338553
5331537
5327245
5319882
5315685
5308501
5305254
5298034
5293900
5286710
5282629
5276124
5272154
5265038
5260716
5253649
5249972
5242663
5238476
5231003
5226583
5219528
5215439
5208411
5204336
5197401
5193676
5186399
5182172
5175071
5170783
5164235
5160146
5152916
5148944
5141763
5137914
5130255
5125677
5117060
5112612
5105893
5101588
5094035
5089878
5082718
5079086
5071686
5067515
5060333
5056154
5049409
5045136
5037861
5033322
5025758
5018491
5010806
5006269
4998798
4994487
4987611
4983331
4976117
4971861
4964689
4960911
4953294
4949039
4941697
4937532
4930775
4926420
4919006
4914637
4907246
4903375
4895843
4891360
4883659
4879064
4872275
4867964
4860666
4856413
4848712
4845063
4837743
4833503
4826329
4822082
4815310
4810918
4803584
4799139
4791405
4787539
4780121
4775638
4768320
4763968
4757211
4752900
4745736
4741490
4733988
4730317
4722354
4718177
4711094
4706881
4700157
4695856
4688420
4684165
4676466
4672733
4665269
4660806
4653258
4648725
4640737
4636599
4629477
4625380
4618221
4614690
4607418
4603163
4596038
4591823
4583931
4579751
4572699
4568491
4561131
4557397
4550139
4545577
4536952
4532683
4525912
4521524
4514359
4510268
4503229
4499705
4492357
4488074
4481082
4476943
4470422
4466322
4457731
4453236
4444702
4440907
4433694
4429275
4421913
4417427
4409537
4405445
4398318
4394199
4387083
4383647
4376370
4372315
4365345
4361176
4354770
4350582
4343524
4339100
4331521
4327869
4320382
4315889
4308464
4304346
4297596
4293496
4286477
4282374
4274943
4271179
4263870
4259601
4252262
4247968
4241231
4237018
4229714
4225228
4215453
4211734
4204512
4200133
4191538
4187207
4180532
4176333
4169196
4165028
4157690
4154011
4146666
4142387
4135156
4130952
4124012
4119590
4112085
4107693
4100416
4096563
4089241
4084825
4077453
4073233
4066535
4062278
4052068
4047256
4038638
4035133
4027730
4023680
4016514
4012223
4005178
4000989
3992277
3987799
3979264
3975512
3968242
3963735
3955179
3951040
3944456
3940616
3933765
3929675
3922265
3918771
3911309
3907108
3899864
3895644
3888804
3884604
3877252
3872853
3865303
3861567
3854314
3850154
3842839
3838694
3832104
3827882
3820745
3816632
3809541
3805939
3798520
3794316
3787140
3782806
3774841
3770511
3761863
3757370
3748682
3744968
3737358
3732933
3725653
3721521
3714960
3710848
3703755
3699741
3692677
3689083
3681691
3677575
3670360
3665920
3658078
3653780
3646537
3642108
3634481
3630479
3622917
3618379
3611102
3606885
3600210
3595972
3588847
3584774
3577485
3573731
3566264
3561732
3554235
3549590
3542784
3538297
3529685
3524831
3516940
3512877
3505289
3500907
3493709
3489374
3482586
3478434
3470885
3466454
3459072
3455295
3447854
3443501
3436042
3431666
3424906
3420180
3411643
3406841
3398271
3394063
3386747
3382516
3375363
3371155
3364608
3360424
3353310
3349190
3341751
3338091
3330626
3326066
3318334
3313745
3306742
3302376
3293493
3288917
3280329
3276412
3269045
3264675
3257411
3253230
3246565
3242349
3234971
3230710
3223175
3219509
3212142
3207833
3200351
3196055
3188876
3184560
3175783
3171189
3162538
3158580
3151389
3147119
3139711
3135436
3128867
3124752
3117564
3113250
3106003
3102439
3094977
3090594
3079651
3072055
3059808
3054235
3045834
3041205
3032517
3028706
3021160
3016800
3009572
3005161
2998520
2994494
2987318
2983152
2975946
2972297
2964817
2960365
2952736
2948413
2941180
2936731
2929115
2924571
2917255
2913473
2906005
2901699
2894393
2890230
2883612
2879185
2872010
2867731
2860254
2856464
2848851
2844419
2836995
2832520
2824380
2819931
2811127
2806601
2798013
2794182
2786932
2782481
2775234
2771058
2764392
2760359
2753258
2748934
2741691
2737825
2730502
2726243
2718901
2714364
2706452
2701915
2693234
2688654
2680026
2676290
2668911
2664643
2657332
2653090
2646466
2642298
2635088
2630889
2623522
2620088
2609805
2606771
2600370
2597292
2591380
2588579
2582105
2579374
2573089
2570889
2564622
2561943
2555704
2553017
2547247
2544698
2538571
2535915
2527293
2523737
2516721
2514100
2507591
2504721
2498835
2496119
2489706
2486764
2480500
2478267
2472170
2469486
2463248
2460627
2454978
2452457
2446383
2443791
2437628
2435481
2429296
2426567
2420226
2417428
2411642
2408884
2402334
2399605
2393274
2391192
2385038
2382507
2376189
2373473
2367863
2365379
2359264
2356520
2350318
2348161
2341718
2338899
2332519
2329670
2323789
2321012
2314556
2311746
2305653
2303547
2297304
2294730
2288510
2285918
2280183
2277575
2271133
2268484
2262203
2260131
2254052
2251309
2245002
2242205
2236361
2233631
2227227
2224519
2218237
2216093
2209742
2207106
2200824
2198233
2192538
2188644
2182275
2179581
2173284
2170990
2164724
2161868
2155407
2152494
2146599
2143696
2137204
2134290
2128070
2125834
2119630
2116973
2107158
2104061
2098050
2095176
2088976
2086274
2080054
2077965
2071667
2068824
2062341
2059374
2053422
2050784
2044409
2041671
2035446
2033274
2027195
2024489
2018292
2015724
2010083
2007507
2001273
1998692
1991226
1986145
1978593
1975701
1969140
1966247
1960265
1957556
1951162
1948522
1939619
1936792
1930320
1927540
1921336
1918719
1913006
1910458
1904212
1901538
1895307
1893123
1886931
1884132
1877633
1874797
1869110
1866398
1860105
1857445
1851299
1849197
1843032
1840471
1834246
1831615
1825854
1823310
1817176
1814442
1808126
1801439
1794841
1791945
1785510
1782571
1776758
1774018
1767760
1765049
1758845
1756631
1750335
1745992
1739366
1736686
1731068
1728453
1722288
1719530
1713269
1710954
1704603
1701747
1695305
1692403
1686434
1683529
1677318
1674661
1668378
1666154
1659801
1657055
1650736
1648048
1642404
1639917
1633706
1631070
1624831
1622640
1616290
1613497
1607134
1604387
1598270
1595647
1589449
1586769
1580620
1578431
1572199
1569535
1563375
1560781
1554836
1552304
1546144
1543553
1537316
1535134
1528907
1526074
1519599
1515506
1509529
1506645
1500375
1489817
1483051
1480736
1474633
1472037
1465814
1463114
1457437
1454792
1448562
1445833
1439597
1437477
1431154
1428304
1421875
1419064
1413129
1410397
1403981
1399267
1392848
1390728
1384445
1381764
1375712
1373066
1367336
1364637
1358465
1355750
1349497
1347359
1341035
1338129
1331808
1329006
1323077
1320348
1314114
1311451
1302649
1297418
1289794
1285705
1279385
1276731
1270901
1268246
1262034
1259380
1253127
1250944
1244651
1241933
1235588
1232814
1227036
1224360
1213938
1210375
1203674
1201391
1195169
1191406
1185085
1182444
1176702
1174007
1167638
1164775
1158589
1156501
1149252
1146336
1139892
1133118
1126646
1123788
1117352
1114664
1108370
1104989
1098622
1096012
1089785
1087184
1081296
1078692
1072324
1068198
1061692
1059310
1052979
1049845
1043533
1040744
1034944
1029379
1021334
1017035
1009808
1006076
998724
994506
987491
983172
976465
972085
964749
960384
953047
949268
941924
937408
929663
925200
917139
912976
905778
901536
894228
890398
882921
878487
871164
867035
860459
855994
848417
844021
836180
832203
824674
820145
812770
808344
801078
16153285
16132732
16123150
16116691
16114427
16108353
16105841
16099674
16096950
16091277
16088518
16082427
16079842
16073511
16071180
16064849
16061964
16055636
16053044
16047376
16044782
16038786
16036163
16030141
16028193
16022130
16019523
16013402
16010769
16005154
16002600
15996410
15993791
15987455
15985354
15979212
15976622
15970419
15967897
15962291
15959747
15951407
15948715
15942589
15940623
15934640
15932107
15926079
15923512
15917993
15914676
15908318
15905674
15899390
15897125
15890832
15888221
15882157
15878818
15873036
15870532
15864371
15861721
15855635
15853578
15847581
15844077
15837814
15835114
15829522
15826648
15820289
15817577
15811353
15808166
15801942
15799321
15793159
15790444
15784760
15782265
15776176
15773597
15766633
15764613
15758564
15756061
15745510
15742398
15736601
15733968
15727518
15723693
15717235
15715100
15708740
15706111
15699988
15697549
15691873
15686881
15676843
15672471
15664999
15661479
15653870
15649621
15641897
15637725
15630694
15626354
15619023
15614779
15607249
15603515
15596437
15592444
15585237
15581109
15574380
15570420
15563474
15559307
15552069
15548557
15541429
15537211
15529978
15525831
15519211
15514989
15507694
15503455
15494902
15491150
15484133
15479958
15472805
15468585
15462074
15458019
15450950
15446926
15439756
15436295
15429082
15424939
15417317
15413075
15406322
15401987
15394344
15390092
15381543
15377884
15370755
15366687
15359572
15355478
15348903
15344896
15337986
15333857
15326841
15323255
15316244
15311924
15304685
15300574
15293748
15289529
15281843
15277897
15270743
15267005
15259899
15255766
15248535
15244415
15237986
15234003
15227027
15223119
15216179
15212764
15205467
15201282
15193984
15189879
15182893
15178644
15171116
15166900
15159493
15155830
15148611
15144535
15137356
15133243
15126760
15122783
15115720
15112103
15105052
15101438
15094483
15090265
15087535
15083255
15076277
15071994
15064676
15060474
15053228
15049521
15042310
15037933
15030861
15026901
15020329
15016486
15009437
15005249
14998252
14994478
14987195
14982962
14975696
14971465
14964431
14960013
14952541
14948351
14941175
14937609
14930439
14926229
14918985
14914763
14908031
14904085
14897114
14893088
14886197
14882581
14875408
14871244
14862663
14858415
14851894
14847679
14840064
14835806
14828585
14824967
14817807
14813697
14806710
14802522
14792616
14787966
14780833
14776794
14769709
14766214
14758895
14754679
14747580
14743340
14736307
14732041
14724594
14720436
14713308
14709711
14702387
14698272
14691245
14687018
14680552
14676583
14669612
14665608
14658005
14654349
14647060
14642651
14635454
14631220
14624534
14620155
14612836
14608698
14601426
14597805
14590509
14586584
14579290
14575286
14568891
14564903
14557878
14553792
14546741
14543124
14535900
14531628
14524302
14519966
14513195
14508868
14501362
14497022
14489932
14486188
14479004
14474673
14467616
14463555
14456635
14452552
14445270
14441062
14433687
14430117
14423037
14418593
14411006
14406725
14400080
14395712
14388382
14384216
14376989
14373359
14366057
14361889
14354762
14350692
14344188
14340213
14333233
14329204
14322181
14318684
14311488
14307342
14299773
14295417
14288392
14284041
14276809
14272546
14265415
14261781
14254606
14250404
14243351
14239277
14232820
14228673
14221717
14217651
14210406
14206909
14199851
14195553
14187116
14182877
14175790
14171344
14163779
14159632
14152511
14149015
14141799
14137681
14130455
14126340
14119880
14116004
14108986
14104795
14097592
14094003
14086754
14082377
14073832
14069491
14061419
14057149
14049817
14045756
14038688
14035053
14027913
14023826
14016772
14012724
14006219
14002302
13995317
13991177
13983791
13980220
13973143
13968899
13960429
13956201
13949156
13944923
13937640
13933602
13926472
13922961
13915775
13911575
13904399
13900258
13893763
13889673
13882210
13878041
13870608
13866703
13859482
13855104
13846550
13842240
13831247
13826697
13819437
13815438
13808550
13804932
13797628
13793542
13786554
13782539
13776058
13772023
13764871
13760655
13753453
13749748
13742753
13738340
13730755
13726481
13718331
13714033
13706715
13702612
13695536
13691892
13684647
13680467
13673374
13669311
13662739
13658759
13651573
13647443
13639899
13636147
13628777
13624164
13615474
13611215
13604528
13600097
13592587
13588433
13581372
13577891
13570675
13566518
13559330
13555272
13548778
13544783
13537089
13532866
13525351
13521395
13514256
13509853
13502592
13498305
13491449
13487416
13480297
13476293
13469239
13465678
13458363
13454334
13447392
13443226
13436800
13432671
13425456
13421204
13413909
13410106
13402750
13398299
13390012
13385712
13379055
13374955
13367925
13363802
13356802
13353259
13346093
13341943
13334890
13330916
13324483
13320415
13313312
13309078
13301611
13297875
13290532
13286152
13277547
13273340
13266550
13262426
13255201
13251105
13244066
13240552
13233334
13229247
13222314
13218378
13211818
13207798
13200506
13196172
13188685
13185082
13177873
13173502
13165049
13160645
13153915
13149753
13142641
13138342
13131191
13127676
13120414
13116370
13109385
13105379
13098653
13094533
13087358
13083250
13075595
13071896
13064596
13060212
13051705
13047455
13040908
13036830
13029693
13025582
13018584
13015028
13007841
13003699
12996471
12992467
12986026
12982073
12974967
12970779
12962302
12958620
12951428
12946974
12939358
12935029
12926871
12922624
12915554
12911617
12904628
12901196
12894047
12890009
12880082
12875038
12867065
12862945
12855321
12851131
12843414
12839699
12832551
12828105
12819549
12815209
12808398
12804257
12797258
12793214
12786234
12782696
12775443
12771385
12764294
12760140
12753610
12749514
12742573
12738281
12729938
12726090
12718904
12714614
12707140
12702864
12696182
12691965
12684889
12680888
12673875
12670411
12663147
12659108
12652059
12647780
12640996
12636800
12629264
12624962
12617765
12613789
12606579
12602296
12594706
12590387
12583754
12579669
12572487
12568494
12561519
12557884
12550597
12546568
12539555
12535379
12528287
12524030
12516872
12512613
12504040
12500291
12493044
12488620
12480044
12475821
12469041
12464809
12457780
12453712
12446600
12442927
12435720
12431682
12424518
12420353
12413709
12409489
12401941
12397684
12390085
12386113
12378832
12374311
12365894
12361846
12355314
12351174
12344112
12340184
12333168
12329676
12322461
12318415
12311334
12307226
12300368
12296295
12287701
12283606
12275970
12272140
12264964
12260689
12253249
12249018
12241968
12237959
12230881
12226895
12219949
12216377
12209049
12205047
12197910
12193496
12186505
12182079
12173485
12169018
12160416
12156610
12149388
12145028
12137696
12133577
12126883
12122848
12115652
12111639
12104359
12100787
12093470
12089208
12082045
12077904
12070934
12066605
12058141
12053843
12045221
12041342
12034172
12029847
12022784
12018652
12012133
12008187
12000959
11996916
11989835
11986342
11979106
11974981
11967721
11963380
11955444
11951379
11944037
11939661
11931112
11927411
11917117
11912284
11904583
11900377
11893884
11889764
11882800
11878836
11871800
11868291
11861042
11856794
11849599
11845404
11837332
11833182
11825870
11821383
11808635
11804915
11797589
11793325
11786332
11782054
11774142
11769972
11761333
11757021
11749653
11745949
11738677
11734576
11727554
11723318
11716592
11712570
11705556
11701659
11694478
11690883
11683679
11679534
11672351
11668024
11661068
11656721
11649069
11644754
11637422
11633590
11626595
11622395
11615372
11611342
11601643
11597093
11588715
11584785
11577769
11574203
11566917
11562661
11554293
11549911
11542104
11537818
11530173
11525926
11518419
11514920
11507618
11503614
11496672
11492492
11486008
11481985
11474887
11470708
11462218
11458575
11451307
11447168
11439835
11435478
11427433
11423182
11415808
11411562
11404396
11400582
11393502
11389400
11382165
11378085
11371466
11367514
11360481
11356403
11349368
11345696
11338377
11334195
11326864
11322510
11314333
11310162
11302730
11298455
11291339
11287758
11280666
11276501
11269370
11265498
11258986
11254984
11247915
11243941
11236803
11233318
11226016
11221886
11213378
11208944
11200875
11196675
11189327
11185098
11178007
11174598
11167327
11163298
11156326
11152330
11145915
11141950
11134921
11130876
11123660
11120087
11112865
11108651
11100138
11095758
11088981
11084898
11077639
11073498
11066522
11062832
11055626
11051503
11044393
11040305
11033649
11029622
11022615
11018448
11011347
11007717
11000405
10996071
10988680
10984295
10976287
10972103
10964520
10956491
10948251
10944689
10937401
10933176
10926087
10922033
10915515
10911551
10904483
10900425
10893346
10889698
10882593
10878262
10871167
10866740
10859922
10855740
10847196
10843028
10835750
10832225
10824868
10820619
10813535
10809482
10803038
10799029
10791999
10787943
10780841
10777298
10770174
10765985
10758750
10754389
10746188
10742102
10734812
10730743
10723693
10720089
10712791
10708738
10701406
10697188
10690643
10686622
10679466
10674954
10667843
10664349
10657277
10652922
10644399
10639919
10632869
10628690
10621574
10617308
10610031
10606511
10599208
10595096
10587608
10583448
10577057
10573015
10565941
10561824
10554714
10551048
10543965
10539909
10532373
10528055
10521002
10516906
10509870
10505819
10498800
10495186
10487964
10483862
10476806
10472731
10466108
10462023
10454960
10450820
10443451
10439977
10432711
10428455
10420919
10416666
10409798
10405695
10398600
10394427
10387357
10383825
10376621
10372620
10365453
10361372
10354859
10350810
10343574
10339509
10332398
10328619
10321457
10317081
10308525
10304259
10297284
10293130
10286123
10281951
10274775
10271310
10263964
10259795
10252693
10248505
10242065
10238098
10230889
10226808
10219539
10215778
10208664
10204399
10196866
10192763
10185893
10181758
10174732
10170600
10163567
10159813
10152536
10148335
10141007
10136918
10130359
10126119
10122416
10118413
10111112
10107498
10100333
10096077
10088724
10084442
10077594
10073293
10065955
10061688
10054508
10051048
10043582
10039471
10032404
10028367
10021727
10017640
10010340
10002760
9994216
9990420
9983211
9978854
9971357
9967047
9960445
9955617
9948307
9944093
9937036
9933500
9925974
9922037
9915101
9911024
9904581
9900390
9893062
9888791
9881335
9877617
9870489
9866277
9858921
9854621
9847728
9843574
9836393
9832327
9825230
9821786
9814482
9810403
9803349
9799175
9792434
9788319
9781181
9777034
9769685
9765827
9758687
9754335
9746775
9742505
9735509
9731414
9724230
9719985
9712567
9708992
9701675
9697557
9690607
9686464
9679485
9675316
9668009
9663745
9656332
9652553
9645363
9641098
9633748
9629442
9622793
9618657
9611663
9607603
9600610
9597070
9589823
9585732
9578441
9574210
9567385
9563039
9555898
9551527
9544203
9540491
9533309
9529063
9521820
9517604
9510906
9506541
9499480
9495357
9488352
9484839
9477531
9473412
9465827
9461674
9455134
9450788
9443442
9439312
9431796
9427934
9420708
9416387
9409182
9404871
9398394
9394300
9387105
9382982
9375956
9372392
9365147
9361048
9354041
9349973
9343202
9338945
9331545
9327295
9319779
9315962
9308923
9304461
9296976
9292893
9286396
9282432
9301548
9297617
9290584
9287165
9280071
9275959
9268783
9264540
9257909
9253800
9246700
9242616
9235455
9231773
9224369
9220232
9213114
9208979
9201919
9197955
9190937
9186825
9179635
9176219
9169039
9164803
9157435
9153296
9146674
9142429
9135032
9130648
9123257
9119413
9112280
9108129
9100922
9096682
9089887
9085863
9078817
9071872
9063924
9060244
9052898
9048742
9041696
9037471
9030706
9026412
9019253
9014927
9007598
9003750
8996730
8992461
8985253
8981056
8974432
8970168
8963139
8959157
8952230
8948671
8941396
8937449
8930365
8926153
8919715
8915320
8908145
8903895
8896573
8892858
8885684
8881410
8873864
8869658
8863040
8859010
8851981
8847765
8840701
8837107
8829870
8825767
8818679
8814251
8807493
8803204
8795730
8791486
8783910
8780112
8772719
8768570
8761393
8757195
8750468
8746244
8738978
8734920
8727775
8724184
8716958
8712824
8705424
8701122
8694094
8689785
8682093
8677833
8670256
8666534
8659240
8655048
8647690
8643584
8637120
8632942
8625978
8621851
8614794
8611219
8603973
8599786
8592647
8588465
8581974
8577681
8570546
8566314
8558623
8554682
8547467
8543243
8536093
8531894
8524974
8520935
8513870
8509873
8502865
8499399
8492030
8487789
8480413
8476172
8469104
8464666
8457492
8453177
8445991
8442214
8434856
8430788
8423460
8419102
8412299
8408362
8401298
8397235
8390201
8386554
8379647
8375490
8368258
8364119
8357334
8352892
8345775
8341442
8333997
8330373
8323010
8318956
8310377
8306258
8299777
8295864
8288892
8284843
8277686
8274205
8267010
8262710
8255232
8250991
8244189
8239885
8232615
8228290
8220983
8217252
8209933
8205679
8198576
8194619
8187764
8183883
8176776
8172668
8165557
8162046
8154904
8150543
8143360
8139103
8132158
8127866
8120438
8116283
8104578
8100776
8091992
8087889
8079941
8075703
8068161
8064039
8056306
8052315
8044561
8040874
8032801
8028670
8020726
8016352
8009014
8004641
7996671
7992530
7984734
7981051
7972882
7968780
7961000
7956756
7949538
7945431
7937659
7933665
7925855
7922117
7914085
7909743
7901835
7897614
7890307
7885875
7877690
7873452
7865575
7861981
7853804
7849547
7841603
7837489
7830241
7826275
7818489
7814393
7806515
7802859
7794615
7790386
7782370
7777968
7770574
7766118
7758046
7753690
7745758
7742205
7734026
7729759
7721888
7717867
7710671
7706528
7698553
7694490
7686581
7683031
7674792
7670320
7662231
7657852
7650362
7645927
7637818
7633425
7625624
7622023
7614153
7610120
7602265
7598148
7590891
7586929
7579167
7575011
7567131
7563520
7555714
7551414
7543431
7539114
7531580
7527235
7519165
7515030
7507143
7503509
7495526
7491428
7483557
7479689
7472552
7468555
7460800
7456685
7448738
7445213
7437341
7432788
7424710
7420419
7412865
7408537
7400546
7396414
7388514
7384869
7376881
7372731
7364927
7360904
7353763
7349748
7341894
7337701
7330020
7326523
7318563
7314165
7306158
7301883
7294357
7290070
7282096
7277931
7270185
7266577
7258532
7254407
7246584
7242455
7235057
7231110
7223289
7219172
7211271
7207660
7199646
7195272
7187325
7183089
7175644
7171448
7163441
7159243
7148516
7144049
7137381
7134618
7128559
7124328
7117052
7113079
7105914
7101735
7093383
7089667
7082488
7078157
7069891
7065617
7058114
7053774
7045429
7041204
7032976
7029427
7022553
7018591
7010318
7006240
6998615
6994485
6986225
6981898
6973843
6969996
6962411
6958018
6949818
6945454
6937868
6933449
6925325
6921147
6913032
6909496
6902447
6898428
6890119
6886120
6878421
6874331
6866059
6861776
6853603
6849869
6842707
6838225
6830102
6825789
6818395
6814221
6805924
6801520
6793312
6789852
6782957
6778662
6770430
6766259
6758545
6754494
6746358
6742048
6734013
6730219
6722906
6718438
6710225
6705841
6698214
6693927
6685496
6681373
6673068
6669465
6662320
6658323
6649879
6645810
6638105
6633874
6625490
6621227
6613282
6609475
6602141
6597703
6589628
6585340
6577809
6573469
6565079
6560924
6552628
6548981
6541802
6537715
6529429
6525264
6517515
6513257
6505001
6500770
6492690
6488902
6481699
6477357
6469218
6464897
6457076
6452728
6441280
6437008
6428873
6425377
6418350
6414337
6406242
6402093
6394614
6390472
6382383
6378277
6369942
6366241
6359192
6354843
6346764
6342394
6334945
6330836
6322772
6318560
6310248
6306687
6299698
6295543
6287462
6283465
6275944
6271715
6263648
6259513
6251467
6247712
6240563
6236294
6228148
6223852
6216394
6212218
6204009
6199900
6191844
6188284
6178270
6173385
6164814
6160621
6152790
6148734
6140496
6136355
6128384
6124667
6117580
6113306
6105159
6100899
6092949
6088688
6080399
6076423
6069413
6065913
6058964
6054930
6046850
6042729
6034984
6030855
6022553
6018258
6010084
6006380
5999273
5994884
5986783
5982467
5974734
5970549
5962394
5958301
5950066
5946477
5939447
5935464
5927403
5923385
5915775
5911570
5903790
5899635
5891813
5887918
5880704
5876443
5868610
5864273
5856768
5852881
5844780
5840776
5832554
5829135
5822395
5818410
5810364
5806362
5798911
5794862
5786805
5782556
5774519
5770776
5763751
5759499
5751629
5747488
5739978
5736110
5727989
5723981
5712856
5709152
5702353
5698417
5690574
5686562
5679977
5676042
5667967
5663870
5655991
5652328
5644969
5640585
5632442
5628157
5620715
5616723
5608760
5604720
5596476
5592862
5585799
5581627
5573691
5569439
5561858
5557496
5549359
5545190
5537060
5533267
5526139
5521907
5514144
5509967
5502567
5498593
5490364
5486367
5478034
5474527
5467424
5462968
5454897
5450738
5443297
5439002
5430908
5426422
5418224
5414438
5407224
5402753
5394666
5390507
5382928
5378802
5370608
5366348
5357991
5354284
5347213
5342890
5334738
5330272
5322497
5318072
5309652
5305068
5296267
5292598
5285050
5280873
5272464
5268076
5260489
5256309
5247503
5243201
5235684
5232051
5221636
5216753
5208237
5203797
5195816
5191415
5183366
5178968
5170860
5167019
5159773
5155446
5147025
5142740
5135149
5131002
5122617
5118092
5109781
5105987
5098566
5094116
5085768
5081537
5073645
5069342
5061125
5056598
5048420
5044182
5035428
5031103
5022824
5018206
5010382
5006262
4997802
4993644
4985488
4981956
4974673
4970190
4961988
4957549
4949804
4945211
4937011
4932493
4924273
4920275
4913094
4908865
4900773
4896549
4888795
4884695
4877207
4872968
4864472
4860937
4853711
4849483
4841173
4836850
4829254
4824832
4816445
4811957
4803658
4798277
4785474
4779755
4771169
4766605
4758963
4754683
4747266
4743112
4734724
4731041
4723871
4719629
4711298
4707117
4699519
4695184
4687053
4682541
4674312
4670352
4662881
4658684
4650396
4646296
4638526
4634181
4625878
4621623
4613440
4609801
4602349
4598028
4590036
4585777
4578088
4573834
4565583
4561364
4553276
4549522
4542301
4538129
4529871
4525715
4518268
4514197
4506784
4502669
4494454
4490718
4483486
4479167
4470925
4466528
4458958
4454353
4446255
4441888
4433736
4429739
4422081
4417695
4409710
4405133
4397141
4392911
4384747
4380487
4372310
4368549
4361060
4356586
4348551
4344312
4336657
4332282
4323946
4319468
4311344
4307619
4300329
4296006
4287507
4283094
4275511
4271272
4262944
4257416
4242594
4238220
4231018
4226603
4218438
4213942
4205898
4201404
4193236
4188823
4180222
4176479
4169004
4164733
4156370
4152090
4145174
4140893
4133469
4129196
4121008
4117288
4110059
4105737
4097521
4093084
4085615
4081179
4072889
4068418
4060218
4056494
4049349
4044948
4036966
4032590
4025757
4021585
4013174
4008872
4000780
3997045
3989764
3985142
3977070
3972636
3965010
3960561
3952349
3947969
3939270
3935447
3928216
3924333
3917096
3912690
3905121
3900929
3892665
3888467
3880308
3876496
3869291
3864859
3856870
3852373
3844784
3840358
3832211
3827790
3819559
3815821
3808645
3804405
3796055
3791895
3784148
3780038
3772798
3769995
3763693
3761347
3754838
3752003
3745534
3742676
3736729
3733900
3727589
3723822
3717326
3714096
3703907
3700318
3693163
3690520
3684615
3680704
3674239
3671497
3662078
3659266
3652479
3649615
3643074
3640162
3634219
3631385
3625112
3622405
3616154
3614091
3607898
3605232
3599057
3596416
3590611
3587862
3581624
3579019
3572657
3570627
3564497
3561807
3555528
3552788
3546915
3544159
3536601
3533523
3527234
3525078
3518949
3516190
3509991
3507272
3501606
3499074
3492904
3490282
3484096
3481932
3475709
3472972
3466698
3463971
3458210
3455589
3449282
3446558
3440263
3438104
3431851
3429164
3422972
3420215
3414438
3411750
3405398
3402613
3395861
3392604
3384575
3381578
3375121
3372192
3366286
3363522
3357183
3354517
3348239
3346073
3341344
3337527
3331095
3328415
3322726
3320165
3313862
3311136
3304620
3302283
3296073
3293327
3286889
3284159
3274283
3271026
3264537
3261779
3255498
3253328
3247193
3244477
3238281
3235552
3229901
3227215
3220832
3218159
3211817
3209649
3203278
3200375
3194057
3191257
3185435
3182762
3176497
3173048
3164290
3161739
3155379
3152677
3146513
3143894
3138257
3135434
3129132
3124945
3118537
3115940
3109374
3106421
3099919
3097114
3091032
3088288
3081928
3079082
3072883
3070771
3064502
3061864
3055722
3053062
3047129
3044482
3038249
3035585
3029377
3027221
3020789
3017964
3011572
3008800
3002931
3000232
2993945
2991335
2985147
2982962
2976805
2974024
2967762
2964956
2959312
2956663
2950183
2947374
2941120
2938887
2932569
2929665
2923192
2920461
2914678
2912006
2905792
2903133
2894886
2892509
2886433
2883776
2877624
2874854
2869083
2866508
2860268
2857620
2851458
2849237
2842862
2840068
2833793
2830963
2825210
2822540
2816354
2813683
2807503
2805379
2799155
2796570
2790243
2787574
2781892
2779113
2772899
2770252
2763995
2761832
2755589
2752823
2746580
2743814
2737991
2735461
2729082
2726436
2720127
2717950
2711723
2709016
2702856
2700144
2694494
2691930
2685804
2683028
2676743
2674433
2668182
2665377
2657875
2655018
2649182
2646369
2640105
2637166
2628627
2625942
2619640
2616944
2610629
2608019
2602229
2599452
2593187
2590373
2581668
2578874
2572082
2569286
2562897
2560161
2554462
2551763
2545566
2542857
2536410
2534323
2528177
2525455
2519199
2516605
2510894
2508289
2502105
2499352
2493009
2490800
2484361
2481653
2475226
2472531
2466696
2464009
2457871
2455128
2448877
2446529
2440435
2437705
2431576
2428959
2423173
2419203
2412399
2409466
2403067
2400758
2393971
2391228
2384895
2382231
2376507
2374014
2367848
2365201
2358992
2356865
2350617
2347974
2341709
2339139
2333263
2330507
2324126
2321291
2315031
2312770
2302905
2299621
2293169
2290345
2284621
2282027
2275740
2273067
2266771
2264619
2257002
2254249
2248013
2245300
2239583
2236893
2230628
2227770
2221410
2218210
2211707
2208757
2202397
2199748
2193961
2191420
2185151
2181644
2175251
2173147
2166979
2164327
2158184
2155383
2149486
2145788
2139300
2136358
2129901
2127569
2121120
2118269
2111995
2108486
2102195
2098157
2089823
2086910
2080672
2078611
2071336
2068602
2062163
2059282
2053260
2050391
2044002
2041200
2033951
2031701
2025251
2022435
2016206
2013577
2007856
2005267
1995928
1991636
1984457
1980912
1973373
1969084
1961666
1957376
1950721
1946411
1937659
1933213
1924632
1920706
1913270
1908884
1901246
1897029
1890140
1885875
1878649
1874428
1867257
1863663
1856163
1851844
1844391
1840075
1831972
1827497
1818855
1814433
1806609
1802670
1795205
1790820
1783436
1779050
1772418
1768335
1761252
1757105
1750027
1746471
1739122
1734852
1727403
1722924
1715758
1711396
1703787
1699102
1691716
1687714
1680363
1676013
1668542
1664326
1657673
1653582
1646425
1642152
1634700
1631063
1623581
1619224
1611807
1607426
1599249
1594782
1587220
1582574
1574916
1571141
1563835
1558995
1548459
1543806
1537038
1532872
1525735
1521457
1514318
1510627
1503210
1498845
1490170
1485731
1478827
1474470
1466709
1462271
1454847
1450862
1443225
1438869
1431550
1427245
1420714
1416661
1409587
1405538
1398454
1394839
1387522
1383240
1375820
1371337
1364218
1354851
1346365
1341796
1333994
1326502
1318839
1314387
1306950
1302688
1295843
1291692
1284568
1280468
1273170
1269536
1261972
1257665
1250240
1245873
1237800
1233510
1226068
1221741
1213139
1209353
1202182
1197866
1190617
1186299
1179279
1175106
1168020
1163755
1156650
1152879
1145359
1140992
1133628
1129284
1121030
1116773
1109311
1104935
1097576
1093546
1086284
1082112
1074947
1070749
1063823
1059455
1052224
1048044
1040798
1037187
1029871
1025494
1018103
1013723
1007027
1002676
994936
990522
981922
978019
970389
965990
958650
954360
947761
943533
936200
931910
924710
920988
913793
909494
902082
897709
890828
886444
878939
874525
866793
862868
855558
851395
844020
839820
833175
829029
821894
817701
810437
806859
799481
795011
786447
781757
774647
16145009
16120442
16110839
16103865
16101362
16091582
16088578
16082200
16079380
16073408
16070601
16064346
16061685
16055451
16052193
16045699
16043011
16036880
16033989
16027772
16024754
16018102
16014993
16008386
16005268
15998885
15996140
15989990
15987243
15981482
15978776
15972639
15969200
15962909
15960816
15954597
15951847
15945496
15942659
15936687
15932920
15926353
15923388
15917017
15914844
15908679
15905951
15899540
15896967
15891188
15887579
15881130
15878452
15872377
15870340
15864344
15861727
15855586
15852905
15842336
15837965
15829557
15825186
15818643
15816337
15799256
15794291
15787855
15784319
15776886
15772023
15765545
15761527
15755312
15752432
15745458
15741266
15734982
15731552
15723851
15719172
15712690
15708261
15701716
15698556
15689829
15685355
15678917
15674668
15668695
15665236
15657746
15654385
15648244
15646181
15639860
15637325
15631135
15628487
15622790
15620117
15613785
15610992
15604570
15601490
15595203
15592526
15586270
15576793
15570723
15568047
15562010
15558571
15552210
15550121
15543973
15541055
15534819
15532166
15526263
15523363
15517110
15514397
15508037
15505790
15499756
15497071
15490853
15488338
15482852
15480128
15473959
15471316
15465289
15463239
15457323
15454719
15448656
15446116
15440345
15437679
15431375
15427609
15421124
15418884
15412655
15409874
15403702
15401115
15395516
15393048
15387013
15384312
15378102
15376174
15370150
15367507
15361321
15358829
15352910
15350395
15344048
15341370
15335122
15332816
15326657
15323998
15317894
15315282
15309417
15306874
15300600
15298028
15291892
15289858
15283836
15281365
15275395
15272607
15266790
15264218
15257932
15255281
15248869
15246725
15240596
15237932
15231538
15226909
15220927
15218283
15204625
15199069
15191483
15189350
15183070
15180415
15174275
15171624
15165868
15163190
15156827
15154136
15147936
15145929
15139942
15137297
15131071
15128376
15122649
15120279
15114060
15111593
15105637
15103552
15097527
15094998
15088991
15086361
15080684
15077886
15071681
15068978
15062695
15060655
15054532
15051980
15045716
15043152
15037515
15035048
15029034
15026492
15020418
15016760
15010384
15007696
15001597
14999057
14993310
14990600
14984330
14981677
14975403
14973374
14967351
14964853
14958679
14956140
14950530
14948109
14941988
14939454
14933413
14931386
14925405
14922804
14916688
14914008
14908167
14905597
14899395
14896816
14890626
14888596
14882435
14879883
14873663
14871098
14865413
14862999
14856907
14854067
14848015
14845922
14839731
14837029
14830860
14828285
14822540
14819861
14813656
14811063
14804978
14802723
14796705
14793091
14786798
14784199
14778749
14776414
14770391
14767802
14761661
14759558
14753269
14750665
14744573
14741990
14736368
14733717
14727410
14724789
14718608
14716595
14710407
14707845
14701595
14698969
14693351
14690859
14684579
14682072
14676005
14673985
14667952
14665395
14659160
14656485
14650758
14648198
14642040
14639501
14633449
14631347
14625283
14622659
14616613
14614001
14608355
14606028
14599987
14597437
14591464
14589389
14583241
14580481
14574342
14571662
14565796
14562249
14555988
14553302
14547210
14545139
14539146
14536640
14530418
14527738
14522050
14519552
14513398
14510874
14504837
14502772
14496716
14494069
14487979
14485302
14479579
14477093
14470874
14468324
14462318
14460261
14454122
14451322
14445228
14442575
14436939
14434441
14428283
14425727
14419737
14417689
14411661
14409170
14402813
14400161
14394555
14392093
14386077
14383467
14377245
14375224
14369167
14366545
14360459
14357970
14352376
14349912
14343816
14341379
14333423
14331368
14325186
14322532
14316286
14313595
14307761
14305289
14299123
14296512
14290262
14288035
14281917
14279335
14273317
14270736
14261489
14258402
14251962
14249374
14243290
14241253
14234876
14232213
14225869
14223168
14217531
14213739
14207359
14204789
14198607
14196687
14190640
14188168
14182068
14178590
14172791
14170240
14164082
14161299
14155092
14152812
14146477
14142881
14136408
14133699
14127874
14125388
14119371
14116857
14110711
14107801
14101540
14098968
14092978
14090442
14084854
14082129
14075826
14072305
14066093
14063877
14057400
14054684
14048177
14045600
14039853
14036383
14030088
14027483
14021398
14019422
14013273
14010538
14004330
14000966
13995230
13992721
13986738
13984172
13978079
13975908
13969615
13963960
13956728
13952397
13945849
13941772
13934817
13930869
13923924
13920385
13913093
13909010
13902085
13898017
13891504
13887151
13880088
13875590
13867919
13864199
13856932
13852462
13845077
13840912
13834169
13830229
13823099
13819101
13811994
13808516
13801117
13796986
13790003
13785871
13779217
13775044
13767609
13763359
13756126
13752406
13745236
13740852
13733637
13729453
13722883
13718875
13711742
13707579
13700383
13696731
13689427
13685304
13678333
13674246
13667663
13663520
13656176
13651933
13644562
13640885
13633589
13629331
13622200
13618037
13611584
13607589
13600508
13596526
13589383
13585799
13578476
13574370
13567236
13562984
13556233
13552044
13544299
13540005
13531219
13527455
13519958
13515680
13508359
13503960
13496857
13492652
13485358
13481280
13474216
13470800
13463318
13459186
13451900
13447675
13441042
13436740
13429523
13425240
13418022
13414183
13406744
13402479
13393900
13389706
13383171
13379165
13372196
13368071
13360849
13357294
13349785
13345508
13338482
13334229
13327616
13323485
13316277
13311907
13301308
13296832
13289307
13284939
13277817
13273738
13267063
13263010
13256038
13251957
13244895
13241356
13234146
13229972
13222846
13218585
13211819
13207609
13199061
13194707
13187495
13183765
13176565
13172285
13165049
13160928
13154281
13150369
13143293
13139096
13132095
13128563
13121138
13116819
13109639
13105378
13098914
13094882
13086165
13081836
13074550
13070628
13063313
13058998
13051815
13047745
13041251
13037398
13030376
13026214
13019010
13015565
13008191
13004107
12996982
12992733
12985900
12981785
12974390
12970061
12962925
12959261
12951918
12947910
12940889
12936805
12930035
12926066
12918952
12914870
12907883
12904322
12897105
12892949
12885855
12881574
12874782
12870524
12862926
12858477
12851173
12847321
12840075
12835746
12828438
12824212
12817685
12813494
12806311
12802269
12795209
12791690
12784156
12779931
12772656
12768463
12761508
12757105
12748433
12743986
12736313
12732521
12725285
12721064
12714026
12709886
12703165
12699194
12691954
12687869
12680813
12677250
12669941
12665759
12658291
12653686
12646837
12642577
12635012
12630622
12621849
12618126
12610719
12606217
12598971
12594874
12588292
12584339
12577322
12573151
12565954
12562484
12555235
12551163
12543791
12539477
12532681
12528396
12520870
12516551
12509178
12505486
12498149
12494060
12487085
12483074
12476524
12472509
12465575
12461540
12454408
12450923
12443513
12439300
12431858
12427333
12420508
12416166
12408388
12403914
12396733
12392887
12385527
12381440
12374165
12370066
12363546
12359566
12352571
12348587
12338187
12333904
12326360
12322098
12314969
12310634
12303498
12299258
12291566
12287175
12279791
12275913
12268581
12264352
12257123
12253058
12246574
12242671
12235734
12231577
12224412
12220930
12213811
12209595
12202331
12198019
12191031
12186695
12178965
12174630
12167642
12164003
12156672
12152740
12145711
12141701
12135141
12131941
12124106
12119907
12112927
12109304
12102023
12097711
12090392
12086277
12079038
12074727
12067063
12062657
12055568
12051828
12044716
12040561
12033311
12029223
12022503
12018549
11997578
11993253
11986173
11982692
11975289
11970952
11963990
11959961
11953477
11949473
11942391
11938282
11931072
11927234
11919897
11915476
11906819
11902462
11895399
11891140
11883772
11879639
11872552
11869130
11861785
11857686
11850749
11846796
11840350
11836320
11829325
11825097
11817515
11813952
11806724
11802449
11794753
11790443
11783644
11779245
11772009
11767922
11760594
11757031
11749774
11745770
11738750
11734691
11727998
11723959
11716816
11712689
11705371
11701635
11694369
11690063
11682610
11678144
11671373
11667079
11659859
11655776
11648757
11645167
11637966
11633930
11626996
11622868
11616502
11612386
11605253
11601149
11593849
11590172
11583076
11578769
11571142
11566774
11559755
11555529
11548463
11544324
11537420
11533736
11526426
11522238
11515232
11511085
11504516
11500591
11493394
11489089
11481925
11478155
11470908
11466641
11459191
11454834
11447884
11443661
11436632
11432466
11425327
11421703
11414410
11410287
11403121
11399073
11392578
11388488
11378135
11373285
11365677
11361810
11354265
11349915
11342324
11337975
11331126
11326790
11319732
11315775
11308695
11305176
11297782
11293683
11286666
11282359
11275850
11271651
11264591
11260429
11253010
11249197
11242002
11237625
11230288
11225916
11219116
11215064
11207926
11203818
11196522
11193068
11185689
11181588
11174586
11170533
11163990
11160006
11152928
11148707
11141097
11137362
11130193
11125867
11118182
11113852
11107036
11102978
11095656
11091629
11084649
11080970
11073660
11069378
11062261
11058179
11051576
11047545
11040313
11036174
11028841
11025049
11017758
11013379
11005846
11001522
10994981
10990857
10983745
10979660
10972530
10968914
10961622
10957528
10950400
10946363
10939880
10935835
10928601
10924487
10916816
10913088
10905798
10901377
10893892
10889649
10883050
10878935
10871818
10867761
10860512
10856936
10849622
10845745
10838589
10834582
10827901
10823747
10816456
10812227
10804848
10801161
10793886
10789469
10781970
10777643
10770759
10766627
10759074
10755009
10747914
10744178
10736545
10732439
10725293
10721185
10714521
10710446
10703367
10699018
10691634
10687860
10680569
10675850
10667242
10662945
10656420
10652309
10645116
10640977
10634011
10630275
10622949
10617543
10604769
10599296
10591546
10587097
10579688
10575154
10567362
10563301
10555672
10551268
10542257
10537907
10531279
10527153
10519976
10515758
10508661
10505042
10497607
10493380
10485801
10481550
10474968
10470496
10462990
10458248
10450655
10446740
10439338
10434804
10426170
10421741
10411544
10406495
10397931
10393585
10386651
10383163
10375847
10371591
10364154
10361267
10355419
10352743
10346370
10343651
10337304
10334943
10328763
10325123
10318730
10315988
10310298
10307682
10301385
10298614
10292564
10290476
10284349
10280888
10274521
10271902
10266173
10263501
10257190
10250625
10243694
10241538
10235298
10231513
10225154
10222538
10216855
10214282
10208129
10205510
10199489
10197409
10190348
10187703
10181578
10179020
10173371
10170778
10164547
10161789
10154174
10151846
10145566
10142861
10136681
10134120
10128438
10125753
10119512
10115898
10109751
10107732
10101438
10098880
10092687
10090071
10084457
10080691
10074164
10071192
10064792
10062405
10056239
10053562
10047375
10044584
10037951
10035247
10029102
10026578
10020589
10018547
10012480
10009958
10003701
10001130
9994552
9991962
9985712
9982781
9976538
9974177
9967932
9963623
9953528
9949851
9943829
9941041
9934922
9932314
9925985
9923788
9917552
9913943
9907591
9904837
9899152
9896409
9889995
9886971
9880658
9877617
9871335
9868601
9862252
9859703
9854155
9851628
9845394
9842828
9836461
9833197
9826951
9824274
9818161
9815500
9809665
9807069
9800800
9797202
9790690
9788341
9782120
9779504
9773297
9770591
9764837
9762229
9755726
9752310
9745949
9743762
9737442
9734752
9728514
9725826
9720079
9716533
9710105
9707382
9701156
9698961
9692821
9690039
9683881
9680256
9674424
9671930
9665698
9663033
9656884
9654884
9648551
9645134
9638806
9636191
9630186
9627431
9621153
9618481
9612235
9610055
9604248
9600651
9594348
9591634
9585820
9583170
9576850
9574143
9567955
9564814
9558459
9555935
9549778
9547037
9541172
9538270
9532004
9528397
9521953
9519592
9513537
9510911
9504763
9501975
9496285
9493548
9486340
9483648
9477407
9475263
9469013
9466281
9459983
9457163
9445719
9441455
9433471
9430320
9423913
9421801
9415559
9412697
9406560
9402788
9396966
9394047
9387829
9385118
9378810
9376686
9370443
9367818
9360885
9358233
9352484
9349694
9343228
9340429
9334010
9331780
9324614
9321808
9315619
9312845
9307132
9304430
9298125
9295446
9288232
9285969
9279714
9277082
9270826
9268022
9262123
9257695
9251010
9248115
9241761
9239566
9233213
9230460
9224147
9221336
9214357
9211646
9205332
9202642
9196378
9194195
9187793
9184990
9178466
9173036
9164995
9160580
9153298
9148784
9140349
9137268
9130754
9127975
9121617
9118973
9113110
9110564
9104416
9100607
9094240
9092005
9085435
9082539
9076199
9073198
9067105
9064311
9055120
9050530
9043277
9041050
9034762
9032098
9025740
9023142
9017290
9014668
9008492
9004909
8998582
8996202
8990014
8987170
8980743
8977834
8971894
8967244
8959806
8956011
8948803
8946573
8940330
8937629
8931427
8928816
8923141
8920474
8914219
8910674
8901663
8898898
8892362
8889501
8882973
8878508
8870066
8865762
8857665
8852683
8845360
8843081
8836718
8833734
8827519
8822921
8816903
8814087
8807782
8805058
8798650
8796473
8790216
8784949
8776232
8771706
8763940
8759546
8751452
8746983
8738878
8735164
8728062
8723811
8715435
8711172
8703582
8699341
8691220
8686921
8678739
8674826
8667635
8663196
8654991
8650570
8643083
8638828
8630662
8626457
8618177
8614487
8607360
8603133
8594826
8590531
8582999
8578930
8570548
8566231
8558015
8554203
8546769
8542161
8534042
8529668
8522165
8517853
8509458
8505081
8496835
8493160
8486079
8481808
8470277
8465514
8458379
8454122
8446057
8441828
8433460
8429729
8422476
8418039
8409856
8405462
8397944
8393711
8385355
8381149
8372750
8369015
8360622
8353113
8344294
8339913
8332101
8327761
8319524
8315215
8307007
8303307
8295940
8291408
8283349
8278914
8271390
8267376
8258990
8254729
8246616
8242830
8235704
8231378
8223251
8218924
8211311
8207118
8198907
8194602
8186239
8182251
8174881
8170585
8162520
8158124
8150602
8146333
8138075
8133626
8125263
8121519
8114390
8110149
8101830
8097525
8089762
8085477
8077340
8072995
8064892
8060970
8053562
8049186
8041016
8036600
8029002
8024622
8016508
8012153
8004028
8000343
7993313
7989039
7980945
7976636
7969072
7964592
7956506
7952178
7944013
7940149
7932563
7928003
7919677
7915233
7907672
7903546
7895183
7890941
7882587
7878911
7871825
7867552
7860411
7856200
7848418
7844129
7835752
7831285
7823073
7819093
7811440
7806895
7798692
7794377
7786764
7782419
7774300
7770041
7761790
7758053
7750996
7746823
7738683
7734378
7726471
7722073
7713784
7709411
7701315
7697373
7689439
7684870
7676807
7672355
7664796
7660506
7652361
7648160
7639855
7636194
7629009
7624824
7616600
7612473
7604796
7600567
7592282
7587806
7579788
7575889
7568360
7563952
7555704
7551280
7543727
7539493
7531011
7526814
7518444
7514712
7507609
7503430
7492193
7487191
7479479
7475269
7467043
7462524
7454561
7450692
7442833
7438457
7430306
7426073
7418488
7414204
7406020
7401767
7393474
7389927
7382852
7378690
7370387
7366156
7358617
7354231
7346035
7341628
7333409
7329454
7321903
7317487
7309295
7304854
7297220
7292917
7284631
7280412
7273037
7269250
7262066
7257851
7249651
7245276
7237852
7233523
7225353
7221035
7212882
7208953
7201111
7196746
7188683
7184235
7176767
7172535
7164224
7159964
7152571
7148778
7141496
7137199
7129167
7124959
7117441
7112845
7104667
7100198
7092091
7088147
7080635
7076208
7068150
7063818
7056301
7052191
7041632
7035294
7026695
7022885
7015829
7011588
7003518
6999118
6991506
6987203
6979044
6974636
6966426
6962545
6954971
6950512
6942361
6938006
6930394
6926066
6917697
6913501
6905387
6901743
6894663
6890481
6882358
6878040
6862582
6857388
6848777
6844267
6836182
6832188
6824729
6820317
6812227
6808015
6800227
6796075
6787824
6783520
6775228
6771640
6764533
6760400
6752269
6747934
6740171
6735790
6727443
6722948
6714782
6710961
6703557
6699146
6691146
6686837
6679284
6675161
6666889
6662598
6654508
6650893
6643871
6639658
6631733
6627334
6619578
6615231
6607031
6602621
6594572
6590659
6583257
6578829
6570730
6566405
6558598
6554385
6546196
6542054
6534653
6530957
6523763
6519574
6506853
6498324
6489772
6485199
6476964
6472281
6464126
6460284
6452354
6448089
6439983
6435594
6427913
6423795
6415486
6411306
6402939
6399313
6392204
6387895
6379773
6375404
6367866
6363366
6355110
6350705
6342434
6338423
6330778
6326494
6318119
6313847
6306170
6301921
6293635
6289467
6281004
6277477
6270290
6266093
6257792
6253498
6245764
6241207
6233014
6228409
6220206
6216282
6208469
6204183
6196126
6191858
6184248
6180187
6171869
6167717
6160372
6156721
6149436
6145083
6137013
6132491
6124932
6120462
6112258
6107649
6099555
6095659
6087897
6083563
6075424
6071226
6063578
6059239
6051098
6046908
6038627
6034949
6027780
6023381
6015124
6010762
6003307
5998665
5990478
5985991
5977930
5974154
5966799
5962494
5950464
5944961
5936987
5932750
5925406
5921124
5912988
5909388
5902235
5897670
5889504
5885013
5877469
5873016
5864679
5860141
5852002
5848010
5840648
5836304
5828133
5823919
5816247
5812034
5803890
5799724
5791474
5787826
5780477
5776154
5768091
5763692
5756016
5751582
5743324
5738780
5730595
5726696
5719213
5715064
5707016
5702782
5694960
5690804
5682516
5678236
5670132
5666385
5659120
5654664
5646521
5641855
5634376
5629896
5621733
5617266
5609129
5605239
5598083
5593795
5585703
5581495
5573901
5569714
5561535
5557377
5549240
5545293
5538053
5533722
5522293
5517279
5509230
5504818
5496538
5492073
5484005
5480262
5473010
5468725
5460632
5456467
5448894
5444763
5436583
5432445
5424153
5420291
5412919
5408527
5400470
5396028
5388500
5384139
5375921
5371545
5363438
5359637
5352543
5348321
5340138
5335858
5328148
5323991
5315739
5311502
5303148
5299332
5292130
5287731
5279521
5274973
5267253
5262783
5254698
5250304
5242339
5238633
5231537
5227173
5219092
5214816
5207160
5202986
5194587
5190476
5182139
5178201
5170965
5166506
5158315
5153889
5146290
5141837
5133569
5129013
5120996
5117321
5110216
5105983
5097733
5093580
5085789
5081584
5073328
5069067
5061063
5057266
5049961
5045625
5037609
5032976
5025273
5020838
5012714
5008340
5000151
4996352
4988961
4984687
4976582
4972448
4964865
4960748
4953356
4949220
4940793
4937084
4929861
4925374
4917224
4912756
4905202
4900765
4892578
4888169
4879940
4876217
4869163
4864860
4856725
4852551
4845492
4841400
4832963
4828665
4820518
4816662
4809465
4805102
4796954
4792398
4784435
4780073
4771789
4767227
4758958
4755155
4747964
4743907
4735613
4732176
4724751
4720501
4712174
4707962
4699711
4695913
4688687
4684224
4676129
4671655
4664067
4659769
4651510
4647240
4639160
4635473
4628395
4624334
4616045
4611852
4604076
4599886
4591550
4587310
4579211
4575161
4567800
4563353
4555150
4550745
4539905
4534822
4526222
4521906
4513790
4510234
4503202
4499103
4490878
4486590
4478768
4474604
4466315
4461874
4453821
4450056
4442789
4435155
4426537
4422046
4414405
4410054
4401791
4397358
4389292
4385658
4378437
4374218
4365980
4361846
4354240
4349986
4341870
4337639
4329463
4325645
4318365
4313889
4305658
4301115
4293509
4289126
4280986
4276791
4268462
4264828
4257723
4253566
4245511
4241349
4233652
4229458
4221200
4216801
4208571
4204759
4197397
4192960
4184809
4180328
4172698
4168356
4160100
4155897
4147626
4143952
4136799
4132650
4124594
4120392
4112607
4108452
4100297
4095933
4087785
4083589
4076054
4071466
4063324
4058829
4051312
4046845
4038525
4034272
4026150
4022516
4015253
4011050
4002829
3998676
3991123
3986923
3978658
3974380
3966255
3962403
3955144
3950733
3942616
3938134
3930593
3926276
3917901
3913516
3905317
3901717
3894574
3890412
3882156
3877764
3870341
3866039
3857972
3853646
3845592
3841692
3834090
3829642
3821494
3816878
3808950
3804650
3796474
3792115
3784025
3780394
3773260
3769155
3760894
3756774
3749024
3744816
3736434
3732075
3723934
3720126
3712271
3707838
3699780
3695338
3687669
3683482
3675061
3670849
3663486
3659777
3652659
3648522
3640280
3636103
3628654
3624418
3616078
3611759
3603665
3599632
3592009
3587457
3579288
3574899
3567311
3563103
3551088
3546405
3538304
3534669
3527507
3523119
3514856
3510658
3502958
3498633
3490411
3486155
3477858
3473890
3466587
3462144
3454047
3449477
3441893
3437632
3429291
3424894
3416862
3413085
3405916
3401626
3393617
3389256
3381574
3377267
3369021
3364670
3356579
3352627
3345345
3340904
3332783
3328285
3320486
3316193
3308100
3303912
3295554
3291917
3284846
3280595
3272304
3268128
3260559
3256340
3248020
3243583
3235458
3231512
3224136
3219581
3211361
3206946
3199138
3194742
3186545
3182235
3173885
3170243
3163205
3158948
3150773
3146403
3138699
3134419
3126354
3121952
3113837
3109934
3102668
3098324
3090262
3085932
3078337
3074161
3066757
3062410
3054403
3050854
3043750
3039594
3031145
3026753
3019029
3014873
3006567
3002081
2994055
2990075
2982439
2978028
2969820
2965504
2958024
2953807
2945500
2941171
2932876
2929253
2922166
2917797
2909699
2905332
2897820
2893582
2885399
2880924
2872705
2868798
2861478
2856936
2848849
2844497
2836823
2832585
2824493
2820192
2811883
2808244
2801042
2796717
2788610
2784271
2776648
2772280
2764234
2759795
2751782
2747884
2740608
2736196
2728204
2723864
2716344
2712169
2703943
2699802
2691543
2687910
2680764
2676594
2668396
2663891
2656344
2651983
2643752
2639334
2631220
2627324
2620036
2615692
2607540
2603373
2595840
2591560
2583182
2578922
2567296
2563228
2555950
2551800
2543677
2539377
2531882
2527618
2519403
2514821
2506635
2502744
2495438
2491149
2482944
2478573
2471102
2466794
2458479
2454248
2445836
2442185
2435083
2430757
2422571
2418264
2410731
2406369
2398349
2393847
2385669
2381780
2374498
2370234
2362039
2357735
2350196
2346079
2337805
2333643
2325288
2321666
2314468
2310163
2302033
2297748
2289867
2285559
2277357
2272831
2264710
2260759
2253397
2248938
2240823
2236602
2228963
2224700
2216322
2212120
2203838
2200195
2192967
2188620
2180512
2176206
2168603
2164203
2155979
2151483
2143402
2139380
2132197
2127908
2119817
2115421
2107899
2103679
2095419
2091236
2083054
2079343
2072160
2067869
2059785
2055481
2047957
2043564
2035336
2030909
2022667
2018614
2011467
2007154
1999001
1994783
1987268
1983138
1974689
1970450
1962380
1958736
1951517
1947212
1939138
1934762
1927297
1922750
1914515
1910080
1901989
1898026
1890838
1886589
1878320
1874175
1866556
1862444
1854049
1849732
1841429
1837682
1830476
1826256
1818170
1813892
1806204
1801876
1793618
1789059
1780961
1777159
1769900
1765606
1757368
1753168
1745489
1741323
1733188
1729002
1720810
1717081
1709936
1705661
1697550
1693226
1685554
1681105
1672992
1668632
1660504
1656768
1649563
1645175
1637034
1632869
1625049
1620881
1612505
1608333
1599998
1596248
1585843
1580850
1572168
1567828
1560223
1555916
1547676
1543292
1535142
1531362
1524256
1520013
1511744
1507479
1499741
1495486
1487414
1483228
1475108
1471339
1464021
1459576
1451387
1446901
1439214
1434880
1426841
1422266
1414210
1410425
1403197
1398975
1390607
1386469
1378692
1374446
1366220
1362010
1353894
1350188
1342992
1338562
1330501
1325969
1318383
1313938
1305857
1301384
1293267
1289565
1282372
1278091
1269968
1265834
1258074
1253891
1245670
1241409
1233334
1229652
1222230
1217882
1209790
1205348
1197768
1193432
1185427
1181134
1172850
1168993
1161785
1157487
1149436
1141159
1133317
1128933
1120525
1116336
1108092
1104284
1097017
1092663
1084620
1080087
1072454
1068084
1059788
1055421
1047345
1043371
1035821
1031542
1023395
1019191
1012266
1007982
999695
995482
987113
983451
976030
971669
963566
959216
951737
947365
939109
934668
926472
922715
915528
911218
902960
898814
891106
886880
878535
874375
866135
862474
855292
850954
842879
838461
830913
826583
818335
813882
805846
802051
794855
790499
782344
778100
770296
766153
757817
753524
745193
741507
734302
730020
721930
717526
709825
705438
697160
692671
684647
680975
673830
669661
661491
657345
649747
645488
637169
632925
624797
621139
613960
609537
597574
16158925
16138452
16129702
16123076
16120278
16114097
16111819
16105534
16102922
16096687
16093898
16088321
16085790
16079701
16077092
16071019
16069007
16062945
16060394
16054281
16051743
16046151
16043589
16037478
16034949
16028839
16026877
16020585
16017954
16011808
16009192
16003630
16001070
15994895
15992493
15986511
15984574
15978515
15976010
15969841
15967257
15961638
15959215
15953124
15950591
15944270
15942147
15935873
15933338
15927249
15924685
15919170
15916551
15910558
15907956
15901854
15899892
15893949
15891277
15871013
15867661
15862061
15859391
15853236
15850557
15844328
15842173
15836073
15833592
15827418
15824697
15819046
15816425
15810357
15807595
15801544
15799647
15793658
15791048
15784953
15782466
15776778
15774270
15768197
15765654
15759603
15757401
15751116
15748579
15742480
15739990
15734411
15731944
15725848
15723494
15717428
15715449
15709232
15706646
15700619
15698102
15692450
15690014
15683856
15680902
15674756
15672605
15666471
15663946
15657758
15655370
15649744
15647361
15641271
15638654
15632613
15629230
15622978
15620277
15614314
15611624
15605924
15603603
15597178
15594240
15587989
15585916
15579987
15577443
15571352
15568727
15563224
15560810
15554801
15552316
15546301
15544399
15538460
15535985
15529967
15527383
15521798
15519356
15513219
15510668
15504522
15502382
15496153
15492561
15486254
15483651
15477987
15475585
15469565
15466997
15460928
15458197
15452130
15449342
15443103
15440292
15434645
15432073
15425622
15422935
15415764
15413675
15407518
15404808
15398681
15396136
15390607
15388088
15382011
15378583
15372302
15370208
15363994
15361475
15355449
15352959
15347447
15343324
15336808
15334056
15327888
15325742
15319587
15316900
15310759
15308177
15301893
15299340
15293207
15290648
15284483
15282495
15276566
15274000
15267967
15264607
15258983
15256506
15250398
15247543
15241405
15239304
15232965
15225896
15219478
15215121
15208431
15204539
15197457
15193289
15186223
15182703
15175328
15171064
15163314
15159221
15152536
15148152
15140903
15136734
15129531
15125844
15118492
15114362
15107391
15103297
15096885
15092933
15085928
15081979
15074865
15071388
15064215
15059888
15052603
15048192
15041370
15037012
15029770
15025608
15018016
15014295
15007034
15002899
14995441
14991299
14984881
14980902
14973973
14969868
14962906
14959353
14952230
14947959
14941002
14937046
14927049
14921879
14913016
14908655
14901501
14897874
14890667
14886596
14879445
14875307
14868329
14864176
14857172
14853224
14846312
14842916
14835722
14831521
14824444
14820215
14813239
14808950
14801742
14797561
14790535
14786894
14779661
14775421
14768261
14764195
14757760
14753785
14746837
14742795
14735734
14732284
14724981
14720772
14712106
14707877
14701049
14696781
14688264
14684031
14676827
14673119
14665909
14661945
14655006
14650929
14644470
14640518
14633595
14629571
14622531
14619007
14611881
14607697
14600399
14596038
14588984
14584663
14576935
14572793
14565817
14562241
14555092
14551045
14544091
14540018
14533645
14529656
14522194
14517901
14510857
14507289
14500067
14495872
14488266
14484008
14477278
14472964
14465611
14461484
14454405
14450815
14443506
14439392
14432315
14428275
14421806
14417816
14410707
14406710
14399758
14396167
14389039
14384578
14377397
14373020
14366382
14362157
14354345
14349958
14342791
14339235
14331974
14327931
14320800
14316651
14310091
14306090
14299018
14294853
14287736
14283944
14276404
14272166
14263653
14258903
14250692
14246252
14238944
14234586
14225984
14219529
14206579
14200556
14191830
14186831
14178921
14174623
14163686
14158717
14150243
14146430
14139008
14134527
14125707
14120989
14112680
14108204
14100856
14096347
14087397
14083589
14076118
14071609
14064364
14060034
14053635
14049501
14042509
14038224
14030561
14026730
14019396
14015151
14007882
14003374
13996458
13992125
13984700
13980442
13973360
13964897
13956494
13952031
13944979
13940710
13933750
13929430
13922286
13917928
13910778
13906893
13899356
13894900
13887156
13882451
13874501
13870063
13861194
13856919
13849854
13846398
13839113
13834899
13827637
13823431
13816947
13812655
13805524
13801212
13793934
13790015
13782505
13777600
13770001
13763990
13752566
13747560
13739947
13735577
13728263
13724635
13717234
13712777
13705411
13701227
13694646
13690681
13683748
13679582
13672406
13668538
13661241
13656794
13648191
13643682
13635683
13631362
13622845
13618652
13611094
13607508
13600238
13596209
13589251
13585280
13578878
13574953
13567930
13563805
13556619
13552867
13545620
13541962
13535459
13532500
13526810
13524137
13517958
13515377
13509414
13507369
13501124
13497948
13491751
13489211
13483698
13481389
13475115
13472529
13466333
13464145
13458007
13454409
13447859
13445024
13439306
13436728
13430544
13427984
13421836
13419740
13413593
13410177
13404037
13401426
13395937
13393411
13387418
13384900
13378790
13376870
13369851
13367072
13360749
13357947
13352257
13349542
13343517
13341092
13335154
13336248
13329926
13327439
13321521
13319019
13313510
13311177
13305075
13302426
13296318
13293433
13286915
13284130
13277821
13275175
13269557
13266926
13260812
13257295
13251176
13249138
13243054
13240631
13234648
13231867
13226196
13223667
13216580
13213898
13207814
13205626
13199246
13196338
13189979
13185648
13179738
13177130
13170992
13168585
13162587
13160598
13154667
13152212
13146117
13143554
13137855
13134438
13128116
13125462
13119176
13116897
13110597
13107598
13101301
13097673
13091939
13089371
13083362
13080937
13074847
13072919
13066967
13064234
13058213
13055680
13050176
13047706
13040250
13037399
13031240
13028742
13022314
13015694
13008788
13005955
13000125
12997774
12991633
12989133
12983118
12981058
12974919
12972465
12966310
12963697
12958108
12955668
12949490
12946935
12940748
12938741
12932685
12929782
12923352
12920686
12915095
12911324
12904958
12902383
12896341
12894336
12888374
12885984
12879999
12877557
12872016
12869477
12863307
12860593
12854413
12852195
12845535
12842914
12836592
12833927
12828362
