16352593
16336677
16327624
16314651
16305124
16293245
16283759
16272098
16261601
16248726
16239062
16225867
16216511
16203436
16194466
16181132
16171615
16158209
16148291
16135931
16126316
16113318
16100173
16086994
16072155
16058558
16048670
16034933
16025419
16012435
16003153
15989958
15980461
15967597
15959303
15946638
15937297
15924462
15915481
15903023
15893972
15870626
15860824
15845205
15836436
15823009
15813727
15800809
15791416
15778984
15769694
15756932
15746720
15733841
15724658
15711830
15702193
15688672
15679533
15667302
15658236
15645601
15636419
15623621
15615098
15602299
15593547
15581608
15573106
15561925
15553250
15541681
15533693
15521288
15514246
15501208
15493586
15481787
15471818
15460448
15453008
15440871
15433468
15422469
15412844
15400836
15392100
15380379
15372670
15361189
15352518
15340640
15332338
15320266
15313157
15300717
15292203
15280255
15272205
15260580
15253127
15239774
15232054
15220343
15212812
15201431
15194041
15181224
15173589
15162956
15154975
15143778
15136397
15123961
15116703
15099564
15090483
15077914
15067855
15055198
15046783
15035385
15027428
15014258
15007317
14995604
14988101
14976651
14968135
14957419
14949383
14937842
14929370
14917892
14910513
14896621
14883366
14870785
14861035
14848926
14838383
14824560
14814503
14801047
14792001
14778888
14767650
14754564
14745673
14733201
14723980
14707199
14697628
14684213
14675331
14662767
14653779
14640883
14631571
14619478
14610127
14597116
14587616
14575095
14566744
14554120
14545141
14532534
14523446
14511227
14502057
14488506
14478868
14465368
14456731
14443490
14434469
14421497
14412360
14399898
14390664
14377463
14367157
14354004
14344033
14329207
14319764
14306670
14297789
14285413
14276248
14263549
14254645
14241681
14233145
14220438
14211377
14198554
14189451
14177271
14168247
14154672
14145533
14128499
14118791
14105420
14096124
14080343
14070858
14058128
14047260
14033956
14023411
14009410
13999694
13986743
13976359
13961881
13951820
13937851
13926773
13913925
13904643
13891534
13880944
13865127
13853869
13840469
13831307
13817808
13807038
13793588
13782449
13767370
13758442
13744274
13733389
13718361
13708937
13695069
13684420
13669322
13659434
13644947
13634630
13620050
13609900
13595030
13583534
13570895
13560133
13545602
13533976
13517672
13504791
13488241
13478535
13463804
13453084
13437961
13417934
13403408
13392171
13379307
13368617
13354195
13343586
13329793
13316467
13301851
13292576
13278550
13269357
13254180
13243793
13228203
13218988
13204349
13194599
13181016
13171369
13158025
13142546
13128853
13119686
13106688
13096504
13081771
13072392
13059837
13050293
13037287
13027688
13014439
13005763
12991215
12980482
12963050
12953219
12940451
12928826
12913058
12902472
12889155
12880076
12867075
12857420
12844365
12833718
12819404
12809920
12796419
12786896
12773404
12764289
12749375
12739450
12726152
12716512
12703761
12694526
12681615
12670788
12657844
12648640
12634756
12625237
12612360
12601324
12586905
12575515
12562181
12552885
12539459
12530879
12515760
12505684
12492374
12482376
12469551
12460136
12447081
12436789
12423482
12414463
12400710
12388944
12374719
12364014
12350453
12341018
12327904
12318548
12305448
12296689
12282580
12273319
12260450
12250609
12238119
12228846
12215985
12205177
12191849
12182431
12163779
12153421
12140184
12129589
12114573
12100527
12086383
12076756
12063615
12053520
12038758
12028886
12015610
12006257
11993596
11984348
11970539
11959663
11946195
11937075
11923686
11913784
11900383
11889877
11876870
11867101
11850523
11837854
11824326
11814612
11800605
11791152
11777878
11768623
11756260
11747106
11733819
11723715
11709319
11700068
11687043
11677550
11664409
11654998
11641646
11630856
11617431
11608062
11594696
11585851
11572163
11561200
11546940
11537525
11523949
11514166
11501327
11492187
11477950
11469361
11456336
11447299
11434018
11424904
11412677
11402343
11389161
11379741
11366536
11357511
11344285
11334002
11319692
11309742
11296928
11287420
11273488
11263607
11250166
11241586
11227749
11215053
11201947
11185998
11171725
11163382
11149678
11139125
11125409
11114367
11100590
11089462
11076062
11067624
11053362
11043057
11029787
11020993
11006369
10995829
10980604
10967830
10954478
10943364
10929974
10919105
10906733
10897306
10884077
10874017
10861748
10853560
10839429
10831339
10810928
10801825
10788794
10778056
10765455
10756874
10743309
10735402
10723972
10713795
10702674
10693742
10678336
10667741
10654937
10646061
10633618
10624098
10612208
10604282
10591475
10582227
10568595
10559789
10548131
10539040
10526621
10517952
10504440
10494377
10481064
10471238
10457410
10447055
10433989
10424840
10409496
10400180
10387531
10378365
10365638
10356315
10343399
10334324
10321240
10312750
10299489
10290027
10277312
10268310
10255850
10246430
10233684
10224455
10205742
10196681
10183546
10173916
10161000
10151879
10139570
10130160
10116852
10107285
10094000
10085058
10071728
10062378
10048602
10039215
10026981
10017827
10004424
9995257
9982267
9973465
9960263
9950676
9937429
9928231
9915659
9906518
9893566
9884088
9871100
9862400
9849488
9839654
9826611
9817320
9803939
9794321
9781446
9772104
9758632
9749961
9737387
9728067
9712489
9703068
9690820
9681302
9668171
9658696
9645993
9637094
9623792
9614676
9601488
9592096
9575794
9566088
9552969
9543685
9530560
9521004
9507816
9497869
9484849
9475607
9463179
9453959
9440998
9431596
9418433
9409353
9395765
9386505
9373616
9364508
9351016
9341638
9328431
9319186
9306148
9297079
9283881
9274236
9261330
9251963
9234497
9224421
9211053
9201587
9188516
9179855
9166414
9156999
9143713
9134241
9121790
9112548
9098800
9089763
9077041
9067946
9054632
9043589
9030583
9017776
9004311
8993961
8980168
8969600
8954787
8944696
8929333
8917909
8903689
8894288
8881396
8871366
8858069
8848816
8835709
8827324
8813641
8803790
8791011
8781496
8768978
8759008
8747711
8738996
8726383
8717042
8703732
8694923
8682163
8673268
8662338
8653375
8640851
8632998
8620144
8612083
8599376
8590753
8576998
8567467
8555425
8545820
8532949
8524101
8508682
8499228
8486055
8477563
8465304
8455395
8444164
8435307
8422927
8414015
8402157
8394285
8382003
8373752
8361524
8345858
8332681
8320738
8308462
8299368
8286856
8278590
8261256
8251403
8236814
8228411
8215036
8205400
8191809
8182302
8168847
8159169
8146296
8136679
8123632
8113505
8100357
8090994
8077395
8067840
8054352
8045713
8031895
8022581
8008712
7999187
7985704
7974761
7959391
7950117
7936977
7928284
7915336
7905892
7893076
7883868
7871991
7862797
7849856
7840745
7827567
7819221
7806360
7797192
7783942
7774563
7762393
7753289
7740082
7730740
7717595
7709036
7695878
7686608
7673552
7663813
7651673
7642633
7629907
7618370
7605108
7596571
7583483
7573929
7560933
7552077
7539625
7530359
7517374
7508166
7494988
7486358
7473100
7463777
7450928
7441727
7425936
7415036
7401296
7391942
7379010
7370053
7357051
7347928
7334992
7325215
7312483
7302967
7285641
7275548
7262174
7253391
7240293
7231129
7218079
7208756
7195801
7186285
7173354
7164092
7151081
7142279
7129212
7119965
7106444
7093226
7080231
7070864
7057925
7048716
7035937
7027547
7014517
7004698
6991722
6982403
6970044
6960640
6947533
6938250
6923227
6914691
6901662
6890943
6875341
6865339
6852305
6843069
6829320
6820064
6806961
6797960
6784907
6776206
6763998
6754687
6742180
6732977
6719484
6710858
6698169
6690927
6677842
6669122
6656184
6648413
6637348
6628699
6615682
6606200
6594052
6585259
6572124
6562746
6550285
6539673
6528421
6519549
6506420
6497576
6484778
6476673
6465284
6456159
6444398
6436775
6425908
6418243
6406764
6398483
6386946
6379210
6367055
6359396
6342691
6333869
6322750
6310361
6298130
6290156
6276663
6268479
6254614
6246139
16111142
16094305
16066114
16057462
16045408
16037412
16023847
16016215
16004150
15996451
15983662
15975226
15961321
15952550
15941114
15933491
15921898
15914499
15901697
15893966
15881385
15872662
15861316
15849489
15833424
15825735
15813193
15806281
15793760
15784465
15773490
15765389
15754710
15747000
15735403
15725496
15712433
15705018
15693693
15686372
15674147
15664972
15653752
15645152
15633060
15624918
15613762
15605548
15593392
15585892
15574365
15564283
15552923
15544176
15530209
15519743
15504614
15495365
15481650
15472507
15460237
15450892
15439668
15432203
15420702
15412368
15400743
15393861
15380174
15372379
15360487
15352674
15341544
15332324
15320102
15309860
15295158
15287527
15276147
15266889
15255239
15242603
15230434
15221629
15210607
15198755
15186636
15178759
15166920
15158823
15145142
15136310
15124506
15116234
15103001
15093213
15080593
15073402
15061775
15053342
15040691
15032446
15021338
15012669
14999815
14991027
14978752
14970825
14958667
14949271
14936237
14915721
14903543
14893362
14880547
14868769
14854168
14844932
14832210
14821877
14808870
14799498
14787624
14778316
14762230
14751742
14739400
14730453
14718197
14709924
14698372
14690134
14678812
14670024
14658125
14649862
14638598
14631817
14618123
14609768
14597486
14589581
14577025
14567395
14555232
14546844
14534237
14524552
14512141
14504237
14492529
14484516
14473814
14464455
14452788
14445176
14433726
14426436
14414897
14406072
14393782
14386137
14376128
14368595
14354982
14347480
14335364
14327660
14314356
14306491
14293439
14285687
14268123
14259775
14247606
14238198
14222491
14214222
14202527
14194437
14181155
14173186
14162203
14154591
14142974
14134899
14123351
14115886
14104094
14096292
14084426
14076052
14064484
14055796
14043391
14035332
14023273
14015597
14003210
13995012
13982182
13973602
13962490
13954892
13942803
13934451
13923144
13916139
13901272
13892248
13880645
13872103
13860787
13850345
13838935
13830990
13819042
13811842
13799692
13791553
13779278
13767529
13756109
13748400
13736951
13729445
13717663
13710510
13695490
13686737
13675350
13667423
13656249
13647625
13636108
13626825
13614654
13607367
13595622
13587416
13576014
13568158
13557052
13549115
13536981
13528711
13517060
13509612
13497590
13489143
13477368
13461311
13446861
13436692
13422627
13412176
13398333
13389853
13377643
13368033
13354414
13343613
13329147
13320436
13303793
13293176
13279712
13269064
13256445
13246773
13230121
13218505
13205628
13195698
13181792
13169218
13148390
13131470
13115527
13105998
13092056
13080849
13066954
13057149
13041603
13032120
13018654
13007360
12992844
12983112
12969819
12960163
12947464
12937663
12923409
12913827
12900810
12891970
12878560
12868920
12855317
12846279
12833326
12823887
12810861
12801489
12789096
12780594
12766874
12756676
12743209
12733078
12719960
12709763
12696645
12687408
12673808
12665693
12652749
12643984
12630066
12617459
12604112
12593836
12580392
12570932
12557601
12548450
12535329
12526019
12504320
12491781
12478715
12469233
12456217
12446868
12433842
12424975
12411772
12402218
12389014
12379794
12366459
12356673
12343360
12328976
12315173
12306171
12292906
12283330
12270087
12260413
12247442
12237708
12224191
12214564
12200683
12190993
12177490
12167590
12154239
12144564
12131786
12122292
12108327
12098669
12085894
12077192
12064051
12054461
12041090
12031656
12018836
12009328
11995983
11986132
11972807
11963808
11950626
11941201
11927441
11917549
11904671
11895039
11881975
11872586
11859386
11849929
11836717
11827412
11813715
11804109
11791027
11779428
11765955
11756529
11743616
11735015
11721555
11711810
11698578
11688624
11675541
11666172
11652440
11642778
11629123
11620081
11606897
11596512
11583804
11573640
11559922
11551405
11538953
11529006
11515912
11507557
11494065
11485317
11471190
11461394
11448931
11438858
11425745
11415730
11402193
11393738
11380953
11371090
11352942
11342718
11329475
11319704
11305273
11294654
11281911
11272508
11258120
11247904
11232420
11222463
11208416
11198021
11184843
11175203
11162047
11151998
11138330
11128817
11115764
11106459
11093221
11084116
11071050
11058568
11045258
11036037
11022962
11013095
11000138
10990622
10977632
10968285
10954202
10944663
10930968
10922129
10908362
10898926
10885375
10876056
10862594
10853223
10840031
10830830
10817585
10808031
10794485
10785022
10771667
10761562
10748750
10739242
10726113
10716841
10703980
10695523
10682917
10674015
10661470
10652452
10640386
10631354
10617699
10608287
10595324
10586968
10574156
10564833
10552051
10543051
10530656
10521326
10508019
10498731
10485954
10477588
10464371
10455257
10442399
10433485
10421154
10412065
10398830
10389314
10371452
10359960
10346818
10337878
10324970
10315026
10302254
10292610
10278887
10269012
10255871
10246316
10233141
10223804
10210697
10201472
10189021
10179352
10166130
10156864
10143879
10135136
10121997
10112788
10099655
10090636
10078263
10069193
10056080
10046818
10034067
10025306
10012337
9997418
9984261
9975182
9962790
9953064
9939885
9930710
9917816
9908937
9896232
9887001
9874067
9864980
9852327
9843232
9830369
9821316
9808409
9799814
9787006
9777763
9764859
9755494
9743049
9733399
9720535
9711057
9697977
9689280
9674281
9664673
9651415
9642137
9629663
9620451
9607776
9598750
9585816
9576970
9564028
9554929
9541805
9532295
9519914
9510635
9497864
9488327
9475327
9465877
9452690
9443201
9430174
9420783
9404417
9394814
9381798
9372416
9359196
9350716
9337648
9328559
9315561
9306482
9294163
9284932
9272312
9263179
9250323
9241589
9228451
9219268
9206009
9196700
9184451
9174598
9161437
9151353
9138210
9129542
9116660
9107328
9094148
9084854
9072485
9062928
9049786
9040319
9027507
9018120
9004245
8994684
8979321
8970156
8957687
8948450
8935471
8926279
8913146
8904512
8890831
8881396
8868815
8859769
8847427
8838157
8825309
8816107
8803164
8794583
8781530
8769246
8756067
8746648
8734125
8724926
8711852
8702641
8689632
8681064
8668265
8658723
8645538
8636421
8623401
8614075
8601181
8592020
8578302
8569543
8556901
8547322
8534361
8524699
8511874
8501890
8488714
8479214
8466400
8457526
8444547
8429298
8415731
8406519
8393657
8384271
8370703
8360710
8346643
8337900
8324819
8315325
8302105
8290186
8277696
8268281
8254673
8244156
8231191
8222110
8208505
8198593
8185266
8175821
8163207
8153590
8140238
8131135
8117786
8109143
8096081
8087322
8073751
8064479
8052142
8042667
8029837
8020369
8007536
7998247
7984840
7975101
7961792
7951809
7938958
7929735
7916982
7907611
7894374
7885945
7872498
7863137
7850000
7840580
7827791
7818418
7805484
7795843
7782355
7773038
7760242
7750858
7738014
7727957
7715154
7706256
7693216
7683796
7670813
7661568
7648662
7639257
7626088
7616441
7603798
7592192
7578702
7569507
7556508
7547787
7531249
7521702
7508503
7499153
7486869
7477726
7461084
7451138
7437646
7428977
7415485
7405941
7392806
7383518
7371054
7361659
7348284
7339046
7325923
7317093
7303791
7294475
7281400
7272163
7259902
7250797
7237579
7228119
7215143
7206314
7192957
7183531
7170692
7161658
7149205
7139157
7126075
7116474
7102986
7093503
7080231
7070624
7057678
7048406
7035959
7026829
7013615
7004427
6991466
6982766
6969732
6960467
6947447
6938376
6926125
6916909
6903866
6892340
6878779
6870106
6857132
6847617
6834467
6825209
6812908
6803232
6789915
6780188
6767402
6758084
6744374
6734677
6721329
6711688
6699260
6690089
6676090
6666723
6653745
6644704
6631243
6621925
6609072
6599521
6586826
6577654
6564604
6555542
6542690
6534054
6521396
6511538
6498404
6484507
6471860
6462638
6449368
6440229
6427237
6418408
6405117
6395574
6382212
6372272
6359365
6350127
6336564
6327097
6313986
6305294
6289485
6279940
6266964
6257479
6244951
6235228
6221675
6212297
6197229
6187976
6174610
6165102
6151987
6142130
6129474
6120154
6106570
6097131
6083880
6074591
6061306
6051283
6037964
6028527
6016061
6006655
5993419
5984035
5970601
5961500
5948253
5938858
5925767
5916562
5904545
5895267
5882208
5873063
5859665
5850821
5837963
5828782
5815869
5806627
5794044
5784683
5771567
5762283
5749344
5740679
5727656
5718548
5705537
5695576
5683139
5673812
5660692
5651292
5638190
5629470
5616256
5606722
5593685
5584565
5571702
5561845
5548820
5539466
5526021
5513608
5497285
5487556
5474229
5464709
5452164
5442464
5429003
5419102
5405785
5396531
5383183
5373432
5360049
5350675
5338154
5328767
5315600
5306096
5293045
5284335
5271032
5261718
5247968
5238444
5225593
5215986
5202820
5193122
5179492
5170207
5156581
5147133
5133662
5124221
5111420
5101897
5088528
5079019
5065306
5052532
5038768
5029297
5016160
5006576
4993990
4984750
4971680
4962399
4948947
4940218
4926928
4917550
4904035
4894676
4881703
4872436
4858995
4849254
4836037
4826912
4813852
4802565
4789338
4780205
4767962
4758643
4745616
4736468
4723383
4714606
4701702
4692359
4679206
4669848
4657357
4648026
4634973
4625846
4612037
4603269
4590058
4580899
4567856
4558404
4546142
4531871
4518298
4508865
4495597
4486558
4473578
4464122
4451088
4441503
4429048
4419850
4406696
4397279
4383814
4375051
4361740
4352510
4339385
4330268
4317857
4308562
4295550
4286466
4273406
4264747
4251943
4242387
4229268
4219894
4207493
4198306
4185291
4176232
4163788
4155231
4142211
4133005
4119742
4108872
4096320
4086885
4073904
4064594
4051556
4043038
4030020
4021034
4008077
3998551
3985779
3976669
3963668
3954513
3941543
3933025
3920474
3911257
3898023
3889018
3876833
3867461
3854460
3845169
3832421
3821888
3808442
3799010
3785961
3776912
3764348
3755020
3742177
3732641
3719740
3711025
3697926
3688383
3675204
3666166
3654117
3644773
3632027
3622906
3609858
3601287
3588434
3579214
3562225
3550780
3539267
3531299
3517332
3507883
3494670
3485926
3472545
3463127
3450138
3440683
3428216
3416739
3403751
3394435
3381782
3373303
3360594
3351406
3338595
3329817
3317555
3308385
3295577
3286494
3273485
3264952
3252337
3242807
3229925
3220892
3208357
3199097
3186172
3176949
3164086
3155576
3142867
3133397
3120512
3111324
3099154
3090127
3077138
3067813
3054962
3046586
3033727
3024318
3011620
3002568
2990126
2980462
2966816
2956846
2943908
2935199
2922419
2913263
2899864
2890554
2877987
2868536
2855523
2846218
2833118
2824403
2811371
2801352
2788103
2778842
2766479
2757069
2744091
2733034
2719739
2711058
2698351
2689137
2675927
2666582
2654094
2645048
2632032
2622420
2605528
2596643
2578941
2569103
2556013
2546610
2534105
2524532
2511441
2502133
2488863
2480054
2466698
2456939
2443831
2434081
2421392
2411605
2398091
2388581
2375134
2366237
2353304
2344173
2330948
2321619
2308852
2299366
2286170
2276571
2263337
2253971
2240748
2231415
2218417
2209184
2196736
2187398
2174483
2164926
2151718
2142903
2129444
2120023
2107089
2097799
2085159
2075835
2062845
2053484
2038143
2029105
2015596
2004500
1990606
1980888
1966874
1956903
1943625
1934209
1920480
1910864
1896663
1885813
1872305
1862162
1849562
1840306
1827263
1817344
1802448
1792982
1779511
1769814
1755420
1744389
1731263
1721794
1708094
1698471
1684169
1673915
1658890
1648396
1634648
1624278
1610385
1594728
1580919
1570920
1557482
1548234
1534971
1524494
1510871
1501322
1488883
1478374
1463319
1452929
1439553
1429542
1416156
1406257
1392180
1382092
1369331
1359656
1345509
1334016
1316267
1306897
1290262
1280086
1266779
1257132
1243720
1233723
1220269
1210297
1196468
1185023
1169729
1159481
1145268
1133527
1119412
1107974
1094187
1082620
1066297
1053874
1037443
1025351
1010200
1000300
987210
976386
962205
952353
938946
927035
911303
900877
887630
874989
859818
850238
835854
824194
810905
798469
782017
772495
755511
744098
731272
720968
706785
695764
681184
670907
656972
648088
633463
618468
599201
587545
573495
563883
549434
540501
526538
16115629
16075277
16058865
16046708
16038857
16026480
16016089
16004250
15996866
15985082
15977474
15964509
15955815
15944820
15937156
15923626
15916117
15903326
15894947
15883576
15873445
15861698
15854071
15843188
15835163
15822458
15814909
15803207
15795891
15783503
15776202
15764785
15756010
15744417
15736801
15724333
15716044
15702344
15695481
15681549
15669963
15656830
15646461
15634120
15624702
15606138
15595304
15582957
15573908
15561451
15552438
15540598
15531487
15514350
15506040
15492372
15484279
15471621
15463365
15451822
15442459
15430838
15422602
15409911
15402235
15390472
15381189
15368446
15361038
15347699
15332998
15319591
15310000
15297049
15287885
15274624
15264795
15251857
15243857
15230890
15221983
15209165
15200559
15188546
15178444
15165080
15156036
15143426
15135531
15123065
15110053
15095877
15087316
15075397
15066275
15052925
15043852
15030761
15022055
15009070
15000375
14987591
14978325
14966260
14957805
14945616
14936458
14923898
14915782
14903350
14895368
14882613
14875085
14863397
14854451
14842332
14834144
14821170
14812723
14799985
14791020
14776921
14768437
14755759
14747341
14733936
14725691
14713411
14704900
14691501
14681887
14668890
14656902
14644400
14634441
14621413
14612316
14599555
14591086
14578064
14568503
14549629
14533428
14520787
14511573
14498456
14488896
14476017
14467436
14454480
14444983
14431952
14422677
14410225
14400553
14380991
14371575
14358619
14349950
14337102
14327622
14314460
14305450
14293041
14283929
14270795
14262011
14248507
14239960
14226266
14216514
14202884
14192263
14179189
14169531
14155067
14145242
14131996
14123567
14110971
14101946
14089267
14080464
14068125
14058763
14045042
14035570
14019838
14009861
13995563
13984757
13970490
13961361
13945734
13936164
13921879
13912852
13899561
13890670
13877619
13868256
13854645
13845450
13832812
13823595
13810870
13800241
13787572
13778304
13765395
13755781
13743046
13733574
13721311
13711886
13698716
13689484
13676377
13667023
13653568
13643554
13630270
13619974
13607223
13596453
13583430
13573771
13555178
13546375
13533396
13524419
13511164
13501078
13488773
13475896
13462115
13453117
13440159
13431663
13418836
13409782
13397103
13387735
13375594
13366027
13352944
13343561
13331034
13322196
13308785
13299462
13286676
13277076
13264382
13255212
13239809
13230576
13217677
13209160
13195627
13186319
13173175
13163970
13151559
13133498
13119777
13111127
13097019
13088092
13075629
13066562
13055011
13045696
13033655
13023809
13010680
13001212
12988439
12980495
12967519
12958580
12944720
12935370
12923050
12914732
12901616
12893718
12880098
12871469
12857672
12849409
12836732
12824664
12812172
12802268
12789581
12779342
12766732
12759281
12746601
12738155
12726793
12717734
12703030
12694445
12681499
12672596
12660339
12652590
12640324
12631049
12617219
12607053
12589841
12579445
12567070
12555150
12541419
12533174
12520866
12509747
12495713
12485060
12471306
12461404
12448654
12438561
12425022
12415256
12401706
12392136
12378414
12369022
12356210
12346397
12332621
12323628
12309906
12300410
12286693
12277332
12264320
12254885
12242258
12232616
12219071
12209801
12196715
12187799
12174523
12164492
12151223
12141108
12128149
12118047
12104444
12093974
12080579
12070588
12056012
12044190
12030304
12020978
12008083
11998919
11985778
11976103
11962965
11954180
11940697
11930043
11916759
11906458
11894045
11878066
11862945
11851138
11836644
11824685
11809491
11799713
11786763
11777843
11765563
11756225
11743157
11734163
11721307
11712828
11700215
11691010
11678512
11669383
11657343
11648357
11635643
11625467
11606797
11597964
11584895
11575628
11561947
11551747
11539239
11528370
11515350
11505049
11492004
11482053
11469171
11459532
11446896
11437052
11424837
11415341
11402556
11393047
11379915
11371133
11358333
11349211
11336076
11326854
11314440
11304839
11292023
11282690
11269648
11260949
11248036
11238833
11225766
11216699
11204533
11195087
11182091
11172896
11160149
11151460
11138397
11127118
11114085
11104961
11092465
11083093
11069733
11060152
11047089
11038541
11025534
11015163
11001722
10992026
10979417
10969891
10956515
10947057
10932946
10923960
10910398
10900571
10886897
10876171
10862278
10852246
10837144
10826090
10811083
10801806
10787042
10776322
10762777
10751940
10738935
10728264
10714157
10703938
10689446
10678978
10664325
10654793
10635533
10625123
10602855
10591945
10578070
10567657
10553925
10544876
10531588
10521908
10508789
10499332
10486624
10476331
10461624
10452110
10438364
10429688
10416364
10406474
10391368
10381716
10369096
10358900
10345410
10335183
10315292
10305827
10291848
10282161
10268658
10259475
10247105
10238018
10223988
10213285
10199917
10190715
10177470
10167892
10154275
10145015
10131903
10120673
10107300
10097876
10084415
10075274
10061650
10051926
10038384
10028089
10013766
10003741
9990083
9980567
9967052
9957732
9944505
9935388
9920677
9910970
9898537
9889194
9875656
9866418
9853020
9844061
9830812
9820375
9805379
9795458
9779780
9769194
9755399
9746040
9732639
9722051
9707809
9697843
9684049
9674073
9653690
9643774
9630549
9620104
9605346
9596595
9583313
9574055
9560268
9550280
9537316
9528188
9515052
9505292
9492012
9482979
9468659
9457600
9444171
9434544
9421969
9412694
9399188
9389587
9376278
9366416
9352391
9342032
9329007
9319340
9300753
9291052
9277668
9268748
9255654
9245762
9228529
9218865
9205350
9195684
9182941
9173497
9160027
9149287
9135273
9126365
9112659
9103063
9090007
9079553
9066848
9057479
9044621
9035220
9022349
9013752
9000549
8990981
8977534
8967912
8955281
8946125
8930615
8921414
8908689
8900054
8887126
8876990
8863357
8854142
8841446
8831619
8818379
8809021
8795699
8787000
8773531
8763687
8750547
8740975
8728142
8718926
8704700
8687838
8673819
8664306
8650545
8641384
8628717
8619087
8606704
8597491
8584689
8575407
8561489
8552075
8539286
8529704
8516505
8507389
8494952
8485260
8472238
8463176
8449381
8439899
8427007
8417175
8403704
8394183
8381692
8372377
8359333
8350078
8336842
8327485
8313869
8304283
8291251
8281591
8267595
8258869
8244877
8234979
8221834
8210709
8196976
8186298
8163415
8152469
8139797
8128465
8114550
8105188
8091776
8080878
8067402
8056804
8043600
8023440
8009532
7999672
7984596
7975515
7962139
7951636
7937370
7927881
7914518
7902367
7886364
7875793
7862412
7851615
7837523
7828263
7815578
7806502
7793156
7782986
7769883
7761322
7748865
7737094
7723681
7710266
7697077
7687217
7673743
7664066
7651202
7641402
7625074
7614981
7601641
7593145
7579250
7570283
7557252
7548327
7535727
7526048
7511509
7502024
7489248
7480163
7465985
7456296
7443162
7433765
7420976
7410946
7397123
7387173
7373795
7365020
7352131
7342595
7329581
7319942
7307371
7296533
7282665
7271629
7258359
7249489
7236404
7226510
7212648
7203228
7187348
7177249
7163946
7154430
7140883
7131383
7117302
7106054
7090486
7079525
7066144
7056856
7043816
7034369
7021616
7013155
7000224
6990956
6978004
6968292
6955733
6946485
6933401
6923311
6909989
6901138
6887801
6878280
6865035
6855786
6839937
6829674
6816364
6807182
6793815
6784868
6771899
6759190
6745880
6726598
6713686
6703427
6690215
6681144
6667923
6658901
6645479
6635982
6622747
6613659
6601163
6591625
6578362
6568866
6555503
6546977
6534285
6524946
6511855
6502260
6489934
6480530
6467818
6458377
6444826
6435831
6423221
6413724
6400890
6391843
6379607
6370238
6356720
6347196
6332561
6323798
6309769
6300176
6286374
6277098
6263651
6254480
6241540
6232309
6219482
6210878
6197806
6188719
6175654
6166913
6154835
6145419
6131790
6122312
6109509
6100531
6087558
6078005
6064736
6054508
6041521
6031914
6018289
6008618
5995306
5985585
5972158
5961565
5948040
5937920
5925242
5915400
5902156
5892460
5879484
5869847
5856703
5847208
5833578
5823095
5810602
5800248
5785679
5775617
5755838
5746496
5732166
5721543
5707019
5695702
5681675
5670915
5656160
5644773
5630089
5621014
5607482
5597843
5584443
5574525
5561682
5552429
5539907
5530373
5516635
5507950
5495681
5486561
5466069
5457190
5444109
5432648
5419700
5408781
5396260
5386045
5370610
5360684
5346668
5337185
5323091
5313751
5296619
5286309
5273371
5265261
5251983
5238903
5223808
5213835
5201224
5191810
5178150
5168267
5155298
5146971
5134294
5125075
5111806
5103888
5091627
5081886
5069324
5059459
5047309
5039295
5025971
5015477
5002915
4993483
4980369
4971563
4957856
4947559
4934773
4925769
4912943
4903103
4890800
4881242
4868911
4858339
4844826
4835619
4822460
4813508
4800010
4784832
4769501
4756504
4741747
4732453
4718656
4709660
4695653
4686622
4672645
4663311
4649591
4640325
4623636
4613382
4600317
4589552
4576733
4567451
4554152
4543983
4530862
4520133
4507513
4496726
4483467
4473258
4459812
4450940
4437688
4427529
4414182
4405120
4392362
4383058
4369641
4360606
4347742
4338946
4326231
4316825
4304033
4294829
4282456
4272693
4259918
4250359
4237436
4228745
4215658
4206298
4189830
4178991
4166420
4156496
4143449
4133442
4120443
4111585
4097792
4085461
4071927
4061795
4049523
4039641
4026869
4016967
4004179
3995191
3982112
3972528
3959360
3949994
3936890
3926269
3913295
3902767
3889492
3879062
3866025
3854932
3841665
3831119
3814387
3803773
3790556
3781291
3768432
3759630
3746540
3737604
3723245
3713927
3700785
3691477
3678390
3669248
3656192
3647315
3634190
3624189
3611159
3601321
3588363
3578459
3565334
3555285
3538646
3529625
3516562
3506872
3492914
3483128
3469830
3459661
3445657
3434541
3420574
3412052
3399359
3389954
3377246
3367976
3354486
3344547
3330895
3321642
3307779
3298756
3285569
3276236
3262677
3252853
3238410
3228892
3214600
3205124
3191433
3182210
3168345
3158889
3145201
3135937
3123608
3114604
3101667
3092555
3078580
3069934
3055594
3047684
3034864
3026127
3011979
3000874
2986376
2978504
2964825
2955680
2942311
2926039
2912223
2902516
2891207
2882479
2869964
2859973
2847120
2833264
2820511
2810845
2797644
2787929
2775324
2765482
2751427
2742192
2729404
2721312
2707744
2699851
2688047
2679268
2666778
2658640
2645505
2637388
2623792
2615616
2602520
2593653
2580635
2572071
2559145
2549882
2536455
2527062
2514740
2506834
2494597
2485379
2470211
2458609
2444256
2434537
2421788
2412780
2399565
2390527
2376777
2368493
2354758
2346609
2333799
2323146
2309748
2299077
2286029
2275941
2263005
2253616
2240244
2231287
2218868
2209858
2197181
2188145
2175321
2166773
2153713
2144321
2131396
2121752
2109203
2099571
2085540
2076132
2062537
2053428
2039764
2030834
2017394
2008123
1995039
1985874
1972703
1962944
1946336
1937386
1924311
1915087
1902010
1892579
1879833
1864638
1849338
1841238
1829544
1822164
1808035
1799477
1786493
1775077
1763621
1754080
1741270
1731210
1717882
1705780
1691139
1676071
1664221
1656161
1643112
1635162
1621119
1610535
1595616
1584428
1571970
1563217
1549925
1538072
1526169
1517446
1502413
1490488
1470549
1458510
1444801
1434922
1421012
1410518
1397344
1387997
1374026
1364686
1350799
1340604
1327151
1317318
1303603
1293317
1279545
1269768
1256364
1245229
1228968
1218243
1204025
1190647
1173575
1163690
1149572
1139254
1121434
1111313
1096203
1086551
1070994
1061284
1045268
1033746
1019272
1008239
992831
981154
965640
956286
942894
930162
915672
904001
890834
875979
861345
851383
837929
828545
814479
802051
788187
777609
764470
754555
741024
731545
715477
706544
692643
682759
669094
659322
646709
634930
619407
609880
596486
587497
570268
558536
543289
533580
520668
16126510
16095104
16080633
16066861
16059306
16046670
16037707
16026053
16015999
16003592
15995082
15982560
15969753
15955862
15940741
15926031
15917372
15905907
15898526
15885356
15876317
15863571
15854824
15841566
15833414
15821105
15810574
15797457
15788370
15776163
15766671
15753506
15744334
15731493
15722903
15709934
15700657
15687446
15678124
15665401
15656174
15642766
15633446
15620496
15612113
15599329
15590168
15577424
15568671
15556572
15547432
15535079
15525635
15512677
15504262
15491341
15476867
15462534
15453171
15440608
15427734
15410332
15398548
15384161
15374555
15359355
15350130
15336919
15327811
15315359
15306142
15292798
15283830
15271150
15262609
15249745
15240696
15228127
15218539
15206380
15196988
15184053
15174586
15161486
15152876
15139896
15130458
15117820
15108756
15096429
15087034
15074014
15064864
15051839
15043041
15029586
15020297
15007309
14998260
14986042
14977174
14963813
14954659
14941959
14933289
14920504
14911410
14898453
14887008
14872833
14863873
14851222
14842339
14829541
14820996
14807899
14798339
14785232
14776017
14763194
14753370
14739814
14730257
14716869
14705034
14691562
14681947
14669060
14659623
14647121
14637529
14624264
14615014
14600843
14591689
14578280
14568697
14555369
14545691
14532873
14523541
14510144
14496393
14481966
14472621
14459298
14450154
14436814
14427563
14415097
14405673
14392611
14383074
14369866
14360985
14345882
14334827
14321044
14311799
14298871
14289432
14276791
14267733
14255030
14246267
14233108
14223329
14210191
14200775
14188116
14178484
14165175
14155453
14141860
14133150
14119691
14110395
14097284
14088091
14075863
14066987
14054381
14045203
14032576
14023936
14011041
14001874
13988802
13979383
13966978
13957847
13945099
13935886
13922769
13914048
13900897
13891609
13878316
13869258
13856626
13847216
13834214
13825140
13812251
13801962
13787447
13778361
13765470
13755740
13744422
13736473
13725039
13717412
13705836
13696710
13682383
13673246
13658354
13648872
13636957
13627390
13614930
13604716
13590948
13579623
13565182
13553769
13539547
13528395
13510276
13499802
13486232
13477142
13459855
13451202
13438123
13428581
13415490
13406303
13393751
13384625
13371664
13362305
13349094
13340434
13327097
13317744
13304431
13295098
13282506
13272979
13257701
13247005
13233638
13224976
13212259
13203259
13190573
13181371
13168839
13159547
13146845
13137410
13124755
13116162
13103367
13094082
13081111
13072043
13059504
13050112
13036915
13027696
13014749
13006169
12993146
12983637
12970764
12961413
12948863
12939510
12926204
12916694
12903730
12894939
12882224
12873131
12860226
12850760
12838359
12829107
12816273
12807071
12794336
12785656
12772576
12763166
12749778
12740111
12727392
12717958
12701342
12691568
12678396
12669469
12656107
12646624
12633333
12624126
12611231
12601791
12588882
12579749
12566720
12558024
12544971
12535891
12516240
12508288
12497163
12489126
12477945
12469616
12448025
12438335
12416799
12407054
12394967
12387192
12375967
12367767
12355822
12344110
12329817
12320667
12306624
12296677
12284951
12277337
12266458
12258613
12246881
12237879
12221502
12211080
12197677
12187869
12174683
12161833
12147820
12138160
12124810
12115419
12102189
12093414
12079642
12069911
12056655
12047209
12034347
12024788
12011244
12001695
11988390
11979435
11966218
11956458
11943295
11933421
11920424
11910395
11896715
11883929
11867409
11855392
11839590
11826671
11811376
11801662
11788697
11778929
11765324
11755748
11742396
11733364
11720030
11710295
11697117
11687471
11674639
11665060
11651806
11642340
11629120
11617725
11603236
11593232
11579937
11570164
11557415
11542553
11527671
11517749
11503737
11494908
11481256
11471814
11458610
11449133
11436513
11427211
11414072
11404624
11391395
11382659
11369582
11359939
11346917
11337614
11324766
11315188
11302146
11292615
11279418
11270510
11257392
11248026
11235082
11225719
11213003
11203524
11189975
11180465
11167046
11158070
11144558
11135165
11121984
11112403
11099814
11090151
11075892
11064418
11050691
11041724
11028565
11019414
11006511
10997122
10984498
10974789
10961400
10946897
10932903
10923660
10910099
10900687
10887348
10878079
10865825
10856602
10843341
10833961
10820855
10811990
10799102
10789613
10776518
10767066
10754720
10745429
10732260
10723051
10709857
10700910
10687443
10677740
10664320
10654802
10642023
10632352
10618841
10609496
10595944
10587126
10574210
10565019
10545941
10535973
10520350
10510782
10497719
10488321
10475279
10466557
10453384
10443661
10430331
10420013
10407393
10397674
10384494
10374997
10361670
10352707
10339484
10329681
10315949
10306260
10293340
10283773
465502
451464
438603
429475
416738
407038
394316
384496
372279
362148
348987
338728
325592
315897
170173
16100933
16083852
16062679
16054296
16042056
16034131
16021141
16010721
15997984
15989693
15976615
15966994
15954500
15943606
15930430
15922292
15908266
15899175
15886603
15878114
15862774
15853478
15840863
15832275
15820222
15811354
15798753
15790370
15777146
15765306
15749585
15740376
15725837
15716254
15695635
15684873
15664372
15654401
15642294
15632255
15618896
15608937
15594866
15583752
15570289
15559470
15545071
15534607
15521659
15510674
15495834
15486500
15473519
15464709
15450584
15440813
15426761
15417195
15404436
15392823
15379248
15369757
15356319
15347408
15333789
15324018
15310512
15301587
15289455
15279171
15265565
15255903
15241945
15232828
15218829
15209583
15196729
15186140
15174316
15165536
15152581
15142840
15130447
15121035
15108722
15099007
15085904
15077345
15063826
15054858
15041884
15032121
15018043
15010186
14986252
14977150
14964809
14955838
14942068
14932949
14919733
14910019
14895533
14885618
14871488
14861702
14847628
14837846
14823954
14814288
14800390
14790750
14777775
14768197
14754445
14744252
14731597
14716120
14702138
14692321
14678785
14669771
14656405
14647968
14635023
14625530
14612111
14602517
14589821
14580004
14566681
14557118
14544071
14535078
14521880
14512176
14498548
14488792
14475826
14465982
14452569
14442960
14429281
14420347
14407049
14397951
14384731
14375265
14362622
14353438
14340534
14331540
14318765
14310181
14296986
14287469
14274216
14264802
14252320
14242673
14229243
14219806
14205384
14196351
14182796
14173080
14159300
14149598
14135893
14126311
14112314
14102937
14089607
14080562
14067520
14057830
14044672
14035565
14023217
14014044
14000358
13990462
13977366
13968441
13955096
13945413
13931129
13920016
13907213
13898089
13884393
13874739
13860241
13850345
13836157
13825789
13812206
13802479
13788568
13777676
13764048
13752762
13733164
13718640
13703710
13692744
13678394
13667388
13652837
13642114
13626966
13617765
13604672
13595659
13581878
13572321
13559502
13550677
13538458
13527958
13515691
13507259
13494215
13484348
13471490
13461755
13448916
13438522
13426112
13417047
13403645
13394509
13381240
13372896
13359166
13351236
13338120
13328451
13315525
13306633
13294602
13285411
13273077
13264956
13251289
13242456
13230345
13220298
13208908
13198421
13186055
13177050
13165542
13155664
13139873
13129932
13116336
13106902
13094562
13083309
13070286
13059774
13045823
13036324
13021746
13010427
12997502
12988405
12975233
12964594
12951596
12942130
12929586
12920293
12905396
12895351
12882006
12872567
12859629
12850183
12834773
12825225
12811305
12802259
12787186
12773008
12758256
12748403
12735300
12724995
12710955
12701033
12687910
12679076
12665242
12654771
12641054
12631495
12618951
12609363
12595790
12586164
12573075
12564126
12549917
12539639
12525818
12516215
12503577
12494130
12479579
12469631
12451347
12441656
12428237
12418626
12405277
12395708
12381895
12370954
12357758
12348489
12335509
12325531
12312485
12303394
12290189
12280854
12267896
12257917
12244705
12235103
12221694
12212838
12199465
12188676
12174960
12164480
12151215
12141731
12128093
12119223
12106735
12096770
12083447
12074962
12061914
12052538
12040685
12030975
12019237
12009434
11996694
11988387
11975607
11965474
11952735
11943368
11931932
11921992
11909660
11900448
11888200
11878920
11867076
11858101
11845343
11836271
11824673
11815093
11799073
11790511
11776477
11768066
11756270
11748394
11733747
11723746
11712233
11704260
11691190
11682631
11669303
11659578
11646409
11637221
11624661
11614380
11602545
11591065
11577513
11567527
11553803
11544437
11529325
11518101
11504564
11494320
11481038
11471422
11457105
11446799
11433288
11424234
11410664
11400895
11387650
11377350
11364734
11355320
11341510
11331437
11318233
11309367
11295359
11284713
11270287
11259448
11246820
11237447
11222813
11208759
11193990
11183055
11169458
11159778
11145866
11135484
11121108
11110937
11097605
11087988
11074281
11065293
11050474
11039845
11026412
11016758
11003395
10993145
10978713
10968669
10955161
10946118
10931443
10920330
10906994
10897526
10884748
10874998
10859892
10848735
10834995
10822342
10806458
10795955
10782356
10772703
10759225
10749074
10734460
10724861
10710706
10700523
10686359
10675469
10660530
10649213
10634505
10623048
10609385
10599764
10586631
10577906
10564957
10555030
10543406
10534471
10523216
10512957
10500184
10491703
10479768
10469957
10457163
10447322
10433704
10424485
10411395
10402238
10389092
10380856
10368368
10360760
10348734
10340289
10328893
10319613
10307458
10299365
10286908
10277578
10265248
10257606
10245129
10237294
10223421
10214501
10201725
10192360
10180090
10170938
10155888
10146893
10134449
10122415
10108956
10099957
10087174
10078640
10065575
10057694
10044627
10034513
10021552
10012047
9997509
9985756
9973998
9962490
9944962
9935423
9920769
9910902
9897530
9887391
9874203
9864470
9846681
9834610
9820726
9811056
9797025
9787121
9773897
9764019
9750692
9741226
9727825
9716612
9703618
9694312
9680716
9671649
9657150
9646373
9633396
9624099
9611018
9601632
9588199
9577945
9563719
9553654
9538911
9528139
9514606
9504716
9491375
9480756
9466722
9456468
9442758
9433774
9419686
9409212
9394463
9385050
9372247
9362122
9348585
9339858
9326423
9318669
9304422
9295044
9282337
9273305
9262007
9253397
9241695
9233556
9220536
9211312
9198447
9188714
9175962
9165774
9153674
9145051
9131969
9122415
9109922
9101562
9089553
9081490
9066461
9055852
9043812
9034825
9021724
9012543
8999774
8990717
8979063
8970187
8957176
8947268
8933070
8925116
8913151
8903867
8891174
8883509
8865658
8855423
8841920
8831255
8817040
8806091
8793305
8782812
8767857
8758277
8744946
8735531
8721375
8710616
8697033
8683238
8669646
8660231
8646625
8637268
8623920
8614461
8600614
8591163
8578143
8567187
8553747
8544213
8530495
8521108
8507433
8497681
8482795
8471885
8458795
8448802
8435417
8425706
8411471
8401440
8388402
8378967
8365537
8357724
8344891
8336453
8324540
8314872
8302216
8293604
8281612
8272835
8259599
8250476
8239043
8228195
8216031
8207780
8195263
8186465
8173497
8165599
8152806
8143472
8131346
8121596
8108763
8099532
8086887
8078956
8065289
8056932
8042604
8034085
8022106
8013238
8001399
7992551
7979976
7971150
7958009
7949652
7934370
7923203
7909872
7896030
7881532
7872414
7859774
7849570
7834892
7824755
7810824
7800645
7787075
7777249
7762671
7751190
7737759
7728843
7715468
7706005
7691175
7680072
7667372
7657995
7644310
7634949
7621242
7612502
7599092
7589355
7574417
7563501
7550528
7540773
7527002
7516314
7502839
7493874
7480210
7470552
7456264
7445509
7427900
7416440
7403151
7393570
7380293
7371083
7357784
7348347
7335331
7325868
7312490
7303017
7289860
7278789
7262875
7253065
7238200
7227297
7212760
7202068
7187264
7174795
7159095
7147315
7133376
7124251
7110956
7101648
7088076
7080542
7069391
7060282
7046587
7037036
7024491
7016998
7005339
6996717
6984712
6977034
6965868
6956934
6945477
6937348
6919820
6911165
6899216
6891347
6879832
6870227
6857550
6848660
6836545
6826983
6814394
6806982
6793924
6783760
6771678
6763668
6751612
6741732
6729025
6720688
6707645
6699687
6687585
6679429
6666116
6657389
6644292
6634477
6621374
6612891
6597928
6588785
6573437
6563191
6549598
6540049
6526184
6515907
6501650
6490750
6477325
6468075
6453535
6443120
6430037
6420661
6407227
6397840
6383702
6373677
6360683
6352012
6338275
6328084
6315240
6305549
6293126
6282732
6268070
6257576
6244323
6235027
6221435
6211565
6198280
6184017
6171163
6160452
6147908
6138109
6124774
6117336
6104394
6095416
6082407
6073179
6059444
6051696
6038802
6029593
6016896
6007843
5995066
5985198
5971355
5961143
5945062
5934471
5920873
5912155
5897881
5890158
5875147
5865500
5853590
5842549
5829224
5818844
5806222
5796893
5784765
5775388
5762349
5754122
5739955
5731622
5720546
5711511
5697684
5685765
5672546
5663176
5648387
5638250
5624753
5615380
5599705
5589176
5575559
5565447
5552159
5542732
5528347
5518497
5504905
5495419
5481919
5472160
5458719
5449268
5435030
5425463
5411901
5402615
5389642
5380432
5367243
5357957
5345061
5335823
5321654
5311870
5298815
5288657
5275575
5264805
5252282
5242266
5228675
5219160
5204622
5195251
5179971
5169741
5156078
5146062
5132579
5122132
5107691
5097559
5084323
5075405
5061244
5051635
5036972
5026951
5014364
5004840
4991711
4982019
4964575
4955201
4941784
4932103
4914058
4903969
4891343
4880947
4867575
4857625
4844294
4835296
4821750
4811689
4798153
4787812
4775017
4763951
4750842
4741433
4728642
4719807
4706816
4696673
4683479
4674042
4660830
4650555
4637539
4627771
4614502
4605206
4588584
4577226
4561921
4551319
4537998
4527333
4513422
4503079
4489740
4479686
4464576
4454824
4440858
4430897
4417651
4408181
4393584
4384120
4370563
4361820
4348568
4338666
4325661
4314828
4301457
4291901
4278318
4268364
4254643
4244940
4230031
4220118
4206094
4195749
4182353
4172821
4158099
4147277
4133211
4123513
4109688
4099532
4085837
4074686
4060461
4050966
4037600
4027909
4014494
4005417
3987265
3975365
3961851
3952184
3939446
3929345
3915803
3906115
3892895
3882506
3867921
3861672
3847777
3837322
3823664
3814318
3798998
3788920
3774939
3765626
3751737
3742143
3727492
3716546
3703849
3694171
3680389
3670749
3657785
3647489
3632654
3619990
3606290
3596413
3583575
3573622
3558315
3547593
3533824
3524709
3510967
3500637
3487274
3475754
3462538
3452290
3438625
3429050
3415386
3406392
3393224
3382549
3367619
3358308
3345565
3336395
3323149
3313504
3300353
3290064
3274455
3264312
3250906
3240458
3227142
3217443
3202181
3192377
3178563
3169352
3155266
3145344
3131708
3119935
3106696
3096689
3082727
3072875
3059368
3047904
3032598
3019141
3004704
2994872
2981942
2972775
2958033
2947006
2933723
2924384
2910662
2900649
2887178
2874900
2860653
2850243
2836538
2826420
2812778
2803825
2788124
2777868
2763983
2753205
2740132
2730534
2716302
2704679
2690945
2681469
2667811
2657976
2644572
2634937
2621587
2610594
2596235
2586387
2573329
2564117
2550369
2540129
2524627
2512969
2499694
2488762
2474744
2464752
2450841
2440192
2424736
2414565
2400753
2390850
2377326
2367448
2351037
2340810
2327200
2317904
2301137
2291070
2276277
2265010
2252069
2242779
2229340
2219313
2205984
2194825
2180157
2169924
2155809
2145151
2131692
2121494
2107421
2095720
2081632
2072172
2058018
2048113
2029425
2018555
2004219
1994284
1980588
1969844
1955808
1946938
1931992
1920960
1907599
1897719
1884132
1873979
1860940
1849391
1834321
1824906
1811023
1800971
1787227
1777387
1762836
1752947
1738831
1728343
1714329
1704498
1690640
1678872
1665355
1655366
1642098
1632380
1618743
1607864
1592292
1583375
1569388
1559436
1545847
1536405
1522966
1510763
1497411
1487687
1474030
1464584
1450872
1439148
1423858
1413904
1400291
1389851
1375729
1365642
1350088
1340230
1326031
1315989
1301760
1291852
1278762
1267272
1253394
1243500
1229519
1220228
1206472
1195561
1180495
1170645
1157419
1147370
1133409
1123873
1109218
1098314
1084564
1074369
1060554
1046794
1032513
1019788
1004503
994909
980957
968632
954436
943319
928308
917769
904470
894219
880481
871265
856879
846122
832511
822524
808791
798689
785453
774264
759090
748822
735076
725195
711134
701167
685554
675409
662059
651532
637244
627174
612866
601416
587623
577735
563804
553631
540728
529168
512730
502654
16035092
16019924
16001020
15987016
15973772
15960212
15947886
15937876
15925666
15916754
15902462
15893612
15880172
15871804
15859754
15848340
15836070
15826828
15814026
15804849
15791410
15783524
15770906
15761391
15749310
15740299
15729221
15720521
15708293
15700473
15688263
15681011
15667625
15657504
15645712
15638331
15624410
15614236
15602735
15594685
15580660
15572963
15560567
15552347
15540485
15530980
15517017
15507679
15495922
15486213
15474397
15466766
15453524
15444524
15433021
15423823
15412982
15405473
15392404
15384690
15373331
15366024
15353711
15346165
15334415
15326193
15314346
15306572
15295079
15283389
15269376
15261139
15246666
15236360
15223457
15214726
15203103
15193540
15181189
15171670
15159718
15143592
15130913
15121672
15108305
15100264
15087681
15077649
15065384
15056763
15042643
15034918
15022958
15013343
15001061
14990853
14979508
14971619
14959399
14949353
14937354
14929736
14917444
14907038
14895358
14887759
14876078
14866857
14854908
14846913
14833719
14825353
14812706
14804160
14792346
14784658
14770795
14760474
14748927
14740867
14728907
14720522
14707784
14699355
14687181
14678291
14666948
14657788
14645246
14636286
14624874
14617688
14604422
14596674
14584497
14575208
14561966
14551285
14537146
14528058
14515112
14502343
14488219
14478551
14464953
14455105
14441645
14431362
14417335
14406787
14393463
14384732
14371716
14361753
14348434
14339130
14326010
14315577
14302505
14293513
14280511
14271523
14258982
14249992
14236589
14226498
14213315
14203810
14190856
14177048
14162435
14152506
14139091
14129704
14116191
14106023
14092185
14082180
14065393
14056231
14042502
14033848
14019106
14008639
13995423
13986300
13973890
13964998
13952072
13943004
13930354
13920966
13906517
13896505
13883334
13874336
13861404
13851226
13838314
13828767
13815193
13806177
13792719
13782464
13769574
13761427
13748206
13738624
13724350
13716098
13702155
13693746
13680744
13670767
13657727
13647926
13636547
13627102
13614174
13604797
13591869
13582369
13569592
13559904
13546615
13536954
13524359
13514191
13500565
13492057
13477606
13469393
13455514
13445771
13432740
13422581
13409757
13398778
13385138
13375754
13362444
13353767
13340788
13331593
13317545
13306826
13293930
13284220
13269927
13260511
13247180
13238549
13224974
13214379
13195244
13185235
13172459
13162376
13148570
13138274
13124676
13115344
13101625
13091395
13077078
13066457
13052771
13043357
13029729
13019675
13004892
12994750
12981460
12971177
12957476
12948055
12934248
12924557
12911246
12901555
12888064
12878844
12865276
12855660
12841431
12831123
12817976
12805254
12791059
12781352
12767392
12757842
12743352
12732718
12718852
12708778
12695029
12684435
12670884
12661340
12647919
12638572
12624065
12614101
12601112
12591641
12579300
12569549
12556303
12546980
12532395
12522369
12509067
12499479
12485654
12475405
12462655
12453191
12439265
12429893
12416096
12406809
12392991
12383496
12370141
12360443
12345953
12336653
12323566
12314105
12300472
12289796
12274947
12264351
12249563
12238898
12220144
12209013
12194377
12182938
12168386
12157241
12141602
12131070
12117150
12106965
12091285
12080368
12065090
12055227
12041320
12031942
12017818
12007961
11994510
11983267
11969905
11960126
11946609
11937009
11923457
11913679
11899142
11889659
11876525
11867132
11854306
11844768
11831232
11821242
11807972
11796842
11781981
11771642
11757996
11748311
11734961
11725032
11710204
11700549
11686920
11677477
11663733
11653574
11638711
11629422
11616939
11606962
11593854
11584693
11571959
11563181
11549935
11540675
11527192
11517161
11501501
11490543
11476648
11466439
11452308
11442169
11427625
11417925
11404306
11392622
11379531
11369556
11355546
11345795
11332327
11322343
11307325
11297797
11284561
11275154
11262535
11248489
11234504
11223810
11210658
11201758
11188240
11178272
11164906
11154671
11140208
11130293
11116417
11106390
11092390
11083273
11068527
11056413
11042145
11032109
11018876
11008652
10995188
10984239
10969234
10960001
10946538
10936730
10922769
10913284
10900381
10889685
10875255
10865405
10851988
10842956
10829232
10819177
10805237
10794069
10781472
10771732
10757232
10747180
10733565
10723073
10708997
10699036
10684754
10674516
10661339
10650268
10635767
10625654
10612236
10602878
10589351
10579735
10565459
10555832
10543078
10533229
10519936
10510476
10497256
10486740
10473509
10463413
10449615
10439759
10426914
10417110
10402559
10392687
10378808
10369332
10355331
10345357
10331817
10321637
10308345
10297812
10283371
10269074
10254700
10245500
10232083
10222734
10209073
10195071
10181437
10171462
10157782
10148176
10134631
10124013
10109972
10099961
10086056
10075474
10057968
10046582
10032193
10023124
10007740
9999173
9982261
9973254
9959573
9946093
9930888
9921799
9906730
9894861
9882673
9871075
9856026
9845902
9833188
9820668
9808991
9799622
9785844
9777197
9761996
9752405
9737861
9726791
9712725
9703597
9690367
9680635
9665969
9654422
9641024
9631388
9616229
9605882
9591629
9581711
9567590
9556281
9542237
9533142
9519614
9510776
9498590
9487826
9474973
9464007
9450684
9440997
9426180
9416510
9402969
9394130
9380778
9371086
9357290
9347561
9334407
9324441
9310796
9296638
9282594
9273347
9259618
9249678
9235942
9225842
9213149
9203685
9190096
9180607
9167386
9158321
9144111
9134636
9121173
9111371
9098676
9089092
9075802
9066186
9052470
9042903
9029643
9019960
9006587
8996578
8983573
8973467
8959920
8950089
8936003
8926754
8913318
8903873
8887146
8876830
8863852
8854446
8841355
8831766
8818686
8810016
8797335
8788036
8774969
8765394
8752604
8743183
8729839
8720324
8706837
8697692
8683954
8674230
8660215
8649949
8637027
8627564
8613978
8604320
8589844
8580442
8566845
8557297
8544363
8534815
8522316
8512826
8500082
8490629
8477037
8469242
8456019
8446969
8434318
8424368
8411593
8401696
8388599
8378679
8364272
8356458
8342402
8333557
8315944
8306718
8293056
8284128
8270840
8261811
8250178
8241812
8228957
8219986
8208497
8199798
8189261
8180536
8169271
8161300
8150031
8142837
8129344
8120964
8109542
8101829
8087775
8078415
8065819
8055828
8041967
8032728
8018996
8008529
7994664
7983846
7970784
7961194
7947627
7938059
7923630
7914360
7901431
7891270
7877534
7867552
7854920
7845799
7832913
7823730
7810846
7802288
7789674
7780426
7765653
7754772
7742252
7732878
7719432
7708996
7695558
7686465
7672885
7659949
7646072
7636560
7623295
7613989
7601201
7591883
7578325
7569462
7556399
7547136
7534290
7524718
7512357
7503260
7489736
7480046
7467103
7458436
7444445
7434518
7420901
7411183
7398282
7388617
7373710
7362307
7344088
7334442
7320126
7309535
7295878
7286491
7272954
7263270
7245423
7235317
7221946
7213048
7199890
7190466
7175729
7162837
7150444
7140148
7127000
7115274
7102010
7091489
7077425
7065134
7049859
7035917
7019713
7007214
6990697
6978432
6962747
6953691
6940079
6930112
6916854
6906052
6893008
6882790
6869421
6860372
6847115
6838533
6825038
6815971
6804233
6795972
6782847
6774212
6760799
6751830
6740075
6731703
6719835
6709002
6696369
6685590
6673607
6665420
6652820
6644543
6631146
6623036
6610733
6600370
6588258
6577561
6565041
6556492
6543073
6534141
6521720
6514917
6500526
6492531
6480377
6471546
6458369
6449786
6437616
6429642
6415880
6407545
6391865
6383700
6361677
6351749
6337224
6327860
6314007
6301337
6286532
6275157
6261267
6250394
6235849
6225409
6212890
6203382
6190361
6181015
6166787
6158123
6144957
6135219
6121063
6110423
6097714
6088053
6074454
6064815
6049994
6039835
6023513
6013886
5999564
5989170
5973790
5961878
5947477
5937478
5923653
5913794
5900369
5890594
5877442
5868039
5854474
5843642
5830476
5821269
5807618
5797710
5784937
5775215
5761992
5752280
5738634
5728279
5714442
5704696
5690890
5681732
5667207
5656477
5642936
5632588
5619865
5610128
5595055
5584511
5570959
5561821
5548082
5539800
5526402
5516949
5504378
5495493
5483517
5473414
5460889
5452056
5439707
5430353
5417596
5408989
5393197
5382995
5369711
5359822
5346325
5336963
5324279
5313474
5300288
5289848
5276977
5268855
5255306
5245839
5232103
5222942
5209812
5201024
5187806
5178408
5166171
5157451
5143624
5134403
5121105
5109290
5097199
5087917
5075293
5065476
5051476
5042266
5028276
5018136
5004138
4995349
4979979
4970173
4955625
4945406
4930966
4920795
4906992
4897417
4883294
4873908
4860978
4851801
4837913
4827819
4815171
4806085
4792340
4782145
4768660
4759913
4746395
4736793
4722958
4712008
4698827
4688894
4674986
4665298
4650080
4640049
4626718
4616887
4602960
4592861
4579270
4570005
4556798
4547670
4533876
4525258
4512108
4502205
4489403
4480103
4467918
4458919
4445019
4434743
4418236
4408638
4394290
4383787
4370468
4360903
4347575
4337499
4322952
4311249
4297765
4288672
4275049
4264766
4249920
4239069
4226497
4217072
4203676
4194318
4179891
4170867
4157866
4147483
4133753
4123960
4111196
4101328
4088195
4078426
4066283
4057819
4043884
4035485
4022265
4013203
4001190
3990730
3978430
3969552
3955832
3947197
3934434
3924201
3912293
3903346
3890759
3882540
3870672
3862985
3846760
3839006
3827199
3819380
3806591
3798336
3787140
3778608
3765039
3755870
3742504
3732800
3721086
3710872
3697706
3689335
3677694
3667796
3655114
3645976
3634196
3625670
3612036
3602920
3590337
3582630
3570649
3559851
3547736
3538231
3523941
3515545
3502394
3491370
3477032
3466913
3454238
3439466
3424597
3414775
3401367
3391825
3377746
3367117
3352041
3340779
3327797
3318044
3303257
3292990
3278415
3269436
3255887
3245597
3231378
3221743
3209386
3199993
3185710
3176155
3162742
3153860
3140706
3131144
3117064
3106453
3093702
3083783
3070237
3060356
3045452
3034919
3020937
3011072
2996625
2986290
2972380
2962064
2948070
2938281
2924410
2915009
2899863
2888600
2874924
2865064
2851785
2841113
2827219
2817319
2802960
2791586
2777514
2765444
2750916
2739703
2725010
2712778
2697227
2683647
2667897
2658048
2643462
2633407
2618765
2609266
2594982
2586416
2572254
2559051
2545983
2536968
2524509
2514308
2501292
2491936
2478125
2464403
2451031
2441444
2427385
2419164
2405767
2395816
2382559
2372809
2360401
2350557
2337993
2328662
2315463
2306371
2292594
2283507
2271361
2261675
2249040
2240177
2228048
2218669
2205007
2197760
2185628
2174558
2162217
2153697
2141550
2132377
2120105
2109988
2098028
2088897
2074467
2063177
2049812
2040471
2026514
2017617
2002203
1992401
1978757
1969595
1954625
1943929
1929715
1919608
1906823
1897057
1882230
1871605
1858183
1849006
1835989
1826609
1813795
1804161
1792159
1781680
1768541
1759005
1745095
1736138
1722723
1712289
1697551
1687205
1674256
1665785
1651828
1642537
1630504
1621481
1608796
1600259
1587305
1577705
1565158
1556379
1543804
1532405
1518868
1509702
1496534
1486977
1468106
1457751
1445234
1435600
1421278
1411277
1397814
1388779
1374350
1363683
1349744
1339497
1326387
1316053
1298229
1287703
1273652
1264679
1250788
1241101
1226334
1215712
1201850
1192307
1178742
1168222
1154404
1145128
1131606
1121812
1107720
1094938
1080289
1069520
1055405
1045096
1031251
1021448
1007008
997139
981107
970753
957273
946890
932349
922052
907896
896775
882518
872501
858173
848170
835197
823706
808472
798806
785313
775840
762602
752979
737669
726862
713578
703671
689538
679112
665566
654623
640244
629815
615698
605052
591236
579418
563496
552847
538708
529356
515241
505071
487569
476906
462691
451168
437439
427419
16106730
16091244
16072383
16061279
16046170
16036842
16020753
16011668
15999096
15989290
15976414
15967354
15953475
15944779
15932636
15922427
15910686
15902732
15889627
15880089
15867687
15860281
15848078
15840097
15826145
15817002
15805570
15797930
15783375
15775623
15763206
15754729
15743242
15734549
15722483
15714077
15696603
15688506
15675086
15666057
15654033
15645430
15632591
15624742
15613036
15603534
15592104
15582953
15571103
15563126
15550116
15542455
15515917
15506058
15493997
15486286
15475174
15465663
15452298
15443667
15431675
15421742
15408940
15400372
15386412
15376114
15363163
15354477
15340856
15331050
15315780
15306641
15294577
15284803
15272576
15264069
15252203
15244063
15232388
15223492
15211886
15204185
15191907
15183965
15171115
15162679
15151285
15142705
15129490
15119949
15106834
15099322
15085115
15076886
15064678
15056637
15044218
15036005
15023527
15015726
15001128
14991954
14979366
14971106
14959405
14950499
14937703
14928337
14917066
14908062
14896610
14889330
14876105
14866075
14854432
14846013
14833775
14823067
14811130
14803147
14791187
14782211
14769217
14759464
14746203
14737765
14724964
14713950
14701337
14691086
14679242
14669951
14657098
14647486
14635402
14626033
14612352
14602089
14588467
14579439
14566068
14552541
14538816
14529395
14516182
14504018
14490872
14480943
14466884
14456958
14442733
14433655
14420577
14411449
14397365
14386430
14373934
14364691
14351874
14342667
14329575
14320970
14307889
14298085
14283994
14273844
14260968
14248358
14234079
14224120
14210409
14200984
14187047
14176931
14163173
14153475
14140640
14130682
14116907
14107034
14093164
14084000
14070929
14061170
14047943
14038350
14025549
14015721
14002805
13993434
13980470
13971778
13958582
13949090
13935718
13926163
13912844
13903628
13890077
13880362
13866947
13857320
13844112
13834202
13820401
13810450
13797552
13787851
13773467
13763408
13749692
13741012
13727824
13718319
13704760
13695191
13681947
13672366
13659453
13649153
13635250
13626112
13612628
13603108
13589433
13574660
13560813
13550771
13536683
13526988
13512703
13503192
13489227
13479230
13465369
13455517
13442329
13433372
13420259
13411008
13399187
13390196
13377602
13367886
13355142
13345269
13332905
13323260
13309499
13299908
13288375
13279068
13265318
13255690
13238443
13228512
13215099
13206631
13193593
13183980
13171506
13161114
13148536
13136829
13124398
13114034
13100247
13091873
13078447
13068466
13056188
13048410
13035203
13025234
13012414
13004100
12992027
12981920
12969550
12961415
12949060
12937927
12925985
12916407
12904425
12895069
12883051
12873527
12859211
12849843
12837259
12827935
12813764
12802700
12787865
12778145
12765650
12756341
12743197
12733916
12720711
12712103
12698379
12688269
12674962
12664966
12652325
12642786
12629828
12620384
12602345
12592730
12579072
12568997
12555265
12544971
12531215
12520685
12506767
12496413
12482704
12473684
12460263
12450277
12435840
12425735
12413083
12403513
12390238
12380799
12367976
12359290
12346319
12336984
12323909
12314406
12302060
12292418
12279106
12269548
12256239
12247352
12234364
12224738
12210887
12200926
12188271
12178711
12164998
12155106
12140875
12130663
12117416
12107633
12094199
12084574
12071886
12062470
12049407
12039996
12026879
12017759
12004475
11989072
11975649
11965025
11951531
11940693
11924611
11912582
11897411
11887002
11872100
11862631
11849274
11839775
11826820
11817332
11803357
11794535
11780532
11772640
11758773
11750604
11736258
11726981
11714769
11705244
11691703
11681804
11669069
11660617
11647424
11637292
11621061
11613051
11600578
11590493
11577473
11567943
11555564
11545594
11533075
11524165
11512398
11504265
11491840
11482367
11470027
11461506
11449605
11440052
11427384
11418208
11406376
11397287
11383467
11374190
11360493
11352510
11338428
11327331
11313952
11304500
11290157
11279717
11266159
11255751
11242282
11233107
11219363
11210469
11196516
11186845
11173159
11163785
11150131
11139280
11125430
11115625
11101841
11092491
11077123
11066683
11053245
11042147
11029162
11019465
11005056
10994632
10981301
10972400
10959388
10950108
10936221
10925825
10913019
10903236
10888935
10878608
10864070
10853830
10840479
10830722
10816306
10805959
10793143
10783593
10769935
10760227
10745684
10736719
10719272
10709666
10696375
10686487
10673215
10663819
10645767
10636074
10621465
10611294
10597785
10588379
10573806
10563323
10550590
10541212
10527220
10516665
10501205
10490969
10477495
10467834
10453403
10442693
10428347
10417517
10403718
10393451
10379875
10370307
10356984
10347022
10333752
10323971
10311597
10302068
10289061
10279618
10265625
10256981
10242550
10233526
10219269
10210546
10198319
10188737
10176097
10166391
10151234
10141354
10127095
10117210
10103871
10094443
10083050
10074983
10062546
10053730
10041237
10033750
10019634
10010707
9999176
9991606
9978261
9970079
9958664
9950266
9936266
9928876
9916213
9907242
9893948
9884984
9873360
9863951
9852496
9843482
9829164
9820713
9807486
9799665
9787771
9779148
9766254
9757073
9742483
9734170
9721147
9710285
9695162
9680888
9666655
9657288
9643527
9634327
9620829
9611500
9597258
9587523
9573417
9563120
9550112
9540498
9526236
9515409
9501629
9491922
9477992
9466228
9451995
9442098
9428547
9418605
9404288
9394757
9381124
9371579
9356948
9346726
9333695
9324274
9310903
9300509
9288052
9278314
9264874
9254886
9240221
9229941
9216479
9206487
9192128
9181659
9168835
9159197
9145410
9135668
9121096
9111346
9097086
9087423
9073426
9063699
9050016
9038673
9025597
9016336
9002838
8993053
8980153
8970663
8957545
8947370
8934728
8926124
8913917
8905913
8894043
8885200
8871767
8863410
8851311
8842156
8829641
8819624
8807671
8799061
8786940
8776757
8763909
8754854
8742928
8733590
8721657
8713076
8693940
8685745
8673511
8664333
8652952
8644370
8632872
8623925
8611665
8602293
8590216
8579923
8568144
8561055
8545868
8535574
8523389
8510659
8498937
8490210
8478512
8469265
8455646
8445321
8431391
8422163
8409365
8399402
8383927
8374156
8361084
8351938
8337576
8328125
8315033
8305904
8292815
8282933
8269788
8260176
8246995
8237641
8220501
8211480
8197580
8186851
8173253
8163721
8150985
8140979
8125765
8115244
8101447
8092532
8078669
8068591
8055160
8045454
8032782
8021875
8007670
7998175
7983005
7973639
7958563
7948132
7932637
7920611
7905574
7894063
7878390
7868255
7854289
7844784
7830685
7821016
7807159
7797245
7783716
7773768
7760353
7750900
7737089
7723670
7709835
7700382
7686880
7677129
7664500
7654772
7641440
7631843
7618264
7609334
7596212
7586581
7573292
7563315
7550440
7541077
7527652
7517702
7504154
7494823
7480738
7470864
7457427
7447455
7434349
7424727
7411095
7401612
7388353
7379204
7366092
7356813
7343502
7334105
7321256
7311231
7297959
7288614
7275491
7266441
7253758
7242989
7230664
7220809
7208794
7200370
7186752
7176825
7163360
7153382
7140196
7130151
7117354
7108789
7096123
7086923
7072964
7064570
7051017
7041838
7028614
7018289
7005699
6994799
6983719
6974670
6961547
6948604
6935486
6926110
6913716
6904979
6892563
6881681
6869893
6862087
6849753
6839339
6827479
6819589
6806812
6798553
6783068
6773570
6759808
6747334
6732539
6721996
6710266
6703097
6687515
6677520
6664033
6655560
6642791
6634237
6620061
6607304
6593778
6584937
6571518
6561866
6546635
6535532
6522678
6512852
6499413
6488935
6474766
6465139
6451740
6442153
6428633
6418926
6406385
6396087
6382029
6372816
6360007
6350816
6337150
6326867
6313682
6304538
6291570
6281634
6268036
6257544
6244304
6235577
6221093
6210408
6196757
6186802
6173970
6163842
6148645
6137441
6123437
6114268
6100530
6090964
6077035
6065952
6053193
6043644
6030214
6020366
6006229
5996351
5983193
5973737
5960860
5951321
5938898
5929419
5916289
5906535
5892999
5883456
5869368
5859483
5845658
5835794
5821576
5810780
5795765
5785876
5767661
5758612
5745066
5735901
5722598
5713377
5701677
5691621
5676691
5668090
5653961
5645281
5631616
5622769
5609208
5600545
5588196
5578745
5566030
5555717
5543052
5533776
5520738
5509691
5496112
5487773
5475837
5465760
5453675
5445621
5433772
5424465
5411775
5403029
5390994
5382069
5369709
5362073
5350250
5340328
5326369
5317983
5306070
5296614
5283993
5275159
5262063
5253497
5241890
5231468
5217673
5207688
5194468
5184064
5170737
5159494
5144536
5134615
5120798
5110901
5097653
5088616
5075377
5064824
5051524
5042343
5029563
5018994
5005605
4996434
4983427
4974023
4960717
4951080
4938035
4928501
4915494
4905199
4891529
4881940
4868421
4859155
4844788
4833981
4820118
4810366
4792451
4782260
4768524
4759018
4744886
4735202
4721830
4712131
4698966
4689776
4676097
4666798
4653948
4644944
4631018
4621454
4608900
4599466
4586331
4576579
4563881
4553338
4540385
4530854
4517676
4508482
4493535
4482536
4468793
4458993
4445924
4433302
4418731
4408546
4393217
4382555
4369211
4359725
4346062
4336438
4323971
4312904
4299621
4288262
4274190
4263054
4249292
4237904
4222279
4210469
4195806
4185859
4171900
4162213
4148247
4139819
4127681
4118111
4105763
4096595
4084264
4075044
4062283
4053221
4039815
4030980
4019218
4010631
3997354
3989453
3977048
3968711
3956943
3948065
3935631
3927712
3915358
3906125
3893393
3884772
3873655
3864067
3851303
3842146
3830615
3816007
3803566
3795194
3782524
3772423
3761068
3751587
3739386
3731514
3717011
3707879
3696270
3687888
3672741
3663378
3651626
3641816
3628287
3619888
3607094
3597528
3584693
3575396
3562363
3551343
3536804
3525101
3510870
3501230
3486774
3476424
3461903
3451670
3437410
3427284
3414072
3403713
3390353
3380443
3367485
3358600
3344749
3334296
3321084
3311541
3298539
3288371
3273869
3262715
3249458
3240130
3226583
3215861
3200823
3191359
3174792
3164838
3151011
3140283
3126094
3116795
3103252
3093765
3079713
3068369
3055374
3045828
3031946
3022431
3007687
2997530
2984206
2974103
2959832
2947265
2933106
2922945
2909469
2899647
2885962
2876665
2862635
2852602
2832377
2822184
2808384
2798196
2784183
2774487
2760951
2750168
2736373
2726345
2712802
2703096
2690473
2679694
2665190
2655818
2642473
2633558
2620285
2611001
2596484
2585351
2572221
2562441
2548756
2538269
2524863
2513451
2499349
2489142
2474860
2464876
2451449
2441057
2425431
2415658
2401395
2391816
2378511
2368586
2355102
2343757
2330780
2321146
2307671
2298293
2284626
2275665
2260507
2250755
2237038
2227189
2214458
2204906
2191152
2179054
2165307
2155714
2141080
2130789
2116817
2105384
2090453
2080424
2066679
2056828
2042890
2034057
2019253
2008161
1994510
1984662
1971832
1961811
1948594
1939399
1926118
1917239
1903460
1892296
1878441
1862530
1847909
1837425
1823094
1812864
1797475
1788160
1774185
1762878
1748849
1738803
1725492
1712925
1698778
1688491
1674584
1665288
1651681
1640573
1624697
1614800
1601909
1592122
1578210
1568692
1555068
1544293
1530720
1520723
1506965
1496311
1483145
1472211
1455736
1445975
1431728
1422401
1408280
1398342
1383442
1372195
1359185
1349290
1335851
1326374
1312529
1303273
1289731
1280158
1267086
1256056
1242773
1233121
1219618
1209413
1195765
1186466
1171007
1161158
1147589
1137419
1123789
1113565
1099329
1089454
1074729
1065298
1051325
1041126
1027265
1017334
1004305
992911
978995
968425
954941
945828
932524
922702
909271
899063
885064
871131
856697
846433
832215
823082
809559
797923
783688
773668
760112
749999
735825
724370
708580
699085
685044
674731
660847
650672
635851
624829
610892
600893
587025
577616
564003
552333
533992
523295
510033
500233
16142776
16117468
16096633
16087975
16075260
16067069
16052373
16043230
16031815
16022949
16008528
16000272
15987636
15979701
15967326
15956594
15944617
15936278
15923688
15914233
15901748
15893643
15881185
15873672
15861061
15853675
15842291
15832741
15821442
15813192
15800987
15792385
15780201
15772252
15760233
15751596
15736907
15727212
15715445
15705039
15692498
15683604
15671458
15663284
15649667
15639858
15627767
15619766
15606671
15597924
15585581
15577461
15564598
15555397
15543787
15535737
15521122
15511965
15500193
15492411
15478782
15469162
15456870
15448499
15437095
15427074
15414550
15406186
15394251
15383213
15367302
15357067
15343940
15335328
15322633
15312840
15300801
15291307
15279102
15270125
15256861
15248352
15235035
15221489
15208215
15198794
15184794
15176161
15163520
15153919
15141234
15128812
15115491
15105482
15090426
15080923
15067942
15057406
15043401
15033203
15019942
15009703
14994959
14986325
14962131
14952286
14939485
14928939
14915826
14905609
14887480
14877692
14863572
14854961
14842291
14833634
14818926
14810263
14796522
14787758
14772862
14761436
14742620
14733768
14720541
14710520
14697466
14687931
14675657
14666550
14653287
14643719
14629883
14621123
14606877
14596356
14583110
14573647
14560096
14548930
14535844
14526293
14512695
14503268
14489502
14479251
14465568
14455873
14443127
14433941
14420341
14410234
14397106
14388563
14375122
14365889
14352236
14343318
14330952
14320774
14307657
14298330
14285492
14276609
14262939
14246975
14233313
14223965
14210966
14201239
14185925
14175635
14161948
14152589
14139206
14130044
14116124
14106626
14093342
14083116
14070299
14061114
14048139
14039682
14022171
14012929
14000331
13991198
13979084
13969778
13956057
13945981
13932832
13923580
13910245
13900525
13885771
13874275
13861108
13851152
13837730
13828406
13814214
13803545
13790285
13780727
13766889
13757598
13745174
13736085
13721732
13711299
13698582
13686434
13671049
13660547
13646515
13634839
13620466
13609091
13594402
13582978
13569524
13560390
13544524
13533424
13517887
13508114
13495503
13483702
13468624
13459250
13444517
13433586
13418859
13408215
13393609
13382444
13368802
13358346
13343026
13331643
13317868
13307724
13293713
13274209
13260566
13250182
13237271
13226436
13211846
13200081
13185837
13175251
13159177
13147464
13133653
13122721
13108087
13096436
13082771
13071520
13055673
13046346
13032556
13022102
13008717
12996509
12983436
12973336
12960173
12950960
12937647
12927505
12914365
12903857
12889085
12877990
12864637
12854276
12838463
12828748
12814670
12802699
12788813
12778876
12762157
12752546
12739148
12726675
12712892
12703191
12687887
12678731
12665626
12653916
12638359
12629100
12614818
12605549
12592062
12582864
12569651
12560076
12546256
12534247
12520543
12509197
12494962
12485416
12473097
12462086
12448656
12440005
12425448
12415245
12400980
12388139
12372813
12362600
12348247
12338097
12318020
12308923
12289050
12278879
12265888
12255922
12243450
12235489
12222359
12213327
12201290
12191116
12178479
12170355
12156120
12147218
12134452
12123472
12109775
12100083
12084826
12076207
12062638
12052020
12038802
12028542
12015411
12005831
11992142
11982770
11969307
11960242
11947019
11937135
11923889
11914660
11902454
11893198
11879779
11870534
11857604
11848518
11835017
11825545
11812445
11802946
11790445
11778132
11764809
11755428
11741777
11733220
11719735
11709950
11696300
11686675
11673698
11664038
11651102
11641872
11628845
11619730
11606637
11597415
11584073
11574779
11561268
11552009
11538414
11529003
11515826
11507071
11493699
11484013
11470589
11460896
11447531
11436849
11422980
11413607
11399972
11390611
11376773
11367427
11354242
11344761
11327634
11317235
11303716
11294237
11281263
11272695
11259347
11250048
11237009
11227613
11214868
11205247
11192248
11182417
11169076
11159723
11146267
11135105
11121155
11109964
11095015
11083076
11069266
11049851
11033707
11023008
11007263
10997473
10984144
10974575
10961831
10953436
10941244
10930577
10917985
10909170
10895842
10885344
10873153
10863040
10850979
10840936
10826122
10816892
10802061
10792500
10779416
10770381
10756737
10748160
10735072
10725273
10712097
10702471
10688925
10678923
10664983
10655825
10641389
10633479
10620734
10611525
10599017
10590548
10578054
10569776
10556984
10549066
10535097
10526935
10513171
10503281
10490320
10478093
10464206
10454318
10440907
10431000
10417401
10407627
10394189
10384020
10371211
10356978
10342735
10329637
10314627
10304169
10290797
10281514
10268734
10258464
10245723
10236465
10222725
10213933
10201018
10191859
10177839
10166898
10154102
10144648
10131286
10121623
10107951
10098768
10085366
10075798
10061403
10050931
10036854
10026663
10012782
10003320
9989219
9979876
9966827
9957621
9942772
9931474
9919087
9909543
9896453
9887013
9874163
9865217
9851683
9840063
9826940
9817276
9804467
9794287
9776545
9765828
9751585
9742173
9728483
9718938
9704182
9693706
9680762
9670910
9657456
9647914
9634661
9625783
9612167
9599662
9585997
9576448
9562716
9553651
9540620
9531320
9517519
9507620
9494472
9484931
9471269
9461370
9448192
9437625
9424342
9412323
9398188
9377535
9360488
9347142
9331578
9320601
9306136
9295470
9282304
9271187
9256840
9247862
9233881
9224587
9211350
9201717
9188399
9178292
9162015
9151430
9136883
9127455
9112666
9102096
9087240
9077009
9061981
9050767
9034484
9022245
9008487
8999557
8985061
8974512
8959639
8951355
8937012
8927968
8913912
8903383
8889443
8877206
8861939
8848779
8830764
8810127
8794733
8782298
8764874
8753382
8738280
8728614
8714661
8703455
8688027
8678600
8665911
8655272
8641081
8631018
8615015
8603505
8589037
8579388
8564653
8553430
8538492
8528137
8514998
8505136
8490972
8481582
8467935
8458161
8444933
8435825
8422260
8402650
8388687
8378886
8365716
8357074
8342740
8332134
8318099
8308236
8295307
8285378
8270666
8259902
8246469
8237676
8224558
8214682
8199662
8189182
8166570
8157191
8142843
8132623
8119280
8110058
8096028
8085534
8071602
8061422
8045952
8036694
8023610
8013997
7998986
7988867
7975178
7965316
7951141
7941298
7927797
7917539
7904078
7894317
7880834
7872180
7857837
7846696
7833428
7822962
7810375
7801193
7787878
7778396
7765133
7755964
7741979
7731844
7718515
7708879
7694993
7685384
7671334
7661063
7647057
7635186
7619171
7608629
7593027
7583195
7569859
7560176
7546556
7537342
7522332
7513209
7500025
7491301
7478578
7470258
7458243
7448362
7431280
7420954
7408603
7399932
7387740
7379614
7366660
7357874
7345598
7336930
7320649
7310946
7297614
7288558
7275768
7265174
7252027
7244173
7232071
7222275
7209386
7199436
7185681
7178126
7165208
7155969
7143039
7134008
7117098
7108306
7094985
7085128
7070809
7061063
7047439
7036611
7022076
7012283
6998845
6988157
6974370
6964544
6950098
6940650
6925935
6916114
6902082
6892647
6878732
6868860
6855625
6846166
6831369
6821539
6808107
6798906
6785109
6774993
6761834
6752395
6739305
6729915
6716256
6706599
6692848
6683037
6669763
6659842
6646200
6636122
6622508
6612548
6595320
6585204
6571368
6561167
6547507
6537832
6525159
6515138
6501595
6492484
6479180
6469960
6450187
6440016
6426856
6417514
6404353
6394993
6382065
6372357
6358621
6349568
6336575
6326791
6312995
6302366
6287764
6276618
6262930
6253136
6238839
6228975
6215052
6204952
6191527
6182104
6168641
6159215
6144776
6135213
6122225
6112887
6099578
6090075
6076849
6067649
6054627
6044223
6031025
6021619
6007539
5998291
5984981
5975514
5961709
5951813
5938946
5929540
5915977
5905585
5890792
5880328
5863377
5852484
5838386
5825260
5811712
5801381
5787708
5777634
5764187
5754718
5738914
5728420
5712771
5703070
5691005
5679682
5665145
5654272
5640993
5630045
5616090
5605746
5591663
5581186
5566476
5556696
5543324
5533896
5520669
5511689
5499147
5484432
5470648
5461205
5445913
5433780
5421053
5409553
5391776
5380212
5360641
5348883
5335046
5324126
5310324
5300627
5286748
5278171
5265705
5257267
5242233
5232564
5217426
5206251
5193640
5185325
5172104
5160829
5146994
5138632
5124031
5113141
5096154
5086205
5071180
5059858
5046501
5037111
5023960
5014963
5001899
4992557
4979191
4969510
4955523
4944563
4931075
4921465
4907587
4897605
4883951
4874512
4860115
4849369
4836212
4826480
4812536
4802403
4788816
4778421
4764777
4755016
4741984
4732678
4719318
4708919
4695469
4686288
4672552
4663283
4647472
4637042
4623632
4614279
4600951
4591278
4577937
4568349
4554337
4545289
4530688
4520081
4497518
4486078
4472824
4463160
4448445
4437806
4423501
4414032
4400448
4390721
4376728
4365968
4350361
4340369
4327104
4315544
4300581
4291537
4276516
4266469
4252144
4241142
4227147
4216118
4200599
4189107
4174140
4165212
4151549
4140069
4126553
4116533
4102693
4092649
4076070
4064743
4051264
4042440
4029011
4019651
4006735
3997175
3986005
3977084
3965411
3956201
3942978
3934472
3921166
3912607
3899917
3890417
3878238
3870158
3858579
3849026
3836204
3828052
3814880
3806776
3794563
3786542
3773514
3764912
3752581
3743227
3731711
3723240
3710823
3702067
3689702
3680192
3669138
3657196
3643428
3632562
3619624
3612154
3599419
3588476
3575602
3567101
3555299
3543906
3526028
3514826
3500155
3489934
3476601
3466750
3452218
3441045
3426834
3417406
3403680
3394316
3380186
3369913
3356414
3346824
3333291
3323755
3309938
3300984
3288113
3278662
3264216
3254339
3239318
3224013
3210172
3200178
3186815
3176881
3162488
3152663
3137530
3128128
3114599
3104831
3091048
3079615
3066409
3056801
3043586
3033504
3019420
3009452
2996334
2985868
2971439
2961442
2948636
2938672
2925427
2913019
2899534
2891005
2876692
2867175
2852935
2843044
2829885
2820104
2806200
2796402
2782592
2773692
2759918
2745840
2729580
2715205
2699046
2688086
2674567
2661121
2644040
2633206
2618136
2605524
2588232
2577309
2559288
2544937
2529316
2517854
2503547
2492205
2475950
2464985
2445296
2431060
2414431
2401940
2386481
2374537
2356917
2342722
2325569
2309212
2288925
2279188
2263403
2249527
2233286
2222496
2209716
2200720
2184671
2173837
2157652
2147892
2134595
2124034
2110448
2098509
2083298
2068317
2053823
2041916
2026236
2013464
1999965
1988055
1972223
1959546
1945874
1935189
1919968
1907725
1894123
1884420
1871772
1860696
1846442
1834302
1820412
1809668
1789799
1775319
1761470
1749827
1735799
1721732
1708020
1696072
1680480
1668923
1655054
1644963
1631435
1620219
1605206
1593607
1575152
1563472
1547586
1537391
1523757
1512311
1496876
1486114
1472341
1461427
1446062
1434912
1421501
1410456
1396994
1387184
1372169
1361045
1348157
1336260
1320884
1308379
1294220
1283286
1267562
1252901
1236465
1224854
1208579
1198556
1182996
1171247
1155692
1146093
1132326
1122409
1108270
1097085
1081510
1071096
1056934
1045899
1030197
1020855
1006429
996446
982083
970026
955044
942995
928781
916717
900485
890927
875613
864096
847777
837583
821551
809803
793399
783610
768269
758448
744289
732243
718311
707888
693287
680869
665269
654413
639217
627043
611229
599979
578795
16160666
16128857
16113894
16101167
16093190
16080993
16072883
16059529
16051208
16037143
16029185
16017563
16008480
15994605
15985684
15972995
15963090
15949095
15937452
15923838
15914775
15901747
15888050
15871273
15863230
15850644
15840647
15827958
15817109
15804489
15795790
15781854
15772666
15757120
15745214
15728639
15717161
15696763
15686786
15672707
15663831
15649416
15640911
15627678
15618350
15602999
15594928
15582611
15572815
15559397
15551148
15535733
15526846
15513994
15506475
15493384
15484409
15473038
15463100
15448865
15440256
15428405
15419923
15407392
15398905
15385206
15376767
15361408
15352522
15340812
15330457
15317483
15309627
15296065
15288200
15276876
15270005
15257250
15248534
15236745
15228781
15216796
15206500
15194778
15187058
15173814
15166375
15152917
15144518
15132455
15124433
15111162
15103164
15090387
15082720
15070985
15062197
15049125
15040923
15027281
15017429
15005556
14996573
14984789
14976158
14964552
14956350
14943290
14924355
14908633
14898614
14881163
14869078
14855521
14845843
14831500
14822004
14808418
14798867
14784866
14774755
14760855
14749972
14736004
14725733
14712361
14703295
14689654
14679377
14665978
14656412
14642842
14632556
14618449
14608197
14594590
14585877
14572825
14563203
14550054
14540653
14528034
14518450
14503689
14493141
14479529
14470256
14456866
14447243
14434016
14424715
14411894
14403790
14391147
14381155
14367787
14360287
14346528
14336780
14324163
14314532
14302908
14293416
14280642
14270749
14258883
14251932
14239163
14230212
14217722
14209389
14194842
14187181
14173415
14161624
14148691
14138550
14125890
14115232
14102343
14092572
14079392
14070456
14057929
14047850
14034733
14024706
14011919
14002454
13989348
13980389
13969044
13953013
13940654
13931736
13919358
13910950
13897484
13885523
13871420
13861426
13849057
13838558
13824096
13813575
13800164
13791615
13776987
13766736
13751917
13741243
13728145
13718211
13704232
13693594
13668317
13659266
13646089
13636249
13623236
13613972
13600560
13591034
13577787
13567273
13554211
13544888
13531755
13522006
13507714
13496421
13483237
13473378
13459912
13450733
13436549
13424933
13410618
13400293
13386551
13377271
13362775
13352416
13339296
13330221
13317506
13308399
13294968
13285889
13272499
13262658
13249721
13239133
13225501
13216170
13203440
13194548
13180444
13170985
13157538
13146604
13133866
13124084
13110539
13101229
13086870
13077554
13063762
13054343
13040853
13031504
13017409
13006516
12988658
12978388
12964596
12955132
12942537
12933133
12919724
12910050
12900831
12890059
12875282
12864631
12851199
12841053
12825728
12816144
12799844
12789575
12774305
12763638
12749712
12740065
12726580
12717265
12703255
12691907
12678295
12668030
12655968
12646527
12634049
12622854
12610349
12601378
12588108
12578409
12565963
12555340
12541934
12532707
12518788
12509878
12495026
12487378
12474758
12464958
12452529
12442744
12431441
12421741
12404678
12396144
12381979
12373409
12361349
12351753
12339518
12331936
12320134
12310780
12298310
12288880
12276121
12268885
12256637
12245998
12232954
12222837
12208263
12197023
12182896
12172824
12158697
12149112
12135209
12124632
12111191
12101474
12088003
12078374
12065248
12055634
12041377
12032653
12013292
12003376
11990060
11978562
11964574
11954185
11940854
11931200
11917393
11908493
11895383
11884877
11870287
11858874
11846164
11836449
11822419
11812406
11797449
11788567
11774719
11765283
11751128
11741677
11728889
11719475
11704218
11695025
11682344
11673808
11660036
11650516
11636864
11627086
11614289
11604835
11591057
11581366
11567463
11557318
11543847
11533859
11520409
11510816
11497733
11487260
11473422
11463570
11449834
11440511
11426500
11418452
11403605
11393603
11380475
11370837
11356482
11347134
11334156
11325688
11311916
11302412
11289388
11280042
11264758
11254236
11240369
11230279
11216779
11207684
11192530
11181289
11167515
11150840
11137557
11127645
11114149
11104409
11090234
11080391
11067106
11057478
11039458
11029220
11015424
11005952
10992915
10983504
10969742
10959057
10945181
10933302
10918838
10905789
10891583
10879596
10864211
10852601
10836128
10825058
10809726
10798617
10783363
10773409
10759769
10749926
10737127
10727589
10713493
10704734
10690745
10678573
10664827
10651682
10637060
10627546
10612273
10599876
10584948
10574581
10559009
10546854
10532682
10519586
10504860
10491910
10474413
10464531
10449674
10440134
10426282
10417507
10403327
10393081
10377086
10363504
10345651
10330010
10313454
10300536
10281014
10269398
10251161
10241289
10227046
10216898
10203786
10191011
10174824
10164994
10149217
10137998
10122775
10112727
10098550
10088380
10069166
10059013
10044178
10034110
10020939
10011374
9997346
9987738
9973566
9963368
9949616
9939686
9925741
9916583
9903365
9893257
9879683
9868154
9855407
9845862
9832082
9821843
9808656
9799562
9786090
9771590
9757738
9747445
9733681
9722911
9709441
9699493
9683834
9675210
9661926
9652263
9638677
9629347
9616442
9606962
9593278
9583383
9569932
9560613
