10820770
10811094
10806054
10797304
10793171
10784480
10779757
10771326
10766679
10758628
10753893
10745084
10740374
10731879
10727731
10719980
10715368
10707135
10702329
10694634
10689927
10681588
10676803
10668238
10664408
10655883
10651337
10642832
10637835
10629739
10625124
10616786
10612031
10603549
10599423
10591106
10586404
10577974
10573146
10565342
10560654
10552221
10547358
10539184
10535006
10526549
10521784
10513175
10508391
10500463
10496192
10488128
10482819
10474117
10469957
10461558
10456754
10448306
10443465
10435470
10430675
10421981
10417227
10409244
10404905
10396080
10391185
10382590
10377745
10369763
10365021
10356669
10351658
10343169
10338863
10330241
10325320
10316578
10311825
10303868
10298986
10290466
10285260
10276817
10272429
10263648
10258955
10250390
10245594
10237471
10232576
10223897
10219173
10210639
10206654
10198097
10193408
10184915
10179927
10172013
10167276
10158668
10153787
10145244
10141174
10132516
10127939
10119582
10114889
10106808
10101916
10093199
10088444
10079814
10075647
10067219
10062543
10054248
10049510
10041590
10036819
10028373
10023588
10015306
10011146
10002496
9997836
9989443
9984563
9976627
9971525
9959753
9954177
9945628
9941353
9932752
9928036
9919476
9913911
9905702
9900821
9892246
9886238
9873768
9866754
9854977
9847858
9834287
9824790
9806772
9792950
9769639
9756185
9738533
9728431
9709823
9699536
9684102
9672785
9655444
9647160
9636144
9627549
9610330
9599213
9586845
9581660
9570489
9559415
9545361
9536664
9518902
9512496
9501759
9497691
9486606
9478572
9466750
9460888
9453982
9449839
9442028
9437760
9430671
9425793
9417409
9413323
9406093
9402437
9394597
9391227
9384309
9380314
9372352
9369413
9361653
9357274
9347339
9340299
9326124
9314383
9303810
9297104
9281656
9272575
9255363
9246178
9233813
9228163
9215141
9206999
9192620
9180839
9158185
9148845
9133834
9126418
9113418
9105613
9091278
9084934
9071250
9065519
9056007
9051381
9043547
9039820
9032507
9028306
9021584
9011808
9004099
8999529
8992148
8983891
8976288
8972437
8965422
8960661
8953941
8950245
8942862
8938621
8931776
8929063
8922261
8919045
8912015
8907571
8901018
8897700
8890701
8886385
8879471
8876772
8869904
8866735
8860044
8856831
8850460
8846479
8839511
8836117
8829264
8826501
8825161
8821010
8813823
8810225
8803622
8799658
8792380
8789227
8782340
8779260
8768505
16142814
16118015
16106159
16098886
16095308
16087805
16084132
16076835
16073638
16066639
16062875
16055536
16052068
16045472
16042016
16034680
16031155
16023787
16020660
16013501
16009944
16002587
15998617
15991715
15987783
15968916
15965016
15957741
15954586
15947608
15943827
15936268
15932698
15926138
15922569
15915391
15911911
15904838
15901971
15894793
15891216
15884040
15880401
15873818
15869973
15862954
15857732
15850307
15847189
15839653
15835768
15828330
15823692
15816608
15812984
15805699
15801847
15794575
15786518
15778334
15774600
15767046
15763512
15755191
15751547
15744180
15740274
15733158
15728944
15721462
15717634
15710296
15706645
15698938
15695290
15687922
15684293
15677130
15673170
15665495
15661588
15654438
15650613
15640711
15635113
15627363
15622076
15613761
15609088
15601806
15597240
15588148
15582484
15573820
15568681
15561211
15555878
15546551
15541896
15526130
15520339
15512057
15506485
15498106
15492955
15484102
15479113
15470274
15465787
15456836
15451864
15443031
15437944
15429478
15424427
15415448
15410367
15401522
15397159
15388350
15383225
15374293
15369314
15360897
15355716
15346862
15341522
15332665
15328062
15319095
15314077
15304565
15299507
15291039
15286022
15277246
15272112
15263291
15258573
15249641
15244521
15235317
15230121
15221783
15216723
15207763
15202590
15193792
15189166
15180201
15174923
15166083
15160870
15152586
15147621
15138559
15133415
15123604
15116752
15104200
15098500
15089612
15084403
15075084
15069339
15059684
15053801
15044421
15039084
15029995
15024462
15015558
15010395
15002123
14996730
14987120
14981402
14971973
14966989
14957841
14952777
14943742
14938585
14923740
14918146
14908541
14903302
14894327
14889335
14880293
14875041
14865310
14860061
14851659
14846206
14837389
14831892
14814667
14808747
14799736
14794234
14784326
14778190
14769387
14764131
14754270
14748568
14739213
14734613
14725738
14720383
14711636
14706327
14697799
14691814
14682346
14677087
14668181
14662872
14653260
14647327
14638514
14633340
14625014
14619662
14610199
14604546
14595064
14589851
14580642
14575253
14566145
14560999
14552615
14547227
14538314
14532723
14523559
14518564
14509458
14504273
14495141
14489790
14481364
14475947
14466897
14461485
14452659
14447498
14438315
14432770
14423962
14418923
14410315
14404763
14395700
14390381
14381488
14376706
14367685
14361919
14352539
14347327
14338799
14333692
14324706
14319360
14310371
14305709
14296412
14290901
14282225
14277099
14268735
14263328
14254063
14248054
14238595
14233700
14224816
14219446
14210752
14205627
14197189
14191946
14182954
14177851
14168897
14164152
14154914
14149095
14140090
14134950
14126639
14121346
14112356
14107211
14097789
14093122
14084092
14078588
14069115
14063326
14054416
14049008
14039818
14034575
14025670
14020885
14012001
14006675
13997860
13992322
13983521
13977837
13968892
13963604
13954507
13949832
13940944
13935502
13926639
13921594
13913072
13907672
13898784
13893437
13884438
13879408
13870461
13865081
13851418
13846065
13837177
13831888
13822837
13817514
13808740
13803672
13794773
13789242
13780438
13775383
13766992
13761706
13752447
13747111
13738183
13733528
13724785
13719048
13709403
13703430
13694834
13689635
13680488
13675237
13666033
13661339
13652270
13646753
13637653
13632400
13623754
13618076
13608499
13602783
13593757
13589111
13579659
13574131
13565303
13559913
13551487
13546163
13537306
13531900
13522265
13517078
13508268
13502748
13493689
13488351
13479637
13474174
13465264
13459839
13450544
13445180
13435750
13430451
13421337
13415998
13407192
13401957
13393212
13387953
13379177
13374553
13365597
13359687
13350341
13345111
13336395
13331156
13321984
13316654
13307659
13303163
13294412
13288966
13279868
13274379
13265677
13260196
13250911
13245672
13236617
13232009
13223182
13218050
13209110
13203956
13195247
13189514
13180133
13174937
13166035
13161426
13152551
13147240
13138473
13133180
13124945
13119464
13110323
13104561
13095519
13091026
13082256
13076749
13067953
13062626
13054427
13049038
13040200
13034771
13025240
13020712
13011861
13006616
12997773
12992580
12983999
12978680
12969945
12964653
12955633
12950534
12941582
12936254
12927381
12921991
12913539
12908140
12895944
12889743
12880403
12875771
12866707
12861313
12852395
12847756
12840532
12836411
12829215
12825450
12818099
12814832
12807491
12802589
12795105
12791615
12784644
12780987
12773608
12768780
12761313
12758324
12751154
12745673
12738331
12734515
12727363
12723610
12716184
12712422
12704855
12700931
12693509
12689744
12682626
12678752
12671766
12667810
12660436
12655996
12648286
12645021
12637589
12632598
12625169
12621686
12614604
12610823
12603451
12599729
12592519
12589270
12582137
12577492
12570253
12566294
12559352
12555395
12548045
12543244
12535682
12532348
12525059
12520198
12512721
12509202
12502208
12498477
12491092
12486548
12479101
12475875
12468685
12463986
12456840
12453277
12446508
12442679
12435344
12430574
12423019
12419831
12412364
12407634
12400270
12391538
12384103
12380077
12372543
12367784
12360376
12357047
12349964
12346220
12336972
12333281
12326414
12322611
12315003
12309994
12302575
12299444
12292498
12289040
12281883
12277403
12270466
12266666
12259284
12254585
12246966
12243888
12236837
12233399
12226078
12222185
12214355
12210545
12203353
12199570
12192290
12188361
12181212
12177527
12170246
12166765
12160044
12156436
12149423
12145805
12138634
12135407
12128446
12124991
12117849
12114397
12107739
12104055
12097078
12093445
12086129
12083009
12075864
12072248
12063800
12060292
12053565
12050009
12042829
12039075
12032027
12028668
12021463
12017673
12010202
12006761
11999707
11995634
11988336
11984746
11977540
11974135
11966814
11963263
11955603
11951925
11945186
11937979
11930321
11925312
11917623
11914286
11907234
11903530
11896230
11892555
11885813
11882163
11875119
11871635
11864276
11861026
11853916
11850396
11842988
11839318
11832746
11829144
11822000
11818365
11811175
11806979
11799716
11796090
11788903
11785274
11778697
11775000
11767714
11764115
11756842
11753937
11746899
11743066
11735778
11731018
11724196
11720420
11713221
11709467
11701118
11697910
11690591
11687124
11680007
11675327
11668225
11664602
11657329
11652737
11645150
11641967
11634511
11629788
11622441
11618829
11612242
11607798
11600379
11596640
11589382
11586294
11574744
11569219
11560141
11554855
11546487
11541181
11532339
11527237
11518348
11513493
11504557
11499288
11490333
11485009
11476288
11471354
11462286
11457221
11448124
11443505
11434589
11429212
11420236
11414790
11406330
11400966
11391879
11386767
11377861
11373204
11364410
11359047
11350172
11344855
11336403
11330933
11322065
11316970
11308062
11303327
11294383
11289177
11279860
11274673
11266477
11261325
11252219
11246984
11237801
11233071
11224273
11219064
11209965
11204852
11196673
11191344
11182111
11176784
11167681
11162985
11154125
11148771
11139871
11134823
11126075
11120796
11111964
11106762
11097566
11092738
11083897
11078663
11069606
11064435
11056149
11051109
11041918
11036719
11027587
11022843
11013885
11008707
10999804
10994498
10986111
10977738
10967803
10962343
10953166
10948482
10939429
10934250
10925055
10919938
10911822
10906616
10897789
10892703
10883682
10879024
10870154
10864825
10856014
10850688
10842119
10836575
10827632
10822410
10813181
10808445
10799670
10794487
10785627
10780471
10772240
10767208
10758341
10753101
10743749
10738959
10729990
10724620
10715395
10710239
10701840
10696562
10687642
10682263
10672828
10668013
10659104
10653792
10644582
10639340
10630699
10625492
10616699
10611534
10602343
10597488
10588763
10583412
10574023
10568800
10560315
10555193
10546336
10540874
10531649
10526897
10518125
10512917
10503861
10498666
10490335
10485110
10479575
10474473
10465515
10460765
10452029
10446676
10437771
10432546
10424239
10419091
10410037
10404845
10395862
10391226
10382423
10377172
10368160
10362933
10354634
10349364
10340506
10335388
10326241
10321714
10312756
10307607
10298539
10293297
10285031
10279907
10271027
10265878
10256805
10252097
10243219
10238088
10229013
10223816
10215414
10210128
10201450
10196408
10187473
10182917
10174163
10169028
10160156
10155086
10146619
10141314
10132517
10127274
10118397
10113631
10104637
10099545
10090641
10085659
10077393
10072193
10063399
10058169
10049262
10044557
10035711
10030454
10016100
10009910
10001169
9995812
9986482
9981131
9972099
9967401
9958321
9953063
9944185
9938916
9930370
9925329
9916054
9910908
9901683
9896787
9887607
9882249
9873240
9867952
9859650
9854425
9845074
9839980
9831125
9826368
9817357
9812019
9803146
9797864
9789833
9784700
9775497
9770317
9761502
9756912
9747945
9742905
9734241
9728907
9720685
9715352
9706325
9701243
9692443
9687786
9678855
9673654
9664552
9659388
9650966
9645836
9636690
9631424
9622307
9617645
9608640
9603362
9594309
9589064
9580343
9575112
9566180
9561067
9552302
9547436
9538436
9533238
9524001
9518749
9510320
9505286
9495980
9490689
9481765
9476959
9468011
9462728
9453993
9448601
9439987
9434686
9425344
9420169
9410985
9406090
9397209
9391908
9382926
9377529
9369238
9364031
9354645
9349305
9340425
9335735
9326837
9321634
9312751
9307452
9299205
9278640
9268563
9263803
9255400
9250839
9242532
9237880
9229557
9224855
9216968
9212207
9203754
9199014
9190611
9186448
9178711
9174109
9165691
9161129
9153437
9148803
9140385
9135901
9127679
9123468
9115703
9111046
9102569
9097984
9090104
9085531
9077168
9072437
9064207
9060038
9048608
9043234
9034525
9029882
9022114
9017613
9009054
9004402
8996009
8991727
8982683
8977932
8969384
8964774
8957051
8952399
8943801
8939296
8930654
8926122
8917169
8912307
8903990
8899249
8891301
8886807
8878156
8873523
8865228
8860920
8851960
8847301
8838864
8834201
8826598
8821661
8813249
8808407
8800091
8795723
8788137
8783616
8775398
8770708
8762993
8758282
8749841
8745076
8736677
8732381
8724349
8719601
8711048
8706442
8698589
8693917
8685596
8680899
8672777
8668500
8660890
8656339
8647992
8643350
8635620
8631167
8622680
8618039
8609409
8605054
8597433
8592844
8584510
8579961
8572225
8567591
8559147
8554444
8545934
8541943
8532934
8528378
8520016
8515246
8507494
8502737
8494102
8489430
8481043
8477154
8469477
8464785
8456226
8451481
8443629
8438837
8430022
8425420
8417106
8412973
8404885
8400263
8391639
8386932
8379244
8374565
8366060
8361399
8352940
8348672
8339575
8334994
8326490
8321656
8313872
8309106
8300689
8295892
8287365
8283266
8275463
8270869
8262392
8257612
8249717
8244870
8236471
8231699
8223338
8219154
8209978
8205533
8196951
8192346
8184608
8179955
8171555
8166812
8158550
8154274
8146459
8141809
8133380
8128653
8120906
8116303
8107647
8102929
8091322
8086385
8078274
8073460
8065144
8060356
8052560
8047869
8039391
8034822
8026355
8022027
8014418
8009899
8001518
7996996
7989292
7984563
7975974
7971175
7962761
7958765
7951063
7946331
7937886
7933172
7924979
7920379
7911811
7907144
7898810
7894779
7886952
7882298
7873904
7869144
7861562
7856927
7848533
7843924
7835578
7831507
7823818
7819296
7810789
7806084
7798230
7793449
7784965
7780258
7771908
7767759
7760021
7755306
7746861
7742202
7734348
7729525
7721055
7716377
7707970
7703551
7695682
7690988
7682391
7677614
7669667
7665050
7656431
7651720
7643412
7639319
7631834
7626996
7618613
7613780
7605903
7601363
7592615
7587944
7579504
7575331
7567301
7559540
7551105
7546162
7538367
7533669
7525312
7520452
7511677
7507650
7500149
7495474
7486835
7482025
7474215
7469446
7460911
7456179
7447886
7443750
7435756
7431021
7422522
7417404
7409633
7404975
7396722
7391946
7383537
7379449
7371421
7366751
7357899
7352982
7345191
7340319
7331641
7326825
7318364
7314080
7305219
7300222
7285602
7279050
7269812
7265089
7256730
7250887
7241873
7237267
7227746
7222961
7214438
7209391
7201437
7196147
7187732
7183127
7174314
7169569
7160623
7155829
7147415
7142362
7126866
7117154
7105748
7098245
7085219
7078114
7062529
7053737
7033228
7012776
6990606
6978568
6959795
6950082
6935366
6925476
6906289
6897403
6883560
6871092
6854794
6847366
6836444
6830703
6816567
6807519
6789874
6783139
6773063
6767505
6758169
6747094
6732536
6721629
6708700
6703138
6692935
6687434
6677308
6666283
6649588
6636999
6619045
6608809
6590625
6583641
6564137
6546093
6517688
6506940
6487058
6471642
6449323
6434833
6409318
6402410
6373602
6362430
6350735
6344278
6325921
6316947
6300597
6277011
6252683
6238763
6223949
6212183
6196585
6190471
6178324
6171481
6160081
6152425
6126846
6121260
6107588
6100511
6086884
6078977
6068024
6057698
6040419
6032201
6012182
6006464
5993601
5985636
5970955
5963937
5951364
5942604
5929581
5922443
5908796
5902724
5888227
5881724
5867804
5860595
5849558
5845293
5836921
5833190
5826095
5823118
5815820
5811778
5804638
5801468
5795051
5791502
5784632
5780421
5773670
5770604
5763834
5760658
5753708
5749166
5742746
5739720
5732716
5729330
5722666
5716959
5707694
5702427
5693688
5688726
5680514
5675294
5666730
5661767
5653218
5648607
5640787
5635807
5627260
5622183
5613799
5608920
5600274
5595396
5586673
5582429
5573281
5568263
5559813
5554733
5546755
5541971
5533723
5528831
5520301
5515701
5507991
5503303
5494943
5489792
5481975
5477200
5468399
5463734
5455206
5450716
5440630
5433548
5424267
5419177
5411347
5406480
5397550
5391361
5381458
5377129
5368070
5363328
5354926
5349668
5341427
5336350
5327983
5322935
5314545
5310227
5301350
5296768
5288052
5283068
5275152
5270355
5261761
5256875
5248320
5243677
5234600
5229912
5221117
5215987
5207975
5203013
5194555
5189741
5181076
5172693
5163248
5158355
5149712
5144882
5136973
5132225
5123576
5118663
5110251
5105950
5096968
5092074
5083757
5078910
5070989
5066121
5057842
5053122
5044687
5040518
5032925
5028151
5019595
5014873
5006743
5001960
4993242
4988314
4979867
4975639
4967379
4962433
4952808
4947744
4939664
4934847
4926374
4921246
4912726
4908373
4896702
4890991
4882387
4877414
4869606
4864615
4855744
4850589
4842085
4837658
4829971
4825228
4816507
4811064
4802985
4798012
4789485
4784519
4776102
4771779
4762847
4758176
4749398
4744475
4736648
4731693
4723021
4718054
4709572
4705247
4697267
4692296
4683827
4678714
4670786
4665823
4657194
4652271
4643720
4639441
4631438
4626651
4618122
4613197
4605261
4600445
4591918
4587032
4578346
4574175
4566241
4561335
4552772
4547755
4539893
4535073
4526612
4521649
4513035
4508879
4494441
4489162
4480854
4475916
4467834
4462942
4454437
4449393
4440849
4436728
4427838
4422909
4414435
4409541
4401497
4396628
4387925
4382977
4374433
4370321
4360891
4354626
4345928
4341052
4333209
4328424
4319725
4314665
4305972
4301825
4293112
4287881
4279201
4274210
4265777
4260547
4252140
4247259
4238646
4234444
4226606
4221545
4213016
4208137
4196353
4191041
4181648
4176505
4167767
4163493
4155845
4150759
4142224
4137473
4128939
4124212
4115544
4110605
4102211
4097856
4090337
4085303
4076601
4071886
4063852
4058983
4050210
4045445
4036823
4032567
4024942
4019859
4011362
4006492
3998411
3993485
3984812
3979992
3971557
3967250
3959288
3954411
3946023
3941048
3933080
3928000
3919237
3914370
3905583
3901287
3892116
3887022
3878569
3873792
3865779
3860670
3852065
3847028
3838347
3833984
3826171
3820586
3809003
3803804
3795735
3790960
3782393
3777294
3768632
3764282
3756217
3752622
3743886
3738987
3730779
3725704
3717236
3712293
3703908
3699465
3690183
3685130
3676130
3671281
3663024
3658078
3649687
3644688
3636426
3632050
3623760
3618612
3610042
3605052
3597054
3592135
3583639
3578724
3570225
3565520
3557417
3552439
3544007
3539047
3530747
3525894
3517242
3512426
3503905
3499623
3491784
3486899
3478321
3473079
3465161
3460061
3451555
3446740
3438026
3433721
3424689
3419732
3411279
3406350
3398442
3393634
3385073
3379923
3371483
3367296
3359023
3354098
3345350
3340514
3332553
3327532
3318972
3313978
3305514
3301174
3292311
3287260
3278515
3273494
3265672
3260631
3252122
3246877
3238393
3234007
3224950
3220043
3207620
3202548
3194569
3189547
3180820
3175896
3167256
3162667
3153594
3148560
3139994
3134933
3126705
3121796
3113291
3108260
3099625
3095187
3087292
3082230
3073822
3068973
3060820
3055989
3047270
3042267
3033721
3029467
3021698
3016628
3008119
3002936
2995040
2990009
2981297
2976546
2967874
2963662
2955611
2950799
2942372
2937451
2929367
2924374
2915861
2910998
2902550
2898156
2890215
2885335
2876971
2870014
2861001
2855915
2847248
2842225
2833752
2829432
2821215
2816343
2807713
2802900
2794704
2789788
2781448
2776441
2768045
2763501
2754304
2749456
2740972
2736126
2728003
2723090
2714451
2709552
2700956
2696591
2688824
2683811
2675335
2670393
2662424
2657528
2648905
2643940
2635557
2631168
2623345
2618206
2609473
2604492
2596468
2591709
2583174
2578387
2569868
2565646
2557798
2552776
2544254
2539333
2531088
2526223
2517639
2512693
2504091
2499823
2491813
2486536
2478143
2473202
2465126
2460141
2451548
2446673
2437965
2433737
2425969
2421086
2412516
2407634
2399455
2394798
2386322
2381500
2372996
2368751
2361057
2356272
2347828
2342899
2334801
2329906
2321366
2316439
2308052
2303737
2295779
2290712
2282286
2277401
2269172
2264204
2255612
2250816
2242343
2237839
2226885
2221323
2212505
2207625
2199614
2194721
2186116
2181340
2172812
2168303
2160634
2155700
2147205
2142294
2134179
2129447
2120974
2116186
2107624
2103405
2095580
2090426
2081834
2076865
2068898
2063965
2055441
2050546
2042037
2034681
2025725
2020418
2011930
2007200
1999195
1994149
1985608
1980632
1972057
1967749
1958590
1953761
1945184
1940248
1932408
1927551
1918953
1914115
1905645
1901389
1893394
1888712
1880085
1875093
1867104
1862058
1853177
1848263
1839801
1835155
1827169
1822319
1813810
1808711
1800697
1795685
1787213
1782129
1773772
1769100
1759957
1755123
1746644
1741740
1733580
1728731
1720292
1715194
1706816
1702429
1694692
1689905
1681357
1676437
1668393
1663562
1654784
1649875
1641135
1636556
1628591
1623627
1615071
1610021
1601997
1597194
1588684
1583879
1575044
1570461
1561236
1556364
1547724
1542686
1534637
1529623
1521102
1516267
1507600
1503232
1494025
1489093
1480336
1475236
1467281
1462204
1453673
1448735
1440206
1435776
1426547
1421758
1413197
1408262
1400397
1395667
1387260
1382438
1373964
1369639
1361409
1356598
1348143
1343332
1335478
1330380
1321809
1316859
1308358
1304030
1296245
1291370
1282734
1277722
1269673
1264774
1256367
1251276
1238990
1234299
1225127
1220250
1211661
1206722
1198817
1193864
1185135
1180316
1171720
1167359
1158443
1153444
1144840
1139570
1131624
1126671
1117958
1113134
1104293
1099730
1091848
1087047
1078198
1073140
1064972
1059728
1050973
1045991
1037313
1032908
1023592
1018135
1009432
1004532
996398
991637
983057
978212
969690
965226
957003
952111
943300
937962
929807
924946
916303
911331
902632
898245
888890
883973
875437
870315
862279
857287
848738
843795
835228
830606
822235
817290
808699
803702
795672
790708
782078
777014
768494
763986
755125
750283
741685
736834
728421
723431
714784
709942
701511
697112
689256
684218
675850
670884
662853
657922
649298
644365
635836
16160532
16136742
16126892
16119382
16115898
16109489
16106340
16099451
16096167
16089568
16085520
16078430
16075192
16068381
16065192
16058658
16055041
16048332
16045178
16038641
16036042
16029268
16026108
16019113
16015930
16008307
16004406
15997402
15993940
15987378
15984599
15978028
15974665
15967742
15964345
15958079
15954825
15948167
15943653
15936647
15933535
15926602
15923008
15916116
15910962
15904323
15900581
15893912
15889985
15882888
15880180
15873444
15869234
15861823
15858500
15851161
15847636
15840634
15837383
15829737
15826827
15820116
15816812
15806690
15801765
15795258
15792243
15783895
15778605
15768536
15764098
15747688
15742394
15734231
15729384
15721289
15716602
15707685
15702968
15694274
15690001
15682000
15677308
15668583
15663891
15655840
15650939
15642470
15637642
15629129
15625020
15617298
15612627
15604282
15599487
15591418
15586491
15577827
15573039
15564527
15560353
15551106
15546308
15537792
15532708
15524586
15519854
15511482
15506560
15498143
15493994
15486468
15481672
15473273
15468391
15460429
15455614
15446999
15442318
15433755
15429627
15422102
15417107
15408596
15404034
15396075
15391498
15382724
15377785
15369320
15365204
15357555
15352610
15344089
15339282
15331331
15326683
15318104
15313319
15304835
15300532
15292953
15287927
15279454
15274796
15266763
15261969
15253566
15248902
15240387
15236190
15228256
15223429
15204017
15197993
15189717
15185029
15176392
15171561
15162939
15158841
15151366
15146716
15138116
15133567
15125674
15121003
15112453
15107666
15099174
15095158
15087443
15082507
15073840
15069136
15061172
15056489
15048024
15043153
15034721
15030637
15023188
15018366
15009687
15005100
14997136
14992494
14983937
14979075
14970536
14966347
14958806
14953714
14945194
14940130
14932168
14927546
14918981
14914247
14905878
14901744
14893901
14889183
14880694
14876105
14868142
14863476
14854816
14849958
14841617
14837627
14829986
14825131
14816579
14811777
14803776
14798993
14790641
14785913
14777347
14773223
14765317
14760547
14752091
14747422
14739536
14734779
14726074
14721274
14712860
14708703
14700806
14695996
14687475
14682672
14674774
14670136
14661644
14656738
14648156
14643889
14636254
14631418
14622992
14618457
14610437
14605776
14597256
14592468
14584131
14579762
14572255
14567389
14558892
14554242
14546368
14541651
14533185
14528391
14519926
14515484
14507991
14503143
14494678
14489784
14481652
14477018
14468487
14463596
14455037
14450885
14443328
14438482
14430098
14425178
14417335
14412586
14404139
14398985
14390390
14385544
14377831
14372974
14364454
14359589
14350334
14342748
14332167
14327045
14318150
14313603
14304326
14298945
14290429
14285061
14276844
14271779
14263090
14258342
14245763
14240900
14231487
14226427
14217804
14213078
14205079
14199790
14191270
14185841
14177333
14172860
14164960
14159891
14151242
14146115
14138082
14133221
14121422
14115813
14106673
14101540
14091934
14085067
14073909
14068595
14060299
14054543
14045289
14039897
14031308
14027034
14019549
14014632
14006229
14001355
13993251
13988485
13978244
13972218
13961888
13957354
13947869
13942932
13934491
13929583
13921787
13916998
13908245
13902856
13893732
13888844
13879184
13874043
13865379
13860309
13851981
13846708
13837963
13832406
13823901
13818801
13811399
13808037
13799971
13795416
13787662
13784038
13776659
13772853
13765703
13757835
13749184
13742100
13723395
13716107
13708000
13703657
13695239
13689360
13682346
13677145
13660216
13654408
13647164
13643098
13634860
13629647
13621134
13615627
13605605
13600749
13591988
13586261
13577025
13571849
13562335
13557215
13548351
13543205
13534393
13528885
13519614
13514629
13505631
13500658
13492205
13486727
13477047
13471650
13462114
13455657
13446134
13441249
13432592
13427388
13419340
13414304
13405317
13399962
13390647
13386185
13376830
13371447
13362415
13357194
13348972
13344054
13335404
13330452
13321395
13316541
13307188
13302280
13293543
13283978
13274818
13270046
13261368
13255819
13246818
13242509
13233804
13228141
13218850
13213711
13205696
13200944
13192426
13186847
13178161
13173392
13164164
13158575
13149784
13144911
13136768
13131373
13122605
13117512
13109031
13104838
13096255
13091426
13082841
13077950
13070078
13065337
13056757
13051730
13042986
13038703
13029909
13024810
13016115
13010667
13002837
12998161
12989397
12984628
12976058
12972052
12963479
12958615
12950246
12945244
12937309
12932443
12923773
12918759
12910164
12905994
12896958
12891577
12882884
12877776
12869961
12864955
12856254
12851415
12842936
12838866
12830181
12824911
12815752
12810440
12802372
12797723
12788899
12783966
12775430
12771198
12762720
12757914
12749448
12744201
12735706
12730898
12722141
12717246
12708682
12704399
12695488
12684945
12675800
12670497
12662115
12657464
12648831
12644069
12635358
12630856
12622247
12617378
12608831
12603959
12595597
12590753
12581964
12577015
12568438
12564048
12555457
12550645
12541880
12537107
12529153
12524031
12515339
12510475
12501758
12497342
12488532
12483733
12475192
12470317
12462275
12457402
12448763
12443909
12435009
12430724
12422265
12417599
12409181
12404120
12396076
12391268
12382556
12377895
12369339
12365134
12356613
12351361
12342555
12337687
12329700
12321469
12312847
12308133
12299469
12294967
12286230
12281714
12272815
12267694
12259112
12254250
12245591
12240986
12232598
12228327
12219767
12215129
12206333
12201669
12193383
12188614
12180120
12175242
12167467
12163157
12155692
12151771
12144208
12140350
12133772
12129357
12121947
12118026
12109885
12106566
12099337
12095956
12087085
12082049
12073938
12068918
12060267
12055651
12047826
12044892
12037503
12033654
12025320
12022041
12015498
12012124
12004095
12000454
11992612
11988819
11981283
11977884
11970851
11965885
11959052
11955200
11947881
11943453
11936289
11933018
11925817
11921682
11913893
11909712
11903032
11899013
11891124
11887494
11879669
11874951
11867312
11863582
11856201
11852456
11844950
11840774
11833803
11828832
11820119
11816305
11809311
11805841
11798407
11794171
11787768
11784193
11776521
11772905
11765615
11761689
11754454
11750926
11742517
11738373
11731549
11728214
11721051
11717613
11709580
11706852
11700059
11696883
11688953
11685288
11678477
11674142
11667192
11663154
11656073
11653096
11646035
11642856
11635083
11631670
11624876
11621733
11614041
11610890
11603479
11599451
11592339
11588660
11581694
11577868
11571415
11567886
11561081
11557023
11549851
11546969
11538763
11535649
11528535
11524446
11517732
11514163
11507316
11503349
11496125
11493466
11486813
11482663
11475478
11472262
11466019
11461326
11454204
11450876
11441500
11436887
11428662
11423905
11415064
11410223
11401901
11397191
11388650
11383986
11375435
11367045
11357878
11353000
11344135
11339475
11331468
11326753
11318415
11313284
11304673
11300399
11291894
11286874
11278298
11273570
11265647
11261022
11252373
11247504
11238842
11234594
11225911
11221036
11212531
11207737
11199979
11195390
11186879
11182320
11173857
11169665
11161310
11156560
11148163
11143412
11135549
11130723
11122450
11117964
11109358
11105190
11096529
11091806
11083264
11078525
11070579
11065854
11057382
11052649
11043869
11039754
11031264
11026405
11017790
11013034
11005100
11000458
10992022
10987392
10978890
10974728
10966312
10961671
10953432
10948710
10940824
10936188
10927647
10923006
10914471
10910190
10901730
10896973
10888519
10883941
10876049
10871297
10862783
10858029
10849568
10845194
10836636
10831891
10823321
10818465
10810609
10806004
10797398
10792834
10784234
10780047
10771451
10766789
10758339
10753646
10745706
10741087
10732349
10727784
10719270
10714873
10706501
10701825
10693276
10688423
10680451
10675665
10667193
10662569
10654106
10649927
10641546
10636709
10628176
10623391
10615527
10610625
10602320
10597594
10589085
10584980
10576490
10571813
10563156
10558392
10550327
10545706
10537329
10532641
10524025
10519806
10511412
10506637
10498085
10493370
10485449
10480731
10472280
10467583
10458988
10454690
10446349
10441437
10432896
10428301
10420134
10415303
10403392
10397901
10388980
10384832
10371436
10366486
10357974
10353223
10345434
10340664
10332005
10327303
10318810
10314692
10305992
10301168
10292679
10287969
10280123
10275563
10267025
10262470
10253930
10249895
10241314
10236709
10228397
10223660
10215650
10211013
10202499
10197951
10189305
10185213
10176634
10171881
10163476
10158795
10150954
10146374
10137837
10133106
10124455
10120466
10111955
10107423
10098855
10094189
10086270
10081680
10073239
10068444
10059950
10055728
10047263
10042545
10033906
10029030
10021011
10016416
10007975
10003272
9994849
9990394
9981888
9977206
9968703
9963953
9956002
9951516
9942838
9938102
9929570
9925461
9916891
9912283
9903865
9899310
9891387
9886665
9877835
9873125
9864714
9860494
9851904
9847165
9838757
9834152
9826428
9821688
9813307
9808627
9799975
9795878
9787345
9782681
9774303
9769584
9761634
9756895
9748358
9743581
9735067
9730771
9722282
9717637
9709343
9704612
9696666
9692107
9683562
9678623
9669879
9665763
9657176
9652506
9644055
9639231
9631360
9626530
9618135
9613486
9604972
9600850
9592396
9587804
9579249
9574555
9566593
9561818
9553186
9548600
9540355
9536044
9527572
9522903
9514414
9509678
9501882
9497324
9488614
9483977
9475563
9471321
9462878
9458114
9446345
9440991
9432610
9427750
9419167
9414337
9405738
9401508
9392949
9387988
9379611
9374900
9366848
9362323
9353422
9348689
9340317
9336099
9327575
9322991
9314368
9309647
9301818
9296917
9288329
9283732
9275289
9271034
9262346
9257698
9249266
9244547
9236710
9231808
9223272
9218474
9209847
9205693
9197126
9192277
9183888
9179154
9171390
9166667
9158002
9153001
9145266
9142308
9135273
9130478
9121854
9117001
9109183
9104335
9095828
9090806
9082282
9077889
9068946
9064146
9055594
9050726
9042707
9037943
9029351
9024628
9016178
9011776
9003044
8998112
8989142
8983667
8975408
8970543
8961634
8956658
8947753
8943135
8930331
8923664
8913552
8907750
8898875
8893033
8884270
8879111
8869873
8865071
8855979
8851491
8842974
8838006
8830179
8825512
8816696
8811503
8802832
8798693
8789589
8784640
8775709
8771013
8762601
8757706
8748557
8743430
8734355
8730090
8721610
8715999
8707350
8702543
8693626
8688983
8680632
8675193
8665770
8661382
8652863
8647466
8638914
8634219
8626317
8620804
8612120
8607302
8598747
8594084
8585496
8580435
8571490
8566812
8558766
8553918
8545279
8540498
8532035
8527018
8518207
8513423
8504907
8500016
8491926
8483111
8473717
8468409
8459985
8455612
8446695
8441541
8432201
8423314
8414283
8409314
8400372
8395855
8387259
8383112
8374463
8369698
8361175
8356168
8347578
8342908
8334446
8329723
8321061
8316772
8308260
8303570
8295159
8290596
8282908
8278199
8269692
8264961
8256357
8251858
8243237
8238323
8229957
8225279
8217363
8212547
8204117
8199168
8190816
8186726
8178313
8173832
8165266
8160619
8152724
8147941
8139589
8134890
8126353
8122186
8113792
8109139
8100618
8096279
8088298
8083844
8075261
8070603
8061967
8057156
8048554
8043864
8035369
8030499
8022428
8017476
8008765
8003999
7995443
7991146
7982548
7977577
7968966
7964276
7956526
7951622
7942930
7938453
7929966
7921881
7913155
7908358
7900029
7895553
7887724
7882727
7874452
7869544
7861115
7857696
7849348
7842923
7832449
7827680
7819843
7814948
7806367
7801731
7793384
7789222
7780752
7776013
7767543
7762946
7755081
7750035
7741606
7736836
7728260
7724125
7715193
7710364
7701928
7697344
7689372
7684682
7676066
7671557
7663098
7658822
7650453
7645815
7637599
7632905
7625022
7620026
7611898
7607158
7598738
7594523
7585667
7580778
7572538
7567852
7559962
7555495
7547067
7542555
7529698
7524943
7516464
7512118
7505204
7501826
7495259
7491431
7484297
7479648
7472862
7470194
7463090
7458632
7451432
7447729
7441029
7436583
7429461
7426183
7419170
7416479
7409406
7406302
7398452
7394973
7388455
7384920
7378264
7374214
7367238
7364924
7357328
7353817
7341781
7336225
7328378
7324715
7318002
7312477
7304919
7301928
7295110
7291344
7283272
7279291
7272961
7269762
7262985
7255685
7248464
7245354
7237764
7233825
7226704
7223683
7216835
7212383
7204940
7201575
7194930
7191406
7184735
7181305
7174357
7170406
7164128
7161084
7154559
7151460
7144931
7141321
7134448
7130894
7124062
7120105
7113630
7110610
7103857
7099845
7093012
7090525
7083713
7079637
7072295
7068553
7062065
7057939
7050750
7047144
7039570
7036639
7029830
7024945
7017908
7014365
7008241
7004220
6996921
6994228
6987216
6983739
6976787
6973556
6967107
6964370
6958143
6954012
6947408
6944067
6937717
6934094
6926735
6923194
6916301
6911890
6905510
6902354
6894566
6892564
6886258
6884653
6877712
6874594
6866922
6863899
6857466
6854258
6846427
6843200
6833104
6827632
6819827
6815803
6807996
6804686
6797700
6793362
6786115
6782592
6775622
6772380
6765662
6762111
6751856
6747113
6738847
6733953
6725392
6720378
6711780
6707415
6698759
6693972
6685377
6680617
6672595
6667945
6659360
6654684
6646277
6641951
6633628
6628818
6620679
6615768
6607755
6603071
6590696
6585342
6576869
6572796
6563943
6559070
6550494
6545721
6537723
6532728
6524173
6519524
6511248
6507212
6498702
6493903
6485536
6480478
6472645
6467980
6459567
6454867
6446390
6442296
6433894
6429220
6420749
6416224
6408136
6403302
6394914
6389818
6381353
6377196
6368710
6363866
6355377
6350840
6343003
6338339
6329894
6325011
6316617
6312511
6301500
6295293
6286262
6281425
6273375
6268516
6259958
6255225
6246748
6242755
6234283
6229470
6220983
6216272
6208343
6203685
6195066
6190453
6181876
6177766
6169086
6164141
6155660
6150961
6143142
6138596
6130113
6125420
6116792
6112811
6104339
6099586
6090999
6086163
6078314
6073603
6065176
6060473
6052221
6048223
6039778
6035077
6026435
6021504
6013585
6008816
6000213
5995367
5986882
5982530
5973976
5969175
5960740
5956160
5948270
5943676
5935412
5930745
5922242
5917837
5909404
5904607
5896186
5891268
5883303
5878674
5870178
5865347
5856803
5852532
5844052
5839164
5830772
5825911
5817990
5813467
5804975
5800357
5791847
5787604
5778967
5774095
5763198
5758218
5750278
5745267
5736516
5731940
5723519
5719459
5710908
5706047
5697597
5692735
5684523
5679820
5671210
5666418
5651753
5647539
5639051
5630451
5621371
5616592
5608483
5603583
5595036
5590257
5581656
5577496
5568617
5563923
5555205
5550452
5542398
5537486
5528972
5524325
5515700
5511452
5502572
5497782
5489186
5484536
5476685
5472038
5463559
5458945
5450405
5445982
5437193
5432532
5424057
5419291
5411231
5406660
5398185
5393425
5384745
5380460
5372014
5367246
5358758
5353996
5346015
5341388
5332798
5328007
5319346
5315120
5306306
5301450
5293036
5288309
5280312
5275787
5267374
5262779
5254220
5249884
5238653
5233247
5224550
5219937
5211953
5207267
5198648
5194032
5185319
5180939
5172216
5167735
5158943
5154326
5146578
5141819
5133303
5128798
5120287
5116074
5107388
5102432
5093853
5089101
5081112
5076339
5067921
5063330
5054736
5050365
5041888
5037227
5028566
5023742
5015752
5011171
5002714
4998065
4989727
4985203
4976804
4972144
4963555
4959018
4950866
4946111
4937534
4932847
4924212
4919830
4911159
4906503
4897963
4893289
4885428
4880842
4872404
4867796
4859420
4855255
4846525
4841692
4833101
4828291
4820490
4815814
4807181
4802624
4794061
4789826
4781051
4776320
4767945
4763186
4755157
4750609
4742021
4737029
4728327
4723803
4715377
4710760
4699173
4693805
4685615
4680303
4668700
4663552
4654584
4650246
4641529
4636742
4628093
4623132
4615126
4610130
4601798
4596677
4588099
4583870
4575315
4570282
4561676
4557008
4549038
4544182
4535689
4531007
4522444
4518148
4509508
4504597
4495990
4491368
4483327
4478553
4470075
4465208
4456529
4452094
4443422
4438595
4429913
4425167
4417144
4412376
4403838
4399142
4390633
4386347
4377726
4372969
4364430
4359643
4351523
4346686
4338170
4333523
4325014
4320790
4312322
4307721
4299129
4294193
4285882
4280964
4272050
4267070
4257886
4253813
4244763
4239597
4227933
4222576
4213785
4208221
4198784
4193868
4185098
4180168
4171232
4166218
4157821
4153022
4145335
4140327
4131931
4126878
4118356
4113565
4102017
4094816
4083272
4076177
4063479
4055682
4039311
4026497
4008682
3998786
3985361
3976406
3960588
3952611
3942455
3935346
3917248
3907651
3894125
3889593
3878896
3869133
3850196
3839800
3827830
3822870
3813099
3800657
3787782
3777530
3758756
3752899
3740461
3735083
3722897
3718290
3710325
3706056
3692979
3688593
3675870
3671366
3664123
3660493
3653854
3649104
3641502
3637618
3629795
3625488
3617739
3614449
3607196
3603613
3597301
3592676
3585371
3581792
3574753
3571880
3564626
3560512
3552907
3548873
3542530
3538134
3531226
3527668
3519794
3516844
3508519
3504595
3497128
3493501
3485455
3480807
3472871
3467526
3459462
3456272
3448900
3444518
3437372
3434024
3427305
3421990
3413992
3410134
3402949
3399272
3391674
3387802
3380296
3376717
3369899
3366468
3358622
3355054
3347381
3343676
3336119
3332626
3324806
3320892
3314034
3310753
3302150
3297501
3290323
3287185
3280296
3276007
3268940
3264673
3256977
3252769
3245700
3241910
3234569
3228613
3220742
3215673
3207009
3202117
3193900
3188749
3180032
3175056
3166431
3162251
3153493
3148501
3139728
3134826
3126544
3121548
3112979
3097013
3087686
3083295
3074529
3069527
3060696
3055895
3047683
3042800
3034051
3028937
3020498
3016183
3007523
3002747
2994044
2989269
2980756
2975913
2967233
2962423
2953765
2949264
2940561
2935687
2927102
2922255
2914032
2909247
2900670
2895605
2886780
2882229
2873548
2868551
2859851
2854858
2846626
2841789
2833054
2827966
2819230
2814516
2805897
2800989
2792456
2787235
2779172
2774261
2765768
2760800
2751896
2747313
2738593
2733534
2724889
2715790
2707487
2702563
2693779
2688873
2680306
2676070
2667128
2662228
2653685
2648568
2640558
2635588
2626881
2621764
2613036
2608699
2600090
2595282
2586631
2581608
2573611
2568645
2559942
2554857
2546181
2541824
2532997
2528031
2519081
2513890
2505726
2500702
2491759
2486762
2477855
2473480
2464836
2459841
2450953
2445756
2437528
2432437
2423497
2418419
2409793
2405340
2396786
2391801
2382713
2377604
2369345
2364348
2355474
2350524
2341863
2337380
2328568
2323237
2314319
2309140
2301030
2296165
2287395
2282210
2273414
2269087
2260149
2254781
2246083
2240784
2232675
2227375
2218582
2213723
2204462
2199884
2191171
2186107
2177468
2172261
2164106
2158940
2150273
2145109
2136146
2131839
2123056
2118036
2109308
2104240
2096145
2091181
2082293
2077232
2068638
2064377
2055643
2050806
2042049
2036918
2028636
2023766
2014526
2009493
2000854
1996284
1987667
1982541
1973687
1968701
1960418
1955426
1946607
1941562
1932884
1928329
1919589
1914309
1905632
1900679
1892299
1887153
1878316
1873368
1864685
1860323
1851698
1846795
1838027
1832932
1824811
1819717
1810940
1806164
1797405
1792651
1784468
1779459
1770732
1765751
1757607
1752656
1743767
1738705
1726060
1721465
1712718
1707629
1698935
1692948
1684874
1679896
1671199
1666394
1657516
1653272
1644692
1639744
1630962
1625900
1617689
1612804
1604218
1599354
1590636
1586310
1577659
1572921
1564271
1559504
1551268
1546313
1537599
1532650
1523866
1519423
1510631
1505786
1497171
1492385
1484274
1479547
1471007
1465905
1457224
1452915
1444182
1439267
1430607
1425670
1417638
1412735
1403997
1398888
1390193
1385711
1376953
1371903
1363146
1358036
1349891
1345048
1336365
1331414
1322766
1318211
1309366
1304418
1295713
1290634
1282495
1277561
1268906
1264002
1255338
1250754
1242172
1237006
1228261
1223339
1215350
1210415
1201668
1196727
1188027
1183714
1175108
1170307
1161602
1156524
1148494
1143416
1134711
1130341
1123178
1118641
1110482
1105777
1097263
1092011
1083831
1078745
1070298
1065392
1056712
1052251
1043338
1038512
1029783
1024952
1016901
1011934
1003116
998258
989810
985355
976666
971646
962970
958069
949837
944968
936222
931518
922688
917949
909197
904221
895490
890444
882296
877455
868573
863678
854934
850502
841543
836721
827760
822528
814462
809406
800401
795551
786772
782347
773687
768827
760104
755220
23772968
23750714
23735446
23731989
23724670
23721765
23714538
23711269
23704237
23700929
23694421
23690447
23682212
23678341
23667488
23664740
23657896
23643588
23635614
23632071
23625364
23622055
23615104
23611679
23604665
23601966
23595185
23591764
23584617
23580040
23573661
23570037
23563071
23559462
23552345
23549469
23542452
23538881
23531902
23528271
23521993
23518744
23511706
23508100
23501279
23497024
23489853
23486898
23480040
23476541
23517162
23513965
23507303
23503605
23497033
23493819
23486913
23483379
23476354
23472641
23465245
23461758
23454363
23451487
23444943
23442264
23435079
23431470
23424132
23420381
23413811
23409261
23401775
23442030
23434913
23431219
23424045
23419810
23412320
23409106
23402591
23399409
23392311
23388635
23381866
23379180
23372186
23369089
23362415
23359217
23351775
23348593
23341649
23338401
23331409
23328203
23321453
23318419
23311727
23308609
23302486
23299300
23292342
23289312
23282600
23280108
23273097
23269130
23262269
23258729
23252332
23248868
23241739
23238475
23231807
23229142
23222362
23219110
23212228
23208723
23202417
23198273
23191410
23188090
23181399
23178661
23172013
23168988
23162131
23158950
23152762
23149719
23142833
23139571
23132094
23129162
23122446
23119223
23112575
23109317
23103061
23099765
23093049
23089835
23083041
23080318
23073691
23070613
23063820
23059187
23052611
23049240
23042327
23039116
23032151
23029400
23022245
23019214
23012305
23009257
23002840
22999492
22992727
22989840
22981495
22978585
22971514
22968375
22961781
22958683
22952629
22949469
22942425
22939139
22932491
22930036
22923002
22920113
22913262
22910177
22902431
22899046
22892136
22888972
22882220
22879588
22872682
22869532
22862970
22859614
22853456
22850349
22843580
22840648
22833968
22831356
22824522
22820472
22812940
22809575
22803223
22800250
22789098
22785447
22778839
22776065
22769627
22766589
22759775
22756555
22750310
22747268
22740572
22737244
22729181
22726360
22719714
22716619
22709829
22706465
22700160
22697328
22690536
22687394
22680369
22677731
22671026
22664715
22657681
22654547
22648251
22645391
22638739
22635851
22628915
22625962
22619102
22615961
22609424
22606261
22600096
22596039
22589050
22585921
22579201
22576382
22569514
22566247
22559688
22556666
22550328
22547335
22540454
22537321
22529526
22526448
22519307
22515838
22508727
22504610
22498191
22494837
22487966
22483726
22476570
22473630
22467126
22462761
22455276
22452090
22445195
22441116
22433756
22430141
22422900
22419371
22412170
22408295
22400434
22392485
22385544
22379882
22370731
22365856
22357504
22353130
22344312
22339355
22330417
22325808
22317813
22312991
22304376
22299232
22290965
22286434
22277972
22273073
22263996
22259245
22251103
22245668
22236972
22232014
22223212
22218202
22209564
22204660
22196149
22191258
22182952
22177841
22169011
22164158
22155591
22151058
22142120
22136903
22127606
22120664
22111398
22105818
22095830
22090850
22082001
22076817
22067380
22062234
22053233
22047621
22038249
22032261
22021870
22017092
22008422
22003935
21994763
21989619
21980831
21976053
21969327
21965875
21958699
21954808
21947836
21943804
21936084
21932857
21925668
21920687
21913776
21909925
21902586
21898300
21891276
21887862
21880207
21875934
21868456
21865041
21858488
21854933
21846849
21843353
21830200
21825713
21815778
21811883
21804682
21800438
21794074
21790810
21784493
21779015
21771493
21766756
21757591
21752832
21744702
21741332
21734406
21730811
21723618
21719139
21710833
21706478
21690586
21684880
21677535
21674211
21667924
21664856
21657743
21653973
21647045
21644166
21637843
21634096
21627149
21623756
21617176
21614027
21606055
21602698
21595322
21592289
21585317
21582347
21575299
21571763
21565366
21561899
21555102
21551786
21544502
21541682
21533992
21529661
21522608
21519022
21512580
21509207
21502478
21499323
21492996
21490202
21483562
21480044
21473352
21470243
21463819
21460646
21453794
21449454
21442406
21439177
21432331
21428992
21422076
21418889
21412519
21409518
21402538
21398710
21391794
21389016
21381997
21377465
21370793
21367762
21361314
21358165
21351070
21347628
21340975
21338187
21330983
21327821
21320055
21316813
21310495
21306344
21299384
21296064
21289021
21286176
21279085
21275745
21268699
21265479
21259206
21255988
21248928
21245569
21238139
21233861
21226542
21223341
21216362
21213187
21206838
21203725
21196461
21193242
21186620
21183646
21176797
21173728
21166690
21163619
21156926
21152537
21145245
21142159
21135166
21132233
21125405
21121892
21115069
21111602
21105290
21101655
21094845
21091589
21085124
21082399
21074585
21071259
21064156
21060901
21054077
21050647
21043768
21040700
21034039
21031324
21024601
21021527
21014794
21010402
21003682
21000727
20993778
20990443
20983664
20981110
20974270
20971121
20964426
20961229
20955203
20950791
20943985
20940747
20934064
20931563
20924901
20921537
20914874
20911485
20905008
20901509
20894667
20888782
20877757
20874722
20867291
20863789
20856517
20852024
20845151
20841867
20834949
20830543
20823435
20820446
20813362
20808813
20801898
20798473
20791904
20787541
20780708
20777241
20770129
20766504
20759294
20756059
20748826
20743091
20735569
20730509
20721557
20716426
20707901
20703464
20695608
20690612
20681554
20676670
20668369
20663386
20654776
20649962
20641455
20637099
20628950
20623613
20615161
20610263
20601695
20596724
20588182
20583397
20574876
20570608
20562826
20557599
20548829
20544034
20536226
20531378
20522642
20517831
20509301
20504978
20497064
20492181
20483606
20479296
20472717
20467751
20459278
20454226
20445663
20441271
20433117
20428212
20419619
20414608
20406653
20401827
20393219
20388549
20380064
20375838
20368024
20363263
20353703
20348811
20340857
20335977
20327456
20322146
20313706
20309564
20301929
20297153
20288185
20283327
20275225
20270292
20261771
20256870
20248247
20243901
20236278
20231493
20222915
20218142
20210136
20205116
20196578
20191467
20182629
20178285
20169092
20164137
20155790
20150931
20142933
20138138
20129393
20124446
20115885
20111619
20104035
20098984
20090320
20085142
20076935
20072005
20063397
20058461
20049970
20045776
20037868
20033079
20024556
20019678
20011506
20006621
19997962
19993138
19984672
19980265
19971100
19966063
19957471
19952490
19944605
19939648
19931285
19926348
19917564
19913401
19899576
19894433
19885859
19880976
19872776
19867685
19859126
19854135
19845752
19841518
19833588
19828797
19821061
19816475
19808409
19803669
19795158
19790526
19782109
19777841
19769849
19764895
19756133
19751274
19743285
19738512
19730183
19725383
19716919
19712545
19704657
19699616
19691058
19686123
19677951
19673102
19664266
19659329
19650791
19646301
19638146
19632962
19624330
19619303
19611121
19606393
19597701
19592751
19584050
19579689
19570459
19565491
19557069
19552160
19544092
19538972
19530442
19525653
19517045
19510365
19501154
19496228
19487870
19482938
19474902
19469885
19461266
19456478
19447844
19443304
19434436
19429687
19421140
19416214
19407959
19403113
19394466
19389635
19381090
19376577
19367469
19362659
19353841
19349043
19340898
19336020
19327431
19322518
19313950
19309549
19300725
19295887
19287629
19282767
19274655
19269669
19260835
19255804
19247368
19242868
19233712
19228784
19220079
19215395
19207260
19202511
19193900
19189027
19180395
19175919
19167822
19163033
19154646
19149886
19141955
19136979
19128419
19123512
19114682
19110196
19101181
19096143
19087707
19082826
19074958
19070308
19061707
19056872
19048371
19043970
19035999
19030993
19022420
19017246
19009438
19004424
18995703
18990516
18981685
18977422
18968552
18963551
18954344
18948727
18936164
18929451
18920177
18914751
18906372
18901950
18892600
18887489
18878518
18873621
18866149
18861336
18852858
18848049
18839745
18836166
18828897
18825224
18818449
18815328
18807900
18804444
18797683
18793382
18786422
18783477
18776403
18771889
18764696
18761261
18753514
18750155
18743139
18739860
18733245
18729180
18722038
18718329
18711353
18706845
18700189
18696873
18689926
18685336
18678289
18674928
18667833
18663590
18656557
18652844
18646509
18642220
18635075
18631832
18623006
18620098
18612829
18608516
18601416
18598154
18591469
18587164
18580070
18576448
18569575
18566022
18558916
18554972
18547140
18543963
18537564
18534440
18526899
18523734
18517019
18513260
18506187
18502825
18495926
18491599
18484951
18480513
18473489
18470209
18463467
18460435
18453100
18448602
18441543
18438273
18431463
18427155
18419946
18416321
18408296
18405051
18398465
18395186
18387550
18384246
18377750
18373700
18366829
18363494
18356686
18353021
18346032
18342448
18335139
18330829
18324311
18321102
18313387
18309986
18303012
18299078
18291731
18288219
18281260
18276997
18270618
18267231
18260350
18257079
18249855
18245653
18238502
18235078
18228087
18223970
18217502
18214191
18205039
18201383
18194011
18190242
18183358
18180012
18172931
18168276
18161456
18157606
18150619
18146198
18139225
18136374
18129618
18125369
18118272
18114882
18107262
18101552
18093804
18088716
18079901
18075551
18067009
18062220
18053105
18048261
18040111
18034991
18026588
18021815
18013246
18009038
18000552
17995688
17987052
17982227
17969918
17964301
17955207
17950331
17941650
17937288
17928711
17923722
17915264
17910292
17902268
17897490
17888758
17883893
17875267
17870968
17862205
17857437
17848614
17843791
17835846
17831045
17822253
17817403
17808638
17804351
17795338
17790451
17781758
17776652
17768577
17763640
17754867
17750104
17741628
17737120
17728305
17723046
17714503
17709638
17701689
17696726
17687880
17682868
17674279
17670003
17661266
17656415
17647720
17642736
17634552
17629700
17621124
17616079
17607469
17602824
17594307
17589660
17580769
17575790
17567749
17562125
17553500
17548402
17539931
17535482
17526899
17522105
17513525
17508685
17500483
17495356
17486522
17481676
17473210
17468876
17460353
17455399
17446954
17442058
17434179
17429369
17420609
17415833
17407365
17402994
17394465
17389527
17380744
17375995
17368086
17363204
17354409
17349266
17340623
17336203
17327574
17322820
17314253
17309354
17301137
17296274
17287642
17282877
17274213
17269911
17260840
17256093
17247555
17242515
17234579
17229684
17220829
17215829
17204685
17200376
17191726
17186799
17178081
17173035
17164924
17159739
17151102
17146280
17137645
17133272
17124500
17119543
17110866
17105807
17097609
17097302
17088765
17083795
17075028
17070665
17062082
17056953
17048425
17043366
17035373
17030670
17022060
17017080
17008528
16999878
16990952
16985985
16977171
16972047
16963986
16958926
16950220
16945297
16936555
16932017
16923498
16918785
16910329
16905328
16897145
16892165
16883675
16878877
16870196
16865778
16857416
16852336
16843707
16838586
16830335
16825559
16816825
16811941
16803290
16799072
16790380
16785291
16776635
16771503
16763578
16758782
16750100
16745195
16736607
16732322
16723710
16718833
16710090
16705129
16697166
16692229
16683694
16678711
16670091
16665663
16657138
16652456
16643926
16638626
16630509
16625796
16617177
16611968
16603204
16598809
16590383
16585610
16577269
16572417
16564290
16559454
16550914
16545924
16537286
16532779
16524231
16519258
16510864
16506007
16498005
16493245
16484656
16479699
16471139
16466816
16458380
16453527
16444966
16440040
16431931
16427157
16418581
16413598
16404884
16400600
16392127
16387238
16378822
16373907
16366077
16361026
16352464
16347533
16338962
16334371
16325787
16320839
16312129
16307193
16299037
16294192
16285554
16280700
16272128
16267829
16259166
16254098
16245245
16240200
16232260
16227404
16218910
16213821
16205205
16200949
16191944
16186985
16178437
16173614
16165364
16160321
16151814
16146645
16137810
16133421
16124703
16119923
16111298
16106350
16098103
16093252
16084794
16079323
16070791
16066552
16057852
16052856
16044272
16039356
16027596
16021915
16012932
16007867
15999284
15995010
15986266
15981356
15972854
15967921
15959631
15954671
15945891
15940874
15932263
15927799
15918933
15913697
15905133
15900164
15892157
15887417
15878786
15873807
15865044
15860542
15851633
15846552
15838134
15832944
15824870
15819981
15811340
15806190
15797666
15793271
15784579
15779199
15770341
15764935
15756832
15751824
15743237
15738239
15729629
15725344
15716530
15711652
15703156
15697816
15689690
15684747
15675898
15670814
15662270
15657793
15648810
15643840
15634993
15629982
15621507
15616417
15607664
15602757
15594269
15589839
15581074
15576240
15567504
15562416
15554130
15549265
15540113
15534728
15525998
15521551
15512990
15507949
15499151
15494021
15485750
15480740
15471802
15466422
15457664
15452831
15443210
15437412
15428558
15422903
15414267
15409339
15399290
15394285
15385503
15380762
15371329
15366414
15357827
15351815
15343581
15338596
15329533
15324898
15316147
15311555
15302472
15297466
15288774
15283688
15275529
15270609
15261458
15255481
15246276
15241755
15232012
15225026
15215725
15210017
15201375
15195819
15186528
15179451
15168373
15159261
15145544
15139299
15129778
15123282
15113801
15107753
15097755
15092446
15083307
15078632
15069697
15064163
15047175
15040811
15032900
15029043
15021473
15017416
15010183
15005901
14998547
14994192
14986640
14981906
14974744
14971324
14963331
14958840
14951104
14947814
14940225
14935468
14928188
14923464
14916307
14911901
14904071
14900602
14892993
14888716
14880987
14877189
14868740
14865411
14858399
14854650
14845815
14841608
14833930
14830185
14821553
14817225
14810077
14805332
14798368
14794967
14786127
14781409
14774058
14769699
14761907
14757744
14750495
14746245
14738082
14734329
14727240
14719692
14712168
14708374
14700903
14697608
14690532
14685108
14677807
14673499
14664809
14660896
14653255
14650230
14641760
14637766
14630346
14625008
14617062
14613688
14606605
14602485
14593881
14590849
14583393
14579600
14571299
14567850
14561438
14556160
14548901
14545138
14538123
14534331
14526530
14522059
14514668
14511294
14503385
14499551
14491953
14487518
14479610
14476366
14469343
14464564
14457224
14453597
14446927
14442539
14435269
14431723
14424564
14421411
14414317
14409823
14402027
14398360
14391443
14387868
14379892
14376226
14368962
14366114
14358348
14354491
14347075
14342563
14335726
14332232
14325061
14320596
14313400
14310635
14302775
14299416
14292179
14287891
14281159
14277766
14270521
14264294
14255408
14251004
14242809
14238000
14229233
14224446
14216154
14211307
14202824
14197996
14189567
14185348
14177722
14172816
14163908
14159089
14150903
14146026
14137368
14132399
14123989
14119474
14110905
14106084
14097486
14092507
14084398
14027875
14017887
14012771
14004088
13999366
13990830
13985846
13976903
13971811
13963890
13959002
13950313
13945583
13936793
13932299
13923832
13918884
13910230
13905170
13896963
13891672
13882733
13878008
13869203
13864880
13856284
13851316
13842740
13837957
13829908
13824765
13815981
13810906
13801836
13797509
13788787
13783677
13775019
13770125
13762060
13757133
13748583
13743538
13734739
13730138
13721640
13716627
13707594
13702663
13694465
13689436
13680917
13676008
13667268
13662550
13653956
13648883
13641004
13636071
13627768
13622975
13614161
13609246
16177777
16168592
16150896
16147380
16138310
16133905
16125873
16122830
16112868
16109444
16100415
16096951
16088593
16085374
16075643
16068910
16060189
16055334
16044270
16039601
16029053
16024944
16015283
16010626
16000137
15995348
15987360
15982763
15974227
15969228
15960808
15956575
15948733
15943991
15935435
15930639
15922662
15918261
15907905
15903137
15893220
15889082
15877186
15872348
15861863
15857122
15847223
15842734
15832566
15827833
15817185
15812977
15803089
15798387
15788442
15783354
15773636
15769027
15759071
15754228
15743536
15739560
15729759
15724874
15714814
15709872
15700035
15695586
15685503
15680764
15670787
15666774
15656896
15652336
15642346
15637539
15627452
15622718
15612762
15607935
15597361
15593301
15583482
15578676
15568100
15563278
15544301
15539098
15528536
15523541
15513121
15508982
15499284
15494555
15483907
15479114
15469134
15464505
15454487
15449694
15439193
15434565
15424437
15419526
15409128
15404314
15394544
15390015
15379929
15375095
15364762
15360572
15350915
15346202
15335786
15330897
15321170
15316548
15306504
15301603
15291364
15287129
15278920
15274081
15265516
15260443
15252260
15247939
15239615
15234672
15224246
15220232
15210154
15205544
15194914
15190216
15180359
15175581
15165644
15160821
15150913
15146578
15136045
15131375
15121418
15116550
15106734
15102093
15092220
15087214
15076765
15072617
15062766
15057994
15048150
15043332
15033728
15029105
15019453
15014651
15005047
15001136
14991910
14987183
14977348
14972618
14962953
14958525
14948952
14944133
14933357
14929215
14919473
14914697
14904998
14900223
14890255
14885633
14875574
14870538
14860113
14855926
14846241
14841597
14831617
14826927
14817607
14812963
14803039
14798224
14788508
14784302
14774736
14770271
14759837
14755031
14745166
14740497
14730560
14725803
14715178
14711059
14702032
14697396
14687360
14682154
14672573
14668003
14658242
14653466
14643561
14639404
14629790
14625223
14615163
14609960
14597851
14592473
14583643
14578677
14570143
14566025
14556930
14552216
14543565
14538485
14530143
14525551
14517110
14511883
14503392
14499075
14489968
14485108
14476518
14471772
14463612
14458634
14449817
14444961
14436468
14432053
14423164
14418423
14409856
14405117
14396992
14392259
14383433
14378165
14369132
14364696
14356564
14351768
14343512
14338512
14330670
14326177
14317736
14312668
14303869
14299800
14292917
14288217
14279958
14275485
14268149
14263438
14255097
14250278
14241853
14237493
14228643
14223980
14215605
14210441
14202345
14197591
14188880
14184095
14175626
14171524
14163551
14158783
14150547
14145433
14137512
14132664
14124221
14119184
14110817
14106759
14099184
14094502
14086252
14081288
14073196
14068505
14060174
14055300
14046794
14042255
14034594
14029884
14021535
14016635
14008776
14004121
13995751
13990949
13982648
13977724
13969704
13964992
13956594
13951641
13943643
13939102
13930663
13925853
13917582
13913000
13905318
13900581
13892053
13886867
13878492
13873838
13865200
13860327
13851818
13847603
13838676
13833946
13825722
13820866
13812709
13808328
13799850
13795283
13786987
13782792
13774893
13769807
13761458
13756432
13748332
13743409
13735088
13730275
13721746
13717604
13709691
13704570
13695855
13690659
13683037
13678327
13669881
13665041
13656682
13647978
13638820
13634100
13626379
13621103
13612785
13608312
13600060
13595419
13588217
13585422
13578542
13575535
13566219
13561139
13549460
13544329
13536427
13525349
13515791
13511353
13503151
13498601
13490085
13485308
13477208
13472070
13462815
13457199
13448704
13444106
13435195
13430196
13421336
13416326
13404415
13395582
13385605
13379627
13370299
13366026
13358100
13352681
13343023
13338191
13329914
13324348
13315550
13310651
13300885
13295837
13286558
13280691
13271276
13265378
13256756
13251745
13242359
13236877
13227781
13223681
13215803
13210908
13202178
13197484
13189643
13183973
13174853
13169819
13161162
13156426
13147274
13141585
13132804
13127578
13119061
13113764
13104743
13098982
13089905
13085481
13077584
13072575
13063925
13058300
13049945
13045249
13036686
13030365
13021962
13017583
13008514
13002278
12993694
12988941
12981290
12975581
12967151
12961801
12953523
12948174
12939180
12934306
12925444
12920558
12912722
12908086
12898606
12893759
12884512
12879830
12870968
12865385
12856096
12850857
12843026
12838200
12829611
12825327
12816791
12811771
12803042
12797850
12789143
12784289
12776473
12771807
12763475
12758894
12750435
12746412
12739023
12734133
12725906
12721214
12713430
12704169
12694849
12689629
12681150
12676892
12668107
12663169
12654675
12649896
12642059
12636506
12626857
12621378
12612632
12608264
12599605
12594484
12585871
12581035
12573078
12568213
12559270
12553307
12544671
12540369
12531450
12526191
12517405
12512523
12504445
12499799
12491235
12485901
12477101
12472356
12463977
12458976
12450523
12445833
12437911
12433274
12424610
12419824
12411336
12407073
12398697
12393783
12385402
12380844
12373125
12368591
12360229
12355043
12346532
12341945
12333509
12328299
12319472
12314676
12306584
12301614
12292874
12287595
12279326
12275026
12266420
12261295
12252508
12247813
12239626
12234947
12226643
12221727
12213209
12209084
12200795
12195958
12187593
12182621
12174569
12169709
12161373
12156266
12147468
12143373
12134802
12129683
12121234
12116419
12108117
12103112
12094376
12089462
12081067
12076878
12068429
12063552
12055112
12050377
12042303
12037138
12028751
12023690
12015206
12010900
12002335
11997729
11989298
11984646
11976703
11971996
11962978
11958207
11949941
11945600
11937323
11932274
11923847
11918759
11910832
11906028
11898194
11893272
11885111
11881038
11872625
11867787
11859077
11853784
11845926
11840659
11832051
11827344
11819026
11814925
11806609
11801709
11794097
11789216
11778016
11772222
11764002
11759217
11746957
11742232
11733986
11729359
11721240
11716642
11709181
11704444
11696397
11691681
11683465
11679495
11671241
11666642
11658470
11653813
11645951
11641368
11633059
11628356
11620114
11616032
11607935
11603351
11595495
11590809
11583245
11578855
11570711
11566165
11552702
11548108
11539155
11534050
11525412
11520746
11512900
11508099
11499665
11494596
11486141
11481963
11472686
11467423
11458231
11453355
11445637
11440935
11432524
11427894
11419373
11415181
11406716
11402018
11393559
11388756
11380804
11376205
11367730
11363012
11354582
11350954
11342728
11337848
11329716
11324969
11317178
11312508
11304212
11299274
11290929
11287224
11279128
11274456
11266037
11261232
11254357
11249820
11241658
11236771
11228457
11224392
11215689
11210869
11202259
11197384
11189384
11184815
11176425
11171302
11162884
11158858
11150352
11145515
11137186
11132271
11124297
11119610
11111314
11106563
11098118
11093726
11085444
11080546
11072337
11067748
11059908
11055267
11046747
11041847
11033523
11029346
11020850
11015818
11007164
11002173
10994374
10989864
10981522
10976790
10968415
10964206
10947928
10942346
10933829
10928654
10920680
10915915
10907407
10902612
10894253
10890087
10881313
10876493
10868179
10863150
10855385
10850754
10842356
10837544
10829159
10825084
10816707
10811816
10803441
10793626
10784843
10779871
10771503
10766685
10758206
10754064
10745489
10740609
10731956
10726985
10718812
10714146
10705808
10700796
10692374
10688226
10679930
10675445
10667051
10662032
10654097
10649619
10640943
10636029
10627539
10623406
10615024
10610409
10601947
10597148
10589083
10584494
10576007
10571150
10562687
10558436
10550118
10545286
10536808
10532088
10524127
10518955
10510531
10505740
10497132
10492630
10484246
10479480
10471215
10466018
10457421
10452886
10444292
10439264
10430373
10426093
10417676
10413023
10404466
10399628
10391735
10386979
10378627
10373854
10365435
10361226
10352490
10347705
10339056
10334093
10326155
10321443
10313036
10308082
10298772
10293765
10284512
10279612
10270972
10266092
10258142
10253277
10244850
10239191
10230477
10226312
10217863
10212912
10204368
10199173
10191015
10186218
10177821
10172884
10164129
10159504
10150749
10145747
10137217
10132358
10124320
10119612
10111122
10106371
10097938
10093458
10084891
10080019
10071545
10066656
10058154
10052947
10044519
10039680
10030682
10026321
10017369
10012413
10003866
9998858
9991074
9986129
9977391
9972583
9963643
9959211
9950215
9945311
9936583
9930936
9922793
9918098
9909624
9904446
9895649
9891270
9882466
9877662
9868458
9863481
9855541
9850513
9841978
9833346
9823961
9819768
9811419
9806386
9797801
9792536
9784522
9779786
9771398
9766359
9757771
9753718
9745261
9740420
9731824
9726600
9718388
9713334
9704899
9699973
9691102
9686432
9677853
9672790
9664338
9659332
9651575
9646729
9638274
9633303
9624930
9620275
9612569
9607537
9599143
9594061
9585796
9580828
9572222
9567370
9558807
9554171
9544494
9486771
9472225
9463128
9453872
9448626
9439637
9434641
9426035
9421656
9413159
9408032
9399586
9393682
9386973
9382891
9375771
9370872
9363891
9358893
9350102
9345177
9338123
9332951
9325745
9320744
9313872
9308335
9300287
9296281
9289385
9283764
9275955
9271037
9264261
9260080
9253274
9247180
9238114
9233877
9223488
9218570
9210934
9206100
9197553
9192216
9183821
9178101
9168899
9163244
9153880
9148707
9139293
9133609
9125116
9120325
9111579
9106497
9098053
9093866
9085404
9080624
9072206
9067326
9059440
9054634
9046107
9041323
9032734
9028267
9019776
9014826
9005966
9000622
8992587
8987975
8979607
8974851
8966345
8961911
8953306
8948367
8940037
8934964
8926963
8921933
8912962
8908176
8899754
8895521
8886890
8882147
8868964
8863096
8854551
8849470
8841076
8836198
8827520
8823007
8814449
8809343
8800697
8795537
8787528
8782604
8773964
8768691
8759994
8755601
8747195
8742215
8733279
8728117
8720048
8715344
8706790
8701757
8693537
8689271
8680767
8675942
8667380
8661763
8655070
8651028
8642961
8638779
8630678
8627955
8619598
8614667
8606350
8601608
8595122
8591269
8582465
8577360
8568376
8562986
8554506
8548722
8542127
8539032
8531763
8526414
8519155
8514064
8504489
8499136
8476890
8470455
8461852
8456004
8447635
8442295
8433451
8427736
8420662
8418054
8410741
8407541
8400390
8397048
8390535
8386634
8379507
8374904
8367323
8364075
8357104
8353788
8346376
8342932
8331579
8327845
8320851
8316733
8309926
8306845
8299192
8294600
8286513
8282886
8275727
8272326
8265516
8261144
8254201
8250689
8242418
8239137
8232404
8225087
8216433
8211684
8202831
8197340
8188177
8183744
8174565
8169545
8161030
8156100
8147859
8142772
8134432
8129137
8120396
8116036
8108135
8103417
8094815
8090057
8082456
8077414
8068688
8063774
8055270
8050415
8041168
8036376
8028183
8023033
8015185
8009911
8001358
7996741
7988073
7983941
7976247
7971599
7963298
7958486
7950454
7945559
7937229
7932213
7923792
7913544
7903881
7899050
7890426
7885265
7877352
7872468
7864090
7859157
7850761
7846308
7838210
7833400
7825002
7819940
7811774
7806948
7798458
7793249
7784422
7780080
7772357
7767439
7758814
7753925
7745763
7741035
7732082
7727247
7718781
7714260
7706222
7701173
7692802
7688082
7679929
7675177
7666684
7661816
7653203
7648769
7639618
7634643
7626571
7621522
7613342
7608473
7600077
7595450
7586845
7582573
7574759
7569876
7561461
7556644
7548737
7543619
7534667
7529843
7521287
7517004
7507802
7502691
7494362
7489444
7481734
7476770
7468324
7463655
7455236
7451066
7443363
7438409
7429808
7425065
7417124
7412101
7403679
7398920
7390519
7386421
7378716
7373768
7365334
7360443
7352451
7347657
7339101
7334629
7326236
7322039
7312660
7307774
7299291
7294384
7286475
7281708
7273020
7268014
7259210
7254804
7247518
7242702
7234063
7229606
7221624
7216846
7207999
7202196
7192442
7188327
7180511
7176012
7167779
7162849
7154866
7149846
7141137
7135132
7125852
7120069
7111171
7106327
7097349
7092314
7084179
7078874
7070270
7065133
7056310
7051746
7043104
7037834
7028154
7022338
7013137
7007706
6999075
6993416
6984426
6979389
6971298
6960988
6951628
6946307
6938687
6933047
6923764
6918521
6909926
6905244
6895760
6889866
6880872
6875297
6865759
6860398
6851594
6846454
6838052
6832887
6823516
6817533
6807908
6802828
6793694
6788401
6779604
6774315
6765472
6760147
6752491
6747500
6738638
6733614
6725811
6721092
6712370
6707415
6698709
6694376
6686188
6680517
6671817
6666896
6658994
6654076
6645592
6640668
6632103
6627600
6618612
6613665
6604693
6599844
6591412
6585984
6577683
6572695
6564110
6559613
6551497
6546765
6538420
6533735
6525931
6520880
6512247
6507445
6498790
6494587
6485465
6480812
6472336
6467618
6459614
6454792
6446313
6441457
6433168
6428602
6419517
6414569
6406182
6401381
6392853
6388014
6379722
6374654
6365158
6360727
6353076
6348148
6339534
6334726
6326843
6322291
6314124
6309502
6301301
6296908
6289229
6284468
6276631
6276000
6267869
6263031
6254480
6249700
6241221
6236691
6227711
6222893
6214104
6209342
6201612
6196876
6188420
6183717
6175180
6170395
6162294
6157242
6148698
6143910
6136050
6131233
6122147
6116026
6106655
6102308
6093200
6088687
6080090
6075310
6067364
6062033
6053627
6048814
6040787
6036476
6027365
6022786
6010105
6003028
5993283
5987160
5977798
5972771
5964282
5959807
5950729
5945887
5935833
5929765
5920715
5915972
5907334
5902100
5893266
5888318
5880482
5875490
5866686
5862041
5853783
5848883
5839880
5834773
5826250
5822007
5814288
5808976
5800499
5795202
5787324
5782376
5773525
5758995
5749968
5745456
5737380
5732028
5723042
5718211
5709290
5703778
5694730
5689796
5681259
5676770
5667249
5661774
5652998
5648379
5640537
5635609
5627417
5622119
5613239
5608829
5599733
5594396
5584830
5579531
5571720
5566832
5557747
5552544
5544040
5539590
5531925
5527017
5518494
5512600
5504425
5499710
5491045
5486037
5477720
5473370
5465880
5460674
5452394
5446904
5438771
5434125
5425401
5420674
5412171
5408108
5400110
5395177
5386881
5382069
5374107
5369587
5361876
5357055
5349379
5345424
5338044
5333151
5324824
5320068
5312423
5307544
5299065
5294359
5285751
5281529
5273594
5269160
5260778
5256068
5248264
5243699
5235924
5231225
5222868
5218819
5211949
5207086
5198531
5193935
5186313
5181820
5174043
5168966
5160704
5156639
5148724
5143816
5135188
5130504
5122822
5118074
5109523
5104414
5096049
5091615
5082777
5077416
5068795
5059961
5051398
5046902
5038656
5033762
5025340
5020822
5012888
5007955
4999243
4994463
4986487
4981935
4973354
4968333
4959979
4955781
4948273
4943408
4935100
4930374
4922402
4917868
4909527
4904615
4896211
4891932
4884049
4879198
4870602
4865636
4857555
4852616
4844172
4839275
4830963
4826691
4818991
4814072
4805768
4800991
4792970
4788107
4779808
4774713
4766369
4762211
4754575
4749721
4741254
4736194
4728513
4723679
4715246
4710291
4701966
4697848
4688944
4684106
4675644
4670792
4662937
4658186
4649834
4644905
4636696
4632497
4623722
4618966
4610585
4606079
4598618
4594136
4585709
4580645
4572431
4568264
4560144
4555428
4546838
4542112
4534071
4529448
4520812
4515879
4507762
4503764
4496367
4491615
4483664
4479026
4471629
4466955
4458960
4454124
4446052
4441935
4432794
4428043
4419966
4415528
4407701
4402888
4394566
4389533
4380952
4376333
4368445
4363323
4354577
4349204
4340609
4335248
4326448
4320418
4311508
4307091
4297995
4293176
4284517
4279634
4271727
4266666
4257950
4252277
4241953
4235957
4226764
4221699
4213219
4208230
4199896
4195152
4186511
4181504
4173018
4168842
4161214
4156315
4147813
4142846
4134756
4129417
4119803
4108591
4093798
4086625
4074247
4068418
4060043
4054351
4046100
4041133
4032571
4027296
4016258
4011558
4002402
3996859
3988769
3983613
3961401
3955162
3946736
3940466
3932440
3928754
3920952
3914681
3907145
3899435
3891934
3886241
3876933
3871338
3862075
3856812
3847676
3841659
3832295
3825687
3816566
3810821
3802826
3793883
3785697
3780495
3736915
3731833
3722605
3709161
3701663
3695764
3687628
3682527
3672281
3667981
3658194
3653801
3644492
3639513
3629335
3621335
3614047
3608894
3601614
3597270
3588959
3583225
3576170
3570926
3564065
3558743
3541460
3535147
3527585
3522840
3515483
3510179
3501646
3496602
3488485
3483920
3475204
3470244
3460686
3456169
3446870
3441498
3432405
3427270
3418426
3413101
3404221
3399092
3390266
3385682
3376415
3371283
3362753
3357724
3349578
3344672
3336091
3331013
3322651
3318354
3310185
3305097
3296550
3291612
3283600
3278611
3269890
3264780
3256129
3251627
3242639
3237524
3228758
3223647
3215561
3210116
3201148
3195748
3187055
3182584
3174280
3168882
3159881
3155027
3128165
3121959
3113803
3108020
3100171
3095979
3082282
3076911
3067591
3062791
3055055
3050160
3041347
3036409
3028081
3023525
3015473
3010633
3001782
2996508
2988388
2983347
2974546
2969228
2960842
2956245
2947374
2941961
2932573
2927386
2919125
2914181
2905253
2900317
2891785
2887279
2878402
2873062
2864224
2859256
2851423
2846528
2837919
2832958
2824286
2819874
2811085
2806265
2797137
2792178
2783882
2778980
2770550
2765298
2756534
2752132
2743296
2738229
2729451
2724769
2716731
2711967
2703388
2698389
2689787
2685417
2676331
2671434
2662646
2658012
2650112
2645201
2636769
2631885
2623254
2618753
2609825
2605122
2596573
2591783
2583675
2578702
2570298
2565607
2557084
2552680
2544614
2539542
2530754
2525857
2517627
2512484
2503174
2498036
2489543
2485200
2476200
2471274
2462646
2457678
2449844
2444920
2436456
2431643
2423146
2418947
2409741
2405092
2396542
2391402
2383208
2378269
2369787
2365050
2356315
2352049
2343024
2338240
2329737
2324767
2316813
2311626
2303088
2298363
2289606
2285311
2275988
2270923
2262151
2257118
2249164
2244096
2235314
2230270
2221183
2216702
2207678
2202839
2194259
2184149
2175463
2170284
2161388
2155254
2145589
2140903
2131962
2126934
2118067
2113174
2105197
2100372
2091974
2087069
2077884
2073059
2064058
2059071
2049885
2044906
2036644
2031650
2022934
2017983
2009266
2004441
1995758
1990548
1981789
1976676
1968478
1963491
1954448
1949202
1939641
1934591
1925964
1921134
1912540
1907340
1898800
1893265
1884444
1879234
1870675
1866509
1857868
1852565
1843077
1837482
1828756
1823292
1814201
1808702
1799570
1794914
1786294
1781448
1772814
1767833
1759938
1755088
1746274
1741352
1732519
1728216
1719728
1714897
1706016
1701133
1692795
1687618
1678938
1673670
1664645
1659908
1651020
1645790
1636938
1632352
1624151
1619235
1610199
1605002
1596229
1591515
1583084
1577909
1568822
1563296
1554270
1548867
1539404
1534210
1525064
1520146
1511268
1505913
1496975
1492069
1483500
1478204
1468925
1463542
1454224
1449151
1440314
1434436
1425224
1419162
1410549
1405538
1396501
1391324
1382013
1377417
1368458
1363142
1354055
1348654
1340023
1334739
1325557
1320060
1310811
1305735
1296488
1291349
1282286
1277141
1268986
1263709
1254857
1249390
1240227
1235449
1226686
1221592
1208405
1202088
1193558
1188478
1179427
1173566
1164843
1160272
1151437
1145915
1136965
1131727
1123173
1117938
1109140
1103791
1094702
1090142
1081028
1075835
1066839
1061903
1053386
1048422
1039470
1033883
1024903
1020156
1011184
1004961
994705
989325
980432
974774
965549
960045
951159
946749
937978
932656
923861
918901
910365
904606
895137
16216862
16203800
16187687
16183892
16176766
16172998
16165955
16163246
16155989
16152691
16145856
16141795
16135119
16131787
16124914
16121512
16114000
16111025
16104111
16100818
16094095
16090712
16082956
16077241
16069051
16065397
16058460
16055719
16044179
16040590
16033544
16029953
16023291
16020092
16013150
16009800
16002938
15999864
15992760
15988806
15981602
15978248
15971858
15968921
15962147
15958937
15952388
15949616
15943013
15939639
15932763
15929145
15922723
15919584
15912746
15909645
15903026
15900426
15893681
15890467
15882480
15867120
15860021
15856590
15849856
15846550
15839676
15836850
15829677
15826453
15819864
15816699
15810330
15807241
15800149
15796648
15790052
15786652
15779170
15775287
15768613
15765265
15759015
15755384
15747780
15744496
15737321
15734337
15727566
15722761
15715781
15712220
15705329
15701017
15693611
15690265
15683236
15679968
15672815
15669361
15662026
15658583
15651691
15648128
15641216
15637881
15630356
15627274
15619728
15616191
15609187
15605645
15599201
15595827
15588362
15585136
15578164
15575418
15566256
15561864
15551785
15547825
15541392
15538133
15530804
15526777
15519411
15516331
15507355
15503334
15496285
15491620
15484978
15481708
15474714
15465133
15457917
15453607
15446568
15443143
15436054
15432556
15426244
15422057
15414915
15411838
15405024
15402480
15395032
15391636
15384875
15381523
15375226
15371357
15364303
15360996
15353936
15351207
15344387
15340408
15333548
15330316
15324096
15321079
15314084
15310084
15303182
15300416
15293250
15289989
15283425
15275535
15268968
15263497
15255727
15250983
15242383
15238025
15230852
15225892
15217355
15212538
15203730
15198920
15190120
15185326
15167633
15162315
15146721
15141179
15132801
15128112
15119871
15114566
15100536
15095169
15086345
15081869
15066937
15061716
15049681
15044436
15036687
15031111
15019048
15014052
15006277
15003547
14996690
14993311
14986408
14982978
14976284
14972111
14962201
14958012
14951085
14948039
14940876
14937740
14930928
14925594
14919016
14916134
14909096
14905554
14898639
14896035
14888120
14884633
14877487
14874393
14867739
14862477
14855181
14851979
14845032
14842247
14835227
14831866
14814521
14810688
14804271
14801203
14794470
14791478
14784544
14781667
14774634
14770523
14762692
14758528
14751792
14748363
14741340
14738178
14731187
14727880
14720398
14715914
14708373
14705324
14698976
14694943
14687695
14683392
14676093
14673430
14666351
14663143
14656227
14652985
14646697
14643516
14635597
14631817
14624914
14622173
14614871
14611699
14604685
14600806
14593951
14590022
14582831
14579518
14572551
14569523
14562279
14558991
14552197
14549043
14542732
14539522
14532177
14528966
14522171
14512874
14504490
14499684
14487917
14484293
14477338
14474036
14466054
14462752
14455614
14452835
14445834
14442203
14434801
14430435
14423759
14420067
14412984
14409402
14402065
14399163
14391639
14386858
14379712
14376416
14369799
14364403
14356713
14353260
14345436
14342233
14335271
14331347
14324139
14320663
14314387
14311076
14303949
14300508
14293482
14290641
14283930
14280674
14273834
14270673
14264451
14261040
14254174
14250930
14244127
14239128
14231620
14228095
14221071
14217765
14211322
14208011
14200799
14197210
14190413
14187711
14180710
14177327
14170243
14166997
14160430
14157054
14149419
14146058
14139075
14136232
14129139
14125838
14118995
14115740
14109298
14106054
14099000
14094395
14086950
14083946
14077162
14073844
14066764
14063196
14056896
14053680
14046499
14043027
14035771
14032612
14025561
14022142
14015124
14011576
14005255
14001663
13994811
13991467
13984640
13981952
13971695
13965136
13957793
13954397
13947627
13944273
13937034
13933490
13924372
13920813
13913301
13909733
13902229
13898508
13887466
13883028
13875585
13872088
13864919
13862053
13855159
13851637
13844952
13829993
13822842
13819708
13812594
13809330
13802596
13799802
13792806
13789591
13782831
13779394
13772861
13769821
13762825
13759705
13752864
13750280
13743689
13740560
13733734
13729624
13723092
13720066
13707859
13704153
13696974
13694291
13687456
13683607
13676884
13672661
13665639
13662198
13655231
13652022
13644092
13641159
13633977
13630341
13623557
13618781
13612008
13608319
13601021
13597387
13590664
13587159
13579894
13576373
13564820
13561121
13554419
13551075
13542667
13539240
13532330
13529697
13522472
13518845
13512162
13505883
13488478
13482868
13475804
13470714
13463084
13458762
13442867
13437516
13429548
13424860
13417114
13412282
13404663
13399959
13392099
13387988
13379668
13374777
13367145
13362137
13350649
13345454
13337660
13332784
13324704
13320604
13311594
13306731
13298718
13294102
13286785
13282026
13274129
13269418
13261407
13257238
13250525
13245524
13237784
13233151
13225198
13220401
13212575
13207716
13192149
13187462
13172229
13166951
13159043
13153731
13145666
13140583
13132178
13127029
13112913
13108301
13101305
13096326
13088052
13083253
13069773
13064368
13055786
13051085
13042735
13038671
13023312
13017923
13009727
13004891
12997060
12992231
12984073
12979170
12970615
12966263
12952056
12946732
12938568
12933924
12925951
12921047
12912830
12908148
12894183
12889683
12875738
12870368
12856657
12851596
12843264
12838499
12829910
12825031
12811606
12806956
12791809
12786651
12776050
12770580
12762938
12757878
12749067
12744169
12735587
12731464
12724681
12719812
12711496
12706894
12698806
12694090
12685657
12680841
12672500
12668407
12652964
12647801
12639705
12634842
12627212
12622307
12614279
12609574
12594474
12590050
12583022
12577862
12569692
12564991
12557002
12552016
12544070
12539009
12531174
12527040
12518435
12513598
12505001
12500003
12491890
12486892
12478520
12470092
12461461
12457265
12439784
12434434
12426336
12421220
12408465
12403190
12389923
12384486
12370770
12366312
12359196
12354408
12345643
12340382
12332504
12327619
12319108
12314070
12306168
12301597
12286051
12280748
12272451
12267759
12260197
12255407
12246962
12242228
12234314
12230233
12216041
12210223
12202079
12197364
12190094
12185363
12177583
12172860
12165096
12160733
12152607
12147622
12139956
12135075
12127839
12122883
12114940
12108810
12097914
12093264
12084367
12079183
12071317
12066424
12059308
12054540
12046700
12041887
12033487
12029222
12012944
12007790
11999755
11995005
11987076
11982232
11973790
11968942
11960698
11956498
11940832
11935655
11927451
11922746
11914843
11909946
11901929
11896921
11888495
11884138
11868752
11863612
11855546
11850777
11842931
11837560
11820555
11815368
11807204
11802901
11795816
11790649
11782101
11777033
11761169
11755455
11747705
11743189
11729416
11724692
11717622
11712478
11703730
11698863
11690946
11686117
11678308
11673622
11665813
11661721
11645929
11636445
11628438
11623378
11615692
11610760
11602897
11598010
11590249
11586096
11579062
11574084
11566306
11561553
11554315
11549555
11541555
11536787
11529167
11524828
11516050
11511184
11503208
11498361
11490688
11485772
11477906
11473173
11465185
11460795
11444846
11439542
11431662
11426944
11419469
11414676
11406774
11401834
11393474
11389147
11373837
11368590
11360817
11355934
11348319
11343576
11335451
11330511
11322088
11317820
11302201
11297014
11288981
11284083
11276700
11271784
11264065
11259165
11251321
11247013
11231659
11226441
11218208
11213165
11205690
11200810
11192937
11188118
11180267
11175807
11159531
11154382
11145858
11141086
11133961
11129177
11121311
11116647
11108892
11104739
11097619
11092585
11076458
11070531
11062355
11057402
11049579
11044800
11036998
11032842
11020372
11015450
11007600
11002795
10995494
10990874
10983215
10978408
10970845
10963397
10955220
10950537
10942678
10937471
10930155
10925389
10917646
10912517
10904756
10900595
10891785
10886920
10879299
10874504
10866881
10862105
10854197
10849256
10841231
10836851
10820727
10815797
10808020
10803161
10795955
10791373
10783320
10778453
10770735
10766542
10751017
10745884
10738284
10733455
10725940
10721257
10713290
10708527
10700696
10696512
10678503
10672748
10658459
10653246
10639865
10634646
10626443
10621630
10613562
10609224
10595386
10590009
10581412
10576164
10568407
10563727
10555680
10550725
10542190
10538002
10521487
10516459
10508316
10503192
10495723
10490794
10482815
10477837
10469764
10465593
10450543
10445387
10437649
10432648
10425220
10420580
10412885
10407939
10400233
10395954
10387336
10382333
10374474
10369721
10362555
10357777
10349875
10345018
10336842
10332506
10317075
10311961
10302847
10297842
10289920
10285006
10276754
10271978
10257952
10253138
10246152
10241511
10232754
10227947
10220140
10215285
10207168
10202366
10187358
10182732
10166942
10161671
10153542
10148418
10140398
10135622
10127324
10122494
10114636
10110361
10093863
10088752
10075180
10069907
10057027
10051778
10043132
10038294
10024490
10020108
10013087
10008386
10000078
9995224
9982117
9976795
9968189
9963375
9954868
9950419
9943333
9938568
9922394
9917103
9909234
9904395
9895962
9890922
9882628
9878340
9862159
9856773
9848604
9843766
9830673
9825425
9816785
9811989
9803450
9798984
9784740
9779700
9770870
9766090
9758063
9753220
9745145
9740269
9731962
9727702
9710605
9704909
9696396
9691405
9683647
9679015
9670893
9666267
9657665
9653376
9637217
9632103
9624096
9619054
9611699
9607034
9599092
9594483
9586433
9582319
9565929
9560803
9552736
9547551
9539890
9535029
9527146
9522022
9513960
9509824
9494234
9488883
9480683
9475809
9468525
9463748
9455892
9451033
9443384
9439194
9431109
9423387
9415651
9410642
9403074
9398519
9390620
9385735
9377622
9373380
9357480
9352378
9344717
9339872
9332197
9327603
9319263
9314334
9305914
9301594
9285677
9280410
9272390
9267622
9259640
9254960
9246732
9241843
9227922
9223214
9208104
9203002
9195086
9190204
9182626
9177926
9169692
9164824
9156442
9152196
9137003
9131874
9124301
9119481
9111497
9106835
9098614
9093882
9085919
9081823
9066289
9061135
9052681
9047528
9040135
9035575
9027881
9023043
9015091
9010779
8995405
8990372
8982673
8977942
8969804
8964920
8957327
8952436
8944589
8940357
8923829
8918323
8910184
8905321
8897720
8893022
8884697
8879625
8871801
8867532
8852217
8847031
8839255
8834419
8826990
8822313
8814485
8809746
8801810
8797565
8782857
8777947
8769947
8765208
8757728
8749942
8740952
8735796
8728065
8723571
8708422
8703382
8695627
8690871
8683590
8678888
8671068
8666161
8658295
8654076
8639577
8634482
8625705
8620600
8613123
8608287
8600443
8595536
8587470
8583385
8568015
8563043
8555081
8550084
8542144
8537408
8529121
8524076
8516334
8512213
8505342
8500743
8492744
8487868
8480508
8475926
8468159
8463242
8455634
8451605
8443072
8438216
8430555
8425580
8418267
8413496
8405715
8400717
8392986
8388817
8380221
8375360
8367683
8362871
8355327
8350517
8342914
8338119
8330653
8326412
8317716
8312923
8305384
8293932
8286435
8281805
8273952
8268882
8261312
8257084
8248258
8243273
8235441
8230530
8223158
8218180
8210093
8205362
8196936
8192696
8185809
8181026
8166290
8161042
8147147
8142045
8134306
8129547
8121772
8117742
8103150
8098056
8089910
8085110
8077343
8072626
8064677
8059828
8051965
8047832
