12735306116,
147258779,
119004901,
118485669,
119820866,
118051139,
120433713,
117761161,
119354050,
117784814,
117146279,
117735815,
119643172,
120156638,
121088450,
118110752,
119515558,
119163775,
119895087,
119082804,
117944040,
117571511,
119090864,
119738251,
118870886,
117554877,
117307786,
118814822,
117725335,
118931036,
118836869,
118910032,
119163449,
117659287,
118896085,
119613500,
120160474,
119086602,
119058836,
117608810,
119008620,
119140932,
118829059,
120766591,
116464958,
117266748,
120698460,
120197929,
119051079,
119455453,
121718226,
119509755,
121692013,
118978092,
117571998,
118366917,
119392755,
118964649,
118040659,
119000724,
117278313,
118106245,
118570972,
119419326,
116946299,
118257458,
119016524,
118877104,
118175366,
118581411,
119452257,
118899295,
118508103,
118162822,
119285183,
118450984,
118399101,
118482406,
118892010,
118787516,
120170911,
118355389,
118415772,
117190247,
117479240,
117582354,
125301454,
116544558,
116693789,
118617420,
118434016,
118862447,
120521285,
118632439,
119434586,
119496521,
118777225,
119198915,
119943103,
118693988,
120908330,
118571399,
118488832,
118607382,
115897133,
117441885,
118693683,
117357404,
117307285,
118581336,
118757193,
118738024,
118683604,
119275288,
120635730,
121779281,
118830497,
120821896,
117260072,
123520365,
121944756,
118917557,
119250779,
117883666,
118153468,
119467209,
119146917,
119273660,
119403442,
119426192,
120380100,
119653520,
118990291,
118803386,
118016135,
116247242,
118558947,
118058870,
118732777,
118086859,
118826979,
118844932,
118936357,
118169387,
118942870,
117549335,
117507780,
120188774,
117718075,
134915252,
128364452,
119473825,
118569375,
122137682,
118425058,
118372816,
119881613,
118330374,
119081310,
118327372,
119231216,
118540372,
117204214,
117336944,
118338807,
118323066,
118658014,
119716670,
118804400,
118367596,
118426447,
118476947,
118615418,
119030413,
119443165,
118889774,
116747185,
116685560,
119182812,
118977561,
118528320,
120618796,
119175464,
118722513,
118450221,
119806086,
119067117,
119299590,
117196269,
117343657,
116959894,
117467857,
118296602,
118484339,
118814533,
118532845,
118748429,
119097745,
119015828,
119702118,
119089266,
122456002,
126214758,
118575801,
118431768,
118735945,
118563802,
118568640,
117498315,
118553358,
117529434,
118568200,
117556958,
120370169,
117543549,
120578516,
119850846,
121195814,
118715741,
120642380,
120467813,
118188846,
118524348,
118939843,
118185422,
118992374,
117977614,
118632494,
119076422,
118258883,
118147582,
120427684,
118414655,
118046334,
117946886,
118140209,
117991272,
118648571,
117993695,
117848899,
118091478,
118767845,
116543192,
116804734,
118224097,
116659497,
116537605,
118961847,
120340241,
118729719,
119229617,
117722422,
120311643,
119130707,
123163578,
134603326,
117825167,
118008011,
118750402,
119096408,
117474767,
118651759,
117378236,
117767095,
117419258,
117626660,
116230499,
117428943,
117441367,
117862608,
116180219,
117206495,
118065513,
118071888,
115083902,
116600510,
115961928,
117432206,
117379465,
117395083,
114986505,
117401432,
118774693,
117358379,
117789083,
118032070,
120383678,
118750769,
121191901,
118339160,
119807085,
118588443,
117966776,
117904259,
117698459,
118773015,
118331661,
117632806,
117273864,
118498636,
118273795,
117602560,
118549598,
118389913,
118751889,
118456219,
118699665,
117453374,
117360261,
117348866,
117531876,
117373306,
117646942,
117850376,
118340844,
118129074,
118148552,
118677150,
119742063,
117747434,
118909187,
118756798,
117382520,
117515329,
117057814,
118100281,
120693970,
117598531,
118416042,
118669081,
118560457,
118977077,
118045438,
118964352,
117423428,
116164502,
117510125,
117588011,
118238470,
118510913,
117272401,
118538608,
119137412,
120098355,
120470463,
118313200,
117603551,
117716750,
117545802,
117175090,
120537061,
120012775,
118040075,
118370272,
117436699,
120200291,
117357300,
118309101,
118963917,
118546229,
118279394,
119071753,
117870769,
118642129,
119311391,
117388136,
117904371,
118578952,
119060817,
117571103,
117724493,
117966355,
118979717,
119191072,
119562871,
118381736,
118064415,
118768606,
117321463,
118841934,
118310690,
117580685,
120883317,
119446263,
118861675,
118966622,
118986191,
120519972,
119138447,
120814189,
117862647,
118207526,
118681161,
117353602,
117332936,
117349911,
118424121,
117981991,
118263353,
118351113,
119761298,
117353094,
117279163,
117316812,
117352528,
117438174,
117418322,
117114432,
117371770,
117261853,
117642077,
117253844,
117257193,
117232228,
121321416,
117197270,
120522643,
121190690,
117606580,
117349317,
117353502,
120616332,
118956656,
118151805,
117923636,
117268332,
116073482,
117468178,
118380144,
118150210,
118366521,
120318164,
119881594,
118471398,
118078370,
119257794,
119438299,
118514015,
117301878,
119416605,
121935688,
116064348,
120553879,
124586313,
124301331,
119155776,
118030594,
117701129,
117751900,
117744742,
118696784,
118974400,
121320883,
120563152,
117231567,
117256361,
118137045,
134931326,
118563760,
117354377,
119554429,
118322668,
118501166,
118055811,
117653110,
118003298,
117689615,
117205707,
126171925,
114968486,
117273959,
117287415,
118028036,
117245132,
117377532,
117418724,
117586647,
117541521,
119309188,
117633530,
117953099,
116585788,
115976025,
117941223,
117345045,
118271675,
118180709,
116340605,
118807465,
117350566,
118653570,
117795769,
117439172,
117360098,
116219558,
119226980,
115473986,
117214482,
117245496,
117220973,
117288084,
117316876,
116169538,
115852864,
115921254,
115744393,
117474187,
117904387,
117975025,
118376930,
118945693,
117726132,
117405180,
115575489,
133470534,
117261842,
117531826,
118556155,
119957565,
119411243,
118333924,
118853263,
120343519,
117758918,
117824124,
118434037,
117941122,
118551568,
117894518,
118641784,
117195165,
117499620,
118091477,
118278157,
117215023,
117601728,
117249528,
118390939,
117195076,
118044365,
117216740,
117196191,
117706653,
117175611,
118046294,
117630988,
117251769,
117417493,
117433267,
117295519,
118451931,
118057423,
121651042,
119092676,
117132556,
120115072,
117529532,
119871201,
118004672,
117343672,
116217651,
116120073,
117305579,
117158437,
115712391,
117220782,
117199968,
118234099,
117162754,
113995664,
133957302,
117912901,
117843195,
117731224,
118792275,
117846790,
118702145,
118639854,
118344437,
119060963,
117896619,
118149171,
117705182,
118163640,
118533916,
118617181,
120468419,
120309675,
117744309,
119349355,
119354860,
120399967,
117202683,
117994414,
117864086,
117202452,
117218172,
118197848,
119401845,
117808746,
117936138,
117267158,
117927572,
117201541,
118015268,
118789668,
118620768,
117865168,
121193375,
117094028,
117195846,
117260536,
117805026,
117156251,
117184406,
118247333,
117926454,
117246931,
117585218,
119036761,
119102927,
119725633,
118231254,
120118322,
120320489,
117770359,
143570528,
122459548,
122327446,
117099122,
115915504,
115834954,
115520883,
117559382,
116247220,
115605483,
117349271,
117282985,
117379795,
116904354,
117320333,
117162318,
117494456,
117195458,
117094949,
118224054,
117169877,
117725897,
117757020,
117292760,
117999888,
117257362,
119259660,
119177883,
118937673,
119151986,
121864465,
119919185,
119744205,
116843762,
117167862,
117216228,
117189101,
117217676,
117592819,
120404699,
117188135,
117237944,
115255012,
117134105,
117135290,
117236235,
117467405,
117973157,
117162563,
117777483,
117191289,
117184514,
119180621,
120370348,
121605361,
115053834,
145336926,
120530775,
117367030,
117398759,
119100352,
117872259,
118270204,
117947379,
117924376,
119298625,
119321983,
118766676,
118112784,
117212598,
117194193,
117696746,
116078817,
117160603,
117194273,
117192100,
115984120,
117270329,
117483494,
118167217,
117608840,
118386525,
117671040,
117432687,
118377129,
117896023,
118179534,
118325032,
117949314,
118671441,
118873879,
117893876,
117355408,
118136085,
119194737,
121649880,
118203296,
118593509,
121206804,
120681000,
118548836,
118257768,
117671669,
118564602,
118239442,
117914813,
119271170,
118525239,
118439617,
118340318,
118306983,
117444232,
117063756,
146302709,
124052307,
123240482,
118175698,
117228766,
118295029,
118912608,
118791350,
118149431,
118043450,
117228870,
117986784,
118739853,
117300929,
117178092,
119812068,
120069965,
118524288,
120626545,
119012241,
117416899,
118144815,
117511126,
117772189,
117097800,
117117557,
117190578,
117207628,
117112311,
116176646,
117163921,
115976653,
117231495,
117159308,
117175372,
116872122,
117140880,
117465942,
117183981,
119964125,
117192364,
117174856,
117197223,
117620951,
118288544,
117225738,
117992886,
117198446,
117933184,
118109344,
118096741,
117124386,
117396114,
118972342,
118264662,
117217236,
146127459,
126397597,
115942641,
117164691,
117510016,
117605390,
117582077,
117288033,
117276282,
116867094,
117164854,
115909951,
115656813,
116195605,
117217816,
117180232,
117178199,
117695565,
117231118,
117616834,
118676124,
118023240,
118817413,
119254981,
118028315,
118513314,
118708124,
118941164,
118528892,
117178021,
118695141,
119289819,
117742108,
116840249,
117111361,
114797951,
116067470,
116030044,
117163258,
119898198,
117159464,
115842115,
115982977,
117332048,
117318419,
117301332,
118302005,
117283507,
117737691,
117201222,
117905203,
117152155,
117427553,
117556990,
116871620,
117190145,
147186683,
125151131,
117630312,
120444583,
118404298,
119011914,
118176895,
118460857,
117641643,
119332812,
117489335,
117524564,
118569059,
118934711,
117550349,
117528945,
117166497,
118202284,
117611530,
118582018,
117550104,
117145213,
117123302,
117136848,
118199573,
118352446,
117234093,
117184151,
117476857,
117220722,
119580169,
119049913,
117379464,
118078267,
117187963,
117452086,
117297195,
120073358,
118807539,
118340631,
121269602,
121305615,
118907002,
120798261,
117633099,
118154437,
118961165,
118669969,
118213706,
117980545,
117875077,
118099725,
117126937,
118091966,
117528288,
117353839,
153598608,
138753687,
120702854,
120774491,
117156556,
117570688,
117119149,
116790988,
116804903,
117502064,
119035627,
117847789,
118440934,
118733444,
119071853,
119243706,
118882069,
118057287,
117161111,
118721677,
119530097,
117443872,
117099675,
116476264,
117283355,
119853770,
119892706,
115993142,
117429999,
117201273,
115494422,
117195409,
117706430,
117184989,
117266675,
117167159,
117456524,
117195980,
117167115,
116479339,
118542309,
115867041,
116409415,
117594350,
117194374,
118136516,
117234586,
115709857,
117188301,
119618436,
119943210,
120127939,
117191466,
117546608,
124114916,
115846999,
117102615,
151756422,
137254694,
119225015,
117502965,
117212198,
117584589,
117575056,
117119749,
118065264,
117083505,
117396094,
116893146,
115701246,
117107956,
117145774,
117228504,
118153420,
117224162,
118791353,
119363801,
117954050,
117945114,
117569679,
117556691,
118145474,
120500373,
120431853,
121670933,
120300587,
119255473,
120130512,
118285913,
117315650,
117685847,
117919973,
117611801,
117394516,
118678555,
118853275,
118436736,
121502580,
117200157,
117288680,
117450223,
117665078,
117255229,
116101894,
117690289,
117859474,
117464907,
118716980,
118246140,
117172893,
117613904,
117138901,
115455955,
155787669,
141245078,
123090352,
123799535,
117240417,
117177513,
116125550,
120160258,
120615574,
118277204,
118979891,
119740686,
118657390,
118166994,
118704034,
118494749,
118489358,
118654805,
117414075,
117102243,
117453581,
118560019,
118013875,
118303591,
117505517,
117128316,
117425297,
117129504,
116973086,
117376959,
118014663,
117221045,
116906681,
116828908,
118034718,
118339571,
118503884,
118080692,
119287151,
117811786,
123585257,
117145417,
120655551,
118483390,
117499636,
117419324,
118410191,
117817630,
117109081,
117297317,
117128481,
116301268,
117269872,
117021994,
117467400,
114942726,
157326589,
143358965,
120314163,
118481245,
118377621,
118831732,
118631877,
117852658,
118285979,
118334921,
117706218,
117966812,
117885632,
118772871,
120219209,
118715583,
118483575,
117231183,
117881211,
118323744,
119465725,
117891402,
118945968,
116837694,
116914467,
117306653,
116829145,
116565255,
116857308,
117225476,
117320781,
117333503,
117199842,
117310754,
116991657,
117369580,
116892164,
116868549,
116812288,
115766128,
116737508,
118014527,
116885450,
115887300,
117909010,
118076847,
120283104,
118008209,
121925500,
122063771,
121888916,
118111431,
120781327,
120112699,
118977735,
118494093,
116845005,
117153878,
118770658,
117866512,
119026765,
116825561,
117447541,
116941214,
117573452,
117754789,
116022848,
117754500,
118306579,
115408389,
116981786,
117241970,
117545967,
116835512,
117848262,
116820691,
115413454,
116472636,
117348059,
118528426,
118747014,
118275051,
120417998,
120599794,
121691554,
120417823,
119733269,
122840636,
118229644,
119442663,
118550896,
116915772,
117910964,
119760570,
118712197,
122861870,
124169454,
134876890,
117194782,
116938119,
117426422,
118033805,
116821064,
115835379,
115741301,
117063460,
117053180,
117904737,
117338908,
117358039,
116992421,
118006626,
120074677,
117792935,
116826968,
118370123,
118061216,
119102637,
117833115,
118819075,
120116923,
117525882,
118166510,
117560722,
117340079,
117175168,
117329006,
117899881,
116727524,
117947144,
118467642,
116775353,
117099215,
117241259,
116741603,
117180911,
118000892,
117655586,
117640845,
118303624,
117648210,
118011603,
117839182,
117659044,
118153439,
117070143,
116794996,
117158442,
116721510,
119125061,
117437492,
118405769,
117556045,
117304044,
120971998,
116805437,
115498023,
116491687,
116771726,
116784022,
117195209,
116813729,
117767070,
116971300,
117731975,
116843020,
116883894,
118097980,
118612718,
116881583,
117656060,
117109535,
115609101,
116968975,
115831555,
115740617,
116964752,
117503225,
116380206,
117224320,
115407929,
117420072,
120452912,
120263338,
120797360,
118657056,
120792262,
116781507,
118896066,
117563396,
116483739,
116780772,
118380465,
118454006,
117802526,
116840934,
117238100,
118684009,
117063464,
117235527,
116957327,
117870634,
116898665,
117623092,
117545922,
117612393,
117004036,
118027720,
118814678,
118916996,
120577655,
116881586,
116863706,
117822869,
117439310,
115721137,
118861672,
117850786,
118878983,
117051730,
119906249,
119584954,
119431477,
118436597,
120417191,
118372169,
118016777,
118165755,
119185290,
119223991,
119272842,
119165511,
118898559,
119400303,
118982729,
119022096,
118839333,
118139060,
119312223,
118106907,
117721569,
117664253,
118772653,
119123226,
119662965,
119063726,
118438478,
118058686,
118821768,
118442247,
120439733,
120567999,
117708502,
120371368,
121218992,
122062084,
118879169,
118776264,
118865677,
119629273,
119535363,
119433757,
119579692,
118751369,
118422080,
117312255,
118433417,
120977869,
116926610,
115599648,
116713974,
117122613,
118550967,
117066194,
115787722,
117031017,
118663932,
117411593,
118633666,
118916235,
120078734,
118583986,
118503096,
118601034,
120725405,
121272744,
119900075,
119449721,
119876260,
121337091,
119295116,
119794248,
117551035,
118358503,
119185046,
118235534,
119700381,
119899576,
119960954,
119767449,
119204558,
119249495,
118378845,
118418160,
119191450,
118335464,
117487448,
117901312,
117697038,
118264877,
118354679,
117686669,
117795906,
118593273,
118443606,
118445197,
118740530,
120782156,
120814031,
121531086,
118680566,
120659947,
121859321,
120438363,
118760175,
117617769,
118905330,
119301077,
119497490,
119022635,
119024168,
118959061,
118509745,
118257682,
118006406,
118333464,
118301709,
118758606,
118644073,
117259018,
118346218,
119155129,
118797022,
118420888,
116625086,
115440844,
123557487,
126961373,
121911729,
117237681,
117310936,
119031447,
118174864,
119752737,
118393616,
119894277,
120602553,
117308980,
117732422,
116927722,
118159990,
118030708,
119173085,
119550515,
118163803,
118061499,
117552251,
117800137,
117948050,
118889869,
118324059,
117779844,
118842950,
118281431,
118669215,
119009785,
119824189,
119853783,
118699025,
119051009,
120551927,
118630887,
118769173,
118361559,
118430230,
119517279,
120583123,
119273416,
121846334,
117320066,
121344641,
118591874,
117495219,
120364672,
118930522,
118661534,
118095775,
119260215,
118626230,
118639559,
119185706,
119244790,
120376687,
120036099,
120297495,
122321482,
119446367,
119162312,
119294441,
119129681,
118991353,
117817494,
116556332,
118446306,
119202165,
118350391,
119138597,
119196057,
120200742,
119554566,
120892500,
120785542,
120901113,
120970043,
122106088,
118470153,
119305798,
119965733,
119317341,
119157491,
119176445,
118475538,
119139098,
119519739,
118252351,
118774821,
120842593,
116144205,
116554810,
116943306,
115935444,
116269923,
116640285,
116742440,
116069375,
116570030,
117055620,
116325599,
117192510,
118474045,
117600867,
118574936,
121432496,
119828580,
118392840,
118662996,
120450533,
122789624,
119410788,
118296552,
116929774,
118439840,
117440665,
119230240,
119196182,
119712866,
119142602,
117622705,
116330072,
118252491,
122362931,
119408008,
117873471,
118502976,
118944019,
119074640,
117459473,
117238356,
117853655,
117176711,
116679380,
116672999,
116328341,
116846150,
116982952,
117010553,
119613779,
119009014,
117071650,
118104042,
117430703,
117868269,
116797483,
119555622,
116594014,
117891316,
117119326,
117999532,
117043048,
117762405,
117114820,
117168872,
117619247,
117200242,
117208620,
119025838,
117872445,
118366375,
118080140,
116752140,
117350152,
117482727,
118836156,
117066013,
118588412,
115738089,
116817449,
116751512,
117145265,
118027167,
119014533,
118088710,
116886733,
119990642,
120997268,
118306279,
117800441,
116692745,
116733968,
116749508,
118347480,
117010818,
117512998,
116688513,
116496933,
117047701,
118202851,
117353067,
117391227,
116642432,
115088641,
116733298,
117119837,
117556478,
117672542,
117902147,
116954151,
115201120,
115647120,
119191707,
116801939,
117416941,
116700696,
120860378,
117546263,
118150745,
117143959,
118966857,
119375232,
117250023,
117454290,
117706413,
119739099,
118427936,
115516536,
116727366,
116703889,
117120904,
118342941,
117994090,
117707415,
116831356,
116671042,
117028455,
117305362,
116638273,
116630679,
116639450,
117012053,
116669918,
116755588,
116653077,
116615437,
115529301,
115120189,
116754676,
117715967,
119522910,
120117617,
116269131,
122928803,
123312202,
125713583,
118924981,
118527995,
118332710,
117668301,
117333224,
116620760,
117537830,
118864507,
118267614,
120160046,
119375854,
119304367,
118625951,
120861035,
117453128,
116812684,
118362241,
118253485,
118343979,
117031879,
116934656,
117777971,
118863391,
118474545,
119422476,
119334301,
116719339,
117953935,
117488946,
117483193,
115401688,
117934638,
119010186,
118990160,
118125540,
116970182,
118674007,
116309059,
118914619,
118677150,
120151477,
118421564,
118735431,
116747461,
116859938,
117415958,
117834548,
117066771,
117854422,
117787401,
117577084,
117753257,
119013429,
117181339,
118228485,
116658439,
116741597,
118044083,
118064778,
117784970,
118400484,
119462724,
118865390,
117693487,
117074957,
119514121,
120453652,
116552140,
116843747,
120805895,
116643776,
117790941,
117964310,
117042896,
116737705,
118585306,
118073469,
117127135,
117105927,
117737233,
117725620,
119525138,
118680507,
117404054,
117000188,
117312219,
116764615,
116720951,
117085451,
118466834,
116453765,
116821152,
115564851,
117297128,
118139337,
120978121,
118838211,
117457341,
118120874,
117051645,
119440466,
118259934,
117944524,
118610516,
117706314,
116686582,
117728979,
118090792,
116931537,
117275003,
116377351,
117391821,
117590527,
117998504,
117490705,
117474378,
117930310,
116864269,
116757018,
117469716,
117814039,
116813082,
116883511,
117288563,
116957306,
116633883,
119239871,
116742177,
117601870,
117831461,
116766233,
117475285,
119427016,
120031364,
117267873,
117572106,
118083779,
118655034,
116718247,
116736960,
116711776,
115784046,
115722532,
116772428,
116737295,
117684852,
117014938,
118071326,
118442555,
117675750,
119174447,
118490942,
117069516,
116527315,
116539746,
116874864,
116870315,
117012090,
117084523,
116924652,
116287431,
116610026,
118107980,
117476395,
118428234,
116685344,
119181441,
120440188,
115041879,
114999080,
116928428,
116747485,
117078077,
116748906,
116688874,
117812738,
116866284,
118138216,
116771554,
117069932,
116717271,
116699280,
119624392,
116953832,
116953855,
117795907,
117984094,
117016586,
118277647,
117879726,
116652611,
116656433,
116968743,
117643043,
117400369,
117521363,
117560119,
118538555,
116408577,
118572888,
117217905,
118964001,
116814673,
117631316,
115522770,
116824800,
117808976,
118207057,
117900796,
117561819,
116549744,
117608312,
118249130,
117745571,
117308027,
117572785,
117557813,
118220049,
117569776,
115427402,
117640405,
118321683,
117096859,
117207718,
116177735,
115485515,
116714504,
116728991,
117887208,
117933592,
119271186,
119071013,
117743386,
119721322,
117287124,
117587980,
116799090,
117262714,
120391130,
123825311,
117100775,
118275814,
116530298,
115788158,
117264311,
118645009,
117423016,
117020681,
116666372,
115260259,
118366264,
117840462,
117285441,
117310974,
117521453,
116681760,
117199080,
116421672,
116758626,
117003297,
116788714,
116804552,
116785334,
119508262,
118976430,
118478705,
116938518,
119575177,
118238451,
116719245,
116704335,
117162891,
117361682,
117761272,
116749659,
117581862,
117137803,
116699677,
116636927,
116552824,
116991200,
117308778,
118898267,
117446342,
117138438,
116964751,
117542000,
118690361,
117609802,
117939469,
118493374,
118164493,
116584337,
116589161,
117290897,
120225917,
116330261,
118800710,
120648551,
122475475,
116607112,
116564260,
123945444,
117315258,
116733124,
117721677,
119739909,
118477105,
117540654,
116640067,
117053941,
116281238,
116585998,
118427364,
116625707,
116648629,
117763624,
116606279,
117450603,
116889182,
118518835,
118316920,
118348386,
117071575,
116915434,
117251217,
117296979,
117093934,
117969266,
118569983,
120289303,
117173148,
117874126,
116678370,
119584820,
119658913,
114814754,
116434094,
115543456,
115735887,
117099013,
116781654,
116745236,
117125390,
115402826,
116468562,
116727591,
116761179,
116752532,
115417734,
116630220,
117268296,
120280435,
116598346,
117381443,
116604153,
117292289,
117394022,
115623065,
116766409,
117326427,
116658834,
117609186,
116544538,
117440479,
118194346,
117037873,
117105773,
117901477,
119619573,
118123725,
117313904,
116775341,
115004725,
116970256,
117056438,
117688625,
117637193,
117887057,
116577518,
116476580,
117272504,
118507689,
117275162,
117699750,
116519389,
118239747,
119419326,
118072703,
117134338,
117728558,
116667822,
116614362,
118435083,
116911476,
118020472,
117780173,
120365904,
119474231,
119156865,
116731533,
118711260,
118621940,
119583727,
118188601,
117561184,
116914235,
117103997,
118692338,
115217455,
116729117,
117742101,
116725163,
117527752,
116586948,
117172638,
116731154,
116673084,
115331217,
118272513,
116927021,
117675195,
118544256,
117795664,
117239567,
118116420,
116464624,
117557736,
118252659,
117033383,
116867323,
117988908,
117494831,
118492991,
117739732,
120310591,
118886127,
118715524,
116898734,
117825758,
117805888,
119415476,
117312614,
117429612,
118208508,
118369564,
117477051,
118443730,
117646583,
116615624,
117975503,
117991646,
117161743,
118167361,
117337897,
117996498,
117634654,
118458727,
117484486,
118028906,
117271473,
117290842,
119317676,
117313514,
117179533,
125124288,
120762502,
117951154,
116706577,
118864578,
119284016,
118080851,
116888270,
116946515,
118427892,
119939472,
118435039,
116544147,
116531626,
117550099,
117574241,
118087040,
116652772,
116546704,
116598518,
117603161,
117063435,
117668316,
117209765,
117464979,
115264724,
116785162,
117416593,
116721452,
116646654,
116526393,
116646810,
116989342,
117213191,
118667524,
118422214,
116673022,
119651208,
119154605,
119585016,
116688806,
116414498,
115109342,
116685559,
117373661,
116621416,
116608121,
117123368,
116556178,
116401070,
118038710,
118176986,
117329359,
116991118,
116601140,
116528142,
118622056,
116897743,
116282165,
116330460,
117833115,
118344970,
116877716,
117565969,
117584572,
118458594,
119052566,
119668051,
117797249,
117180012,
117914184,
119648831,
119862672,
116633334,
117375094,
117090310,
116530573,
115125138,
116668431,
116666016,
116652263,
116671137,
116674001,
117325916,
117196617,
116360304,
114488225,
116646496,
117812210,
117750040,
118743462,
118045659,
118934777,
117511442,
117293134,
116465490,
117445679,
117140541,
116849745,
117479508,
116601157,
118508570,
117843119,
117404410,
118364873,
119253355,
119467169,
117633790,
117264983,
116215446,
117387736,
117720683,
117919635,
119778691,
117283742,
116593076,
116548440,
117459561,
116735745,
118173794,
117094671,
117950274,
118354192,
117709202,
116855510,
118037416,
116592884,
117069598,
116715189,
117063574,
117896021,
117861712,
118450696,
116902461,
119418187,
120877642,
120904219,
117431773,
117668917,
117448440,
119164776,
117638961,
117688097,
117491848,
117184494,
119138445,
117780786,
117256352,
118112929,
117900432,
116683967,
117833643,
117745715,
117830989,
117980971,
117885443,
117545520,
116715533,
117374758,
116623272,
117133630,
118267406,
116715201,
117780617,
116906856,
117822451,
115691040,
116945181,
118970440,
119688774,
122827708,
117764526,
119790949,
131035030,
119131422,
118104317,
117470252,
117604778,
118458852,
119264387,
118705333,
117977605,
117740625,
117840970,
118006357,
118332854,
117816210,
117821378,
117983623,
118223805,
116373492,
116744915,
117740161,
118142726,
116770171,
117220352,
116571758,
117432212,
116293689,
116853844,
116932526,
117650505,
120270800,
119668380,
119436424,
117146742,
120370483,
118568602,
118072126,
117425378,
117297177,
116604846,
116584079,
116640022,
116686442,
116392406,
116622120,
116880093,
115603603,
116964110,
116533756,
116619941,
116640740,
117825238,
117400302,
117567468,
118993996,
114698913,
114398245,
115595467,
120771330,
117375156,
116585027,
117436540,
118367245,
118898859,
120160769,
119397628,
119630286,
118975243,
118257863,
118043795,
117557866,
117081148,
117314217,
116649713,
116658410,
116620982,
117013031,
118622319,
117806011,
116755006,
117360347,
117602646,
116365264,
114816766,
115361869,
116648266,
115677709,
116693042,
117174494,
116715295,
117762797,
117660628,
116579087,
117216861,
117968569,
117300306,
117765533,
120224541,
120780557,
120453320,
115765617,
118564270,
120413453,
118040709,
118026171,
116830087,
117153148,
117451226,
117209712,
118332547,
119804026,
117567075,
118845690,
116729718,
116692115,
116632410,
118161227,
117034350,
116621106,
117709693,
122910877,
118546392,
117737312,
116871892,
117400848,
117395224,
117324224,
116954126,
118082654,
118067915,
116666593,
120288281,
119599118,
119421201,
118948162,
118839515,
119171065,
117666889,
116979606,
117837238,
117018882,
117068227,
117371711,
117329298,
117031145,
116829512,
116646946,
117848655,
116976155,
117613944,
116541675,
116153064,
116445747,
116702786,
116439507,
116457634,
117202920,
117220852,
118244987,
116612183,
117531982,
117116262,
115309231,
116564337,
118419280,
118870302,
118395465,
119715928,
117788016,
117534609,
118558176,
116506625,
117309893,
117844892,
115270360,
117763989,
115600961,
116675525,
116880999,
117059262,
117216974,
117751982,
117744766,
116610162,
117023785,
116683901,
115483809,
116875327,
117615350,
116869730,
116562302,
117038918,
117737261,
116643856,
116703160,
117412667,
117638911,
118179708,
119697110,
118759449,
118208807,
117039129,
119408903,
118172394,
118444855,
117728723,
119945675,
119077877,
117605252,
117354360,
116668097,
117932894,
118653201,
118682592,
118138439,
117973077,
117544289,
117933160,
117154212,
117379268,
116627927,
116615592,
116607334,
118013857,
115369846,
116865947,
117083035,
116568606,
115325873,
114593260,
115701250,
113587109,
119592130,
124515621,
117574251,
115531690,
120213395,
121478885,
117368606,
118848214,
118611563,
117395958,
116653641,
116586355,
115633960,
118830921,
117283832,
117149628,
116645982,
118230864,
116936694,
117178635,
117600233,
116618561,
116628379,
117101672,
116792225,
117691799,
116660950,
116597091,
116916348,
116940688,
117035739,
118669909,
117040264,
116719940,
117876545,
119129726,
122296877,
119066633,
117551721,
119637768,
117623090,
117992335,
118326131,
117150681,
116814519,
116704019,
118770044,
119778931,
124129192,
120244884,
120482001,
117478952,
116749916,
116783564,
116536989,
117801800,
120701412,
119241993,
116705357,
117367117,
116628514,
117675193,
118066876,
116648503,
117339223,
116584608,
116664527,
119717632,
118161021,
120324682,
119597500,
120755720,
117723473,
119544058,
117885011,
117164683,
116632234,
117332839,
116587540,
116662687,
117827939,
115467532,
116935962,
116828921,
116914481,
117322143,
117449819,
116707351,
117727440,
115736087,
117049313,
117204713,
117875599,
116734716,
115764823,
114748861,
116822027,
117138836,
117372439,
117244303,
117598899,
118165746,
118452650,
118985198,
120163986,
118743480,
117687786,
119244194,
117103220,
117757864,
117580087,
118686414,
120101000,
118378224,
116684237,
116728129,
116732154,
115407063,
116838054,
117946096,
117947182,
118792899,
119365083,
118253135,
118057823,
117016357,
118363721,
117287943,
117691442,
118111275,
117396589,
117860401,
117991656,
118061785,
117138055,
121326382,
118349538,
119185567,
117912388,
119618778,
120303621,
118012098,
119498856,
118136795,
118728948,
117421299,
117517942,
117667139,
117830176,
118453388,
117563035,
117382620,
117850468,
117444161,
116677930,
116648342,
117745122,
116447678,
116653098,
117022944,
115608343,
119145263,
116700491,
117463355,
116667244,
117325585,
116598156,
116610523,
120242290,
117749207,
118712834,
117204920,
117916349,
117022051,
118686270,
117521333,
117556475,
117502087,
117384719,
116704800,
117811997,
118655221,
117142007,
118287855,
117657956,
117942940,
117879339,
118198567,
117905923,
116576037,
117718998,
117142766,
116907577,
118034325,
117523847,
117325723,
116609466,
117375824,
118858431,
116654029,
116638225,
118332234,
119198782,
117782348,
118579263,
117282816,
117620675,
120426826,
117753636,
117851341,
116772012,
117560056,
116583654,
117937015,
117654761,
116583438,
116642101,
120716421,
117567174,
116753128,
117925233,
116717811,
116738034,
117132116,
118478955,
119752789,
117492501,
116582081,
116173867,
116590933,
116641908,
116640123,
116656148,
116650500,
116766165,
117767640,
120244223,
118442117,
118333720,
117931689,
117288801,
117955644,
117296946,
117356209,
116907445,
117945590,
117067332,
118557806,
116919200,
117374586,
116639695,
117710704,
117529366,
116505745,
117502527,
118286415,
118269520,
116406049,
116689190,
116618215,
116566232,
116598200,
117235442,
117362380,
116676048,
116877393,
115820405,
118313219,
118888165,
120098307,
119645519,
119390686,
117765946,
118368861,
121209172,
120719759,
118201622,
117772521,
118091845,
117321582,
117179112,
118884206,
116673928,
118224219,
116943141,
117723560,
117826286,
118366958,
118691720,
116998650,
118386512,
117701636,
115438091,
116959333,
117342033,
117735609,
118529227,
117848314,
117597023,
116661652,
116644597,
117290359,
117057527,
119447505,
120245602,
119670388,
117250323,
117010423,
117920104,
118353337,
117499990,
117243223,
117555313,
117793283,
117523469,
117960262,
116564821,
118053262,
118981344,
117882328,
118094152,
117629571,
117819290,
117625873,
117723793,
116845026,
117735546,
116917876,
116892240,
118266534,
120232899,
117357293,
117349810,
117781391,
116661532,
117477310,
119766820,
119864397,
118121628,
117754951,
117732399,
122591172,
121073240,
118442750,
117601154,
116952819,
117676461,
118311893,
117590234,
119036302,
117221215,
117017337,
116615150,
118372092,
117321984,
116583247,
118165276,
117842416,
117681072,
118158986,
116526102,
116466667,
115331873,
116727553,
116710315,
116739075,
117179494,
117107899,
117248245,
117086079,
117089092,
118771383,
117951267,
119334030,
119851588,
118109027,
119172114,
118409630,
118696132,
116969504,
117901342,
118165209,
119596009,
117644418,
117321872,
117351588,
116570174,
119661293,
117643996,
116893774,
116667819,
116921706,
118280862,
118688268,
117990629,
118154572,
116977090,
117678700,
116771460,
117495941,
117945149,
118696880,
116714954,
117065432,
121235144,
118647264,
119473248,
119334052,
118580222,
120481447,
117648191,
116692361,
118312975,
117048576,
117936827,
117799203,
117945053,
117279365,
117862461,
116672098,
117020927,
118952085,
116688443,
118113435,
118169531,
117711855,
117950326,
117505291,
117081892,
118545355,
117871710,
117785093,
117589505,
117802022,
118609195,
117571534,
117541713,
116702145,
117659450,
118793311,
118510453,
118945870,
115683814,
125978848,
117815941,
118191554,
117650826,
116677200,
117683386,
117919509,
119671151,
118225855,
117745755,
117886431,
116615145,
117072958,
118133336,
117779446,
116682948,
116759503,
116681692,
116946309,
114859783,
116714936,
117250208,
116901330,
116644328,
117562400,
115160100,
116629128,
116625339,
119003921,
118806537,
118753482,
117787499,
119585392,
119653375,
121719168,
116916842,
117868083,
117194908,
118153448,
117611240,
117104304,
118097223,
117066323,
117886845,
116986209,
117776564,
117080773,
118528567,
117385790,
117952477,
116704300,
117224006,
118160269,
117916688,
116739625,
117289061,
115593547,
118715110,
116960083,
118003094,
116693526,
117944881,
119397924,
120436507,
119630134,
116699720,
118584002,
119173110,
118300401,
117682500,
116922582,
118207583,
116364623,
117320573,
116892880,
117751832,
118641038,
116694770,
117847603,
117686313,
116984057,
118107908,
118533374,
118538688,
118497706,
119696916,
119049967,
116554067,
116909274,
118290015,
118670077,
116669951,
117697675,
117345762,
118069640,
118760302,
117402629,
118134177,
119553851,
117559300,
119591606,
119794210,
118166010,
118405988,
117063552,
117299271,
117637730,
116645654,
117597252,
116958783,
117553449,
117056116,
116892012,
120578148,
118683942,
116676702,
117960523,
118188995,
117189372,
118059967,
118005628,
117613657,
117276914,
118199569,
117288389,
117146201,
116625597,
116679229,
116619972,
117804436,
119492926,
119222339,
117726907,
121097609,
118894780,
119760332,
115481442,
116659094,
117707533,
117554818,
118112630,
117701716,
116555569,
116599791,
117765368,
116638041,
117190144,
117075209,
116430746,
116492754,
115575748,
117817723,
118344941,
117116649,
118481852,
116979326,
115155874,
117146250,
118586468,
118448630,
116775711,
117240026,
117535310,
119813852,
118065048,
117153211,
119698092,
120644482,
119154729,
117945593,
121829626,
116615673,
115135129,
116976346,
117792460,
117922191,
116638870,
116984891,
115134866,
116678560,
117170246,
114774420,
114982301,
116606978,
116906525,
116641286,
116927481,
116564282,
116957796,
116596818,
116601538,
116616781,
116682587,
117318699,
116659359,
116694586,
117341339,
118336098,
117519950,
117257218,
118057878,
117629185,
118191624,
116483339,
115558479,
115171582,
116835355,
116770914,
116475681,
116679544,
117075292,
116628737,
117363101,
116974533,
117047530,
116659765,
116993392,
118238170,
117532294,
116661492,
117719082,
118310373,
116658718,
118550802,
117366145,
117078942,
119448451,
116610156,
116950834,
117736820,
119136730,
119662914,
121025911,
120036507,
118224313,
118795387,
119087840,
116824297,
116227409,
116920225,
118272945,
118174918,
118959362,
120049901,
116762806,
117375007,
117692391,
116588741,
115379939,
116993612,
117687220,
118166612,
117802848,
117691967,
118272357,
118629254,
118065450,
117325070,
117520165,
117641980,
116998845,
117408295,
116922903,
118042979,
118442603,
120020516,
119249008,
117625719,
118172919,
118317477,
119768032,
117236572,
116464134,
117672562,
116569944,
117370784,
116836827,
116809616,
117977494,
117019184,
117828850,
117397906,
118016098,
119212608,
116768258,
117353665,
118443583,
119241015,
119619521,
118245779,
118790258,
117350884,
117072024,
118591044,
117427972,
117427365,
118262712,
119883174,
119790667,
118127584,
118162631,
117385805,
119529136,
117892983,
118385384,
118496801,
118089092,
116526352,
116601762,
116385013,
116645484,
117036849,
116822911,
116839506,
116880703,
117097388,
116952821,
116660862,
117370176,
116733062,
117153211,
116803324,
117033636,
117663753,
117352066,
116714315,
116715649,
116339476,
116680477,
116893041,
118169684,
118638381,
120005381,
118971993,
117452635,
118583783,
117714175,
118618675,
117374828,
119898539,
117076242,
117609253,
116600535,
116584691,
117548193,
115376956,
116732482,
116757635,
116803982,
115129077,
115760259,
115637388,
117252753,
117937983,
117531810,
117781258,
116669074,
116540641,
118117311,
115201715,
118009058,
118611878,
116670706,
117489177,
117588177,
118858986,
117844929,
118130554,
116638184,
118286617,
120582271,
118500348,
118198778,
117746891,
118425990,
117449655,
118187855,
117112234,
117276196,
115267353,
117619531,
117478035,
117047913,
116918921,
116620306,
117384426,
117070190,
116524551,
117538776,
116608411,
116583225,
117512547,
116857299,
116721215,
116573668,
117188612,
119334486,
115136160,
116593464,
119643473,
118258117,
117580699,
118014878,
117409773,
119034721,
117412151,
117318264,
116947671,
116671387,
116708110,
116697769,
116689506,
116664212,
116754950,
115388663,
115710244,
115402768,
115350975,
115813081,
116732929,
117381445,
115423660,
116421260,
116404537,
116815674,
117506989,
116743149,
117880040,
118749311,
118055708,
118580879,
116603292,
118240206,
120344941,
119659341,
116337242,
117966537,
118130819,
120132699,
117136205,
117122961,
117369386,
118191594,
117160657,
117014948,
117795198,
118565451,
118052556,
117638519,
117094045,
116638002,
117463919,
121571489,
117368536,
117685043,
118113203,
119042113,
119652330,
116710214,
116742640,
116859773,
117124568,
117363282,
117140034,
116946850,
117156779,
117869309,
118991315,
117946054,
116936349,
119699224,
119412028,
117914739,
118130735,
117155324,
116727545,
116930973,
117314305,
117332822,
116894929,
117161596,
117825978,
117690683,
117237362,
116770117,
116439487,
117731582,
116697970,
117116358,
116384446,
116292653,
116901858,
117806274,
117778856,
116691067,
117307655,
118373025,
116930189,
118558907,
119975557,
117509912,
117154186,
119389550,
118870731,
119857735,
120569474,
117144727,
116559330,
117041547,
119439792,
116732337,
115770541,
117992681,
119531770,
118962070,
116557798,
118447429,
117863917,
116894264,
116578384,
117655083,
117646882,
116574356,
118529852,
117052266,
115141198,
116424833,
116593431,
116865615,
117299914,
116715884,
117755174,
117845469,
120798468,
118882915,
117649046,
119844818,
119045790,
118770915,
119633522,
117704439,
117981879,
117041578,
117445535,
116585933,
117706286,
115940966,
117577807,
118026970,
117214451,
117876013,
115423965,
117450118,
118040112,
118394982,
119219164,
118245608,
118412027,
117567022,
117404977,
116907342,
116842937,
117832527,
117618987,
117515390,
120105911,
116805788,
119271628,
117555061,
122392648,
119604139,
115071785,
118715528,
116776862,
117251974,
117148761,
117536503,
116855534,
117129454,
117143960,
117396469,
116602646,
115423266,
116916107,
116899047,
116833213,
117943412,
116748459,
116742829,
116713435,
116853166,
116824478,
116900374,
117104845,
116832727,
117312270,
115789664,
117999718,
118145723,
116935166,
117258953,
118895477,
118104173,
120505315,
120285483,
118639646,
118755584,
115672231,
116686886,
116719244,
116804426,
117699867,
116847125,
116864963,
117369825,
118410755,
117900799,
116973593,
117712305,
117276034,
115801159,
116815474,
119800971,
117867765,
117777130,
118748534,
117329497,
117721511,
116804759,
118016392,
116789871,
118068357,
116888342,
117539619,
118420420,
120256080,
120188986,
119516151,
118580683,
118908724,
121735714,
117867194,
116773973,
116769811,
118908405,
119799029,
117665309,
117212017,
118256218,
118677507,
117445391,
116752687,
118711158,
118414718,
116827594,
117103431,
117366282,
117463020,
116785457,
117126716,
116845345,
118566318,
117785404,
117778349,
116787349,
117241871,
117818938,
117668923,
118830711,
118091146,
117735391,
119325800,
119754315,
118764524,
120817015,
117723485,
116897299,
117027005,
119615595,
118197545,
116043783,
117941817,
118662241,
116920362,
117958110,
116763004,
117284765,
116504923,
116900845,
117939906,
118110232,
118411800,
117713904,
116689798,
117271913,
117240306,
118264019,
117901449,
116811913,
117016106,
115688755,
118501244,
119167632,
118668289,
117606716,
117848005,
121553431,
120513848,
118215193,
118412344,
117345125,
118004795,
116806889,
117941955,
117549164,
116866912,
116864511,
118163457,
117483706,
118314606,
117818751,
116701378,
116815847,
116810680,
116896952,
116833575,
116907321,
117838683,
118842890,
117032733,
115483598,
116898816,
117793827,
117191271,
116808168,
121132377,
119697427,
119473863,
121394408,
123350955,
119751635,
119210428,
118940926,
117740474,
117780753,
117948350,
118673902,
118820780,
117284289,
118462139,
117976133,
117231639,
116756594,
115063631,
116921360,
118605983,
116938054,
117156000,
116905429,
117650228,
117704627,
117839203,
117770585,
118071658,
116845092,
117890961,
118695104,
117255358,
117808476,
120809230,
118356654,
119092389,
117615818,
117970332,
119377286,
117116655,
118136206,
117546920,
118594626,
117990598,
119123109,
118559370,
117090521,
116668794,
117507895,
117380866,
116733301,
117655418,
118878871,
116609124,
117302461,
118521619,
116829475,
117043044,
119055992,
117091855,
117076401,
117153528,
117232608,
117069218,
117798215,
117981776,
117785670,
119911417,
118246452,
118277066,
120581459,
120064225,
121480604,
119077446,
117256839,
116815939,
117145753,
117834640,
116851200,
116773567,
117213523,
118462739,
117608664,
116749049,
117451081,
118330626,
118337417,
117413975,
116725462,
116671197,
116600291,
117554786,
118601024,
117758680,
116838810,
116750128,
117196806,
116773391,
119590072,
118040299,
118567487,
119827250,
120588868,
117281339,
118312445,
118027425,
118481781,
116738581,
116852459,
117931044,
117500077,
117569736,
119532545,
117345516,
119067570,
117467745,
116781869,
117526393,
117502133,
117492527,
116783699,
117868344,
117806159,
117870057,
117883450,
117759464,
116833585,
116724172,
116755165,
116691442,
117458970,
117434768,
117912180,
116866547,
119802499,
120339198,
120436513,
117529365,
119175470,
119171654,
118533666,
117956497,
117509852,
117534669,
117508635,
117472304,
116806400,
117408232,
117733127,
116693433,
115767064,
116791147,
116837164,
116850121,
116915225,
116770754,
116872687,
116876346,
116922147,
116848237,
117433104,
117426058,
117475603,
116784982,
117068088,
116736776,
117349730,
119143903,
121718987,
117130979,
118065683,
119815894,
121698230,
121906965,
117502283,
116989747,
118051579,
118797123,
119034034,
119742950,
117866262,
117188744,
117910301,
117414291,
118119269,
117873587,
118613004,
117604745,
117444709,
116791872,
117063669,
116748997,
116771014,
118069296,
118000021,
117877167,
118142858,
118098219,
118273262,
116637335,
116822709,
118291347,
119064470,
118505614,
119480067,
121482756,
117391383,
118306109,
117542514,
118522385,
119211378,
117231977,
117690329,
116656015,
117847627,
118014115,
117724777,
118269982,
117291400,
117640507,
117101384,
117697693,
118604125,
117088941,
117292972,
120427826,
116797221,
120106001,
117421002,
118167724,
117877012,
118562021,
118272060,
117053605,
117178306,
119623648,
117627187,
118889888,
118168789,
120285899,
122016384,
116769313,
117406956,
118665385,
117443387,
117808499,
116798839,
117997009,
117853495,
116980678,
116841592,
117503846,
118366084,
117742373,
117214706,
116823655,
116804983,
117068405,
117862318,
118599399,
118002441,
117697479,
118166247,
116773538,
117223625,
116731765,
115195789,
115427968,
117096438,
118598835,
118837694,
118073655,
117821802,
118522270,
119853771,
117098497,
118444131,
116948192,
117206040,
117554198,
118508527,
121191861,
116869308,
