41751
38647
35559
35053
33938
34211
34560
34522
35179
34177
34938
35359
34927
35639
37775
34813
35018
34345
36875
35638
34776
36464
35223
34890
35923
34803
35935
35521
39697
37185
47139
34963
35125
35485
35019
34724
35181
34005
35267
35052
35516
42190
35482
38940
34987
34832
34964
35140
34737
34718
34359
37632
35640
41158
40367
40906
40287
44868
40718
40304
40368
49278
40907
40567
39979
47169
40714
42229
41173
43221
39573
41273
40011
40991
39791
39132
39758
39892
38934
40052
39788
39241
34965
34797
36688
35229
36408
35346
35082
39472
34923
34479
34711
34770
34955
35096
34991
34898
34998
35111
35029
36516
43022
36348
35306
35521
34657
40167
36218
35838
35453
34985
34822
35262
34325
35340
38464
34994
34825
37108
36120
38914
35216
34902
35067
35464
37912
35544
34931
34893
34218
34932
41269
36048
35060
39841
35111
37356
34977
34440
34627
36298
37899
34440
34537
34432
34699
34547
34044
34375
34503
35082
34510
34491
34607
34467
34413
37411
35413
35192
34647
40739
35150
35156
34116
35247
36814
35957
34127
34514
37122
34707
34457
34487
45024
35704
34105
35917
36618
34763
34311
35958
34886
35186
37168
38932
35907
34887
34383
34587
33945
34691
33847
35584
34276
34770
34088
36851
34788
35666
34262
38633
34942
34771
40921
37062
34444
35310
34516
34782
34668
36194
35366
36950
39605
35345
34696
35113
34767
34637
34384
36626
34689
34476
34713
34608
34013
34531
34409
34520
33991
34672
34023
68540
35639
34633
38158
34487
34832
38358
36187
38593
36363
36876
38080
35296
35216
42954
45343
39396
34815
35115
34918
34852
34330
36388
34786
35038
34876
34380
40340
56536
35465
35141
41787
36020
34670
34740
34772
35688
35180
34978
34011
35070
36524
39026
41301
35842
34648
36220
35178
38978
35391
36292
35359
34972
34969
34312
35385
35181
35333
35422
35140
34602
34098
35142
34453
34279
34381
34550
34320
34232
37645
34481
36214
35064
34996
34466
35001
34549
34410
35080
34930
34559
34500
35111
34744
34768
34581
45117
35882
37859
34945
36018
35622
34784
34798
34742
34534
38008
34704
34468
35936
34637
34798
35393
35577
34994
37469
35221
35610
34803
39361
36076
35884
35555
35751
34668
41695
34850
35155
34204
34719
35058
34596
34946
39881
35757
34707
38494
36927
38803
35276
34592
34206
34944
34496
35056
34681
369813
40204
35823
40628
44163
40205
40384
39689
40318
40225
40686
40076
40710
40984
40613
40677
40536
40198
42246
41012
40037
40224
41728
54842
41581
40219
39678
42568
40035
40070
40424
37276
37093
35102
35812
35156
35322
35362
36550
34557
36206
34804
36034
36534
40284
34856
36695
35689
35562
35393
34693
41731
44198
35458
34975
34703
34739
34700
36470
34925
34714
34806
35348
35112
34754
34657
34775
34481
34927
34222
35032
38495
35665
34229
34742
34865
34723
34400
35368
34669
36752
35081
35227
35203
35402
34650
34950
34367
35209
34868
34863
35109
35063
34837
35355
47392
36195
35386
36871
35195
35669
34848
38863
35347
36414
34680
38447
34441
34617
34924
37428
36877
35833
34755
35220
34781
34808
34546
34726
34914
35082
34953
35007
41194
35538
34705
34621
34730
34917
36836
38671
35129
36241
38172
35344
34517
34937
34436
34638
34025
34641
34396
34554
34150
36625
34242
34759
34147
34568
34142
35788
36668
37426
34720
34554
34738
34486
34382
34700
34566
36349
37029
35504
35070
35287
34823
34985
34472
39891
35368
37630
34780
36360
34944
34851
34451
34819
35044
34847
35007
39938
35285
34452
35074
35025
34692
35067
41155
35668
34304
35068
37750
38775
35202
34930
41884
35378
37101
35559
34194
35038
34562
35322
34561
34827
34764
35108
34786
34679
39816
34872
34856
34488
33923
38220
34016
35181
34816
34619
34465
34191
33911
34587
35137
34903
34233
34629
34252
34633
33899
36087
37544
35116
34400
34833
34414
35311
34905
35112
34815
47369
39740
34935
34215
35727
34313
34700
34395
35042
34149
34664
33832
34549
34363
34830
34671
35340
34891
35256
39944
35346
34415
34726
34338
34810
34233
44264
34863
37972
34501
36968
37343
35607
34878
34954
34755
34505
35049
34867
34326
34597
38147
34633
35657
35134
37411
35408
37332
37603
36359
35480
35670
35000
35516
34356
39095
34826
35095
35835
34787
35343
34324
34494
34290
34770
34431
34391
34563
34563
35686
35931
37374
35755
40447
36007
34537
34330
34868
37524
34432
35047
33956
38482
40411
40487
39039
39257
39137
40823
39869
39773
39517
39934
39622
41287
39633
40325
45505
47044
40188
39871
39639
39769
39216
39990
44128
39867
39345
40576
41191
42809
38293
35562
34663
35029
34812
35344
34886
35013
34666
34738
39935
36037
37345
35655
35743
34865
34357
34444
34864
35229
39891
35610
34335
34731
34358
34916
35334
35227
35064
35149
34710
34453
34575
35142
45412
36454
39722
35390
34322
36643
37289
35234
34185
36406
34853
34370
34889
37660
34302
34517
34708
34894
35101
34741
34580
34803
36003
35066
35015
41291
36143
36556
34896
35071
35201
39773
35446
34826
35096
34608
34529
34923
34987
36269
37113
35056
35508
35007
35921
36115
38008
36104
35396
34802
34487
36212
34717
35533
34358
35493
35337
35045
34489
34483
34909
35467
35359
37818
35099
34889
34393
37416
34259
34943
34794
37398
34882
39508
35257
34736
33947
34527
34419
34731
34119
38741
35427
36840
35940
36605
36785
35341
34840
34815
34554
34875
34607
34237
36605
34298
372851
52026
41542
41151
39835
40429
40335
40842
39901
40154
40030
40467
40501
50038
40429
40322
40705
40499
39189
39339
39414
39498
39779
41570
39619
39742
39564
40303
39372
39480
38707
35013
34769
34532
34735
34483
34375
39328
34549
34764
34419
34402
35089
34963
34863
35365
35070
35398
34725
44931
35770
35058
35991
35029
34834
36998
34997
36618
34873
35282
34370
34921
35151
39371
39066
36756
34532
38147
35401
35674
36835
38617
34757
44031
37947
36609
34391
34964
34402
34673
34857
34460
34632
34719
34292
35049
35054
35249
35149
34832
34458
37494
38471
35423
34183
36102
34540
35366
34554
34693
35103
34821
37339
35381
34645
38553
43226
35411
35026
37760
36970
35038
34246
34346
34495
34694
36471
38847
34348
34935
34927
34720
39436
35618
34239
34644
34106
37702
35160
36010
34424
34600
34363
34687
34335
37485
34925
35473
34783
35319
35082
35239
38757
35414
39128
41630
34762
35272
35450
35431
