131830333
127653426
134005417
129983253
125998701
133379270
128799541
125598163
132666410
118521418
135493123
131171718
127411176
134353908
130392049
126737735
133726150
129620956
125888952
132333462
118188767
135386861
130988366
127328112
134515485
130708909
126400296
133386395
129690022
125267697
131030139
116299575
133123854
128991364
125874637
132576296
117966961
135296460
131330898
126995902
133034631
118407861
135028681
130977171
126789307
134011322
129590929
126097580
132850056
118600423
136278418
131971491
128707835
135540541
132017566
127905585
134351888
130302755
126459121
132750135
128723152
124817168
131085598
116980825
135638906
131481660
138500396
134914404
131654012
127761790
133423087
129751892
126826012
132956932
118697422
136142765
131988819
128909958
136172586
131758691
128299850
135402195
131273401
127446488
134343866
130539850
126488830
133127762
128889769
125846924
132827265
118455735
135331992
131687039
127471654
134721560
130753901
126986106
133674848
129419522
125267549
131459224
116747836
133614167
129829115
126181482
132580440
128204854
125440318
132049382
118029289
135586247
132046272
128586160
135741560
131676258
128045242
134750716
131349584
127799056
133995326
129802143
126265526
133316593
128760501
125610225
132063680
117396657
133295460
128898912
125199295
132518314
117836042
134355562
130832355
126978021
134777856
130551977
126528317
133056921
128809654
125084265
131976309
117204326
133861838
129999054
126599072
133193627
129449562
125766241
131646775
117232205
134846116
131050369
127339240
134379700
130272257
126939438
133346453
129792725
126065509
133248522
118552969
136986702
132978398
129556576
136218398
131676561
127690275
134611389
130677159
126948141
133072365
129095167
124803387
132394575
117766339
134726347
130401523
126605223
133291821
129778546
125573936
131982097
117862229
135186827
130567042
127242988
133595352
129235585
124801908
131214497
116428200
132910171
118500618
135560477
131737673
128101930
134357182
130456203
126652962
133342144
119242874
135256223
130614765
126879894
133556048
130408881
125962011
132626060
118368301
135386572
131550373
127345958
134374329
129921796
126438674
133098099
118260362
135073011
131424507
127951181
134120764
130249883
126561602
134294393
130317483
126175770
132653531
118402764
135597041
131617249
127934470
134233352
130270269
126813226
133300687
129021641
124985674
131315666
116699506
133888509
129391463
125140039
131387080
116771588
133099160
129578623
125390598
132106702
117273842
135562876
131882110
128351130
134854001
130454972
126824271
132964548
128573661
124976092
131941645
117985687
135723915
131862135
127930336
135484831
131447280
126805416
133879234
119509599
137191314
133757181
128958246
125850522
132744961
118572747
135833175
131668492
127839718
133759366
129524185
125430880
132581398
118549196
135432841
130957187
126937848
133854843
130875022
126878093
134239070
130953782
126617430
133418153
128888645
124700447
131458726
116959400
134418342
130811275
127252167
134020670
129810896
125854550
132782442
117755862
135605438
131710889
128026781
135234278
131431411
127740015
134523861
130288381
126744955
132538861
118439777
135929093
132358495
128312540
135539067
131423634
127689543
134411522
130559885
126002179
132738145
118366460
136252695
132273062
128931002
135621167
131630158
127285598
134228826
130476724
126217044
133865733
129579248
125906052
132059377
117425914
134814738
130630772
126395454
133297484
128982339
124445639
130940533
116349416
133332818
129031689
124462201
131375735
116505602
133563988
129391229
125031524
131172427
116730160
134799580
130822158
127774848
134358722
130273335
126122948
132452171
117706198
135356593
130976009
127651956
134613823
130781265
126674847
133399097
129602919
125817907
132915668
118119814
135158847
131384762
127279943
133972505
128937957
125108231
132656969
117791971
134315790
129783096
125929303
133305164
128937544
125462970
132731765
118393418
135314431
130513095
127564983
134250222
130506401
126284620
133047873
118469841
135420149
131864830
127619013
134875373
130604847
127231035
134285408
130552329
126007560
132647210
117978225
135674256
131815164
128286869
134978852
130933832
127509186
134215851
130519389
127761785
133023044
118417813
136514429
132471184
128937533
135558692
131226267
127114596
134742839
130396971
125916873
131440708
117203059
134372758
130672191
126518702
133342592
129368174
125763601
132352223
117843831
135906058
132496632
128473731
135130000
130782135
127464339
135252996
130873820
126560965
133480892
129467053
125867276
132964219
118213382
134975108
130753493
126991900
133180893
128847998
125599978
131571523
117243789
134961324
130635193
126703026
133767421
129855606
125608667
132333688
117599992
135504573
131587240
128278241
134239576
130564119
126719485
133064011
129474291
125975913
132467458
118518387
135813518
131168922
127642022
134539256
130767248
127486145
133812749
129564517
125875093
132415983
118412668
135402172
131031691
126749127
134147932
129806515
125892668
132693086
118364899
135635354
132074952
128027115
135212876
131597599
127743310
134309378
130548431
126460378
133300975
129108076
135590280
131257065
117323983
135236280
130865797
126276974
133489738
128584624
124902311
131503674
117322756
135071478
131220519
126527980
132921270
129404398
125072308
131292726
117208349
134586119
131376876
126837427
132813408
118790428
136154526
131304495
127666897
134169752
130315838
126628349
133817729
129711092
126355743
133322781
129801714
125800435
132394669
117745278
135229518
130997889
127401292
134302805
130150635
126422310
133066708
129026586
124845442
131325248
117314627
135115803
130584193
126493371
133411055
129560458
125757965
132827261
118279516
135659803
131462118
127714924
134903776
131191975
126806443
133761145
129494043
125227533
131673958
117693697
134918570
130813819
127406437
134266894
129940263
126201555
133021852
128964208
125459881
132767143
118184846
135602519
131561661
127298963
133891993
129662331
125795543
132785966
118742582
135949609
132002129
127323054
134591591
131193359
126970351
132897961
118482042
135929468
131513409
127917186
135111831
130808429
126184123
132678737
128499474
125462790
131593868
116763245
134223836
130724382
126716584
134076423
130408930
125958763
132324364
117730444
135598208
131038609
127427374
134168195
131038444
127040437
134604177
131262413
127722332
134371373
130626758
126585320
133284286
129174197
125806912
131992105
117414930
134561813
129684028
126532544
132609277
117764428
135062164
130633636
127706778
134138140
130437607
126496548
133515899
129496595
126121909
132247467
117591893
134112761
129707248
124981258
131589198
117325468
134834642
131304329
127655552
133990756
130171575
126114839
133105751
128541629
125395867
132516395
117444681
134072282
129943309
126183856
133076620
129706747
125796198
132379133
118261353
135452415
131626242
127389868
134087471
129950876
126503509
133026540
128777366
124818356
132068756
117795572
134874960
130737329
126984294
133621860
129404262
125966363
132826670
117990164
134958964
131129467
127350520
133567150
130173561
127267452
133652881
130220176
126001131
132265325
117957254
135352443
131794069
128302843
135507574
132041839
127854790
135301668
131264207
127327956
133952476
130629039
126503536
133525418
129949426
125860668
132589139
117856718
135498651
131648035
128654041
134356681
131080986
126809037
132909502
118302745
136113701
131795612
128268277
123788657
130861227
116505718
134811453
130781937
126829563
133660486
129575433
126066582
132273486
128320641
125205922
132106635
117589193
134063647
129679544
125074047
131776466
117155379
135407954
131533501
127601947
134611673
130337476
126468908
133129080
129950485
126064007
132717051
118316560
135243149
131264493
126779881
133531973
129277872
125404930
132297054
117809199
135303317
131853890
128070702
134364027
130310181
125929436
131889005
117394363
135599098
131976013
128601375
135679523
131657650
127447744
134673984
131505298
127238368
133395465
129243481
124500381
131007114
116180978
132986021
128953271
125068425
131528494
116765722
134362091
130715494
126874882
133101513
129088228
125063869
132711151
118287763
135533198
131529892
127671593
135436944
131031378
126606517
132866176
128863560
125693888
132522624
117588220
134488075
129718601
125833693
132571630
117965263
134924264
131738915
128003832
134382653
130508872
126286144
133406170
129459012
126057485
134147968
119414520
137182227
132688491
129059096
125475502
132714720
118189673
134968835
131101368
127687187
134625248
130753286
127506839
133927690
129700718
125764064
132017507
117348083
134148049
129612428
125593832
131596997
117562463
135002112
130654882
126157494
133217074
130308087
126055401
132585138
118336883
136279182
133332780
129072599
136229309
132451453
127674094
133622277
129498961
125865982
132809752
118722366
135417113
131722906
127998562
134895159
131106575
128003961
135395781
131632850
128172967
134406725
130067445
125867996
131999013
117499560
135017002
130951417
127133099
134141407
130503889
126532361
133254928
130346880
125829125
132565794
118297773
135186981
130780124
126225715
133185619
129473183
125405555
132018825
117712730
135604346
131509658
127448995
135018103
130827683
127598445
134259406
130606060
126803699
133443317
128953669
125802472
132773876
118403079
135568053
130992449
126561826
134338405
130297883
126280413
132579938
118216390
135152752
131523402
128123806
134659048
130791451
126582720
132976875
129811004
125761694
132621435
118182541
135294604
131672482
127950528
133979940
130015969
127784141
133169756
119136765
136653935
132810720
129348466
135842619
132716267
129771679
136887963
133337853
128753390
135368171
131692454
127397317
133581312
129377355
125820502
132290593
118002771
135528784
131596252
127966344
134631018
130523117
126671315
133017798
129059100
124920667
131577334
117570741
135707756
131662953
128358011
134575258
130469670
126194003
132528241
117614266
134989527
130920671
126528813
132918500
129094949
125929949
133708484
119166784
136227284
132594205
128371584
134300298
129726943
125801900
133075302
119187553
136174085
132627049
127734143
134272714
129920677
126942633
133870602
129828908
127024743
134239867
130488461
126553411
133154712
129269839
125474848
132243664
118003641
134961332
130453656
127056079
133892941
129780138
125951357
133089793
129248625
125731926
132534487
118033470
135417399
131284611
127857314
134213889
130551432
126787239
133493925
129004591
125840755
131959848
117957790
135299243
131545067
127980591
134202827
130724003
127232313
134109062
130428578
125849536
132629830
118313403
135564396
131508469
127444287
133672803
130757832
126794783
133383930
129270118
124730008
131780849
117592982
135464967
131539227
127728388
133972189
129858202
125919363
132135179
128300112
124839606
132134711
117923602
135178062
131510185
127777956
134453969
130047222
126720060
134267331
130120557
125922376
132865248
118142741
135851384
132822848
129039875
136509332
133062805
129290647
135705316
131232815
127388913
134331902
129757392
125961664
132581635
128432052
125308619
131506566
117017853
134431618
129798256
125803332
132254210
118111051
135552760
131681486
128587108
134846576
130740065
126982743
133550749
129245686
125019466
131568809
117345305
134291977
130296783
127198267
133412152
129381360
125116413
131625263
116953525
134335025
129878401
125861928
133153954
118365910
135629582
131729001
127649876
134381143
130786017
127349757
133547491
129452230
125863255
133348633
118605726
135393163
131042642
127621553
134058245
129552689
125908609
132914831
129666531
125824305
132345924
117756534
134668922
130597520
127065463
133744333
129634220
126566854
132661155
118494995
134865187
130777152
127523846
134586941
131076470
127002902
133492944
129640022
126016481
132785143
118485128
134845583
131149626
126917266
133944219
129891224
125964099
133256087
129339375
125866219
133172637
118800198
135300025
131471226
127941026
134435205
130021573
126060513
132965940
118468657
135694395
131753448
128726491
135452976
131388460
127033036
133962127
129754842
126574298
133287080
129424199
125957651
132175308
117620819
135286832
130998727
126522597
133462837
129554669
125600212
132078315
118121575
135491260
131501159
127302186
134335766
130144516
126032637
132126741
129273938
125864181
132192736
117897641
135736206
132131078
127486722
134033771
129522667
126468849
133408477
129840212
126114345
132651581
128800695
124775500
131902978
117336365
133928664
130791891
127158590
133956155
129913551
126835628
133385118
118619138
135994144
131775379
127445903
133943478
129180839
125265864
131860943
117569712
136631750
132245125
127843085
133897842
129878193
125905082
132767494
118276511
135868971
132050989
128067649
135296747
131318103
127554629
134213957
130212602
126595225
133406047
129470904
125787360
132344122
118331830
136242121
132392029
128990460
135887265
132667337
129580404
135669002
131871173
127822214
135190878
130743506
126293219
133673877
130457764
126411138
132615607
117968776
134457267
130383470
126925536
134180234
131050484
126489943
132931353
118451225
136257193
132186778
128110553
134869229
130445607
127413637
134161937
130591092
126584166
133603220
118673356
136046436
131941295
128550113
135288921
131484220
128112613
134765643
130545202
127497993
134014091
130152469
126442892
133312844
129191889
125612224
132689404
118524077
135878757
132054798
128900075
135760076
132760011
129368666
135812607
132709103
128269493
134565750
130966365
126987766
132947164
128878284
124803199
131542845
117596704
134805807
131616807
127238467
134298964
130336240
126696766
133256409
118682191
135358161
131153760
127372327
133873440
130247775
125848142
132031154
117098787
133930191
130278535
126313492
133334728
118794721
136512252
132801348
128241296
134673394
130281029
126702252
133447016
129020909
125608032
131923339
117741436
134994540
130920856
127061313
134012224
130140758
126631120
133492758
129432626
124772088
131664148
117444502
134839696
130836135
126225254
132957497
128873729
124796470
131700769
117346814
135002024
131391052
127845421
134927473
130998215
127906556
134034962
130085724
126418439
133489776
129317679
125149725
132421051
118140085
135452497
131722120
127727811
134839260
130880582
127057598
133267832
129690663
125832608
132120485
118019052
135885504
131627377
127592633
134556874
130998198
127299138
134292448
130277916
126581344
133037717
128586515
124724598
132257654
117782613
134797305
129992967
125806471
132033098
117569072
135262847
131613093
127701027
134471940
130441880
126618884
133875744
130251410
126077142
132446172
117650989
134879761
130887280
127237364
134617519
130642920
127133353
134315787
130206334
126939633
133554312
129351269
125129740
130740637
116243418
134354858
131223501
126681059
132708293
118551095
135591986
131531570
128403614
135506739
131656254
127219170
134312758
130789691
126261733
132308557
118057298
135327044
131403998
128091796
135369696
131263197
127301890
134234126
130993193
127352533
133289249
129322413
125123702
131455673
116561358
133712159
129566055
125889830
132490359
118347246
135332776
131441976
127634618
134582745
130496951
126605993
133401924
129168161
125763919
131399195
117193011
134248084
129707464
125962682
133157094
129054107
125877329
133161117
118408358
135604760
131010307
127746063
134221722
130282155
126389475
133496968
129235061
125456833
131800773
117406795
135670374
131530825
127662259
134771353
130571463
126898034
133383941
129370393
125849540
132290043
117928055
135162846
130900537
126585131
134207346
130054452
126703340
133484849
128899611
125813507
132752382
118476623
135290387
130939415
126447685
133244722
129154694
124995108
131958027
117545757
134800501
131553176
127302645
133922614
129770905
126059647
132836781
118293903
136275018
132409223
128354378
135081069
130749810
126253244
132832731
128731139
125006080
130979951
116692063
134183371
130273293
126094588
131741912
127783106
124227850
131049921
116818685
134131329
130663400
127270814
134288475
130171239
126634981
133470601
129455680
126046970
133286314
118573509
134446593
130258387
127070029
133155433
128813777
124816498
131433490
116666223
133740046
129950037
126416081
133620736
129644416
125760676
132208381
117548347
133952236
130084849
126849341
133050720
129638843
125901539
132467112
118202363
135375320
131545886
127781302
134586327
130345534
126784490
133146556
128740196
125232655
131179926
117194120
134166729
130124008
126509135
133042689
118940191
137163345
132867282
128405425
125148009
132370238
117629689
134812417
130663006
127110397
133608006
129883984
126621821
133179027
118432986
135143361
131306465
128168284
135092329
131451270
127874886
135025088
131816002
127236702
134070635
131047776
127226745
134207149
129794096
126116037
133622696
130034561
125798448
132159651
118390054
135652784
131556176
127425361
134204367
130580556
127041799
133596373
130063078
126123715
132354355
128214137
124719830
130963429
116977745
134769758
131229909
126964263
134124593
129701586
126512497
132517771
118541973
135135781
131767230
128129079
135495907
131643597
127504559
133846871
130388309
126834309
133048000
129215973
125937283
132092169
118000649
135140821
131761278
127824561
134895631
130836267
127339769
134149901
129832576
125593680
133235555
118909863
136228537
132463210
129027374
135463778
131671357
127933625
134475960
130649794
127204954
133382707
129246815
124895005
131531593
116901914
134247951
130774040
127214264
133299490
129822697
125798875
132116644
117674752
134949754
130749348
127077026
134288276
130586915
126752551
133334250
130231084
125900971
131849193
117358131
135512425
131464794
127121313
133326559
119127589
136784557
132183662
128823591
135232585
131153062
127802386
134894982
130919577
127144460
133607901
129474643
125408773
132759693
118145541
135708834
131842181
127961902
134705277
130909283
127118712
134446121
130289641
126431070
133239531
129147247
124575436
131267392
116445920
134407408
130820267
127148646
133641827
118760813
135394628
131654327
128275219
134499856
130805590
127453371
134465975
130550556
127187830
133238769
118455233
136061600
132225929
128676841
135639714
131555186
127846618
134207177
130128796
126839901
133332260
129388974
125771473
132760302
118226189
135271200
131089729
127731079
134083136
130650565
126586654
133469123
129334158
125752980
131850120
117646811
134011540
130003289
125955733
133432010
129311222
125837337
132584443
118383886
136033733
132320266
128693802
135567965
131706007
128110872
134263455
129830988
125291181
132422502
117716402
135172136
131366264
127260413
134200239
129975768
126436023
133189027
129271639
125591965
132303043
128642143
134632559
130862134
127169975
134494423
130482803
127417065
133902080
129693429
126370672
133499864
118904548
136527758
132358784
128189844
134976278
130502368
126714720
133687746
119499994
136979760
132945882
128913012
125109901
131847552
117426443
134277630
129858799
126241738
132716982
129211033
125569948
132380855
117781521
134710548
131398767
127954709
134542778
131699564
127526323
135073871
130670396
126941485
133585292
129020803
124882573
131459504
117330019
134114670
130110387
125866775
132245218
117558257
135529071
131606389
127741538
134870847
130638660
127275637
133328689
129336097
125570344
132734166
118324124
135379415
131076415
127755346
133841301
129857588
126796311
134100776
129968607
125874422
133026742
118454052
136037278
131750269
127922212
134546545
130722920
127142270
134032478
129754221
125735640
132638274
117988021
135160328
131948111
128613597
135700763
131957702
128005256
134763244
131565077
127564940
134175655
130731602
126292266
132900571
129137716
126253669
133570403
119400660
136803640
133535488
129698119
125827791
131879803
117276815
134612938
130656649
126357257
133273187
129805812
125581395
132157776
117784632
135190090
131241079
127868331
134793300
130821762
126453710
133660677
129825156
126157101
132240591
117724060
135036805
131127761
127051581
133117436
129023652
125960893
132749061
118100107
135369018
131103440
127067747
134372638
130755660
126954227
133760257
129505630
125867766
131920277
117807418
135227852
131347074
127542573
134525752
130258855
126253536
132357093
117666790
134985876
130799420
127411523
134191611
130251722
126504738
133425960
129125010
125777833
132134579
117624295
135418487
130920610
127146127
133908712
129927138
126210083
132756663
118594222
136838532
132281572
128466764
135897360
131682811
128440171
135430395
130715877
127200561
133845337
129747988
126082340
132487483
128516930
125232253
131888929
117294593
135314381
131537529
126968820
133074276
118906340
135976608
131786544
127925378
134038861
130211410
126363044
133790024
129632315
125069871
131508226
116776382
134279214
130330697
126091658
133512748
129328617
125294129
132344577
117603798
134767356
131246948
127221287
134258597
130264923
126715276
133824178
130082790
126304997
132569955
129418598
125927530
132766987
118547034
135227980
131882638
128400253
135310747
131842197
128424307
135835745
131963706
127636918
134203555
130234654
126574317
133334965
129469516
125558310
131702803
117753818
135148197
130945598
126758322
134405134
130599341
126805917
133297079
129031273
125061946
131364465
116860151
134111509
129904585
125966455
132731394
129597226
125984454
132427977
128557280
124911684
131650402
116874561
133412887
128827123
124609156
131591195
116843199
134614895
130549688
126731210
133607825
129531869
125834210
132279988
117807877
135608875
131736255
128231135
135126226
130528569
127015121
134465952
130036361
127297029
134879475
118789210
135717731
131101060
127484530
134799248
130443360
126699220
133303237
129409276
125124579
131225719
116414591
133044737
118535349
136142582
131897661
127983413
135913924
130163668
126627511
144319310
140428989
136256882
132218407
128059363
134713419
130280967
126424953
133357604
129474396
125786629
132989687
118375515
136081756
131639997
127789551
133763790
129678499
125269402
132644672
118316253
135492700
131298099
127921398
134382625
130344912
126526087
133610778
129873011
126677628
134056724
129882425
126788293
133120679
129294809
124893505
131037469
116123630
132850248
129177643
125799858
132524804
118400571
135457130
131670450
127969495
134817682
130590784
126726961
133818202
129618080
126226639
132367713
128854538
124822029
132005337
117354506
134712912
130710484
126205520
133128425
129613791
125382586
131863455
117215198
134675619
130772369
126672816
133320675
129359637
125740802
131967235
117857013
136084940
131738497
128036930
134121322
130209721
126587613
133864683
129961601
125583382
132368503
117476882
134381424
130144119
126221471
133107951
118743964
135599238
132348331
128467096
136309935
132384850
128768606
135649153
131411991
127474626
134903786
130312292
125814023
132048082
117384769
134354313
129556763
125783800
133576181
119091040
136459248
131931143
128829502
136072361
131385735
128242253
134284814
130466669
126805965
133203742
128906613
124760363
131060412
116759174
134293658
130913756
126472874
133609219
129806856
125318168
131847792
117743129
136053412
131758085
128365947
134967363
130798305
127283838
134194922
130179120
125804780
131710303
117659420
135019137
131263897
126667597
132903562
129534755
126268126
132145276
117978576
135416755
131721389
127491999
134178491
130586167
126936900
133089459
129522976
126251178
132986801
128962314
124905419
131340333
117322325
134001797
130652572
126903389
133408086
128880285
124835265
132318446
117608452
134382286
130754521
126957236
133095589
128545809
124943237
131490002
117440959
134496687
131107525
126771030
133627524
129747895
125584003
132722121
118046962
135767155
131810066
127310053
134131738
130035637
126170371
133029249
129026323
125051355
132520543
117909537
135346066
131012994
126819965
133221371
118780606
136396329
132602778
126538933
133242533
128896161
125560944
132290956
117881286
135425124
131265025
127553449
134692842
130751641
127622817
134289145
130758805
127509241
133999627
129750518
126027337
132748062
118605303
136945982
132681569
128517473
134363609
130511638
126958786
134062402
129445917
126169279
132668763
118770684
135498855
131055630
126665539
133948131
129909362
126655427
133723474
129771526
126007523
133504394
118650693
136692629
133478088
129051572
135431588
131146353
127004823
133858476
129672344
126693458
132944164
118337528
135187579
131266191
127696438
134237029
130612340
126667458
133434015
129244149
125776606
132960850
118219711
135298715
130768233
127607938
134577291
130702278
127403279
133619427
129673780
125789031
133094604
118649230
135518594
131477089
127047500
133097978
129795237
125918645
132531223
118273934
135600584
131245409
127934537
134627453
130586240
127318561
134141949
129687119
125798514
132654548
118399098
136149622
132492360
128545471
135240681
131729091
127672121
134637818
130583910
126849461
133840866
128829129
124890940
131796607
117063209
134619468
130704540
126639913
133232010
128898809
125102184
131857417
117107231
135455634
131508302
127653892
135036555
130994110
127090479
133411604
129608802
125802569
133772993
119570319
136799728
132916861
128668187
135026970
131298460
128057995
134766855
130582062
126993138
133784856
130009763
126022066
133415467
129786081
126910199
133050413
129103578
125419629
132560492
118136597
135665288
131574886
128340739
135302865
131675513
128360694
134615561
130605577
127227261
133564479
129573035
126297956
133008346
119032114
136473340
132214976
127771463
134999930
131782545
127177918
133924153
129955462
125799717
132368566
117593827
133999283
119587756
136296351
132321450
128620378
135590180
131572076
127685191
134695725
130583795
127043873
133733287
130302727
126509769
133108351
128509523
124979716
131790588
117601803
135319513
130857326
127206913
133683258
129617629
125749028
132162422
118126421
135358649
130845968
126714122
134629025
130285998
126670207
133278939
118535493
135520235
131609008
127846841
134625976
130895712
126798203
133947748
130160606
126834226
133391303
129276378
125803165
132575895
117953636
135636242
131301412
127813439
134478618
130527164
126983735
133885761
129974558
126204422
132785686
118534222
135510663
131558521
126830181
133634153
129560184
125967171
132719593
118337294
136205105
131995691
127376842
135124440
131752184
127723327
134625046
130171206
126035327
133093975
129882913
125830307
133160784
118567786
136541236
132078064
128307731
135505777
131167239
126887395
133497042
118707828
135795311
131726398
128105653
134374313
130767882
126746261
133181459
129597531
136171055
132006501
128295347
135492034
131226406
127690207
135195373
130956177
126795681
133027639
128887498
124891481
130902520
116302676
133240332
129610685
125840315
131873559
117989825
135255871
131591841
128024849
134918565
130723173
127119413
133411723
129280881
124773858
131807388
117838178
135643499
131250388
127672533
134057975
130272449
126686797
133686664
129499248
125909360
132921917
118945469
136413291
132339499
128888195
135337069
131686464
127682550
134755275
130752459
127062357
133314934
128781474
124973544
132179056
117283078
134201785
130740914
126817354
132916391
129051913
125168154
132268278
117805754
135203248
131528058
127620770
133577496
130262292
126038476
133142992
129872120
125952618
133419879
118844376
135143389
131527009
127755898
134883424
130600384
126161945
133243530
128767411
124955130
132041023
117605322
136294949
132550304
127812109
135549742
130738804
126760062
133904804
129581039
126111181
132520174
118482569
135356392
131976457
128171423
135997521
131744166
127925205
135297136
131845481
127752483
134630610
131563573
127316871
133573958
129697941
125897704
132544022
117949136
136754533
132800604
139790084
136177965
132014117
128335000
134932929
130878240
127840478
134780619
130612055
127548211
134629506
131253506
126764779
133196495
129556670
125856347
133214058
118643271
136247395
131763668
128563354
135213606
130916206
127127733
134753919
130677246
126389068
132576859
129257660
125264356
132917573
118449627
136127607
131615281
127904376
133981943
130035105
126947663
132712874
118532040
135906054
131820050
128336635
135256515
131281504
127611755
134849748
130836044
127039796
134914892
130712909
127064172
133283561
129424747
125433110
132698374
118311849
136566637
132691437
129058141
136128759
131986629
127504831
134695491
130356269
126899927
133155223
128876949
124895656
131552286
117525557
134495545
130819408
126719541
133732580
129858824
125600212
133013052
118357088
136618951
132659721
128484062
135595078
131779990
127624267
134327632
130950174
126402021
133150753
128921573
125406322
132612481
118334560
134937427
130975697
127109109
133968512
129915348
126305694
132817807
118542243
135525579
131395786
127688462
134858473
130366365
127181576
133322036
129329672
125800044
132875822
118493620
134812066
130307290
125834702
133156109
118794792
135598932
131607563
127745432
133924899
129972354
126721336
133311670
129529021
126019290
131838761
117584209
135736856
131517383
127373064
135425694
131389183
126740566
133500805
118595963
135524641
131271641
127021368
134171471
130286913
126162685
133519377
119092400
137012650
132921520
128739991
136243124
132365111
127929028
134552461
130504324
127319384
135348491
131461011
127037615
134733148
130631568
126592930
133167028
129503478
124908367
132273341
117554758
135187726
131695540
127661071
135331237
131139936
126864924
133923460
130539734
126765828
133548032
129684014
125435181
132181107
117784878
136393705
131748595
128327732
135197544
131021505
127654531
134050013
130079420
125860666
133001872
118826171
136181625
132534800
129076242
135390025
131240241
127666674
135191871
130989807
127776445
134259863
130350015
126514584
134116254
129692877
125213197
132800045
118406033
135821011
132463093
128737203
136335609
132143567
128047219
135196490
130974208
127176900
134382637
130350358
127024714
133843152
129782622
125732638
132641096
118259854
136064744
131829781
128664025
135313201
131600428
127481700
133898970
130157314
127087651
134397428
130257525
126175349
133041699
129235966
125968691
133040210
118412419
136597174
131817655
128048518
134647972
130803187
126919419
134600136
130606355
126343073
132597987
129113528
125048527
131703126
117554321
135508616
131176146
126675492
133092751
129994431
126001270
132428972
117623253
135062625
130965191
127241454
134165467
130631423
126581990
133591800
130588864
126749734
133243331
129340129
124950810
132088609
117654328
135085015
130982194
127076251
134263328
130035066
126263595
132573529
128925931
125298779
131604129
117062392
133751610
130005986
126206895
133248383
129127509
124475375
132044113
117175029
134939483
130428568
126661508
133936812
130215057
125945011
133449877
128625492
124812830
131114918
116480330
134143645
130264053
126843724
133433511
129558267
125469514
132576290
117711645
135068372
130678693
127257102
134019112
130863364
127098635
133773225
129194691
125587413
132534233
118141244
135544316
121435498
138000217
134064317
129584439
125870765
132343005
118265435
135600682
132098142
128886531
135248562
131858683
127735614
135475723
132253099
127971239
134481617
130528216
126880217
133507332
129353667
126126967
131993943
117803381
135636911
131783738
127887261
134403773
130580768
126710960
134252185
129792116
125595283
132895391
118505041
136037657
131911314
128600627
135245785
131041304
126685229
133626769
129540324
126068584
132256299
128188168
134980516
130346262
126560051
132946916
129308917
125198320
132379451
117703178
135336149
131453141
127640731
134514249
130570267
127352741
133404128
129512679
126043622
131681035
116985342
134323827
130474959
126819679
133032651
129593815
125825919
131952171
117713378
134910132
131757555
127729876
134843537
130829881
126198327
133001164
128950565
124458730
131875281
117228404
134504396
130374625
127017903
133248621
129505405
125414015
132044652
118007498
135536664
131880260
127547864
134683945
131012124
127549252
134697749
131185767
127548574
134280712
130740478
126646042
134099447
130095238
125574445
132667366
118445634
135223305
131470343
127496204
134501269
130875015
127339152
134144455
130546241
126601506
133226463
128984896
124505817
131621726
117425092
135407493
131603795
127630356
134247842
130575049
126657732
133409021
129475099
125174225
132096302
117508610
134484446
129885861
125730536
133109417
118323385
135326966
131620253
127805159
134239264
130199276
126957308
133120973
128847846
125573543
131812470
117049882
135044169
130979340
127212506
134092606
129950824
126313244
133001029
118616689
136462999
133057608
129314671
136222881
131637762
127481548
134579151
130507514
126652731
133593396
129421578
125858002
132002303
117294171
134953779
130548780
126594343
133385409
129169709
125922698
132020543
118224427
134936755
132145553
128329099
135406132
132038057
127689876
135797560
131196348
127758936
144852130
140628440
136458136
132249370
127897954
124506991
131075062
117169239
134206694
130574909
126667809
133107595
128410711
124825638
131407090
116490202
133526192
129538603
126227135
132814831
129047138
125191586
131270312
117333087
134568531
129941352
126236280
133451839
129698640
125030512
131921182
117088894
134230398
130431411
126717281
134187513
130028341
126597408
133380699
130160918
125919592
132001221
117119875
135021973
130706636
127068925
133436056
129718913
126545399
133613376
129989381
126534185
133646732
129387837
125814565
132421671
118069670
135285845
130716862
127148346
134324953
130513881
127337898
133418518
129378007
125793032
132943840
118466211
136164985
132035652
128124606
134384674
130700024
127108688
132739679
128233324
124212753
131461024
117131647
134101984
129981078
126189894
133129181
118378515
135503727
132170450
128063594
134094552
129527756
125309431
132396456
117659135
134089201
129904189
126275099
132962946
129379436
125479330
132279768
118367014
135348126
131231835
127579397
133820710
129930604
126074612
133437981
129674384
125898560
132248289
118349210
135418251
131343084
127909828
134657106
130662309
126707490
133086603
129726427
125266377
132157082
117963027
135062747
130822652
126904887
133129339
129268428
125894799
132133839
118156106
135718532
131690918
128592813
135854142
131861595
128121189
135195303
130790803
127265145
133414389
129020999
125140621
131328300
116572078
133372072
129968047
126423385
133524986
118546620
124902897
142920445
139192460
134542505
130416428
126621878
133663759
119232600
136606088
133191348
129011838
136412028
132228400
129093755
135931482
132660103
128562107
135079209
130887907
126904570
133657140
129540742
125096865
132193927
117630425
135131497
131070457
126760877
133296855
129096687
125280786
131774004
117186119
135010882
131655969
127296703
135358647
130366059
126891343
133268359
129330548
125790527
131830078
117779686
134490595
130735480
126943390
133348678
129301053
125395938
132004746
117450812
134077084
130270372
126556989
133432939
128623871
124786113
131651677
117412425
134930365
131196063
127828486
134259917
130764485
126778307
132957061
128743315
124779657
130919265
116530275
134553835
130527314
126562744
133352288
129579200
125456831
132351279
117565201
134394577
130539746
126247584
133089825
129495062
125780439
132891497
118320332
135733861
131520754
127573042
134053425
129679055
126101534
133414772
118786795
135835390
131586786
127109735
134454088
130466275
127245616
133450343
129805857
125851649
132041754
117718135
135744614
132069375
127895427
135182160
130589748
126734959
133400859
128991116
125208408
132122055
117425077
134578416
130030767
126208263
133115663
129682767
125840967
132184791
118005052
135299768
130859465
127605382
134001783
130491467
126245885
132961130
129007623
125446656
131911564
117669361
135361166
130867045
126976929
134140938
130340828
126756723
133834432
129182785
125836877
132819532
118082392
135138343
130804526
126864353
133295192
128884528
125055170
131615852
117010254
134853083
130684672
127488714
134152303
130367712
126229529
133055692
129376177
126085310
132296395
118217600
135087861
130996892
127327953
133543141
130254296
126117310
133481955
129308213
124952637
131776913
117021924
134479668
130487721
126568083
133348855
129272652
125977704
132300073
118186863
135213762
131456441
127980299
134292218
130203178
126473083
133752753
119487730
136196344
131927226
128361634
135032238
131774434
127701195
134255836
130249278
125778629
131727935
117177846
135099303
130656985
126660187
133962525
130561848
126460233
133330954
128686483
124686522
131550583
116917808
134978388
130911860
126760951
133838887
130107762
126520039
133410661
119282776
136670861
132676249
128394932
135139583
131603788
127655270
134634728
130539277
127076879
133219977
129309430
125797736
132100674
117757680
135854577
132525379
128503771
134327431
130196666
125796281
131856955
117793038
135306130
131470167
127253920
133300798
129868219
126068218
132273934
118314758
135200598
131317825
127725801
135084849
131894380
127475606
134630932
130501015
126466824
133654021
129741583
125871530
131458104
117113709
134689320
130532352
126726595
133192233
129644852
125765154
132740954
118202712
134177979
130484388
126370134
133510698
129617578
125762880
132742049
118055163
135068979
130752535
126309095
133754633
129097881
125877386
132699307
118429376
135796550
132794003
129089210
135496329
131730300
128255527
135654212
131584862
127794328
135026300
130720244
126768880
133590606
129968118
126002698
133086353
129310359
125378630
132053026
117953845
135330813
131764305
128386648
134691625
131247761
126866662
133093864
129843587
125931589
132475724
118165829
136049076
131533380
127228409
134297369
130314219
126584205
133092626
128971848
125397939
133142009
118605788
135589369
131487877
127382911
134244904
129968271
125774202
132697276
118044760
135684845
131951601
128146109
135226329
130985711
127835968
134304066
130134318
126791475
133077184
129581883
125777388
133127668
118462862
135126851
130968667
126834399
134093428
130077671
126156196
132974687
129794548
125764706
132876422
118357304
134786935
131383997
127755009
134544537
130685729
126606752
133836943
129902443
125880350
133127471
118506804
135237941
131866447
127573756
134122775
129956944
126354647
133308178
129215154
125442806
132286476
117646818
135118910
131267605
127700743
134659407
130713327
127197597
134518807
130789404
126831843
133377641
129827845
125828339
132219054
118140109
135011679
131430677
128606263
136007694
132251876
127879854
134733070
130707341
127081426
133184713
129770206
126509696
132957152
129406447
125306528
131713168
117620959
135127168
131151499
127566181
134185444
130136734
126591106
133108937
129696486
125745534
132359684
118287605
135088481
131158409
127072839
134549776
129726304
126003970
132126568
117748338
134919278
131291041
127387440
133509296
130062834
126375628
133639205
118808491
135763585
131736190
128061555
135058764
131088799
126641276
133058750
118590717
136142657
131881020
128441900
135853112
132599381
127886226
134219480
130177989
125833693
132491435
117933253
136367541
132136820
127625818
134583310
129915341
125580884
132493884
118475885
135121984
131481632
127809882
134560630
130777709
127222331
133090975
118811569
136244760
132058703
128224278
134208911
131141270
126836813
132465642
128280390
124763017
132434937
118095328
134071170
129701713
125963499
132254540
128731565
124781597
131360861
117104049
134417181
130536265
127323516
134300563
130104667
126947174
133566481
129577644
125832492
132885190
118603336
135987219
131840445
128099502
134756984
130747669
127313477
134367259
130374419
126842689
133026656
128579269
124813779
130758822
116230886
133646795
129391760
125270152
132715398
118601785
136071100
132257201
128278050
134993992
130764152
126208305
133075796
129280194
125603894
131579384
117458426
135229588
130646162
127005807
133360692
129845518
126048577
132896840
118437551
135917693
131812633
128457806
135071699
131474749
127669077
134271856
130356180
126657030
133340037
129771830
125851676
132740434
118171555
134886895
131081490
127132715
134744026
131019538
137403292
133264499
