136605225
133056416
128768009
125110449
132446941
128247691
124522682
119398671
136906699
132620753
128363102
124257279
130895827
116835683
134446583
130357136
127237239
133192319
129134658
124648978
131509654
117286241
134480400
131147016
126982172
133235837
129139578
124948003
131366480
116701370
133874958
129959481
127019942
134048826
130279416
125675565
132054425
117460564
135051170
131253252
127006983
133661718
130675027
127022079
133326801
129471069
125316320
132484900
118292429
135939966
131934235
128021873
134351383
129983759
125844624
133144548
129231313
124972731
131303074
116665117
133435416
118826705
136096614
132420793
128439029
134895236
131162623
127639267
134488076
130506111
127044773
133386072
129338330
125298342
132046444
117802653
135316604
131038452
126731448
133960160
130123233
127133909
133244706
129439375
124979717
131438921
116783438
134006015
119709070
137327149
134232243
130920831
126612283
122071807
117654166
113332547
109685117
126621021
122286358
118565263
124903713
110288620
116307607
112362443
129351015
124912975
131619296
116883781
134469158
130408593
126701377
132549733
128739328
124730632
131213835
116800717
134447968
130391558
126533920
134442403
130955623
126585479
133483365
129305529
125273100
131442485
116660856
133554362
130173394
125729602
132959462
118558356
136134255
132285029
128826750
136058156
132608819
139344470
135329390
131218474
126669808
132996302
139306401
134720804
130046327
125947482
131996677
117518974
135707625
131982814
138951627
135279379
131175559
128020154
134111419
130298387
126272419
132661801
129200081
124802934
131384222
116712321
133524550
118767554
135630772
131343258
127185487
133371757
118733173
136311045
132319405
128439603
134445056
130128621
126415521
132688898
118013158
135307777
131947697
128348312
134606223
119473188
137168961
122667950
139888933
135962791
131357475
127755635
134722505
130512076
137550913
134127105
129932940
126184305
132961555
128791644
125129374
131718906
117889429
135054308
131179473
127819260
124031227
109357255
115879286
112115887
118631884
136524797
132606679
139837329
136053678
132633491
128893250
135455070
131259955
126800282
134472069
131140246
126865843
133972507
129974027
127020721
133980005
129921808
127002169
134009457
129966495
125809215
132980898
128925952
125266138
132678713
118373430
135572680
131293541
138745752
134584488
130302950
126349339
133072385
128998447
124835252
132581642
118367447
136520042
132135533
128313187
135334597
131951398
128442594
135457621
131675034
127136901
134095390
130232541
127044755
134521504
130361449
126974296
133366352
129924889
136296495
132844484
129601559
136301302
132886310
129129644
136141355
131967995
128085642
135033090
130978765
127138459
133954359
130389668
135973115
132063509
128490101
125160382
131839408
116910017
134461035
130991218
126686463
134049276
130635874
127041380
133798731
130015497
126383298
133009582
129556665
125414671
131776739
117417846
135135720
131069497
127113135
134136028
130075820
126415685
133539485
119517190
137062071
133476358
140414230
136550216
132437246
128498092
135878760
132104810
128248068
135727794
132033951
128282062
135324892
131803409
127949323
135031284
131000521
127287674
134352643
130594272
126837881
133833859
130267291
126829785
134160003
129927740
126308806
133716057
119284872
136291836
132164787
128398060
135501896
132006682
128183542
135590854
131891303
128119117
135104222
130841530
126724954
123022780
119783316
136614319
133538189
129634059
126084914
122128939
107344177
104414717
99963021
107460913
103585443
96501538
106597836
102965193
106119365
108161240
97819284
110336574
106064172
106808914
109642149
99735406
112499314
108476664
98840746
112408909
109038351
97784397
111937676
107532856
97797818
111131037
107704793
96270923
91589609
87050803
103006553
131571928
117197596
134464862
130466240
126111834
132897273
118290337
135513012
131732753
127937912
134296810
130235976
126427877
133156530
118710208
136040470
132063870
138331577
134427338
130265746
126423319
133131349
129081212
125404717
132577934
117608751
135364246
131913178
127496402
134615697
131343257
127544001
134768174
130917156
127065441
134376649
130739426
126152404
132292597
128958923
125940255
131768992
117064596
133727457
130721944
116338530
132752263
129287544
125626650
132597681
128409891
134965895
130995039
127202034
134840260
131091642
128138760
134871194
131059405
128036132
134892285
131275426
128084924
134468095
131117924
126579541
133359624
129022834
125289483
131279095
116926589
134575000
130515879
126125684
132212786
117590580
134177802
130117562
136120817
132179204
127931440
135053924
131138310
138439725
134680135
130213402
125970545
132236224
117730976
134459027
131172008
126833208
133093837
118305519
136271052
132023071
128396605
135537825
132172340
128074960
135168826
131110197
127843230
134315285
131150300
126978002
133522441
118480958
135824567
132147162
128566266
135858786
132170513
138775733
135456609
131152885
126730102
134017323
129684136
125403080
132407816
117664512
134288976
130314777
126128621
132589089
118157184
135905758
132550518
139280418
135346082
131186741
127289976
135248864
131721422
116892092
133621124
129850673
125899932
121261100
117259929
113363702
109563411
108814361
102230362
98525343
106250072
102743036
102180637
105920659
92026497
110425830
106521727
92130955
110690037
107829634
93177244
111336966
107554419
94829264
111545584
107779643
94810616
111645710
107253365
95128597
111814832
108431473
94063178
111699740
108367413
95010731
112134073
108303538
94660791
112749098
108878547
94924693
111727892
108004014
95678731
112599034
108663231
94430036
112920937
109712652
97239978
114068118
110580122
98194292
104377724
111826888
109068050
95606786
113454925
109520115
95676814
113164097
109125649
94381177
110741527
98914033
116267649
101823675
105683640
112623521
109857189
108588007
113293295
109986461
96060179
113607979
109560706
105958840
104493273
99063946
106916194
102940676
88281271
106508628
102988704
88470620
106327881
92468274
110297519
106668997
92196116
109316478
105604512
91088778
109214514
105622635
91454324
109144206
105225115
90564621
107937038
104817507
90047500
108146993
104223608
89854664
96029817
91565838
108546601
104553515
101007003
108600569
105707434
90942344
108444772
105405243
90566607
109325808
105444532
91384918
107936762
103614886
89050186
107713409
104458528
90512733
108336587
104470701
90101632
107905171
105005694
90522277
96287937
92461466
109757338
106059648
102638115
110167394
106700119
92337944
110798774
106270041
92247967
109974748
95272807
113079280
109508607
95395915
101890935
108488328
115034773
110795692
116670748
114939937
111326620
106229296
102815424
99062128
106514011
102385682
89651213
106381853
102799898
99901858
96427195
103231978
109535592
94743179
111735811
119641330
116318471
111580649
107749713
104433901
100745180
108331187
104776859
101884723
98423070
94303137
106221844
107090377
103431906
110218336
106638609
92350297
110357059
106595615
92592297
110563452
108458657
91440050
97527509
104043510
110323833
106982337
92820991
110707304
99640780
96403931
109559191
105811171
102231093
109810294
106867892
92427175
109844053
106103041
91450397
110477085
106641264
91978726
110043418
98963372
95450663
108898225
105187705
116763802
101850465
103187453
111470065
108495357
115216441
112066828
108920523
95099449
113299226
109998900
96021201
113358490
109632482
115892883
134372250
130763251
126758305
133646935
130261319
127018895
133535843
130116064
125601966
132462385
117297498
134772367
131353693
127906500
135161979
131310186
126749666
134002188
120103511
136810716
132732823
128918512
135991700
131842100
139495776
135100408
130531892
127233507
134193411
130229598
136657650
132421193
128179604
134213509
130333171
125790131
132127489
117415817
135310029
120746124
138047158
133580862
128907263
136104716
132051869
128405161
135985056
131789722
127904933
134981335
130232631
125837564
132163798
117400418
133970769
130213977
126402126
133757826
119422809
136376299
132556636
128387007
134377378
130340407
126231251
132983160
118693584
136344677
132039805
127870333
134927530
130779418
126728379
133558484
129977959
126394416
133426836
130044325
126409057
133948761
129971425
126666193
133305662
130102218
126104971
133544912
119564793
136983319
133442440
129941848
136617749
132322095
138929819
135297571
130912650
126926141
133275244
128991241
125136005
132355778
118659478
135203839
131191651
126828620
134131299
130154222
126092923
132554304
117757162
135392026
131317607
127087047
133270805
128745244
135287150
131281012
127736731
134878074
131236474
138413651
134467360
129774935
126202567
132619476
118269575
135636019
131421838
127092489
133546075
129355882
124953478
131486486
116930247
133912076
130525998
126841597
134017819
129543218
125372535
131529626
117048388
134396238
130191331
125705894
132982057
118244241
136132129
122306591
139741440
135784378
131413424
126621032
122580148
129308277
115349719
132272628
128100855
134985054
130578973
127487078
135120361
131164033
127377650
134959259
130864398
127661626
134206436
130957399
127378441
133190081
140472963
136633889
132337253
127710039
123500377
129738450
115317448
133331973
118209934
125696084
143234537
139294333
134894948
130436686
126208427
133526413
129300941
125342154
131914730
117457006
134657507
131125830
126786891
134250280
130146980
125725089
133120872
118253177
136471173
131637345
127310080
134275906
130287162
136863797
133482454
119329645
136400232
132187080
127745272
134709052
130818239
127147378
133845352
129081614
135584745
131248298
127230778
124348089
130534514
116395902
135048085
131194635
127174069
133939669
130565868
127017252
133087197
129343226
125899541
132345212
117540289
135345602
131236782
127954445
134076905
130061824
137208403
133683917
129773553
136073442
132484589
129021804
124796762
142291383
137965655
134189513
130862256
138076834
134013282
130415899
126507680
133571838
130189572
126066731
132555064
118669394
136058686
132263504
139793711
136333338
131496253
127333451
134501661
130940401
126648402
133066062
128514256
124416964
131387074
116552474
133388643
118757497
136004217
132044894
127634507
133553534
129872381
126362773
132058534
118231676
135742835
131958506
127120483
134076569
130309155
116360002
134024001
129441380
136237198
132004976
127965462
124425293
131657399
117214832
135514270
130958960
137291983
133855039
129227308
124826361
121293796
107496461
103659291
99253328
106430305
102014947
97745349
114143633
110582427
127874758
135137807
131078128
138402385
134248619
130457226
126324263
133489606
119289470
137357374
133548560
128553249
124384190
130934086
116472542
133291442
130044659
126069136
133314553
129980778
126588568
132967624
118560741
135793643
131241377
127291403
134892247
131098350
127292582
133898335
129997483
126395243
133596443
118559932
135944379
131594698
127987093
135108501
131007954
127262991
134790027
130562980
126507979
132607124
118798986
136219894
131804952
128461360
135455546
131224368
127270673
133755477
130237105
125741601
132884287
117836379
135823641
131641964
128133376
134926297
131062116
127912423
134356982
130217882
126347350
132870626
128868896
124362726
130528126
115850328
133397343
128942157
135297866
131033744
126562292
134003398
130384391
127012325
134162550
130058150
126812073
133385491
118656261
135084966
130794638
126667525
133694578
129820025
125843337
132212785
117647270
134974324
131673315
127966576
134316588
130951938
127317925
134490696
130990447
138258547
134925868
130981799
137833112
133995255
129919349
125604732
131954814
116850272
134969499
130110802
125364395
131987545
128467363
135597180
132254090
127752742
134986750
130804291
127124337
134018801
130426013
125907999
132445455
117715844
134560769
130424704
127746256
133845719
129806175
126783520
133803293
129921749
126188078
133319406
129302114
135517997
131166067
127436279
134523965
131068957
126905942
133871953
129890049
136874082
122233020
138663544
134553068
130822100
127418048
134501911
130904708
126897323
133808380
130091038
126753451
134197678
129977450
126450719
133752498
130214583
125823572
132398025
117477155
135419382
130809722
126759218
134592552
130273209
136564673
132821552
129067819
124986666
131407167
116792756
133867226
129889113
125716797
132316399
129055278
125379174
132980168
118335009
137129990
132993857
128578663
124468669
130512683
116142517
134210905
130153675
125861387
132798640
118329851
136035296
131364028
138468582
134197819
130338275
126796159
133163354
129181384
125163672
131352066
117018067
133696746
130098910
126890365
134024765
129791304
136451927
132366088
128737690
136016772
131546552
126837749
123743091
129409399
136960847
132277692
128409664
135641809
131972291
128102490
134749080
131013754
126964272
123418424
139967501
136023817
132677350
128023415
125125379
132062063
117481365
134756185
131142672
127783755
134812501
130964254
138412403
134726433
130573069
126521359
133733480
130075237
125599230
133837812
130283753
127026827
133313458
129800625
126167336
132820716
129911622
136434453
132544440
128080266
134021495
130200692
127451730
123337169
128823355
135852113
132541984
128274878
123958977
130677362
116224924
133715322
129208606
125117923
131824786
128043204
135408930
131371141
127043361
133596792
129155189
124827038
130929995
116427155
134753895
131024313
126806779
133641909
130280168
126838224
133747743
129397695
124890244
131078715
116616685
133451944
129324546
125549923
131409513
117059260
135213058
131692593
128255176
136017005
131392757
128490241
136045738
132047123
128004861
134499612
130396466
126624597
134618689
130960807
126987627
134022020
129980893
126105121
133183915
129027959
124947338
132067025
117545758
135037079
130991032
137786394
133804333
129938235
125704456
132650390
118003604
134460380
130649334
137018075
133426242
129271666
125145390
132393580
118803442
136778596
133586303
129869740
136686732
133445445
118815729
135197607
130948451
127892946
134352913
131158212
127768154
134777227
131070670
137379028
133237448
129831781
125127040
132007310
128479212
135227713
131583889
128194295
133929963
130483911
137365558
133522949
129376112
136589763
132628348
128211900
125248463
123009603
117506868
113212601
108884859
127275442
123600403
109126244
105996487
103294391
108833872
104766024
90430081
107933153
104901365
90231612
107524124
104083730
89317938
106853982
102965302
89014375
107686896
103995627
89296477
107069877
103103452
88457416
105957175
102906290
88730267
107077072
103600679
89029724
107398258
104005282
90048646
108977802
106136833
94862392
110062121
98341092
102004688
120035470
107080379
102155008
109410880
105307951
92709562
109023157
105181866
101607709
118448735
105788560
112459379
107652889
103784738
111125498
107147121
93242647
99626016
95271448
113059776
109244984
105828591
112882246
110017537
95820373
112796120
130168411
115760762
133956534
119930590
137450662
133645261
130015537
136777508
133114449
129837476
136632575
132375128
138818472
135375587
141383035
137791358
133781154
129365377
125374216
120958637
116882397
112580246
108211397
104138746
112682278
98576974
116085701
101387580
107210468
92595945
88109523
105797426
102058732
109455007
105834279
112003925
108719547
95816356
112750255
108138634
96885435
112640018
108951480
97532825
113291397
109942652
107292493
94809932
111628008
107987164
95081145
111395749
107707727
105974550
111940578
95035247
113219050
109692353
106135618
113047540
109265066
105395480
113241692
109715075
107085871
134975632
131105605
126910150
133738067
130309467
127115401
133227648
129078248
124745627
132621453
116482948
133388064
129276939
125869656
132606314
118140385
135681422
121840247
137932142
134547449
130395169
126036016
133083661
128801235
125259207
132276995
117242863
134846016
131493879
138256584
134558536
130411037
138134279
133884976
140989594
137575083
133222664
128825056
135917124
132051191
129209362
136412725
133183784
128859154
135028534
131238952
128126447
134192283
130156449
136618288
132384993
128577176
135115603
131181664
126773295
134064362
130008900
126817959
133795301
129944604
125930692
133927548
130003186
126459553
133576647
129446158
124969130
132677554
128018615
124420440
131277140
127095252
133682653
130256348
126193064
133184636
118418829
136219654
131919039
128001379
135036028
131399616
127098103
133252696
129545937
125079106
131895107
127829458
135118874
131233972
138012747
134160054
130226754
125975467
131960089
117686848
135523454
131981404
128025178
135593193
131223583
127191165
134131012
130039305
125444663
132802166
118335928
135976850
131679206
128326752
134603294
130368653
126409152
132415892
117929005
135321179
131403060
127293970
134180620
130347133
126027820
132306395
117522783
134434247
129964228
125550773
132749964
128693678
135979108
121595864
137996022
134169311
129912645
125617897
122388771
117995091
114502477
111053897
107109133
102838954
99165340
115662067
116586513
98374366
105933301
102074464
110289220
106904956
92201093
110941333
106638989
92903189
111144702
98067427
103553406
110800148
107298572
113966716
110165905
95823940
113745140
109815271
95342413
113271369
109508793
116986887
112887653
108469997
126493727
133957367
130335411
137366754
133961758
130309755
126388071
133567064
129196463
124634727
130748972
116922562
133799500
130623695
127219779
133562977
129046444
135818799
132138199
128345665
134670613
130272734
126272859
133338553
129081108
124967600
131233158
127218997
134365647
130415166
126753809
133286123
129334611
125692348
132577482
128547537
135431138
131546742
128616130
135312061
131897816
128552721
135629412
131786518
128026970
135061506
131302663
127332170
134057912
119508096
136382230
132427736
128612540
135111438
131071731
126957175
133362749
118827372
136023414
132092872
129400685
136879658
132933411
129118454
135826230
131914005
128756373
135053469
131268192
128172573
134193263
130126766
136590930
132847588
129238752
136105182
132402829
129043876
135242535
131563704
127471770
134125006
130187619
125623524
131722622
117288297
134536535
120128388
137781983
133971442
129638017
125600581
133017566
118143486
135612084
131108480
127475317
134665188
130973755
127162292
134616328
130990946
126572720
133115189
128915096
125167450
132240970
117488037
133908573
129711702
125289622
131952811
117315666
135783890
131781936
128113481
134690793
130799479
126735001
133755687
129908849
125630989
132745724
118404119
135901734
131961623
128297422
135472326
131455367
137348323
132841828
130251809
135952462
131706187
127463635
124097327
130180863
116519239
133768750
129346548
126147414
133002175
129164283
124585838
131834726
117702982
135215651
131535675
127469883
134130404
129987209
126600110
133055523
118054254
135856969
121871740
138990155
134407779
130740831
127662504
132611979
128638481
125600428
131030496
117306602
134498941
130401027
126829036
133875999
129453884
125686097
132148787
129694750
135687715
132085613
127934254
135375267
131307806
127514991
134162601
130202231
126158541
132558991
117649284
134906739
131481086
126998649
134779402
130235924
126661502
133201799
128793851
125780702
131582083
117047595
133985326
130294879
136725404
133289849
130034403
125822615
131805262
117573343
134212662
129881542
137207392
133496056
130050648
136854427
132635115
129186085
135681068
132653028
129176359
135303378
131405784
137340509
133399759
128832038
135259996
131639776
127865215
123923699
129890982
137481459
133142032
139991709
145330538
131498512
137779996
134078214
130293754
137797032
133388792
140968401
146290060
142038237
128119582
124498560
131902982
117446632
134732386
130877251
126578669
133538988
129198063
125112152
131345368
117054393
133725612
130322359
126347592
132619560
118860225
136346299
132211918
128061816
135019349
130939048
126448423
132972886
128808185
135260794
131159631
128394582
133799025
130662441
127312095
134065091
130256714
137803087
133571712
129847001
126186764
132828030
118559899
135399547
131506797
127819064
135107788
130756506
127193886
133532584
129826389
125972627
132813530
118570217
136513583
132691532
139816771
136204533
131516045
128202892
134595493
131291260
126607499
134181580
129992549
125897517
133101077
128914390
124637885
132329448
117616559
135735473
132007298
128407293
135588918
132109009
128272605
134471377
130462403
126898357
133065522
128787758
135270822
131094231
126905469
133401279
128321402
124450515
130554591
126163068
132482727
128544649
135727608
132804623
118392264
136275816
132456599
129167117
136048342
132167542
128623391
135881864
131812946
129446805
134887813
131563901
138934379
135065197
131275317
136893613
132969265
117864793
134931411
130496047
137954119
133873786
140234910
136395612
132413542
139157817
135636548
131393192
127922422
134845043
131021302
127813813
134522357
130318591
126320071
133049792
128754652
125146572
131790669
117438585
133886762
130400890
137772993
134179297
130207389
125753667
132239538
117626936
134436968
130461007
126277335
132985480
118606379
137169302
133003473
129277535
136317418
132018201
128051021
134455456
130623021
127617805
134074156
129859540
126650427
133933870
129407279
126369972
132873496
128612251
125310716
131628786
117280333
133565996
129281353
116476456
112691302
108752194
114688137
110748727
106906126
113415282
120537834
95527406
113538520
109490137
105786610
121507601
128146101
123705583
130513433
126400255
134055844
130396550
126437680
133180711
118433912
136073316
131963401
127588000
134451728
130369228
126852441
133260712
129649399
126300686
132403968
117837661
135201944
131175360
137543937
133345044
129400774
136274703
132441637
128302032
135137779
131184093
126443549
132632171
118343649
135983534
131405467
138482973
134452577
131574926
127747548
134034596
130298393
126274301
132998610
119010026
147317193
132022569
139023144
135120205
130500159
126929328
133440279
129413410
125434256
132606272
128423702
124078981
131500065
117119587
135189536
131039797
126878916
133050692
129772722
126210169
132921116
129358169
115732103
131975550
118148964
134630699
131232590
126846399
133138030
118698762
136230604
121597360
127442814
134184221
129434379
125359903
132208523
117363766
134200531
130315925
125969486
132199358
117390786
134961463
130869409
127185465
134794229
130482198
127111024
134091222
130230663
126600582
133732418
119767882
136243370
132232025
127815343
134580657
130494180
127089274
133552275
130179528
125805567
132077260
117732271
124212877
130509704
126825858
133574143
129853606
126262592
133042602
129055206
135690577
121677681
128343498
135462435
131200506
127231874
133799455
129560788
125401165
132442461
118274601
136059209
132031430
127897903
134522399
130866709
126924717
133981729
130019723
125952669
132955042
128624257
124688129
131265960
116388814
134056172
129815539
125937380
132919631
128982359
124751851
131922990
117273338
134223637
130121884
126199431
132960234
128892500
124973017
131773731
117087525
133856787
129520195
125391976
131270607
117049182
143711594
128844539
135529412
131104664
116456048
122938587
118742075
125396816
131127298
117851202
134880567
131035269
127010252
133842395
129733054
125651726
132022186
127819626
134907917
130680674
127303286
133523618
129958959
126504222
133955806
130220675
126801483
133895021
129288880
125885438
131755497
128563308
135965015
131911715
128073748
134914135
130968546
148462378
133447533
128993171
125387936
131689970
117942117
135936331
131927768
127469569
135218409
131856797
128114010
134804790
131494385
127810885
135104960
131524555
127971637
134842359
131102017
126901133
134388292
130192247
126051989
132652908
128614190
134795506
131118654
136991400
133200872
128999922
125035040
131907474
117121464
134724132
130445932
126558684
133346505
128719659
124467962
131747160
117207029
134678567
130563715
126542777
134202840
130192397
125591416
131799605
117180160
135455584
131912094
127776415
133870021
129411819
125981971
132808949
118500996
135254650
131091036
127119822
134004054
130345509
126297394
132973144
118717293
136397766
132445893
128940105
135832741
132055627
129066847
135011764
131223852
128025882
135034927
130622256
137599789
133958350
129371343
125157525
132765950
118166101
135934089
132074207
128648582
135200237
131060542
126913603
134249965
119334179
136969431
132943204
129010962
125894111
132682392
128747264
125135962
132182281
117486073
135671263
131671544
128049595
134855007
130722609
126919892
134421656
130688269
127023634
133809264
130002007
126596121
133831679
129572697
125821268
132935969
118577881
136481167
132565028
128441144
134405357
130084979
125778250
133015546
128458756
135953771
132244393
128313150
134735359
130651651
116806599
133782697
130070104
128049737
132263260
129282671
125145066
132026025
118089873
134836410
130768151
127164939
134074572
130180874
126515328
133267628
129390045
125897673
132055115
118060216
134737638
131138700
126901913
133858613
129647539
125740123
133166110
119086421
136916600
133257760
129521301
136479045
133104623
128837442
136067541
131990055
127817406
134034341
130282365
126847791
133842783
130043684
126045865
133763513
129687157
136421172
132942575
129138429
136658038
132913041
128854091
135063987
131264851
127041573
124057914
129446478
115230590
132658009
118147084
136070014
131988606
128103479
134758362
130592639
127262432
134506766
130899391
127374335
134205378
130389289
126727395
133917895
129907082
136048784
132852754
128342933
135841578
132190453
129023411
135051521
131389363
128029471
134072938
130246322
126230199
132081502
117355851
134786003
120366259
138083547
133703354
128678366
124424093
130396382
127146729
122761761
118442055
136129607
142955858
139026325
134308331
140967721
137236044
132576821
117728000
124061374
131052606
116456326
133941027
129758397
125253826
132879117
118047018
135334744
131508561
126977361
134087458
129704447
125792196
132478212
118440773
135126014
131215445
126934088
133181594
118277434
136215502
132040471
127680877
134021266
129894144
127322629
133733781
129140437
136214416
142085489
137957179
145412440
141000350
137464946
133600171
140793379
136543133
132069135
127978081
135365235
131823716
127579099
134144319
129783038
136865006
132320709
138303539
124176218
130894846
116079947
122665778
118530334
135492828
131303131
138319019
134111066
130240782
125778693
133097199
118080604
136273367
132268385
128213609
134129933
130396247
126449429
132782492
118269911
137089762
132940491
139356310
134684543
142203567
138577725
134697610
140735143
136891328
132740629
128472147
135772715
131471959
127932521
134987545
130631675
138315605
134207634
129493140
136216628
131794550
128003501
134892445
130829093
127695098
133890778
129886015
125264062
132534014
118063185
135237241
141923582
158427633
155072645
139331659
134802389
132372799
128232655
133315155
129152620
114592062
131755084
128371545
135077011
132091479
128290086
135013787
130917278
127316237
134786143
131000992
127262701
133717964
129901140
127285615
133351892
129041884
125470935
132174043
128008654
135115500
130792045
126750551
133652068
129959558
126627580
132852231
128367598
135659895
121473090
117393147
122729631
118934647
137133355
133136048
129050290
125116730
131841481
117032810
135124251
130911386
127590135
134090768
130102421
126568114
134244471
130274325
125877880
131952877
117280543
135107476
131318699
127039028
133118401
118255028
136192653
132348443
128255263
134910031
130432313
138561648
135162973
129630574
125735714
131470493
116580118
113568955
119462899
116278607
132495332
128370348
125028523
131139607
127780725
135317397
131578442
127009385
134168800
130113254
125482323
132072068
117237260
134971839
131081758
127151146
133998656
129961603
126547745
132997893
129088335
125069072
131556431
117576129
134278344
130294097
127682072
133337135
129203428
126194077
131649483
116782776
134559669
131139175
126798270
133151426
128831991
135012597
130317363
125976924
132130353
117281568
134878057
130801630
138398563
134406582
130366194
125711105
132645274
128966859
136128762
132080871
128559491
134951889
130991444
127808639
134359446
130482213
127548866
134252529
130841940
126889539
133705444
129253847
125875614
132808477
129142667
135612316
132279215
128876489
135474198
131721362
138602344
134982615
130673401
126414862
133820247
119445706
136500222
143238276
139401248
124512273
141275610
126523471
133138912
128555811
125186802
132464016
117309024
135350843
130934906
127536239
123616551
119714134
136470460
130987805
138133351
124030959
130739516
126918810
132848210
128678790
124208677
131003847
116543872
133522556
129959856
126246011
133385766
119489342
136613009
132293802
128421865
135687197
131861948
128961873
135885084
132021041
128270476
134371461
130742732
137514288
133697385
129324798
125951226
133685581
129679547
125914773
132818763
118286441
136278340
132273561
138276656
123953934
129571887
126233691
132783138
129062876
125228377
132181104
117484725
135627550
131213314
127843079
134597712
130286901
125591523
133110727
128819715
124815703
132256362
118253231
136080371
132058616
127435103
134203497
130266720
127290007
134312312
130917394
137835763
134421257
130567195
126799707
133985051
129961887
125981857
133180866
119295993
136753143
132877501
140122961
137120480
132744281
129108077
135224474
131145579
127200823
133424743
129589855
125338199
131255654
116469985
133060050
128475574
124860170
132027104
117203505
135133956
131062785
127134753
133695780
130351507
126115530
133660405
119044211
136838304
132389899
129193512
135171491
131153984
127311907
134806378
120282722
136679371
132076419
139320434
135762394
131316611
127074903
133813872
130235660
126731089
133441773
129125293
125633176
131752320
127585244
134136066
130019841
127449913
133279725
129003596
125497750
132407305
117615221
134342954
130350775
125904331
132164976
117330169
135327659
131380254
126649929
133700444
119475394
136195811
132053222
138955165
135041941
130875460
126713048
133665386
130167894
136601512
132482943
128889054
136000361
133148355
118998167
115096737
110907671
107690023
104181812
100839295
107999637
103889759
101309524
108774481
105078276
112498443
108787348
104615256
111368102
107763238
93030310
110138161
105618349
102058543
109361063
105180412
112221506
108557219
104875059
111504370
107914600
114776824
111182391
97193711
114737864
110985385
96966298
114774399
111198853
97036121
114544832
110961316
96325314
114103527
110349231
107282302
124246540
120486385
117061427
122289451
108474641
125083773
132704902
118026601
135718982
132262047
129175687
135219684
131130890
128154004
134199860
130550515
126297683
133081193
118445213
135929558
132211528
128691486
136107481
132191447
127549460
133849875
129829487
125879816
133287453
128933468
136272730
131938205
128381191
135841802
131877887
129114535
136633707
132735599
139102940
135139632
130994902
127118659
133326103
129210743
124878444
131992373
117478283
136032451
131919004
127674722
133988416
129997576
127817284
133770685
130313983
126369636
133571860
119036829
136875185
122811837
128498883
127915803
124174597
109848869
105915479
110651075
109215554
105910464
99107716
109401169
105296498
91497883
109588152
107007704
92626530
110574338
106377502
92250993
110526269
106503160
92378462
109857192
107089485
92887832
110131373
106899477
114158864
110748667
96571207
113757207
110623234
95912331
113494747
109725708
94983756
113423451
110250441
95711007
112871815
109614966
115457315
133123733
128831756
125431683
132577487
129674558
126591854
132831089
117776074
135058147
130915871
126701810
132950693
129092447
125005983
132067390
117505233
135374501
131518762
127873275
134814883
131285475
128000709
134878495
130745804
126362838
133450019
130160075
125776629
132300598
117672210
134695581
130414781
126703756
133635749
130258231
126799874
133251629
128818592
125329224
131817232
117258399
134168014
130150980
126297818
133649348
119884690
136991293
132559691
128924207
135673055
132164723
127923675
135361697
120717903
126986949
133843296
130135137
126544801
133858646
119420660
137259937
133810135
129819112
136149040
131590586
127393195
133378979
128901994
124679818
131096197
116231239
133336798
129254899
125412544
122125067
128631197
136413896
132159866
138855511
135280493
131359932
127312117
133465653
129227636
125728900
131940817
118117338
136147592
132761594
129367861
136840532
132299128
127687216
124735683
120638329
116491158
133484276
108478103
124919219
132611529
118226751
136267838
132371815
128448794
135215615
131481791
127544240
134249015
130356734
126196726
132678171
129148454
125126742
131424313
116739083
133125325
118349595
135948159
132335680
127995664
135117523
130923422
126687400
134128139
129843286
126287593
132737313
118406505
135958284
131954208
127880078
135338268
131024626
126984454
133872231
130337038
126900690
133625527
130255866
126621742
134098138
129862743
125768413
132104900
117137101
135034530
131138226
127818769
134364341
130471021
126849839
133412063
129147400
124981262
131115802
116456166
133702213
129547438
137111177
132727675
128978150
135820920
132079582
138735644
135205659
130765704
127349135
133989524
130291859
126989699
133349747
129549209
125560855
132368274
117542773
134237872
129986865
136800662
132544760
128655764
135440753
132250688
128853598
135678020
132037233
128484448
135641492
131946163
128207333
135591472
130948405
138102105
133764940
129403622
125130528
131798994
117456127
134062024
129674136
127094511
133597722
129325709
125303699
132178197
117582612
134272869
130343647
125929562
132552140
117810162
134753232
130819289
127395325
134011255
130502444
126041403
132684823
128619286
125468412
131656609
116948010
134905018
131076739
127119019
133276879
129921621
126070487
133322401
119261531
137137053
133356889
128803905
136436572
132932341
128760869
125314631
121530429
117397986
113882775
131273930
127619946
123517649
119794629
147077337
142632926
139067894
135730725
131286329
127612048
135025129
131078032
127221824
134568687
130042102
137454947
133937556
129594156
126002973
122366357
107875292
103512832
99911777
106438122
102503058
88208886
106231569
102124787
87417006
104635408
100481218
85796033
102028346
88245621
106242899
102111211
87102764
105098414
101156659
97076704
102059887
109273297
105391278
133525936
129280732
125078214
131820465
117353333
134381704
130026679
126384807
132968192
129485543
125407762
131953390
127545195
123951777
131344856
117128851
135351699
131993587
128188399
135385128
130788846
138201169
133534716
129919287
127061931
133850554
119373338
137082561
133922118
129524842
126147321
132617612
129279304
125078379
122106227
117428586
113293256
109518421
136103675
132166854
127466483
134921119
130828282
126643823
134148700
129866536
126244829
133561342
119169457
137129761
121922274
139006358
134658117
141209553
137668454
133711836
129401956
125296294
131894146
117656534
135464417
131549858
138299203
134887166
131175889
127887885
134884252
131065912
127012428
134379633
130068083
125369661
132608788
117859567
134621347
130115943
127481491
134263823
130134301
125692556
132903722
118196556
136057594
121836774
139249092
135568501
121432388
118099134
114783528
111168483
107471463
103341989
100053256
107526451
103579291
88994426
107179350
104374637
90130773
107553297
103685119
89039016
107568612
103443226
88814151
105689889
98464347
94988739
105427223
101373507
108037971
103700868
99853257
107262739
103463870
88692243
106523335
103698314
89125707
106544472
91852798
109365761
104993307
100305610
107932871
92977418
100167350
106453078
103590735
89122356
105732529
91285449
109293841
106430849
92289514
109914387
105880965
91637379
109677456
105818577
91327246
108925154
106007405
91643175
108531993
104613321
111035481
107436318
103890974
111920511
107534202
93084891
110927819
107225108
102564147
109125646
105940722
102337938
108841826
104909768
111651186
107541932
93459978
110379940
107174507
103492688
109574560
109762640
112313185
108976475
95047769
112951245
108990419
94715261
112365332
109140483
95236021
132827836
107816978
124795594
130891047
116547364
134576078
130458356
126821802
133933508
130664541
126756696
133948029
130770669
127079405
133192278
129916282
126033517
133161642
128930701
135463619
131894302
127692351
134715859
130202443
125682188
132069301
117163278
135046091
131131540
137113568
133403682
129310655
125666131
132114396
117085814
134886417
131003663
126843807
134232733
130025699
125606833
132636330
129139023
125392372
132811813
128873941
136218682
134677374
127929394
134962005
130592476
126986422
133161420
129220550
125138453
132173989
118190135
134728042
131045549
128370178
134932661
131012518
127958591
134019913
130167097
125627045
132384657
117877576
135034129
130836003
127093384
133474568
129100135
125154019
132433951
117356493
134948821
130989986
127191488
133247392
129314212
125146649
132144436
117945460
134772401
131464785
127989143
134900779
131068550
127559106
134105093
130713152
127138813
134597415
130542290
127063443
133138833
129060762
125587956
132729609
118402033
135508139
131383498
128004524
134210349
130113507
125731327
132634253
129107148
125168929
132694341
118421120
136000083
131986191
128692908
135467794
131833315
128080815
135175265
120444324
137957195
134087821
130182231
125974501
132478801
117819119
134662351
131521635
127421162
134146683
130309539
126257491
132540893
117649085
134206640
130350478
126003256
132636837
117966223
134235491
129977337
137343976
134139098
130363183
136606675
132431263
117647303
134230156
130038287
126478010
133926410
129990547
127089338
134162821
130655748
127251440
134040916
129706060
125670646
132824367
129434019
135687250
131700956
116643573
133590496
129850880
126289597
121873139
117414873
134915787
130966408
126846664
134119480
129975311
126169100
133023813
118363269
135423085
131383087
128206904
135342120
131083332
127023457
133181615
118566708
135587253
131239946
116240301
133681392
130119013
115383108
132279058
118100587
135726822
131756001
138633544
134381783
130816057
126383017
123029953
129851680
115536078
133122742
118378334
136061594
132328260
139700979
135007003
131300624
127772555
134018338
130350257
137838651
134338684
130503823
137363578
123392514
130301354
115787735
111413250
107856528
103973646
110317366
95708070
101317772
109291259
106216460
102148783
109977984
105369499
91357192
109311125
105837697
102096280
119267966
116181989
101838491
108227221
104403856
90011214
108722305
104930199
90681340
108762207
104552766
101232768
107917675
115736278
112113139
97721044
106969218
111406296
107223510
92393482
110333965
106857996
92272910
109667693
108827706
91251087
96789470
104009469
110605559
107340140
104035984
100041542
108006624
104550050
90021714
107551989
93088248
111541050
107111331
102963015
110376672
107119210
113978147
110250910
95998495
113101483
108768320
116900273
105411634
120343862
108351548
113597414
110470177
107217544
114363372
110280147
96061590
113927437
110304569
95916238
113926082
109503580
95256539
112435022
98410232
104586157
111590964
107782420
103650625
110254841
115811341
122261612
107934345
106117339
111979858
110940264
92986671
99229438
106615567
103189083
110234972
105601038
91093622
109593632
106123587
91684350
98891414
105288434
96293872
92391971
104787650
105099144
112278772
107308111
99312805
106096998
127257406
129682481
126263566
122253610
117612540
113612657
109352173
105608699
101840630
98418014
105543692
101950663
87330196
104890146
100280007
103171719
102856639
88296989
106617886
102136449
87499247
105511876
101903222
87115274
102079104
102209046
98255451
105956188
102247524
87541380
103997353
89711633
106918604
102505850
88180454
105643495
101529431
87157279
104796146
100650910
92415851
98369675
95232541
107089549
114031318
105490406
106977897
102779416
88050103
106371636
102277783
87962381
105785413
102334805
87404509
104470564
89834350
107541242
103517773
89235416
106633298
102541129
87904012
