110582046
106229268
91674567
108768396
94694902
113126260
108471398
97839166
110543205
106769865
96506742
110008097
106692084
92623530
111017389
107512142
93456415
109517191
94650213
111910257
108188562
93664866
110784707
107676159
93370072
110980019
107041641
124066481
130927004
116887334
133860419
129843176
125670720
132866007
118704722
135157345
132053387
128193491
134132972
130672344
126604194
133722759
129402483
125282814
132113586
117711386
135409950
132093646
128088888
134181492
130274343
126631617
132253780
117640485
135676492
130731298
126567683
132786807
119010783
135943459
132231995
127857401
134776063
130490219
126027807
132201146
117240613
134696745
130386506
126740299
133163261
118458440
135501529
131384805
126980627
134356317
131136221
127310341
133350168
129346269
125675999
132048924
117376174
134910587
130598843
126918338
133152239
118499016
135512089
131444877
128183857
134409279
130379228
125777352
133053559
118325507
135674561
131109114
127037950
133791710
129239543
125017269
131983626
117427340
135257022
131364219
126578705
132822363
128516335
124170368
130897478
116559607
134359459
130347036
127077748
133943454
130043114
126259111
132656933
118073851
135884758
132276534
127901047
134318753
130157308
125843481
132334126
118102505
134363433
130655382
126677844
133275604
118613287
136646492
132176102
128016368
134406006
130237366
126457472
133391596
129962231
125897833
132925113
118296414
135839235
132016940
127920032
134748443
129916293
125556579
132603860
128135773
124496871
120624036
137270925
133167286
128928518
124588467
131088864
116715604
133350942
129368447
126239485
133194667
119066388
136766748
133110192
129241160
135065821
131989495
127956087
134234516
130148682
125969653
132902169
128769932
124718955
132133801
117827076
134420220
130259340
126582360
133338026
119064426
136855860
132401561
128709744
135972027
132160803
128279600
134162981
130276993
126856117
133699427
129226239
125496170
131312296
116331924
134269707
130089813
127106576
133266609
129338360
125886876
132451437
117925829
135245226
130917523
126795770
133855637
130220178
126112117
132207461
118030137
135183840
130991482
137402518
133883071
129697117
126051758
132168206
129170005
125367463
132490505
118107553
134572326
131026389
127208984
132913643
128980986
124921001
131037392
116594111
133091010
129824828
126480060
132512300
118499889
136043744
131907349
127953813
134314876
129995596
125413169
131688655
117126363
124602644
131006780
138211486
133561160
128954029
124885469
132095960
117889728
135193127
130587369
126697280
133011655
129167701
124839111
131510930
117067666
133595219
129299916
126056571
133435551
119123441
135400939
132000291
127822319
134809910
130159554
125889268
132501079
128554169
124467363
131265281
116963359
134792705
131083337
127203281
133326363
129133082
124961904
131077617
116202750
133702970
130155293
126363272
132555045
118037153
135098004
131352780
126733154
133819072
130218200
126104528
132679212
118395288
135702082
131408741
127216592
134571010
131522402
126881999
133530726
129733537
125747934
131853243
117562821
134163546
130253167
126613670
132413152
128861885
125521512
131925658
117771033
134765064
130257336
125877163
132915762
129229815
125840980
132612583
117880546
135161202
131198617
128243624
134965033
131246258
127270316
134377288
131089425
126426245
132714379
128638095
124627720
130962102
116339413
133502825
129442591
126194490
132949044
129258640
125077396
130887652
116456611
134791852
131036038
126750123
132465664
118356024
135853523
132378158
128293640
134022757
130590238
135622689
131636160
128384477
134852119
130162645
126918332
133466390
129245552
125497469
131982571
117097091
133796105
129872571
126188078
132664575
118060445
136171344
132299399
128576925
134586736
130444013
127210483
134481012
130773136
126769014
133814237
129396738
125321647
131490377
116777873
133554851
128720338
124545030
130931410
116174255
133472321
130409711
126184138
131999100
117644984
134513299
131425324
127284265
133311062
129323384
125326295
132572616
118471806
136028385
132000624
128583201
135213411
130874023
127693629
133510088
129715095
126014838
132270561
117609852
135878576
131820772
127858384
134265808
130609353
126047331
132481723
128975090
125297098
131097089
116458954
133036051
128809599
125239137
132143507
117508486
135355560
131308074
127832578
134496615
130159877
126541403
132498015
118003330
135009866
131226209
127413396
134952383
130659174
126486311
132734372
118254787
132219868
118371803
134189815
130484535
126938616
133494026
129531353
125180015
131427590
117297679
133684996
129736365
125871616
131434283
117390312
134064178
130178523
126274092
133109064
129111947
125756467
133231592
118756316
136076779
131713201
127885351
134028227
130056840
125486391
132053663
118371186
134859595
129882293
126633850
133650994
130131782
126000891
132463677
117629653
134977561
131923030
127665074
133895535
130305796
126257301
132707467
129080214
124951929
132060471
117826862
133906453
130212915
126058745
132256722
117273733
134812982
131071748
126766647
132627532
118048956
135386635
131236516
127731293
134571726
130747536
126209353
133474619
128937948
125520060
133120659
118236787
134465594
130708270
127448671
133948153
130350162
126015969
132467579
117942000
134552781
130436417
126072443
132566345
117708355
134299483
130675336
126613515
134197024
130021561
125493660
132521520
118142965
135972734
131540951
127420184
134008566
130630014
127202312
132579323
128801607
125432846
131278926
116929142
134364936
129825805
125957669
133337227
118524802
135951971
131331159
127800887
134035096
130272384
126985553
133233090
128988346
125520804
131796746
116801054
133744802
130091068
126270712
133231439
129110615
135560485
131335029
116847732
134290648
130387524
126713822
133177091
129284642
124856707
131340948
117019339
134798950
130813546
126672011
133385233
129375655
126062411
133658505
129032397
125716563
133344458
118863447
135105612
130948497
127345242
133339230
128946083
124791086
132096131
117481575
135677450
131955045
128838331
134650087
131678253
127396132
134779117
131000209
126883399
132898466
118845358
136089864
131880714
127958996
134277646
130147655
126695853
133650353
130189410
125954333
133223995
118328835
135193390
130869462
126932613
133883348
130169513
126618995
132730676
118198711
136458827
131855662
127860363
134149469
129998849
126090830
133024927
118407820
135477934
130659517
127377135
133896765
129829998
126272455
132671800
117860466
134798873
130842389
127439655
134135383
129927802
126399207
132631171
129003885
125410156
132073028
117530099
135176967
131136586
126505823
133635978
130276871
126005028
132213661
117583123
135287701
130893451
127663265
134444280
130472825
127121539
134494587
130084502
126202225
132669557
129122708
125061182
130879929
115912280
133591430
129764861
125686557
131602993
127867944
134369324
130405112
126238059
133461493
129104510
125682511
132305446
118166652
135456747
130770138
127265306
133852451
129322106
125941129
133130960
118828143
136835913
132651818
129371739
135470310
131191147
127753869
134288344
130300025
125905789
133509842
129087007
124905368
132582002
118718426
136544897
132821830
129314162
135537600
131050748
126712998
132946772
128789134
124642354
131765050
117040647
135183618
131020521
127097814
133597549
129946004
126925058
133036583
128792700
125273145
131762431
117217371
134269017
130918805
126654830
133801345
130059584
125474798
131783667
117893724
134729027
130768074
126656975
132934828
128823358
124832287
131775608
117402877
134362418
130352927
126484462
133468569
129715711
125463787
132370456
129134189
136343544
132544691
128922274
136408015
131609468
127592905
134001690
129654469
126032235
133757103
129414298
125355033
132774221
118487700
135667298
131349696
127888405
133682520
129841082
126000754
132732593
118674515
136112716
132215472
128493575
135531781
131716159
128664033
135328073
130485053
126219470
133196616
129824839
126049857
132469369
118228603
137035269
132323073
129111961
135254182
130966389
126753637
133651966
129438418
125924239
132364862
117696133
135374208
131945001
127616235
134638447
130328146
126424698
133205108
129910733
125579889
131864571
117067512
135227749
131304999
128390725
134482378
130267163
126382721
132605984
118651859
134833938
130940555
126536727
134213150
130463295
127015956
133564097
129380414
125090129
132168845
117338776
134453747
130150943
126132614
132915795
118774869
135145207
131303350
128143785
134826188
130107827
126622968
133424371
128879244
125310618
132239403
117967857
135179428
131164993
127206247
134616442
130210880
126123158
132850297
117982558
135448350
132044430
127953826
134410260
119861294
137385928
132577164
128211894
134657630
131093755
127319473
134130321
130636624
126764551
133215896
118599190
134914852
130958391
126688034
132691770
128818938
124599443
131812538
117426202
134713779
130495669
127281789
133724038
129434876
126126115
132212025
117826245
135488513
132177210
128066315
134190966
131129617
127534184
133807839
130540233
126789836
133326058
128988507
124818218
131383451
117017383
134398699
131273448
127193671
134272252
129939708
125994328
131811776
117152174
134530154
130708409
126862535
133453631
129769931
125991740
133111087
118645860
136224180
132568567
128790068
136208491
131951962
128391348
135979998
131672064
127098797
134579025
130481990
126271507
132829117
128821902
125173768
131208260
116564273
133528860
129804198
126494861
132348265
118072725
135219316
131758740
127534904
133895516
129966652
126288674
132196722
117676400
135154331
131442394
127706629
134360764
130353846
126707126
132819126
128306341
125025257
131965340
117271430
134772330
130234969
126126411
132290904
117631854
135195270
131005478
127241926
134257042
129676163
125587240
132212066
117644248
134662380
130533297
126364053
132159755
127916780
123481298
130825626
116397738
132789394
118248641
135016911
131312685
127647227
134322650
130488227
126030369
132370563
129107818
125135889
130715931
115999977
134596627
130584773
127028915
133490278
128876871
124445857
131067413
117103861
133988698
129785144
125926490
132985387
118247217
135196238
131706462
127813450
135148226
131068628
126716659
134073325
130875587
126814087
133328109
129713687
125685954
132946380
118837032
136274128
131862456
128077904
135304486
132079939
128150592
134554665
129926201
125466765
132149149
117676839
135611868
132099990
127607570
133712993
130156767
125675564
132430524
118094014
136307769
131832573
127715503
134292935
130121963
127148267
133801833
129989261
126168019
133383081
129339596
125980058
132448676
118647555
135292263
131851066
127473589
134206922
130090281
126385920
122443667
118672738
135394954
130802259
126260934
132403854
128532793
124850782
132199714
117822419
135472684
131045749
127538099
134730842
130629886
126133098
132893395
128965009
125262994
131776759
117327814
135161480
131076139
127159879
134107047
130566686
126765115
133340530
129297849
125707557
131895406
117704363
135443095
131311836
127700163
134382527
129975498
126542296
133075452
118459715
135036563
130633072
126684870
133676302
129379959
126054574
132632095
117765275
135524557
131308344
138618549
134747842
130661805
127263520
133452355
128760173
124802099
131298850
116936923
134298831
130669938
127583192
133976694
130007045
136731066
132052037
128675245
135704325
131842536
128244063
134117795
131155692
127164197
133191014
128885106
124701363
130640951
116270792
133332869
129974045
125468429
131765562
117113941
134677997
130751834
126735912
133308827
129354272
125108173
130906264
116468581
133658836
119175150
136599646
129161837
125498561
131898618
117923333
135440231
131706010
127491478
134357502
130410491
126384133
132568073
128425614
124633861
131330145
116990010
134644845
130927610
126525512
132889152
118486833
135310966
131997631
128524328
134824446
130461482
126841380
133717998
119000361
136317745
133119084
129334369
135286063
131323237
127325929
135079293
130747080
127008420
133236429
128926533
124845837
131785798
126839010
123223786
130241980
114921253
132396450
117955046
135545548
131521956
127535375
133550962
129128893
125672250
131779773
117025579
134796247
130934547
126940015
133500048
129761963
125692376
132344164
118150417
135290848
131512824
127367045
134102682
129908340
126006885
133009580
128728546
125018906
132357384
117810660
134154945
129681291
125814849
132626135
118345122
135619856
131304053
128006029
134487166
130748904
126730802
134182988
129825210
125931713
132326933
118059833
135215780
131019485
126586108
133537876
130589327
126912686
133795945
129921309
125730981
132662732
117933593
135485088
132353735
128787606
135521666
131668463
128032145
134377831
129577277
125941087
131899410
117197591
134976427
132228629
127877465
134124346
130095974
126001203
132221751
117749737
134204946
130716615
127248672
134043110
129599004
125627231
132515744
118421637
135839218
132046832
127507050
134378071
130390081
127453775
133701906
129752660
126012428
132792625
129081349
125291343
131373822
116810694
134485087
129834181
126344371
133098723
128824960
125073880
131786262
117818247
135249957
130843538
126795559
133572551
129782538
125694995
131867245
117765724
134153337
130769077
127234757
133625283
129769412
125239815
131831437
117723088
135708872
131410914
127536697
134157623
131205182
127464464
134403937
130671551
126626618
133435477
129746144
126229639
133652766
129270257
126191799
132326916
117786248
135810048
131474424
128055994
134488788
129773342
126527033
132872127
128324141
124419961
129892245
115643868
112477519
130340648
125957916
132974750
128638616
124582696
130390089
115693308
133329489
129714959
125618754
132306320
118187218
135678972
131795951
127594963
134629425
130371363
126077772
133018674
129071380
124505947
131597425
117514149
135235531
130868391
127664970
135022441
131255821
126878339
132806781
128947552
125789058
132037605
117807193
135671025
131615976
127269104
134219907
130682362
126390095
133523455
133689678
126443662
121663726
117738176
123958572
133306524
118544986
135028398
130793824
127049057
134189262
129850784
126841568
133097237
128907492
124611485
130677776
116501566
134154753
130990152
126707240
133154118
128883108
124345969
130635110
116125187
133758602
129838892
126127906
132935846
118153396
136195251
132293605
127643059
135268644
130914981
126685559
133074667
129502859
126428588
132971203
118767333
135469959
131108286
126936223
133456015
129026201
124519950
130768512
116353452
134124479
130261530
126174812
132367098
117568883
134174308
129529698
126243308
132824430
118412219
136159432
121631336
138669446
135391787
130704874
126795304
133109382
128792986
124988823
131466079
116963498
135061007
130326919
127461917
133765350
128988030
125398189
132444496
117880584
135326872
131352897
126972242
133121580
128698520
125370147
131506783
116448185
132920683
128609666
124860667
131941630
117445650
134412988
131042540
127004025
133351160
128663488
125255584
131624608
117615063
135298057
131889312
127382221
134237893
130217336
125908825
132943258
128328507
124678154
131841952
116960533
133586920
129295871
125273220
131348865
116988798
134144129
130152561
126993247
133594334
129587102
125267384
131998973
117501848
135313505
131287101
127021114
133968552
129659534
125293028
132657148
117897112
134484720
130892254
126654178
133263679
128794294
124387802
131011093
116954051
134082894
129905429
126355009
134068998
129986950
125755464
132025704
117185702
134146793
129882821
125519653
131713831
117006861
135002202
131421518
127348396
133438223
129614624
125586321
132007275
117781974
134619041
130706423
127526401
134127673
130050339
126161905
132175186
117787339
136284939
131904526
127960971
134844989
130631038
127271136
133476224
129744494
125500677
131551728
116927813
134182357
130192500
126800397
133647356
129691787
125670983
133341413
119359547
137306837
133216520
129696141
125506981
131770493
116988585
134978070
131269148
127208556
133331091
128741230
125141907
132535736
118068336
135922991
131305925
127355665
133899810
130021146
125758292
132261602
129180066
125083997
131003381
116927932
133839389
130470658
126689867
133324970
129595412
125633221
132482732
118605928
136100959
132256684
128375013
134869241
131501883
127324180
135099314
130977449
126497884
132592006
118478803
136053231
132839581
128556604
124409788
131084108
116903253
133721774
129227429
125373166
131905704
117721895
134261435
131122330
127210407
133679466
129622224
125386704
132672790
118637841
135435438
131635552
127770636
134917174
131003192
126308530
132677433
118497333
136204677
131625129
127810527
134474416
130044298
126133123
132228735
118011702
135237770
131398204
128301277
135092722
131471045
127305830
134508920
130893935
126924354
132922571
118699701
136208286
132806219
129062695
136330852
132510135
129281210
136485929
132167980
128593886
135969438
132235784
128647203
134827232
130791388
127125583
134313020
130941050
127195369
133833752
130058806
125756608
132243340
128882699
125680826
132961360
118324758
135421093
131394485
127384556
134327278
130788271
126786826
133788594
129423454
125373296
132916663
118410209
134678157
130544470
126109889
133311925
129423388
125253153
131799003
117522549
133857678
129940658
125697694
132052121
128142035
124437971
130952363
116869864
133913759
129889776
126336439
133703215
129746093
126043006
133195364
129068603
125311132
133441419
118707249
135904866
132081652
127918798
134089504
129921551
125809441
132808625
118633212
135779721
132019322
128646664
134958682
131183407
128173515
134300452
130634909
126361201
133115560
129780398
126472339
132837227
129923110
125856704
132541678
118110519
135500613
130859065
127196586
134578680
130260880
126406332
133315484
129023197
125101128
131900662
117382879
135247323
131650831
127988038
133972418
129538406
125807557
133040504
118510581
136104911
131329438
127638028
133557397
129290428
125235363
132609706
118070047
135068314
131554575
127746697
134300028
129701877
125988962
132658303
117995410
135069421
130663504
127120254
134136114
130857845
126868618
133848508
130109659
126339841
133091036
128746920
124951228
132068259
117241543
135261744
130834211
126828045
132607988
128905016
125884718
132053431
117933568
135776804
121719171
139383658
135343051
131337607
127451721
134059026
130136410
127137098
133165063
129391082
125284527
131719061
117374891
134965958
131030602
127308118
134102202
130839327
127013793
133428811
129747420
125975095
132288073
128361146
125160060
131470131
117696259
135473682
131441899
127112456
134842048
130741983
126352587
132909442
118498097
135045848
130922403
127165248
133163192
129961011
126052299
132752611
118496301
136063763
132393431
129068368
137206683
132460238
128155936
134342129
129930661
126304678
132346373
117861394
135118581
131749332
127751824
134348697
130001845
125689608
133813867
129380616
125561952
132453410
117800214
134881492
131497487
127560093
134792478
131048047
127933678
135039768
130788517
126423112
133465842
129799996
125933431
132955406
128721755
125052793
120737334
138070842
134333569
130018646
126177354
132081426
128490334
124405052
130061176
115767259
132677414
128449732
135101175
131362376
127575255
134629217
131010184
126957616
133590697
129395946
125382259
131599699
116863465
134308145
130162479
126184400
131746666
116997058
133109430
128930600
125695267
132605475
118608533
135897934
131833496
128146801
134359099
130216443
126324308
133148105
129055552
125655180
131445185
117555539
134611694
129592754
125478420
131676108
117040666
133721493
129564647
125447757
132589110
118711200
136291573
132067219
128701229
135351551
131499206
127863193
134338361
131079694
126943190
133956431
130106262
126651061
132629596
128498152
125455513
132008984
117882641
135302242
131407092
126587958
133380143
118351336
135266650
131189462
127645459
134772074
130559563
136693028
132629839
129303939
136371530
131735382
128331016
134987401
131542386
127721007
134217840
129899447
126169208
132961734
128624902
124858346
131154800
117213434
135133785
130805474
126909560
133276071
129070886
125335637
132430002
117549673
134059714
130025007
126622519
132779864
118260875
135027773
131668914
127254659
133745161
130099006
137782624
133700630
129639855
125253227
131057919
117980109
133883923
129070029
125716368
131876190
117534152
134449444
130450573
126591126
132456153
128141056
124607281
131637803
117021107
133875690
130013050
126270051
132962663
129078229
124726481
131793524
117450664
134635588
130425983
126628596
133829134
129517212
125643192
132430112
118237020
134916809
131282033
126964681
133583727
129722533
126662170
133280485
129008741
125594164
131634940
117045585
133344091
129447397
125637010
132101938
117462886
134509557
129949567
125674416
131936027
117648315
134875121
131434933
127158697
134442243
130793546
127484070
134848563
130965156
126870540
132928778
118530825
135462900
131690440
126881419
133559329
129169821
125254073
130795377
116295310
132865014
129344175
126024690
132070265
117519656
134798938
130873944
126595090
133021032
129731798
125455300
132563214
118582030
135420456
131649925
127458262
134659550
130601870
126767766
133189764
128732799
124250848
131578821
117087804
134116175
130803322
126411305
132828734
128657458
125248945
133866805
117039940
133480478
128830853
125373996
132605397
117999671
135814975
131987302
127744757
134014903
130592617
126483900
133366203
128730622
125063656
131745718
117501042
134815055
131278303
127409720
135049217
130814183
126541531
133024742
129699170
125761256
132766221
117933361
136028663
131685436
128325030
134979619
130542525
126486685
134015102
130304762
126094517
131890449
117274919
135261816
130829136
127005309
133056967
128654502
125365002
132282465
117914722
135521810
131384568
127111351
134088336
130628793
126792247
133177526
129080470
125065782
132186074
118005468
135218834
131032168
127649202
134343054
130435342
126086021
133036057
129358396
125222065
131776218
117760221
135182974
131509217
127153631
133194427
129524731
126041195
133173453
129007515
124849626
130595609
115940476
133167569
128729130
124901622
131752125
116948822
134993418
131210623
127274869
134187954
131022747
127136905
133338754
128932009
125579226
131842263
117780954
134250461
129793515
126091482
133423274
128732080
125236329
132273753
118329593
135311222
131600515
127685679
134069928
130197584
126867655
133049877
129510346
136199153
131952875
117239266
134562805
130869640
127295437
133744666
129577451
126020320
132568723
128922193
125613955
131951276
117275578
134592943
130309235
126384385
133212200
129741322
126026404
133018201
129225258
135213976
132201735
128293534
134416785
129849795
125850459
131592026
116894641
133997623
129789127
126026227
132460030
128653425
135858500
131602544
127358865
134673188
130676504
126718100
132401543
128132490
125028735
131887491
117435205
134700295
131143094
126862554
132667223
128816586
125272266
132228338
117495167
134438092
130780562
126608027
133497844
118666277
134994272
130542736
127085758
134442949
130342973
126708909
133080064
128270572
124305689
131087651
116586993
134238869
130458681
126647867
133164274
129265265
125475836
132164788
117623037
134584733
130389761
126857149
133153639
128808635
125343502
131601130
116778013
134074146
130056561
127066176
133898317
129758170
125637150
131669172
116876693
134665895
130574893
127063951
133831657
130173886
126354295
133359567
129405189
126378974
133061431
118681246
136117295
131667706
128051142
134782225
131295212
127535463
134570702
130378496
126813771
133383123
128609638
124379278
131074085
116580166
134108334
130930762
127034840
132482670
117971718
135194064
130612206
126726866
133803328
130110201
126280796
132848280
129925798
125719076
132292091
117468739
134550548
130559593
127220562
134254510
130140723
126078542
132919350
118087486
134423433
130505588
126634672
134078599
130521311
126399662
132912858
129847546
125669890
132621953
118352539
136061207
132380659
128036077
134193658
130022559
126306624
132617994
128494412
124351213
131390960
116692655
134165874
130651028
126654350
133542385
130000565
125974361
132357922
118447848
135384851
131498415
128194641
134795569
130189135
125923272
133191453
128700538
124662200
130580378
115972518
133480477
129044289
125975993
132070032
117379411
135487659
131596680
127772856
134346193
129677690
125575771
132647354
117953905
134958795
131019727
127715735
134186210
129735329
125666885
132240997
117741122
134803946
131312377
126935023
134290031
119272825
136438392
131523877
127124236
133690430
129643010
125354611
132542679
118245617
134806004
131150419
127183343
134194435
130243684
126691825
133218694
128682198
125281351
132253676
117775561
135273287
130754827
127074546
133838165
130111762
126456907
133245497
128641775
124741176
131203536
116911495
134757084
130004894
126273541
132880463
118115263
135044649
131620470
127472711
134264027
130118452
126026789
132860594
128697676
125232748
131107195
117219850
134270461
130220436
137390412
134099453
129673814
125415740
132491512
117909425
135472075
131240494
127231716
133089737
129325366
125919455
132328366
128215967
124354753
131294449
116983014
134268609
130258273
126202315
134050856
129511395
125173388
130920864
116823351
133689204
129690950
126222003
132956460
118729835
136192097
131764336
128357511
135158822
131180231
126656237
133381242
129178935
124941530
131882902
119616142
134458419
130281726
125662057
132736523
128877586
125502254
131658780
117504856
134690894
130062317
125973184
131859779
127552526
123893125
131244927
116805102
133414135
129496430
125154203
133344884
118613564
135381732
130716328
137185322
132726730
128272519
135359251
131468768
127713351
133612508
130150890
126283296
132864128
129286075
125228631
132236481
118029217
135589848
131420404
127353903
133940952
130297179
126897127
133422937
129204782
125056921
131270955
116745992
133408355
129003139
125218455
131426027
116787628
133793602
130166891
126523804
133027469
129691659
125327801
131804586
117527805
134520777
131160741
127130256
134615556
130654635
127084469
133885086
129541959
126325234
133123366
128555653
124567281
131026096
116312677
134471924
129653211
125744534
131895010
117096435
134404921
130805545
127028232
133125024
129503529
126303565
133337397
129581138
126296310
133043137
129027301
125475440
132978654
118280869
134610622
130245129
126208486
133347888
129788408
125887921
131519713
117574232
135307208
131907132
128142558
134125260
129761701
126362025
132358405
128069341
125007649
131519557
117537401
133905378
130106266
126415495
132685459
117961891
135691895
131746089
127750981
134386608
129856696
126323989
133308961
129996622
125817561
132450509
117848431
135216464
131025038
127505918
134071093
130183219
126366070
133467583
129566047
125786339
131808195
117378802
134807628
130765465
127698740
134113834
130244307
126481134
133120583
129309631
125114869
132287930
117521245
134587172
130920444
127248488
133751390
130604119
127291207
134042063
130521736
126646148
133438364
129750153
125930652
132627951
128820557
125125937
131779477
117211838
134747387
131310090
127545174
134242255
130507495
126764394
132704506
128830605
124610831
131544410
116374036
133724012
129784868
125809360
132078632
117297878
134443251
130636447
127057793
132907454
128696180
125607381
132621474
117884183
135990874
131768873
127326815
134083581
129852889
126530475
132838206
118691630
135624740
132097616
128928443
135657648
131670717
128227899
134857077
130649901
126604518
132843386
128512044
124367552
131102311
116986749
134049974
130741252
126919603
133595807
130515659
126255438
134313233
129560216
126175811
132944280
128932926
125008189
130923967
116543146
132870593
118591208
135804032
133110471
128798376
135121093
130649928
126745951
133504170
129365179
126414368
132750338
117881841
135170076
131030483
127114560
133707618
129740859
126278093
132924761
129570401
125300889
132307845
117432361
133641259
129880182
125618609
132789393
117942329
136043657
132087569
128091620
135693231
131288022
127582721
134118070
130743215
126610474
133325216
129311771
125611883
131899419
117568557
134892181
130984912
127050412
133273781
129596954
125750877
132184282
117750878
135002314
131791393
127601723
134666751
130706291
126992866
133228935
129031979
125067175
132614904
118022580
135040747
131782876
128188350
135221314
131534628
127516975
133983980
129905470
126598916
134014507
129830597
125782906
132353643
118366884
134994850
130773609
126666595
133246487
130002720
125707454
133395207
129620579
125733950
133279584
118925534
135669900
131718791
127276977
133299120
128889842
125373346
132933714
118265719
135356692
131517297
127521360
135440210
130565009
126204846
132227069
128299497
124441735
130733493
116121185
133161092
129330752
125243828
132431763
118222956
134929098
131093792
128051243
134250940
129999058
126162209
133018347
129080149
125115057
132345378
118482243
135489421
131609557
127471915
133914087
129632931
125295156
131811007
117266906
134315901
130829019
126640885
133333218
130041163
125867945
132581931
118406623
135589411
131011351
127508438
133890380
129905582
126256894
133131696
128445763
124777865
131557366
117192491
134818145
131087723
127561874
134321945
131049037
127077868
133351078
119296995
136436766
131810090
128347741
135460397
131873264
127569209
134258133
129827643
126202330
133970371
129583803
125376608
133317373
118803561
135397801
130996376
126797677
132958156
129007034
125015784
131202262
116288277
133544386
129019323
124807399
130389248
115711449
133376115
130022531
126804400
133224481
129114666
125306378
132012240
117652867
134860556
131439171
127791263
135314376
131429443
128036080
134300517
130758620
126807692
133755901
129566075
125343662
132870704
118546869
135148601
131136553
127370966
133824460
130086359
126579557
133447959
129191442
124812684
131372686
117244431
134435229
130702996
127639688
134002309
130459611
127049348
134261609
130254058
126791921
133016127
129287639
125556385
132515366
117962549
134734759
131304877
127577364
134062510
129771765
125909043
132880118
118325955
135770206
131784970
127164762
133161825
129301012
125795232
132428935
117659573
135871356
131347139
127217565
133715025
129565266
125847652
131851082
117353764
133687003
130063835
126521462
133421285
128931976
124894765
131283130
116571887
134341293
130568158
127004242
133230198
130133411
125901383
132715494
118158086
135684782
132701449
129112153
134884450
130188048
126032645
132614992
128508577
125462262
131712468
117312855
134660494
130453612
126920097
133449879
128847368
125437879
132068435
117386091
134082109
129974161
126312194
133988569
129713262
125776780
131068751
117294138
134063814
130368021
126084800
132608023
128691645
124514715
130929718
116864250
134365767
130127717
126331009
132883930
129108182
124973150
130804315
116499051
134090275
130587685
126865045
134314594
130261310
126546660
132294271
129131778
124654026
131712390
117484553
134668827
130212226
126162422
133532336
129708501
125922254
132050803
117239397
133858229
129079233
125730455
132310600
117491134
135876897
131265994
127372269
135032488
130677308
126527006
133897469
129633860
125591835
132462479
118137381
135618783
131782595
128181440
135159054
130933920
127378762
133984962
130020079
126446229
132980515
128606024
124670889
131011291
116181378
134385267
130481140
126160362
133512133
129202439
125768060
132024443
118061971
134781492
131294168
127365907
134175710
130153490
126137654
133176027
129334343
125135839
130639053
127041944
133730824
129929753
126243430
133504331
129867578
125804619
131666050
117290944
133368404
129542177
126002722
132699927
117649479
134310647
130127660
125747105
132990711
118600205
135933111
131699090
127418264
134304061
130745724
126458954
133227259
129708326
125850618
132204112
117955040
135039650
130522066
126660132
132485113
128629200
125370243
131845237
117699619
134711200
131725219
127615494
134407930
130183262
126547080
132981600
118983949
136354890
132259460
127955115
134912705
131214240
127638911
134256190
130041239
125638106
132981202
129699154
126206656
132959056
128998325
124684443
130659288
115789449
133607475
129626050
125277348
131572529
117273967
135023100
130583973
126881343
133739420
130828197
127063049
134038757
129784188
125974315
133275019
128639179
124715515
130925895
116482538
134542538
130152284
125875080
132665913
128758626
125154608
131131867
116746236
133820750
130400170
126124355
133002848
129601680
126039418
132159995
118233272
134747019
130697866
126943076
132965351
129474197
136492435
132303556
128466167
134596022
130875865
127249189
134589834
130910302
126752105
132909002
128090171
124036178
130284317
115591738
134434328
130228252
126468160
133318423
129372636
125975870
132423877
117445712
134827708
130317536
126264645
132843385
129015273
136077174
132275124
128903352
135892043
131917823
127870543
134973119
131400679
127794246
133861830
129872834
125609499
132938003
118312617
135021462
131812682
128178238
134034903
130775900
126539176
132533367
128121480
124288838
130726025
116440979
134177407
130532893
126495725
133310673
129004542
125011289
131425340
117416165
133678845
130585675
126713795
133040989
129803950
126448457
133014119
128926625
125393394
133009484
118205206
134868956
131331452
128107311
134944640
130929792
127376940
133395015
119398566
137228471
133277588
129153431
125669438
131781064
117193108
134883404
130686629
127372384
134884016
131133237
126661119
134029743
129717071
125977745
132382679
128480431
124793876
131016555
117044542
133860884
130634629
126962047
134234134
129780401
125343846
131437922
127733145
133804871
129623481
125552016
132753285
118417907
135531108
131196401
127372245
133862508
130648282
126813965
133932756
129422104
127622789
133346058
119109712
136081010
133056520
128612857
135205756
131085743
128042466
134804385
130120177
126735535
132989145
128615889
125607294
131936064
117872573
135083519
130672773
126282204
133157608
129035443
125724247
131849467
117379553
134873188
130849561
127321197
133559789
129576096
125098113
131976453
117680319
135717630
131383226
127861111
134426829
130097559
136429250
131649662
128576473
134707331
131001764
127450854
134224942
130464363
126844130
133873234
130073962
126037580
132670500
118645136
135695436
131821226
128101758
134699094
130328886
126734272
133537035
129815529
126081211
132904454
128552477
124101570
131583580
117385267
134317965
130687909
126596662
132894847
129099991
125215993
132736988
118550054
136187457
132324250
128226758
135886612
131988573
127493114
133686167
129927369
126436283
132776521
129811735
126158790
133181537
129399708
125628311
132088944
118090352
135168762
130999478
127290814
134409411
129947540
125687260
131924457
117617481
134582639
130367535
126649091
133770571
129729272
126569893
132821621
129327915
126427207
132377061
117743032
134414167
129975148
126306902
132654128
117934112
135526186
131513607
127515514
133774243
129724186
126017945
133780244
130352185
126724147
132748584
118010035
135422666
131618522
127787410
134480757
130237287
125543981
131776000
117720893
135612769
131392414
127783118
134747089
130655098
126024118
132749500
128936990
124802294
131275174
116974777
134147881
130346523
127133389
133400089
129578842
126167696
132630316
117942510
135388323
132114628
128238604
135625549
131566386
128115979
134429179
129631614
126087353
132375524
118351597
135600487
131475835
127676914
134420202
130833137
127118760
133737024
129448359
125859936
132913111
118353254
134917229
130703912
126612616
133461306
129981853
125712677
131462292
116636304
134140674
130526069
126774803
133717340
129906913
125667778
132071384
117996416
135136657
130676117
127253079
133398541
129673281
126754459
133597345
128842999
125683298
131470596
116827948
133545920
129454301
125605003
132574974
118413134
134926803
131773427
128390420
134627677
120145506
137962601
135222994
130472719
126645352
133118442
128621449
124610185
131291091
116965540
134385251
130854088
126803824
133614249
130060635
126355374
132088913
117907719
134812122
131120487
127425880
134707191
130385612
126667942
133343233
128811757
125344562
132487675
117390541
133947306
129788311
125645351
131384609
117206364
133780101
130579168
127069685
133949008
129555996
125011279
132393386
118147894
135617551
131833677
128156101
134175189
129699024
125887580
131632898
117220825
135073539
131366552
126463087
132689266
118345525
135219326
131445831
127514106
134365171
130439790
127115870
133829567
129544527
126010072
132534584
117810250
134865539
131252911
126977811
133534739
129624725
125706808
131893104
117416037
134042683
129808757
125307260
132696640
118316714
135451113
131676269
127928451
134181859
129860046
125569162
131871432
117810914
134799140
131234604
127123624
133977387
129965254
126082440
132967206
128891431
125584876
132121881
117435489
134783759
130907333
126552921
133142790
128637526
124228192
131513285
116762535
134268482
130313765
126417723
132848359
128907707
125520372
132363293
117780273
135606823
131373847
126984862
132713123
128707861
125163072
131534425
116850841
133231054
128747755
124957131
131267670
117187176
134228618
129751740
125674255
131789551
117362536
133469046
129647020
125887076
132791163
128311658
124994841
131437095
116928751
135193939
131703261
127033500
134207213
129813724
126155914
132562295
129490199
125304405
131886503
117512000
136057332
131585604
128068008
134512811
129902682
125630800
131396208
117083158
134941530
130378449
126556683
133051158
128531821
124754016
132111179
117266396
134640240
130808307
126900904
132949713
117910255
134673202
130270935
126414487
133636927
129877833
126258159
133250393
129508136
125075782
131387358
116535171
133965132
130586103
126137437
133348781
129562867
126244644
131900555
128195529
124498567
130759809
116533853
133420880
129425085
125899391
132473837
118374571
134978273
131338101
127751767
134143636
130650827
126888660
133211595
129323425
125941903
132419250
118194990
135990590
131885161
128075957
135025714
131363306
127363405
134555838
130732271
126651829
132809275
128614716
124434547
132124780
117468377
134057073
130028456
125644360
132569110
118228750
135697664
132634574
129014073
136153325
131830182
128223036
134676760
130995063
127826324
134494427
130911749
126683391
132839676
118285850
135025087
130993654
127023747
133937913
129567355
125812147
132661648
129461109
125509852
132004141
117393490
134833653
130966919
126826641
134390973
130623825
126225145
132983320
129127863
125360092
131968696
117716832
135118343
130633193
126982640
133270331
128855120
124764018
130608849
115835873
133643538
129811280
126356313
133466613
129252030
125684836
132303404
117910826
135218120
131082902
126609557
133306670
129688130
126032222
132649131
129018051
125573545
131223670
116640045
133704274
129793211
127030013
132858679
128609819
125117148
131595620
116881078
133901941
130948489
126777074
133750321
129178736
125481966
132485970
117976355
135616157
130892712
127077805
134145086
130313513
126109073
133342696
128594458
124513943
132270954
117373152
133866587
130708292
126246639
133006030
128896032
125173989
131770748
117474835
136023062
131735849
127848490
134318429
130736460
126720649
132470915
118410280
135752448
131800835
127609262
134583814
131023086
127349566
133281745
128886417
125796907
131843497
117309984
134399701
130561812
126350229
133001447
129193349
125631348
132023723
118114313
135573932
131800187
128087852
134494613
130823635
127272490
133394826
128897026
124805921
131832445
117649276
135112182
131680973
128102959
134901440
130794552
126332813
132574608
128546657
124365727
131831600
117482761
134875565
130903293
126721806
134296065
129971047
126346624
132870775
129036684
126003168
131855597
117362901
134629746
130530700
126232230
133260793
129264667
125227114
131651350
117427521
134958966
131780782
127702135
133578975
130049197
126247285
133111517
129669811
125736094
131973214
117778385
135150596
131991787
127713491
134862237
131897698
128410217
135267548
131731331
127976819
134408993
130634585
126888569
132999377
129285090
125460658
131811926
