12754947010,
138019855,
119295526,
114923679,
108273455,
114379722,
109737749,
104411421,
100022781,
127786153,
122840536,
127580246,
124172781,
118458484,
125164884,
120151094,
125574813,
121071631,
126473259,
121577494,
127283532,
122320992,
127755951,
122371888,
128611366,
123698434,
128287032,
124774475,
119110968,
123988858,
119397884,
124958325,
121088055,
125841894,
121845475,
127085590,
122938224,
127633810,
121726700,
126543762,
122852407,
116082767,
121083322,
125971983,
121053488,
125872426,
121034127,
128230023,
123314753,
126298937,
120432623,
114955795,
121025556,
126511750,
121061467,
126314855,
121397971,
115708549,
120677266,
126512207,
121560580,
127041092,
124625091,
128815584,
124762806,
119841447,
125572126,
120649895,
126492222,
121481866,
126676456,
121412661,
127235960,
122333310,
127433627,
121791741,
126013685,
122359250,
115578476,
122140933,
127524000,
122578600,
127009286,
123181093,
119065123,
124000101,
116675372,
123676945,
116564014,
121529210,
115644917,
122198203,
127103456,
123754649,
128784880,
124449660,
119690991,
124991043,
119922219,
126199974,
121531779,
127840272,
122279964,
127680305,
123091016,
126824147,
122690521,
117438038,
123074883,
128396034,
123768524,
118987735,
123590662,
119380229,
124621143,
119716223,
125485157,
120837964,
125848171,
121205932,
126911891,
122394236,
126718253,
121792837,
127999247,
123220442,
128467552,
123632229,
119177404,
123709181,
119004266,
122828959,
118021855,
122865714,
118362391,
123763158,
119601806,
125209977,
118939468,
125599256,
120722807,
124777545,
119892523,
124963327,
120614148,
125155079,
120549208,
124563298,
119134578,
136704774,
131097450,
128233164,
123417031,
128198613,
124024865,
119264938,
125126761,
120695998,
126175730,
121887446,
126878439,
122433771,
127849251,
123907743,
128612011,
123475322,
119002930,
124092973,
119557369,
124748690,
118700467,
125241940,
121188741,
126847962,
122036969,
128047251,
123202898,
128298771,
123491607,
119069864,
124331761,
119181230,
125160593,
130087883,
126336783,
121274668,
126324658,
121657946,
127418978,
121382374,
116547874,
121350788,
116299623,
121919696,
127065212,
122944857,
118956433,
124199184,
120147026,
124943138,
120330926,
126188855,
120510869,
125968699,
121263795,
127242711,
121497492,
126813055,
121354851,
126070903,
121099878,
115255880,
121522352,
127337196,
122061216,
125976597,
120511132,
115441061,
122263639,
127440527,
121778201,
127951833,
121945302,
116699283,
123072381,
117884293,
123551522,
118779634,
123592344,
119129391,
124348295,
119876379,
123960504,
119418379,
125286386,
121487195,
127306669,
122440330,
125820999,
122113106,
116617431,
122582690,
128112381,
123877345,
118850309,
124678610,
118573680,
124027224,
119227122,
124421919,
118475389,
122243120,
117229173,
123383459,
120472796,
125537485,
120825647,
127432715,
122891801,
127770617,
122620614,
117785806,
122476235,
118118044,
123700410,
118777648,
124138441,
119759187,
125164181,
120426959,
125248075,
120292837,
125602645,
120503125,
125703895,
120911793,
126199348,
121828728,
126859132,
120444889,
126930205,
123706053,
117700384,
123891905,
119388991,
123960168,
118640190,
125081250,
120323660,
125952959,
121414334,
126059901,
121170537,
125863680,
120717006,
125876269,
120809263,
126025130,
120400568,
126110803,
121624381,
126626192,
121553873,
127243689,
122452637,
125918250,
120544600,
125861572,
120643252,
127340855,
122108228,
126893000,
121978361,
126606047,
121522762,
127109250,
122837936,
118680059,
123897369,
119092989,
125016059,
119883229,
125929923,
121248549,
126934338,
121672716,
126047097,
121443675,
115502288,
122264141,
127084551,
121885386,
126464261,
122313803,
117781281,
123410099,
119239269,
125181592,
119344677,
125774627,
121011539,
126776173,
120285598,
125368408,
121413549,
126736059,
121168814,
127023395,
122254556,
117363997,
122559633,
117272240,
123948189,
119270171,
124167375,
118450135,
124520924,
119223997,
124249172,
119655634,
125132332,
120477437,
124829751,
120800308,
125944475,
121287795,
126504736,
121465328,
127287594,
120835187,
125830286,
121211244,
114981252,
121538843,
126921542,
122044052,
127568435,
123282772,
118422102,
124162039,
118710167,
124269275,
118877171,
123404455,
118908107,
124969850,
118099592,
123462624,
118853277,
125571180,
120656025,
125732595,
121331172,
126275826,
121259726,
127799599,
123410738,
128079519,
124298220,
117276962,
124611765,
119903455,
124703648,
119910302,
123740434,
118899207,
123965768,
118828252,
123607467,
118784572,
125265962,
119964203,
126221277,
121120011,
126017468,
120778935,
126837518,
121244173,
126661920,
121523828,
116323805,
121372952,
115592917,
121836553,
126994750,
122164570,
127242377,
123072115,
117834497,
123618966,
118409290,
123521305,
118478612,
124039223,
119631948,
124626291,
120276877,
125666874,
120590728,
125523262,
120967616,
126770687,
121764984,
126680109,
121677295,
126664428,
121732353,
126134931,
121561066,
116974573,
122301583,
116837666,
123399964,
118248891,
123758846,
118013170,
123547767,
118365463,
123538148,
118790821,
124188509,
118921893,
125626172,
120023143,
124658108,
119738505,
124865316,
119758172,
125764866,
120979891,
125915354,
120576327,
126038533,
120464485,
126828641,
121448397,
127024933,
121665056,
127482012,
122090452,
127309543,
123275399,
116652097,
123440234,
118811466,
123855174,
118410095,
124460319,
118857680,
123900804,
118991105,
124829789,
119738599,
124693823,
119776273,
125611283,
120654447,
125663353,
121008793,
126410738,
120472201,
126602787,
120430233,
126414707,
122031317,
118058200,
124219681,
118303751,
123733727,
118461663,
124565159,
130182057,
116009940,
121591929,
126342834,
121834267,
116023817,
122736137,
127791573,
124191645,
118126790,
124396169,
119657727,
125762135,
120173763,
126082913,
121747055,
126767902,
122186718,
116997466,
122419678,
118020218,
123569027,
119036067,
124802036,
119864258,
125128051,
120388118,
125793432,
120757998,
125659750,
120804703,
126647239,
121279988,
126897678,
122365955,
117938980,
123177167,
117543839,
123685702,
119909848,
124684947,
119467637,
125482241,
120088307,
125658648,
120229063,
125581871,
120212160,
125711386,
120288453,
126218247,
121268371,
126636539,
122004726,
117094830,
122173883,
116864810,
122475473,
117629940,
123324299,
119063050,
124058280,
119881493,
124926826,
120114112,
124846263,
120946283,
127051671,
121826502,
127529388,
122412417,
117359988,
123097846,
118572751,
123330412,
118170295,
124358353,
119099834,
125035246,
120500567,
126300717,
121335434,
126968026,
121774687,
127203146,
122503242,
117334612,
122701072,
117068050,
122829263,
118711152,
124536379,
119868922,
124529267,
120083392,
125512360,
120919567,
126133500,
120617675,
125862322,
121706831,
117503082,
122366705,
116160925,
123298624,
118763178,
123778643,
118818698,
124463230,
119926281,
124444988,
119982559,
123567431,
118600427,
125142008,
120424467,
125432978,
121431031,
125716264,
120773923,
125906341,
121158533,
126218020,
121554620,
126733849,
121784171,
116652268,
121521776,
115771328,
122782896,
126808964,
120398312,
126787977,
122793148,
117947820,
123457360,
119227891,
123657454,
118842465,
123905098,
118552694,
123611506,
118736338,
124671859,
120024875,
125812822,
121025898,
127184583,
121680862,
126673851,
122176968,
118015586,
122820809,
117944542,
124365397,
120021253,
125417229,
120488670,
125677318,
121627944,
125805770,
120336360,
114685032,
119622673,
124467270,
119869232,
127403150,
122318889,
127922559,
122926940,
118278444,
123457103,
119375433,
124677055,
119827916,
125324527,
121365310,
126582365,
121857378,
126005505,
121476189,
116545506,
122214151,
116878681,
122530616,
128304680,
122909123,
118410631,
123634954,
119065339,
124474563,
119344945,
124851349,
119826241,
125449050,
120339097,
126013963,
120916610,
126089607,
121840085,
116054077,
122901405,
127625058,
123476971,
119359347,
124213025,
119676579,
125434079,
120313919,
126382162,
121724603,
127663650,
121853750,
117713829,
122568815,
117120568,
121268649,
116334587,
122680942,
117468189,
123746646,
119136375,
124607633,
119587989,
124830771,
120835134,
125588707,
120404654,
125751240,
120699660,
125637848,
120227272,
125982728,
120863134,
126498453,
121480199,
126676773,
121388128,
126581531,
121909625,
126736536,
122020390,
125300980,
122338041,
127586232,
123164061,
127071523,
122776687,
118015417,
123324596,
117995254,
123681034,
119710235,
124439900,
119715005,
124551238,
120357503,
125180184,
120338582,
127552194,
121569529,
126369332,
121327741,
125956705,
120939359,
126184145,
121543733,
126705172,
122004948,
126989839,
122378037,
127810269,
123391687,
118170134,
124646247,
119902524,
124227045,
119054071,
124005869,
120183600,
124531117,
119523361,
124853653,
119323819,
125370912,
121120258,
126508039,
121727296,
126280454,
121121199,
128100662,
122091344,
127610563,
132891524,
128921973,
117929818,
123728153,
119087144,
123975080,
119443621,
124347541,
119565298,
124368955,
119411189,
124806588,
120340762,
125373782,
120670566,
126303001,
120391052,
126312494,
122230337,
126638775,
121447868,
126808286,
121792379,
127078096,
121351241,
125509131,
120402438,
125164900,
119823883,
125062729,
120305114,
125607570,
120600806,
126284126,
120146991,
126959855,
122775526,
118489696,
123698583,
119270719,
123741418,
119437014,
124563696,
119460352,
124766106,
120492431,
126384354,
121209792,
126609468,
121983071,
126725299,
122811728,
118423115,
125039473,
120874529,
126577152,
120431466,
126255794,
121818591,
126866925,
121177009,
126356989,
121222949,
126410607,
119848947,
127203619,
119896413,
126993553,
122457678,
117072225,
122947567,
118811267,
123258316,
117055369,
122831903,
118344420,
123629279,
118694020,
124637458,
119156074,
124734626,
120413600,
126521070,
121783768,
125787767,
121583573,
115959438,
121737751,
115394982,
121855605,
125769126,
121851623,
116835982,
121518589,
115085106,
121795645,
126602163,
119764975,
125466917,
121045228,
126266757,
121675634,
125956887,
123110780,
116211144,
123346626,
118612078,
124709644,
118401237,
124084399,
119685247,
124365051,
118954894,
124211733,
119574884,
125787982,
121565386,
125260086,
120178832,
115199729,
120372517,
125386347,
120385396,
127278332,
122263369,
128066129,
123143972,
118148440,
123644608,
118612540,
124058515,
118610422,
124608127,
118838883,
123948364,
118998491,
124078617,
118727593,
123717150,
118870562,
123857486,
118526483,
123706171,
118634279,
123688285,
118783584,
124345121,
119575752,
124527789,
119898733,
125646794,
120814890,
126805815,
120991971,
115842845,
121980131,
117830522,
123545487,
119243747,
124622197,
120002633,
125420627,
120046788,
125328673,
120941650,
126087004,
120898713,
125933420,
121614575,
126647412,
121920445,
126029999,
122228177,
115914424,
122156235,
128131658,
123265324,
117816893,
123441930,
119263907,
124707235,
119511669,
124406484,
119869085,
126092092,
121367348,
126436366,
121489756,
116714426,
121074143,
115844210,
121398431,
126611610,
122090055,
117518001,
122710349,
118366772,
124065267,
119744546,
124821386,
119803242,
125355040,
119945000,
125516210,
120420540,
126338277,
121546776,
126222667,
121992851,
117708592,
122650042,
117138127,
122655528,
118079010,
123049005,
118574655,
123416688,
118119291,
124533389,
119282629,
124088328,
119344396,
124811137,
120160239,
125309805,
120316454,
125642985,
120637132,
126092457,
121541047,
116482862,
122480349,
117053870,
122577946,
118013364,
124018923,
119177712,
124856945,
119760015,
126451542,
120865246,
126300264,
121327739,
116328061,
121099828,
115696452,
121202470,
116973112,
121753862,
116871615,
122666843,
116839106,
123357509,
118584468,
124642399,
117933794,
123445988,
119434217,
125384066,
120151104,
125665876,
121038078,
126788644,
122203645,
126863376,
121952929,
118159915,
123520990,
117892951,
124466969,
119361245,
125632487,
120973889,
125874023,
121074499,
127218912,
122069476,
127026711,
122218495,
116721662,
121304775,
116986673,
122338848,
117956944,
122784407,
118446742,
121799792,
118806195,
122372914,
117801731,
134814708,
130235055,
124783057,
120307342,
126006857,
121191282,
126508389,
122162756,
118223110,
124102393,
118214397,
123577468,
118867083,
124921456,
120610107,
125740229,
120553877,
125802381,
122296199,
117951600,
124059279,
119008026,
124359034,
119230068,
124857833,
120227454,
126360648,
119609474,
126117258,
122250891,
117640494,
122494266,
117771840,
123409064,
118959629,
124383988,
120295451,
124947721,
119351171,
124542523,
118904713,
125196869,
120720286,
125683663,
120741806,
126196226,
121285569,
126496949,
122011154,
117185223,
122977055,
118203835,
123485309,
119104674,
124845835,
120580255,
125662332,
121332945,
125986712,
121881649,
117689081,
122519332,
117690526,
122887750,
118090279,
123431362,
118133415,
124100894,
119699245,
125971357,
120691543,
127169334,
121456093,
115651853,
122314052,
117204030,
122804458,
118125050,
124045060,
119190757,
124995835,
120356953,
126050083,
119667681,
124688345,
121201742,
115574818,
119700448,
125047072,
119361652,
114332705,
119427621,
126670511,
121016091,
126152167,
121823693,
116936454,
122766036,
118170124,
123952201,
118427668,
124192159,
119620916,
125016432,
120389755,
126553218,
120789702,
125186492,
120665802,
115209946,
122215934,
127013296,
122305496,
127189715,
121795604,
116687300,
123255972,
118473699,
123529515,
118867691,
123401595,
119338247,
124015631,
118619908,
124029013,
119291670,
124515138,
119811381,
125680470,
120636310,
125595554,
120167844,
115565709,
120837360,
126595520,
121457542,
116481272,
122208905,
117416402,
123797149,
118806869,
125004308,
120474428,
125945118,
120861498,
125944985,
120744595,
125585054,
121122625,
116584917,
121996250,
117343004,
122848735,
118283417,
124190492,
119560131,
124882341,
119588417,
124497612,
119458522,
124815258,
120163168,
125887185,
120841808,
126525128,
121099118,
128202372,
122245283,
126660971,
123304696,
118005553,
123493624,
118499827,
124387406,
119822540,
125211617,
120557780,
126772252,
121356657,
126523500,
121704836,
116624620,
123715129,
117645431,
123156419,
118115202,
123863728,
118450257,
123455123,
119130288,
125085884,
119926748,
125566504,
120867725,
126795317,
121833361,
127191256,
122273570,
117752082,
122549889,
117291086,
123831995,
119035952,
124276313,
119254445,
124682800,
119911339,
124549976,
119970461,
125388961,
120210293,
125220239,
119324849,
125372275,
120181453,
126195170,
120941997,
126463028,
121843335,
116214399,
121219480,
116465821,
121704793,
116245606,
122282026,
126847982,
121459829,
117213147,
121809396,
117439528,
122146883,
117860977,
124044640,
118751532,
124561215,
119625953,
126689714,
121674420,
126392810,
121129873,
116045452,
121690272,
127512363,
122454167,
117096672,
123575887,
118614931,
123372397,
118588132,
123320469,
119166391,
124264367,
119559354,
123934216,
120407417,
125375492,
120840132,
125363302,
120403391,
125436123,
120678577,
125964821,
121286030,
126205685,
121539710,
117411532,
122637738,
118189672,
123454001,
118792805,
123734047,
119185667,
125476163,
120198772,
126131081,
120999497,
126235323,
120945855,
126413346,
121343898,
127182237,
122439036,
117489228,
123148019,
118038445,
123558770,
117378406,
124282749,
117165265,
124028442,
119223206,
124356330,
118050906,
123440475,
120039977,
125875546,
121110538,
127163905,
123325633,
128285167,
122895622,
118209229,
123987450,
119295657,
124570256,
119635479,
125142454,
120333553,
125547770,
120472018,
126202548,
121124558,
126112179,
121228309,
126715605,
121957310,
126441608,
122055020,
116876524,
123441240,
118658310,
124244255,
117992696,
122637753,
118760545,
123903850,
119471355,
125094746,
119135237,
124262007,
119890928,
124689505,
119477727,
126063662,
120839482,
126416643,
120402649,
127386889,
122740903,
127997900,
123115158,
118372547,
123019001,
118248331,
123276352,
118894263,
124418399,
119761498,
125373399,
120486728,
124169344,
120103396,
126234648,
120278828,
126661793,
121907250,
127374650,
122583805,
127896207,
123374611,
118623850,
123663978,
117170547,
123778111,
117070237,
123989757,
119105036,
124403585,
119653005,
125443590,
120750462,
126429679,
121456826,
126025894,
121258480,
116742892,
122049639,
117165668,
123913418,
118972474,
124612323,
119433358,
124821604,
120216807,
125897347,
120422893,
125513480,
120729979,
126754996,
122697440,
127784830,
122917030,
118385168,
123854912,
118657768,
124876044,
119122542,
124570627,
119333107,
125667086,
120431154,
126152002,
121051980,
126022970,
120254115,
125919375,
121648457,
116894400,
122417416,
118104408,
124026165,
118847966,
123737095,
117921100,
123432986,
118180141,
123915103,
119182982,
124954321,
120436208,
125475413,
119002980,
125504577,
120829079,
126524114,
121039761,
126393016,
121754553,
117713299,
122749563,
116720732,
124426393,
119560865,
124835324,
120494930,
126347578,
121816498,
127445659,
122340267,
117696373,
122865640,
118173182,
123131636,
118581963,
123349416,
119037177,
123943668,
118989987,
123749470,
119184137,
124613927,
119651579,
125266638,
120065536,
125462155,
120274045,
125354977,
120859066,
125673229,
121161005,
127031467,
122789121,
127991058,
123704082,
118875433,
123611605,
119478092,
124153956,
118279728,
124486276,
119555119,
124870436,
119990371,
125296022,
120403172,
125331838,
120666318,
126637684,
121337246,
125039429,
120022984,
114244924,
119620016,
127090232,
122813308,
128272990,
123344296,
117679471,
122523892,
118126861,
123498194,
118275176,
123284037,
118886246,
123481384,
118308821,
123280000,
118293600,
123573957,
119730330,
125133736,
119844442,
125037287,
121015958,
126452496,
121021811,
126640844,
121757903,
117889442,
123564537,
118693147,
124743596,
119738462,
126159758,
121325624,
126779947,
121535939,
116588369,
122194275,
117593333,
123623588,
119402121,
125176514,
119830153,
125993033,
121332939,
125637535,
122149643,
117678750,
123148913,
118644023,
124226044,
119893373,
125129273,
120755863,
126190433,
122469531,
127792221,
122334445,
118054569,
123668123,
118716056,
125339232,
121030702,
125908817,
120805127,
126296796,
120900022,
125631832,
121841680,
116895695,
122478099,
118078652,
123029706,
118113670,
123273397,
117042471,
122378693,
117462292,
124265860,
119424139,
125465450,
120253403,
126295614,
120911206,
126624933,
121890189,
116113265,
122423696,
118019947,
123366924,
118287991,
123052262,
117897922,
123663504,
118166874,
123998019,
118986693,
124807170,
120469814,
126439727,
121837392,
126929837,
122543272,
118103092,
123099397,
118000981,
121863601,
117959358,
123388543,
117170113,
122575292,
119706068,
125392578,
118827289,
125350616,
130651238,
125673698,
124497304,
119948631,
125257389,
120344185,
125072623,
120647833,
125735823,
120775046,
126167468,
120619386,
126188098,
121976676,
117039586,
123267106,
118412004,
123426881,
118257082,
123240386,
118293238,
124675750,
119937993,
124732868,
119642557,
126093203,
120699522,
127122733,
122277767,
128170339,
123591720,
119290528,
125299374,
120505752,
126036667,
119842299,
125661728,
121615795,
116789952,
121934719,
117044233,
122675777,
118229266,
123238769,
118454198,
123260023,
119145724,
125034561,
120041613,
125448341,
120362612,
125635968,
120788085,
125816050,
121780125,
117048520,
122626214,
118193229,
121867173,
117256283,
122847960,
118104548,
123270029,
119952651,
124470226,
120015690,
126066645,
120961793,
126250100,
119994395,
126822540,
122106503,
116691352,
122447547,
115964480,
123301276,
118780706,
123866508,
118983317,
124042612,
119830150,
124779340,
119376145,
124566201,
121474771,
126864477,
122479337,
128349121,
122694579,
117876705,
123048964,
118264800,
124094839,
119832822,
124861049,
120388664,
125772280,
121512043,
126988082,
122664735,
118141125,
123217034,
118918539,
124129776,
119266941,
124631986,
120078820,
125141819,
120510408,
125144883,
120750503,
127290617,
122214561,
127347101,
123198914,
117946623,
121867203,
116282246,
121731865,
116233150,
121576931,
118304137,
123339254,
118216011,
123990663,
119235726,
123614336,
118831945,
125276494,
120648313,
124389304,
119678795,
126593099,
121142860,
126137099,
121650816,
126384236,
122046756,
127027931,
120563813,
127572161,
121409094,
127498573,
123458638,
117145102,
122033138,
116942445,
122671057,
119858002,
125266638,
120564697,
125355342,
120508473,
125469656,
120752127,
126036316,
120516184,
124941138,
120084504,
126543364,
121608427,
126829457,
121996619,
128196496,
122973692,
118722573,
124106274,
118688823,
124087087,
119957376,
125018994,
119777070,
125401390,
120731775,
125496383,
120222071,
126358766,
121404261,
126440477,
120867165,
125867079,
120806863,
125872475,
120329176,
126432073,
121779080,
127412274,
122777868,
127649856,
122180415,
117373396,
122472160,
119110575,
123897417,
118540422,
124344736,
119656691,
125277285,
120477720,
125784385,
119381122,
125305974,
120562831,
125974120,
121368979,
128196068,
123978708,
118856377,
124805063,
120106995,
126028084,
120909106,
126914889,
122136002,
127332646,
122376094,
117152965,
121864437,
116871188,
122043101,
117380546,
121748802,
116333472,
121766614,
117767890,
123215141,
117967145,
122537928,
118149884,
123253168,
119071520,
124760446,
119880886,
125628813,
120646823,
125556123,
120938234,
116948380,
122534335,
117471808,
123735579,
118191771,
123306003,
118658715,
122734932,
117733130,
123169676,
119857776,
124894532,
119896943,
126072985,
121279861,
126444376,
121533989,
115749409,
120956540,
116350031,
121553380,
116684522,
122228425,
117823416,
122954115,
118405329,
123397570,
118793769,
123006685,
118080691,
122956096,
117710515,
124304327,
119244261,
125013586,
119476361,
125218534,
120344788,
123878911,
120668737,
125772440,
121222494,
119628463,
114061021,
120089989,
113695429,
107934443,
123445027,
119248195,
124933596,
119843404,
124915159,
120087049,
125911024,
119677206,
114405146,
110829968,
105400152,
101216694,
96152721,
112146865,
106543028,
101416637,
97513087,
113109741,
107756171,
113516243,
108169661,
103262898,
119675943,
125523318,
121203458,
128080670,
123655946,
118944583,
125271933,
120030183,
125334198,
121193827,
126191810,
121175389,
126395776,
121299001,
126756805,
122023510,
126974684,
122691883,
117691517,
122052916,
118355458,
122355818,
116784132,
124654588,
117782952,
124813494,
119578390,
125270524,
118867610,
125781563,
119579755,
126982231,
121785919,
127603483,
122986846,
118321374,
122558857,
117592697,
123846771,
118281335,
124465672,
119674803,
125546824,
119692723,
126291071,
121578153,
127291308,
122270610,
127720208,
123675755,
118710715,
124450695,
118529064,
122874403,
119631928,
124594551,
119827316,
126335552,
121976967,
127329933,
121637338,
116756230,
122423702,
117854760,
123190488,
118636742,
124256891,
120030802,
125719436,
120750822,
125345125,
120937606,
126280897,
121597584,
127177513,
122689819,
118215486,
123192399,
118569463,
123608383,
118761944,
123865327,
119330674,
124744625,
120467502,
125259563,
120749441,
126419778,
121374492,
126614170,
122007954,
117065914,
122791613,
117887543,
122596107,
116832626,
133038996,
128790673,
124929382,
119979749,
126411709,
121473757,
127223364,
121609823,
127019411,
121874255,
118390469,
123377950,
119240060,
124621289,
119793185,
124713555,
119827296,
125130889,
119767164,
124580719,
119320203,
124986597,
120330549,
125657507,
120597813,
125969706,
121868256,
126545708,
121483279,
116808801,
123047195,
117665663,
122943478,
118559726,
124023696,
119313415,
124785294,
120100093,
125964988,
120783093,
126439463,
121552834,
127954841,
123203187,
118740268,
124091032,
118713036,
125085482,
119857064,
125488288,
121206135,
126824520,
121362610,
116188619,
122383214,
117340606,
123253137,
118736232,
124933093,
119806265,
125067017,
120075246,
125703674,
120677361,
126563790,
121095968,
126005959,
120994210,
116348843,
122495845,
117196098,
122360266,
116821612,
122371804,
116982820,
121386444,
118285369,
122371816,
116310677,
122307492,
119313123,
123359952,
118021738,
123905965,
120307391,
125363397,
120243978,
125339972,
120699213,
126073976,
119946844,
125903623,
122541564,
127141853,
123575844,
118159363,
123394963,
118398035,
122289024,
117639452,
124799784,
119590132,
125547367,
120435889,
125470820,
121161772,
126651812,
121649613,
127400030,
122014400,
127240855,
123476114,
118949096,
124865314,
119910933,
125909502,
120523624,
125599287,
120229350,
126472916,
122002465,
127398486,
122618251,
116896985,
122121154,
116673819,
132719279,
127906638,
123062056,
118118796,
123140410,
118316971,
124459723,
119421712,
124241425,
119855807,
123891443,
121028335,
125663427,
121531751,
125863313,
121860317,
125481265,
120620843,
126206174,
122916738,
127077112,
122896162,
116688703,
123154469,
117983999,
123085294,
118184269,
124224128,
119617498,
125304211,
120093877,
125314639,
120687877,
126093869,
121580507,
126517846,
122718229,
118111412,
123153563,
118310592,
123389981,
117812778,
123393640,
118876854,
124218704,
119246568,
124408804,
119374867,
124919609,
120625120,
126451030,
121505779,
126550477,
122332387,
117781125,
123012430,
118798461,
123776504,
119527365,
124790966,
120215247,
123800266,
118682465,
126157157,
121218896,
126606702,
122005454,
117149195,
122749733,
118888961,
124110602,
119431189,
123824717,
118795729,
124834150,
120211691,
125859399,
121004699,
126864141,
121551851,
126220368,
122001813,
117080272,
122093592,
117371734,
123180206,
118490164,
123215773,
118599394,
124747964,
119614438,
124798687,
119797197,
125185525,
120604053,
125870992,
120848889,
125456560,
120771173,
115986608,
121995821,
126872083,
122616956,
117392471,
122971665,
117958347,
123267652,
119098925,
124009637,
119606263,
124990150,
119749760,
125166985,
120104268,
125372235,
119865991,
126054733,
121047935,
126169966,
121148356,
126494927,
121463195,
126316110,
121948469,
116439767,
123368868,
128690738,
123875911,
119225805,
124288626,
118027604,
123162838,
118515521,
125396985,
120237961,
125872225,
121130039,
126244278,
121203691,
125706257,
121796123,
127284277,
123071260,
117906084,
121892706,
116880628,
124437758,
120092126,
124879443,
119620394,
125337930,
119928286,
124600619,
120128813,
126553842,
121726779,
127027717,
122096621,
117989595,
123027211,
118399172,
123349295,
118500784,
123678852,
119215718,
124506388,
119687320,
125205210,
120212183,
123800218,
118979153,
125940918,
120800942,
125197775,
120883881,
115866997,
120516446,
115763954,
121122807,
116226695,
122435597,
117636578,
122282790,
117363946,
122374238,
117067194,
122294661,
115941141,
121348276,
118548894,
123797058,
118904985,
124574357,
119616080,
124050669,
119490571,
124399420,
120021697,
123859967,
120574054,
125497038,
120927227,
125911380,
119868647,
126464985,
122079697,
116983318,
123102465,
118588065,
123470810,
117891593,
123656966,
119237355,
124313833,
119273101,
124004616,
118950470,
123956445,
118717620,
125095437,
119518876,
124755903,
120666062,
125865732,
121250778,
126246431,
121828010,
117011205,
121904514,
117503075,
122865560,
118105230,
123681880,
119101802,
124828717,
119776319,
125488687,
120042067,
125462672,
121436093,
126376239,
121349218,
126612480,
121277380,
116976041,
122860004,
117777804,
124204948,
119390392,
124405429,
119798666,
125567364,
120754043,
126182128,
119710652,
126166420,
122185844,
117847086,
123179917,
118048961,
123251561,
118163904,
123154891,
119257938,
124468279,
119785252,
124959486,
120263442,
124908517,
120266293,
125936702,
120550134,
126527452,
120187500,
125665923,
119601355,
115068716,
120420146,
125060775,
120752003,
127789684,
123263371,
129220358,
123969188,
118619932,
123565736,
118676342,
125184167,
119874664,
125586048,
120982961,
126644036,
120326576,
125081157,
119535448,
114863106,
119767771,
125493556,
122645656,
127490874,
122685306,
119013648,
124566748,
118806593,
124308797,
119222536,
124747306,
120391136,
124121044,
118963401,
124235779,
121067941,
126189517,
120525833,
127041006,
122109000,
127664301,
122498439,
117968071,
123018104,
117386645,
122790940,
118011024,
123481671,
118982822,
124913542,
119748217,
123957436,
118637925,
124440873,
119421955,
125828340,
120776078,
126386078,
119801638,
124518295,
119842306,
114846426,
120010650,
126742474,
122867404,
117412556,
123107188,
118267855,
124116650,
119680310,
125260097,
120584868,
126098520,
121346368,
126339719,
122091045,
116691417,
120850905,
116952522,
122468757,
117490238,
123858229,
128972829,
124902448,
120102572,
125180579,
120753861,
125494843,
120093446,
125833479,
121443029,
126840678,
121119837,
126604238,
122172625,
117806606,
122265952,
117206061,
122824574,
117944876,
122887671,
118097924,
123689698,
119233669,
124221178,
119007774,
123001713,
117757089,
124876957,
119954400,
125987029,
120788725,
125631655,
121088124,
115852700,
122723174,
127508323,
123535131,
118202391,
123638960,
117396243,
122386008,
117659124,
123258493,
130424519,
125470833,
126830326,
120038083,
125786174,
122215384,
115608641,
120949902,
117349133,
122314110,
117612742,
122848156,
118256120,
124097213,
119420495,
124089577,
117420425,
122546182,
117591299,
123114813,
120597820,
125035489,
119738508,
124259454,
119830100,
125378437,
120822019,
124882290,
120705588,
115488731,
121825072,
127158715,
122512174,
118227012,
123715744,
119004089,
124132527,
118999090,
123269437,
119366178,
122890586,
120039296,
125200040,
120223967,
125618918,
120598992,
126483996,
121374563,
127008089,
122423332,
118162600,
124885245,
120248888,
125725709,
120167369,
125648474,
121004445,
114638899,
121588967,
127288441,
122453396,
128971834,
123762384,
118866660,
123894074,
118835150,
124363683,
119797353,
125087673,
119726492,
125905347,
121287101,
126302684,
122086922,
127098879,
121352672,
116521416,
121365346,
116092885,
121199462,
116413551,
122277662,
118104553,
122877568,
118306296,
123786087,
119010998,
124789823,
118946096,
125804614,
120889699,
125950224,
120956084,
115976909,
122546768,
116937944,
122943417,
118283506,
123968448,
119856721,
124510966,
120045411,
125969245,
121011541,
126391081,
119623880,
126350075,
122508155,
117310308,
123053192,
117527477,
124056174,
119772305,
125256409,
119820702,
125271600,
120545214,
125281465,
119994670,
125854002,
122425326,
127508562,
122107408,
117237145,
122904730,
118195732,
123134313,
118300204,
124026628,
119480986,
125284992,
120730665,
126523481,
121176656,
126806926,
122614815,
118317438,
123123096,
118431353,
123652565,
119240732,
124743027,
120275464,
125925124,
121003722,
126411653,
121157501,
116946902,
122238508,
116769185,
123088193,
118512678,
123367848,
119521479,
124053717,
119001403,
124822897,
119407184,
125681511,
120641267,
126416971,
121090771,
116543416,
122165985,
116820161,
122536258,
118451494,
123775462,
119406638,
122873321,
119807958,
125062607,
130360848,
126391696,
121068272,
125482074,
120914003,
116966729,
122134267,
117781245,
121226240,
116216749,
123184588,
117897129,
123419517,
119154935,
124102906,
118878521,
123190725,
118497245,
124094832,
120593671,
124409766,
119724364,
126893370,
120066387,
125440737,
121570442,
116633706,
122945697,
128348851,
123528810,
118746551,
123803709,
118562756,
124114794,
119665491,
125299134,
120624335,
125724580,
120670288,
125330332,
121081901,
126514570,
121636319,
126545748,
121278058,
126031725,
121554343,
115299764,
120183292,
114544425,
119122229,
113602035,
120965584,
126375479,
120821849,
125586616,
121716439,
116178471,
121208503,
127113825,
122999530,
118824211,
124007171,
119991563,
125326825,
120130758,
125707834,
120570799,
125932833,
119977664,
126469520,
121803446,
126930713,
122725616,
128155559,
123359523,
117945913,
124340869,
119389961,
125251365,
120373032,
125439949,
122026382,
126790359,
122143050,
128094219,
123375436,
119120612,
125027781,
120749538,
126685848,
120081630,
126150454,
120217982,
115021163,
120038106,
115456100,
120490769,
125842832,
120200785,
115159445,
119815953,
126874719,
121929926,
116298239,
122506160,
120003146,
125316677,
119816833,
125704461,
120799553,
125838056,
121515165,
116211685,
122151060,
117163742,
123897826,
120215556,
125883623,
121743796,
127457436,
122136440,
117697254,
123509698,
118685465,
124607929,
119163701,
125569798,
120557786,
126495192,
121563310,
125737095,
121185229,
116755565,
122151851,
117246227,
123137340,
118072919,
123511412,
119077468,
124670171,
119893149,
126107413,
122195782,
127624596,
122819678,
116104251,
121332023,
117093670,
123739457,
118195983,
124421330,
119880581,
126045561,
121597863,
127685914,
123212312,
128422165,
123370392,
118327675,
124454216,
120119741,
125396926,
120802054,
125895939,
120841830,
125649720,
120327742,
125865104,
121021447,
126529405,
120016077,
125136985,
120156243,
125354816,
119693295,
126397782,
122183053,
117363308,
123036166,
118362547,
124258646,
118904904,
125285229,
118928653,
124450532,
120786494,
126286633,
119840956,
126396318,
122240133,
117731137,
122658439,
116663941,
122178471,
117269054,
122195625,
117025944,
122421070,
117561516,
121658382,
117127791,
122781337,
116148294,
121811648,
118190500,
123217230,
118484619,
122044756,
118492917,
123244108,
118537097,
124327333,
119462993,
125002941,
120401656,
125884011,
120677789,
126310263,
121514376,
126407964,
121397541,
127284316,
122267831,
117364140,
123325033,
118287691,
123181147,
118045718,
123426873,
118227760,
123365282,
119157550,
125182475,
120380525,
125616899,
121419316,
125484343,
119751313,
126163968,
120731814,
116017688,
122624053,
117034586,
122298664,
116285484,
123249491,
118819889,
123927719,
118726432,
124037612,
119667465,
124708304,
119744441,
125217144,
120951147,
126341337,
121284320,
125196154,
120869104,
116081917,
122827967,
117468697,
123701919,
118530216,
124244380,
119540130,
125223693,
119615159,
125484078,
120565015,
125756689,
120962102,
126608816,
120915034,
125716752,
122056929,
117383316,
124146821,
118651960,
125104771,
119301052,
125539567,
120481090,
126801425,
121607122,
127048756,
123181545,
118146646,
124225528,
119399380,
125066867,
120648039,
125797459,
120814707,
126478789,
121392730,
116610200,
121688849,
116737359,
122831551,
117995163,
123981682,
119343070,
123991699,
119512986,
123859213,
119509848,
124249022,
118761134,
124039456,
119169765,
125243948,
119798862,
126464871,
119520348,
125854487,
122413933,
117191610,
122510501,
118416086,
123363147,
118014389,
123023559,
119358943,
124344591,
120575133,
126454050,
122352595,
127286642,
122739487,
117599033,
122808521,
118618718,
123171383,
118400811,
123180097,
117178467,
122644041,
119951163,
125376072,
120269822,
125459597,
120997577,
126355269,
120365542,
125749088,
120204414,
114960590,
120648940,
126320420,
122523757,
117580244,
123689660,
119234809,
124591785,
120018219,
125225769,
120697781,
126060909,
122031441,
126511756,
121262247,
116855891,
122011250,
117874094,
122796501,
117593394,
123369237,
118125203,
123117341,
118624936,
123528030,
118547883,
123555938,
118386530,
124293594,
119377394,
124931189,
120248996,
126204658,
120891887,
126090187,
121782611,
116623529,
122440430,
118049977,
123094911,
117198532,
123562547,
118457143,
124531916,
119691590,
124642394,
119902532,
125512287,
120961487,
126208810,
120532461,
126473281,
122696435,
127535642,
122785146,
117891107,
123705866,
119391062,
124520012,
118376592,
123972757,
120599784,
125948827,
121220646,
126937825,
122009331,
116170074,
122218536,
117166248,
122862542,
117527863,
122865154,
118402102,
124551913,
119617179,
124088768,
119268220,
125367399,
120279074,
126090788,
120982800,
125679514,
121137861,
116140440,
120853157,
115344140,
121146524,
126796988,
122130871,
126648306,
121533503,
127275217,
121414370,
125721644,
121400126,
116283093,
121699389,
116166612,
123091726,
128358022,
123365626,
118874587,
124048460,
119017694,
125087718,
120837900,
126159120,
120914326,
126182130,
122476535,
117116229,
121911382,
117894631,
122863196,
118210169,
123402974,
118981545,
124555481,
118271343,
124414182,
119892771,
125093554,
120575088,
126010764,
120886234,
125805772,
121078098,
115755625,
121789893,
117377721,
123193647,
117686308,
123525342,
118541703,
123578803,
118794797,
124601059,
119752988,
125100852,
120277460,
125934294,
121672092,
126876090,
121854657,
116671727,
122113324,
117362043,
121477765,
116447507,
123140346,
118338815,
123944236,
118911138,
124539566,
118894948,
124392227,
119756394,
124943569,
119395104,
125390555,
120382308,
125511108,
120426394,
125564913,
120487168,
125153801,
120139479,
126107653,
121815375,
127321073,
122191147,
117444336,
122321575,
117124477,
122370893,
117282193,
123022194,
119278256,
124723085,
119606430,
124468845,
119452478,
125391931,
120373268,
125592530,
120620317,
124735370,
119994720,
124259094,
119784094,
124413861,
119814986,
125561628,
120523396,
125766252,
121041601,
126458992,
121735707,
126483301,
122208566,
127305722,
121428268,
116711770,
123220890,
118148433,
123166423,
118259523,
123705363,
118780575,
124700045,
120765350,
126404155,
121573821,
127075817,
121393700,
116873076,
123034942,
117892518,
123724674,
119179989,
125431068,
120601620,
126125061,
121504682,
127039111,
121956482,
116052394,
121642319,
116815304,
122559146,
118400041,
123827124,
118805443,
123869126,
119047859,
124017492,
118942573,
124272517,
119021583,
124174175,
119177592,
123879143,
119401218,
125020932,
119443213,
124930075,
119399844,
125529763,
120295896,
125775750,
119677756,
125944997,
121364942,
125770686,
121345868,
116022581,
120912612,
115634216,
121185146,
115047344,
121659456,
126632955,
121828637,
127208448,
122728523,
117241275,
122951467,
117502028,
123526887,
118319449,
123741178,
119089872,
125104909,
119685185,
126059646,
120724800,
127171636,
121946487,
127399932,
123179380,
118145443,
124190723,
119761826,
125097958,
119655080,
125635310,
119816546,
125837323,
120650084,
125917327,
121624050,
126722260,
121356815,
115736155,
121837169,
117052933,
122988770,
118947262,
124102054,
119666294,
124423010,
119292020,
125186044,
120126930,
125007109,
119534577,
126254241,
121155105,
126146462,
120567606,
125547709,
121098323,
116283450,
122076769,
117079815,
122253365,
117887689,
122390921,
117493175,
122853837,
118420233,
124428169,
119741241,
125024998,
119990495,
125475833,
120309711,
126377494,
120659502,
125275206,
119443442,
126063101,
121213278,
127272815,
123764580,
119253084,
124680569,
118995813,
125903228,
121116926,
125904837,
120455206,
126196706,
121910126,
126824667,
121487757,
116473097,
122018541,
117189327,
123266007,
118483040,
122710972,
116953585,
122232708,
118722860,
123936276,
119591527,
124632392,
119972210,
124924501,
120636119,
125935996,
120561767,
126032131,
121061131,
125957258,
121891436,
116127329,
121137454,
126634794,
122733084,
116053734,
122777877,
116911364,
125428183,
119199700,
125870910,
119666748,
125264836,
121740598,
127325002,
122492776,
117262719,
122842102,
117541704,
122557092,
118005796,
123263986,
118177012,
124079013,
119402874,
125090086,
120395887,
126268409,
121361777,
126688588,
121617383,
127153808,
122563048,
118249898,
123225813,
118553460,
123494518,
119123244,
124510619,
119933059,
126132738,
121338609,
126781715,
122422953,
127463562,
122593340,
118085302,
123204068,
117857046,
123667464,
118657885,
123436638,
118454124,
124193225,
119613703,
123502337,
118483181,
124374285,
120349418,
126253405,
121100883,
126160959,
122036644,
117637756,
122192396,
117967543,
123871589,
119213350,
123961874,
118977492,
124637279,
120395745,
125858425,
120866376,
124375957,
119274409,
124391335,
119235213,
124596450,
121004311,
135650587,
130277680,
124396672,
119663606,
125526846,
122102793,
128057442,
122973953,
128581473,
121190646,
126760706,
121847618,
126996323,
123050713,
118144938,
122701557,
117287432,
123836334,
118904188,
123919163,
119472999,
124936924,
120181376,
126679146,
120599629,
126359790,
121268013,
126895853,
121725043,
127560223,
123490276,
118129907,
123854420,
119503118,
124868912,
120079492,
126241234,
121711545,
127393226,
122399927,
117246352,
123234081,
118214538,
123708410,
119231941,
124835734,
120492687,
125419851,
120105939,
127020431,
121557631,
125909353,
120924174,
116144959,
121863836,
127800031,
122752307,
119764875,
124927525,
119912979,
123064222,
117915829,
123541112,
120353936,
125119851,
120365024,
125985947,
121286143,
126938740,
121796090,
127027758,
122998536,
118641391,
123828059,
119424930,
124949313,
120179917,
126013627,
120500437,
125614777,
121029102,
126748321,
121378314,
126671162,
122576442,
116900392,
122889917,
118202988,
123227910,
119342426,
124251878,
119541401,
125432299,
120459171,
124263674,
118836643,
125810167,
120815345,
125917397,
121498754,
116476748,
121408824,
127180795,
122557670,
117856965,
123519781,
118571596,
124948216,
120235013,
125285940,
120039114,
125205556,
120453962,
126145024,
121671832,
127017892,
122425654,
118445891,
122658246,
117513395,
122275425,
118207743,
123407782,
117877834,
123090593,
118402241,
124355755,
119768450,
125671679,
120514913,
125389632,
121339820,
115507510,
121415340,
126145526,
122460661,
116775979,
123299896,
118013839,
124894473,
119555065,
124835527,
120106603,
125590416,
121029732,
126149890,
122013787,
117534268,
123087344,
117341563,
123263604,
118527429,
123957073,
119416716,
124733528,
118909210,
124421281,
119504465,
125272809,
120119202,
125257906,
121065242,
127287477,
122985032,
127838118,
123348174,
119166568,
123755377,
117821251,
125067934,
120425601,
126426868,
121779754,
127696447,
122567602,
117942462,
123149690,
118076333,
125305302,
120070882,
126529747,
120990273,
125318790,
121307250,
114956862,
120822254,
126365978,
122252252,
126991444,
122389210,
117100389,
122065713,
117639889,
122949950,
118131569,
123715833,
118647108,
124277482,
118953167,
124313081,
119292749,
125025628,
120309200,
125596357,
120598314,
126045086,
121187412,
126192608,
121167162,
116824839,
121572865,
116436865,
122478753,
117357994,
122720815,
117565382,
123613624,
118945165,
125037144,
120522691,
125321064,
121065958,
126178595,
120981374,
126424744,
122339875,
127793658,
122223458,
116933447,
123767289,
119229244,
123776259,
119492732,
124925812,
120548454,
126711014,
121504233,
126393328,
122469148,
117821494,
122315991,
117403127,
123048992,
117563169,
123606498,
118857150,
124426392,
119911234,
125188453,
120193347,
126579076,
122086262,
126912682,
121386290,
116691920,
121661271,
116621131,
122930643,
118220523,
123311273,
118612029,
123777472,
119221006,
125596526,
120062567,
125294867,
120569037,
126461619,
121093615,
115234623,
120970587,
115608897,
120157543,
126418266,
121477854,
116297510,
121521773,
116185092,
122040076,
118104984,
122914742,
118268827,
123725224,
118694726,
123438075,
118731246,
123843034,
117187777,
124095733,
119498185,
125102455,
119412027,
124888991,
119566667,
125465627,
120594805,
127023716,
122661588,
128395084,
123079567,
118531686,
123454026,
119012700,
124369405,
119676328,
125695111,
120576178,
125110402,
120027594,
125498834,
120335380,
126087142,
121071726,
126175126,
121601789,
127674268,
123012836,
127989317,
122873035,
118353046,
122952930,
118548485,
123775012,
118730817,
123361667,
118857242,
124469788,
119309446,
125159467,
120784155,
125311090,
131113234,
126368037,
122016881,
127796421,
122547109,
117408185,
122911098,
116953489,
123042561,
117834931,
123638730,
118834090,
125094656,
120230952,
125646723,
120551815,
126388947,
121761524,
127503544,
122442255,
127627072,
123007962,
118459461,
123566949,
117198345,
124141042,
119144301,
125078441,
120518523,
125861157,
120823189,
125770998,
119968267,
124875704,
120730523,
125940692,
121726159,
127266040,
121889057,
127553476,
122690762,
118652308,
123217083,
119032339,
124142596,
129110403,
125001809,
120586063,
125655431,
120939842,
126476008,
121499863,
126813447,
121342616,
127080457,
122857099,
118169863,
124277164,
118637074,
125003659,
119448274,
125596228,
120465898,
126368755,
121233299,
127371770,
122895062,
127922857,
122956352,
118385809,
123098323,
118686754,
123746958,
119597435,
124659975,
119369173,
125406762,
120820292,
125785952,
120999069,
126659591,
121766179,
126686397,
120436743,
125481569,
