12734691746,
97411846,
80877359,
76398023,
82622440,
77485034,
73304665,
79158648,
75062609,
80299367,
74485222,
90527854,
96129975,
102024379,
97938262,
93356488,
98400371,
93601606,
99560558,
95154372,
101035064,
96633990,
101688303,
97181298,
92760224,
98374035,
93693628,
99655995,
94981137,
100385112,
95393023,
101172450,
107050070,
102402251,
97818547,
94215957,
99601481,
95262851,
101886583,
97964570,
93442589,
100031640,
95748443,
102656014,
97730419,
93773060,
99564446,
95381719,
101395313,
107502938,
103267881,
119768776,
115553204,
120967759,
116504811,
122306522,
117889534,
113114292,
118675350,
114460732,
120305122,
115481961,
121212446,
116651562,
122824339,
118027055,
113649624,
119405903,
115434581,
121659278,
117017943,
123268395,
118882461,
113753303,
119630167,
115543457,
121990919,
117931130,
124635924,
119431208,
115646553,
121338174,
116514538,
123345270,
118035045,
113756347,
119511081,
114725526,
120467318,
115593483,
121680096,
138717207,
113292549,
118741096,
114769373,
120843847,
115702128,
122941712,
117332284,
113037970,
119270809,
114385440,
120403192,
116126520,
122074041,
117443245,
112648951,
119323900,
115227700,
121131779,
116791086,
122990740,
117977697,
113436840,
118949879,
114552378,
120294652,
115571294,
121403755,
116778147,
123697682,
118947335,
114328477,
109714177,
105218397,
111466700,
107161710,
103083947,
98282444,
94776038,
100835166,
96330853,
103570251,
98272505,
104526018,
110638411,
106832680,
102012546,
97388142,
93355348,
99248932,
95034169,
100125966,
96260925,
102076394,
96269161,
91921201,
110043502,
106342505,
112935832,
108531818,
96251666,
102350005,
98145627,
94879037,
101111171,
96634524,
91751910,
97803589,
93401914,
99042474,
94656651,
100805950,
96664437,
103112122,
98545627,
94777260,
100598043,
96530428,
103765126,
99364204,
94697364,
100910376,
96546867,
112461760,
107495959,
113722787,
120025546,
115505396,
121476710,
116429294,
122797640,
118081683,
112582755,
107578700,
113712176,
119829572,
115987038,
120983752,
116262021,
123806553,
118842103,
114785747,
120564637,
115648327,
121763425,
118094997,
113369289,
119355524,
114418262,
120133474,
115518649,
121684790,
116971758,
124136195,
118446215,
113591026,
118803074,
114196745,
120029851,
115387530,
121191573,
116833975,
122856662,
118591217,
114551753,
120190667,
115830061,
121423414,
116991560,
123047846,
118808091,
114408526,
119919057,
114549606,
121433648,
117396793,
123371987,
118644400,
113652383,
119734394,
115316030,
121541332,
116397751,
122693962,
118984304,
115002146,
121381571,
116748944,
122173249,
117535686,
112723666,
118246675,
114056426,
119748488,
115333928,
121886969,
117278787,
123333493,
118778964,
113806771,
119904836,
115261249,
120685227,
115962975,
121928683,
117004058,
123103977,
117888442,
112977269,
119684336,
115198451,
120866378,
116203738,
122299156,
117564614,
113201303,
119085501,
114677289,
121623392,
117077795,
123573366,
118332807,
113548329,
119086962,
115225732,
121017907,
117316776,
122912611,
119027789,
115093956,
121302610,
117355734,
124488591,
118869322,
113874246,
119631684,
115666937,
110193585,
116287773,
122725403,
118405019,
114175714,
119802234,
116066008,
121741395,
117269569,
122957352,
118341378,
113644472,
119953132,
115196843,
121020872,
116615914,
123169470,
117851644,
113180505,
119089660,
114791663,
120798213,
116065252,
123435300,
117918689,
113664188,
119269085,
114793131,
120719303,
116062788,
121823359,
117198380,
113057568,
118562831,
114178091,
119989100,
116123485,
122094886,
118050166,
123676419,
119353916,
114653955,
119968818,
115702733,
121613856,
117396035,
124125240,
118622160,
114471551,
120409235,
116081829,
122054193,
118185856,
125173866,
119881998,
125591355,
121265950,
117515787,
124360916,
119081607,
114819627,
119461257,
115158886,
121781147,
117024904,
123644673,
118903293,
114253781,
120752364,
115936714,
121883586,
117413262,
112902614,
118811797,
114701259,
120625486,
116471414,
122080746,
118062256,
124034642,
119403563,
114577987,
120701871,
117064939,
124525017,
119155779,
114089088,
119622430,
114929199,
120799801,
116252490,
123588974,
118744550,
114417507,
120408731,
115798653,
122091871,
116849180,
123456733,
118417133,
114132823,
119581605,
114798752,
121661381,
117730557,
124460867,
118928176,
114110633,
120135188,
115156759,
121487587,
117272314,
122946313,
119201697,
114587410,
120706054,
115900664,
122017805,
117733941,
124571419,
118912749,
114654589,
120864030,
116547242,
123382354,
118189330,
113176443,
118969521,
114571142,
120654262,
115573073,
121829628,
117283251,
112761893,
118342708,
114047707,
120625192,
116554209,
123517264,
118296808,
113172045,
119812639,
115663363,
122195492,
117994545,
124812911,
119827694,
115560964,
110381312,
105193995,
110558313,
116248217,
111809780,
118546000,
114349722,
120180998,
115512651,
121313143,
116418493,
123012432,
119524603,
146432738,
121009775,
116240471,
123521915,
118598046,
113462508,
108357939,
114641704,
120775409,
116007297,
121895453,
117051617,
113050593,
118949871,
115277497,
121781106,
117714694,
124316401,
119564644,
114882375,
120842243,
116155469,
122280565,
117708596,
113185856,
118618512,
114677196,
120101304,
115683336,
121496813,
116701793,
123291170,
118104019,
113703240,
119695885,
114980983,
121194212,
116191369,
122068947,
118852441,
114239287,
120187006,
115580034,
120631701,
116064871,
122117140,
118214345,
114244055,
119522959,
115644296,
121426761,
117021476,
123002414,
118592829,
114951184,
121121835,
116537367,
123662174,
117884239,
112925955,
118864982,
114759315,
120081371,
116134824,
121958512,
116847390,
123227610,
118362630,
113912722,
121042722,
117036532,
122987607,
118721441,
114078553,
119906625,
115039759,
121180217,
116570037,
123039101,
118202438,
113891320,
119646808,
115179058,
121494972,
116991201,
122974888,
118486033,
114010085,
119976735,
115589065,
120773180,
116521462,
122884793,
118598930,
114187812,
120224906,
115895585,
122413756,
118723621,
124875571,
120322397,
116274166,
121546826,
117311247,
123439923,
118415391,
113927477,
119652361,
115074981,
121195352,
116301673,
123225997,
118496283,
114375841,
120874057,
116017149,
121402701,
116894602,
113030050,
119631654,
115536366,
122216474,
117492834,
124101080,
119204683,
115140459,
120518706,
115627427,
121112743,
116428402,
112187682,
117481292,
112666641,
118136022,
114068103,
119741834,
115420439,
121571921,
117408477,
123852241,
119667217,
114577722,
120839121,
116346858,
122774975,
118415405,
114309975,
120520442,
116132376,
122109297,
117799215,
113672555,
118704317,
113590393,
120528393,
116161113,
122633514,
118009605,
113661989,
119454504,
115089521,
120943104,
116863247,
123180687,
118422205,
114418092,
120358165,
115485615,
121723769,
117099350,
123899260,
118479273,
114147326,
119925757,
115009223,
120934892,
117266158,
124377290,
119077875,
114362739,
120000096,
115669055,
121545149,
117028630,
123521578,
118875767,
113681391,
108321431,
114315355,
120319524,
126143879,
114105841,
119650676,
115157824,
121328402,
116680359,
122873214,
118473631,
113500275,
120269199,
116283152,
123143219,
117819656,
113460165,
119455280,
114820429,
121207102,
116510688,
123182483,
117943898,
113773034,
119957134,
115451224,
121415747,
117383309,
123146422,
118366864,
114285268,
119434127,
114486950,
120419020,
115421835,
122158298,
117671363,
112417867,
107181993,
113418089,
120208691,
115554357,
121711230,
117154492,
123379152,
117981863,
113492650,
119439541,
114753066,
120565524,
116254843,
122522229,
117606506,
113054773,
118754854,
114943356,
121478080,
117385592,
123256399,
118500258,
114100070,
119460607,
115426546,
121737428,
117951339,
123995033,
119559138,
115543331,
122126934,
118079262,
125196502,
120233185,
115659170,
121537691,
117774414,
124404357,
119016364,
114672107,
121383599,
117287588,
133688602,
129348860,
124866047,
120237185,
115892017,
121945355,
116640870,
112165260,
117594509,
114261883,
120461894,
115691436,
121833484,
116951517,
112850406,
118470702,
113875686,
119889438,
115381564,
122143296,
117394371,
123900757,
119359703,
115132145,
120927579,
116110184,
122418418,
117950265,
113320359,
118979312,
114890596,
120683528,
116113939,
122251659,
118296047,
113410122,
108568658,
114448811,
120353614,
116186088,
122216114,
117591120,
124195309,
119314457,
115035071,
121627787,
117609495,
124178729,
119067560,
114746432,
120550666,
116259450,
122976911,
118356507,
113153460,
108477670,
113925134,
109781863,
114631478,
109499339,
115151320,
122339054,
117414031,
124407084,
118916232,
114785042,
121718969,
117448547,
124138319,
118996025,
114839758,
120897480,
115836702,
121980399,
117189815,
113094587,
118641609,
114277713,
119934285,
115488124,
121084419,
116619164,
123031030,
118193501,
114057102,
119858863,
115516342,
121539643,
116291292,
121214333,
116679138,
112144701,
117830642,
113401257,
120247341,
115082100,
122065645,
116624185,
112903421,
118535984,
114046795,
120391833,
115871883,
122100432,
117420719,
112826783,
118771564,
114113166,
119878079,
114931966,
121035256,
116381860,
112361917,
118027601,
113993267,
120055978,
115073231,
122044290,
117202796,
124731162,
119563643,
114437840,
120379654,
115503934,
121622227,
117937109,
125020326,
119961005,
115510834,
121560174,
116831494,
124073929,
118616006,
113866236,
120396411,
116071019,
123443735,
118162804,
113419372,
118923338,
114577411,
119602740,
116174230,
121746008,
117197841,
123463123,
119809451,
114864517,
121519197,
116852289,
112645464,
118234883,
113347455,
119204599,
114255562,
120706603,
115322573,
121203280,
117558718,
112731730,
118890600,
114292019,
120041779,
115945262,
122955729,
117627329,
114069759,
119459927,
115264004,
121424173,
117626727,
123987936,
119164445,
114748438,
120947258,
115871551,
121738090,
117083284,
113440178,
120053304,
114676141,
121511790,
117176910,
123094904,
119183178,
115001222,
120560730,
115775494,
121503690,
116767368,
112144014,
117423359,
113197599,
130129206,
125099840,
120021909,
116238088,
122510924,
116626873,
112415329,
118028848,
114097488,
120324404,
115987766,
123011318,
117898426,
113615163,
119812827,
115447706,
131693132,
126977135,
122218608,
116978255,
112290719,
117978582,
113827056,
119769120,
115006528,
120795756,
115988032,
122520400,
117583270,
113628589,
120062139,
115604611,
122671248,
117005991,
113002769,
119885565,
115933037,
120815420,
117361690,
124149075,
118546161,
113537264,
119563489,
115773249,
121751245,
117695981,
123690766,
119055051,
114732261,
120446327,
116517373,
122538352,
117347299,
113311769,
119392666,
114768016,
121180981,
116012116,
123317265,
117974316,
113885125,
120271243,
115914540,
122710811,
116959484,
111922967,
118244806,
113874266,
120186013,
116124885,
123156372,
117261079,
112472921,
118223724,
114186236,
120256317,
116035922,
122770011,
117993945,
113924973,
118900287,
114720943,
121893891,
117072909,
123727177,
118566477,
114747685,
121225808,
117014208,
123539337,
118924057,
114521622,
120197710,
116446672,
121905291,
117742656,
113169449,
119359506,
114491946,
120562309,
116272591,
121889969,
117294605,
113278700,
118183782,
112959050,
119535082,
115507832,
121895691,
117911543,
124510767,
119572720,
115440520,
120594236,
116974379,
123751939,
118485156,
114216063,
120392130,
115512940,
122087970,
117913127,
124712433,
119431559,
115124429,
121187101,
117029347,
124197719,
120178695,
115986006,
123164379,
117661110,
112939824,
118920409,
114525260,
120527002,
115771541,
122189931,
117092497,
111795970,
117758067,
113001026,
130216359,
125764403,
120393482,
115587412,
122734611,
117378005,
112481624,
118516750,
114367699,
120457015,
115704356,
122947970,
117882917,
113792250,
109355000,
104109702,
119896001,
115288925,
122076759,
117647482,
124144189,
118652705,
113641023,
120110436,
115852424,
121324015,
117060071,
123789201,
118587241,
114580745,
120618521,
115707335,
121754937,
117107779,
112968523,
118239642,
113657002,
119226211,
114324664,
119676624,
115256744,
121297849,
117080675,
123421205,
118519346,
113972403,
119869992,
115236517,
121204044,
116913937,
123909766,
119165239,
115133001,
121141256,
117024501,
122887732,
118788367,
114063574,
120208672,
115447138,
121012455,
116855571,
122786190,
118062761,
113488699,
119670392,
114960761,
122201543,
118084834,
113561664,
119443301,
114896805,
120998076,
115928177,
122862104,
118259562,
114036582,
118974780,
114728129,
120278499,
115289921,
121231761,
116908597,
123061424,
118197420,
113161471,
119484212,
114753691,
120451107,
115765405,
121578325,
118005103,
113170062,
119387708,
115171189,
120694442,
116359750,
123374779,
118049288,
114057983,
119309329,
114947191,
121096689,
116503374,
122698895,
117963512,
113781774,
119206739,
114508928,
120604424,
115710074,
121869462,
116898993,
123677844,
119258688,
115296377,
122019216,
118044328,
125315086,
120027615,
115519971,
121838632,
117635758,
123643897,
118934222,
114739329,
121127309,
116879833,
122924330,
118086135,
113315799,
118733942,
114448778,
121027478,
116906295,
123372059,
118386890,
113851378,
119626155,
114860956,
120954122,
116000692,
122096255,
117059358,
112782267,
118742788,
114181111,
129997918,
125466271,
120707367,
116226140,
123060700,
117420977,
112692352,
117880001,
113826317,
120071096,
115257528,
121952178,
116415245,
112558323,
118526320,
113906727,
120260472,
115180703,
121625171,
116934283,
123201983,
118498230,
112887670,
118940742,
113836577,
130318101,
125705029,
120448011,
115559062,
122877262,
117548383,
113410097,
119124538,
114761490,
120398179,
115333868,
121639917,
116473064,
112027845,
117768822,
113627889,
118840015,
114130522,
120555549,
115044667,
120591294,
115887051,
122596625,
118175790,
113250754,
119049857,
114626291,
120707120,
115577002,
122009272,
118151915,
114188812,
119792705,
115269915,
121327081,
117153434,
123304795,
118247209,
114089452,
119569661,
115564797,
121637188,
117219896,
124067234,
118642723,
114463922,
119815074,
115393668,
121349381,
116656719,
122487345,
117915777,
113370460,
119353266,
115298174,
122070343,
117128966,
123100589,
118498283,
113940638,
119868848,
115991189,
122650516,
117322461,
112797188,
119627370,
114849973,
120681899,
115864895,
121743903,
117857611,
113449646,
119253783,
114430298,
119969324,
115247020,
120381042,
115154765,
110564195,
106049385,
101416097,
107921534,
114936014,
121219138,
117155827,
124263715,
118932602,
114500049,
120394585,
116303913,
122334292,
117902085,
113349685,
119463976,
114882636,
120993398,
116498911,
122604999,
117987775,
113374433,
119472961,
115133339,
121395990,
116826834,
123063021,
118232509,
114006485,
119963652,
115063916,
121706964,
117081780,
112846525,
118131728,
113422612,
120256664,
116107846,
123022951,
117556771,
112955324,
119120480,
114537396,
120402961,
115922850,
121541083,
117150256,
112286034,
118147215,
113564416,
119414783,
114807846,
120864996,
115888196,
121877395,
117060453,
112507891,
118870036,
113988587,
119644315,
115268537,
121741642,
117716469,
124053299,
118835878,
114625930,
120634791,
115862396,
122099895,
117614383,
113260484,
118538619,
113993178,
120372837,
115031306,
121997064,
117577878,
113191405,
120058627,
115967779,
121729035,
117709884,
113030269,
118861162,
115040980,
120992663,
116976624,
123019802,
118095809,
113432199,
119389361,
114407721,
121245095,
116703640,
122755688,
118532582,
114622819,
121183805,
116987680,
123062334,
118580599,
113936411,
119780169,
115265409,
121698596,
116708165,
122715564,
118014970,
114056594,
120899505,
116254988,
122858489,
117741390,
113284312,
118983770,
114733430,
120626299,
116400790,
121841344,
117217395,
112684404,
118750217,
114380806,
120734967,
116805554,
123053069,
117728854,
113035014,
119541236,
115214836,
121717432,
117306651,
123683532,
119271212,
114746152,
120266479,
115728426,
121826464,
116977480,
112971537,
119601893,
115506206,
121656721,
116602345,
112168207,
118784658,
114694669,
121329076,
116695123,
122625189,
119070882,
113909362,
130491465,
125636065,
120229782,
115473017,
122131797,
117084393,
112726043,
118271434,
113861682,
120574271,
116134241,
123050301,
117734662,
113527430,
120103245,
114898441,
122067724,
117891330,
113035371,
119248751,
115009605,
120950283,
115896196,
122439947,
117625059,
112807886,
118927586,
114359820,
120582710,
115385167,
121628329,
116845754,
111787015,
117396689,
113475488,
119506163,
114918822,
120442259,
116819018,
122496836,
117933105,
112830621,
118670143,
114191126,
119968789,
116317942,
121502179,
116576847,
122710236,
118487039,
114315322,
120777653,
116636294,
123991883,
118522435,
113696930,
119658721,
115398983,
121112975,
116608082,
122408623,
118070896,
113074504,
118732439,
114714511,
121353485,
116885832,
124352023,
118745047,
114442081,
120228568,
115520989,
121453264,
116753253,
112820087,
118370266,
114190616,
120162534,
114983648,
120918208,
115948133,
123050386,
117860017,
113638716,
119199854,
114683246,
120516242,
115741211,
122159372,
117342669,
113359579,
118738178,
114640008,
120845736,
116927185,
123926631,
118901448,
115320909,
110133720,
116067857,
122403429,
117756207,
113091979,
118890467,
114771423,
120727556,
115327008,
122166167,
116753429,
112648851,
118908526,
114906926,
121349745,
116744152,
123668967,
118096381,
113774045,
119413192,
114870698,
122288714,
116874781,
112408481,
118312217,
114415702,
120764550,
115203801,
121327063,
117579293,
112692366,
119271247,
114688679,
120153068,
115817948,
121943545,
117174320,
113185264,
119536512,
115481487,
121273257,
117198011,
123547708,
119075116,
114582310,
120638413,
116092349,
122339220,
117566049,
113528956,
119914246,
116150542,
122322372,
117203639,
112817418,
119401618,
115438126,
121467381,
116868112,
122431071,
117835531,
113162148,
119108328,
114342919,
120063127,
115494860,
121351715,
117058110,
113169381,
119057538,
114743792,
120716249,
116742327,
122720578,
117687552,
113405205,
118754165,
114535961,
121260627,
116478857,
122608290,
117929927,
113475558,
119146778,
114590908,
120803069,
116040758,
122441725,
117745334,
113338728,
118958371,
114358110,
120059068,
115513385,
121413476,
116792855,
111991785,
117969718,
113651296,
119230128,
114280109,
120268111,
115743023,
122022610,
116481073,
122518077,
117735408,
113894788,
120378318,
116186757,
122885069,
117781361,
113430770,
119581633,
115398556,
122262785,
116958223,
112268856,
118559073,
115060529,
121587303,
116951808,
124013729,
118779268,
113912609,
119383854,
115018210,
120487128,
116423672,
122899399,
117750445,
113366601,
118996364,
114897055,
121552066,
116997798,
123891077,
118417489,
113400677,
119566162,
115282081,
120750781,
116401281,
123291746,
118586752,
113030559,
108617586,
114500141,
120363579,
115935373,
122246247,
117137365,
112475939,
118451579,
113516436,
119853656,
115503829,
121956862,
116645479,
112746628,
119498135,
115083711,
121692501,
117650452,
124042591,
118912347,
114775301,
120473451,
115763173,
121636918,
116696364,
113373930,
118882148,
114749396,
120564435,
116045523,
132097275,
117407132,
113148639,
118773176,
114525307,
120694157,
115973756,
122109020,
117521608,
113393873,
119210180,
114636337,
120713821,
115773935,
122489719,
117472375,
113071272,
119054939,
113885572,
120184193,
115768144,
122120247,
117328292,
112911579,
118662461,
114060513,
119425789,
114979901,
121833078,
116936522,
123868297,
118719118,
114606686,
120292397,
115105061,
121090095,
117175524,
124451900,
119150011,
114077180,
120166530,
115033173,
121443178,
117452960,
123248169,
118864571,
114579797,
120398568,
115926733,
122224912,
118163309,
113619395,
119642667,
115465890,
121916755,
116947502,
122764073,
119019986,
114035843,
120024114,
115880077,
121606346,
116996283,
113213922,
119535043,
115511307,
121776598,
118029355,
123620299,
119387697,
114878426,
121019002,
116416138,
121870920,
117582771,
112870743,
118731358,
114283859,
120301447,
115294296,
122786902,
117760161,
112921344,
118113743,
113457700,
120392934,
115021001,
120964700,
117075352,
123683136,
118505234,
114103750,
119996926,
114833611,
121935956,
116418763,
111460176,
118237648,
113981054,
119741144,
115392705,
121047632,
116719208,
123344575,
117879451,
112921025,
118307651,
114152511,
120187002,
115355609,
121854702,
116998028,
112827725,
118008223,
113922386,
119774940,
114969200,
121025067,
117160611,
124495393,
118905565,
114412399,
120207773,
115579920,
121724682,
117223372,
112276647,
118777492,
114611421,
120549192,
116404971,
122837514,
117892531,
113384368,
119268247,
115092400,
120658023,
115862636,
121967064,
117216461,
113051147,
118508808,
113657012,
119428574,
114613087,
121375984,
117128141,
124177071,
118561204,
114222834,
119951563,
115673173,
121731561,
116864779,
123561611,
118481660,
114337253,
119950955,
115424549,
121785107,
117126967,
113165195,
118073622,
114374846,
120515269,
115943408,
122267005,
116836140,
112434939,
118176180,
114066369,
119203729,
114795823,
120413801,
116667020,
123425535,
118344714,
114001916,
120243045,
115559183,
121980342,
117536730,
113373176,
119114644,
114106261,
120306050,
115493570,
121584965,
117217257,
112700125,
118672051,
114575359,
120351128,
116222888,
122862804,
118030206,
113606999,
119313314,
114763730,
120655559,
116095927,
122678998,
118175191,
114063795,
119209572,
114418308,
120096101,
116449388,
122700259,
118075797,
113340561,
119597902,
114867425,
120614775,
116307448,
123518634,
118411477,
114000971,
119714551,
115222725,
121660946,
117592246,
123804050,
119381708,
114766834,
120799852,
115735009,
122751334,
117285614,
112639549,
118144918,
113934309,
120170644,
115714130,
121399751,
116925399,
113135098,
119018145,
114998185,
121226356,
117192810,
123085371,
118609927,
115060059,
121540519,
116943762,
123568079,
118765415,
114134664,
120117461,
115383556,
121948143,
117134834,
112411835,
118993943,
114600002,
120334536,
125784097,
121729543,
117079727,
112560875,
118608621,
114171662,
121086017,
116601331,
123124320,
118108051,
114203136,
120203612,
114981329,
122449271,
117078497,
112277747,
118878159,
114354763,
120198905,
115345771,
122475286,
116576682,
111249852,
117317899,
113125850,
120103305,
115044688,
121754760,
117627851,
124178442,
118754826,
114750787,
120557042,
116211766,
123226497,
117846453,
114132394,
118474310,
114833778,
121484800,
117877464,
123751603,
118878654,
114629370,
120151121,
115279673,
122404622,
117105103,
112200434,
117770955,
114101825,
119010242,
113888452,
120664967,
116746074,
123609421,
118325299,
113641806,
119545377,
115318321,
121252093,
116990917,
123826096,
118189190,
113198297,
119058140,
115144335,
121882687,
117052457,
122630103,
118599797,
114466281,
120547265,
115979850,
122218049,
116994709,
112616959,
119258376,
115503411,
120868832,
116794520,
123249483,
117887599,
113565964,
119364580,
114789419,
120655994,
115493012,
122390605,
118742038,
114085613,
119833676,
115357282,
121983212,
117235826,
123713336,
119008379,
114696721,
120713474,
115973821,
122282182,
117173838,
113125427,
120041525,
115664330,
121969247,
118338063,
113079580,
119941302,
126000036,
121593275,
117171559,
113184017,
109694275,
105437932,
100935316,
96000016,
92226535,
98295373,
94304641,
100814741,
96067760,
92001058,
98920657,
94758381,
102025256,
97688568,
94462095,
99776519,
95566299,
102015377,
97709847,
93555532,
99591928,
95247150,
101602772,
96840914,
92359377,
98398392,
94090985,
100025430,
95977052,
102939966,
98131380,
94198779,
121641852,
118212606,
113716386,
119322312,
114962305,
121256504,
117264418,
123723364,
118855423,
114815746,
120461717,
115568518,
121854129,
117870984,
114256657,
119785051,
115788643,
122324081,
117857224,
124580113,
119297085,
115232669,
120365938,
115985752,
122578385,
117121696,
112239281,
117734764,
113208507,
119334744,
114855905,
121027203,
116263453,
122005399,
116753781,
112036020,
117992140,
112816926,
118970200,
114884468,
121156909,
116062577,
122898942,
119028207,
114500075,
120418027,
115749461,
122131238,
117553875,
113181516,
117747615,
113434022,
129957544,
126143403,
121794238,
117869149,
124641327,
120324895,
115592049,
121713531,
116441920,
112342587,
117806987,
113992781,
120441094,
115992475,
121537808,
117263509,
113021819,
119750041,
115683466,
121169474,
117428543,
123834946,
119431680,
114551144,
120917361,
115459331,
123229692,
118739624,
114782965,
119950909,
115425519,
120964530,
116880509,
123585836,
118782650,
113963840,
110374679,
115998641,
122009448,
117405455,
113689347,
118756960,
114117784,
120075068,
115773994,
121732305,
116934174,
124237751,
118940037,
114683695,
120366926,
115915564,
121630666,
116900022,
112326544,
118266978,
114048278,
120320672,
116202025,
122899616,
118208053,
113614301,
118984498,
115136314,
121347609,
117176878,
123564882,
119223407,
114885359,
121445777,
116854853,
123604787,
118451630,
114503986,
120191729,
116066695,
123044120,
117533145,
113645935,
119335595,
115047877,
121049742,
116725394,
122705916,
117976714,
113877628,
119632765,
115253500,
121652460,
116766385,
123002051,
118758085,
113829923,
121028969,
116582013,
123483174,
118027703,
114045811,
119900002,
115647852,
121842352,
117135007,
112936663,
118668303,
114215845,
120245444,
115522817,
121114664,
116465605,
122970383,
117874975,
113517572,
119228173,
114782877,
120552453,
116108121,
122500305,
117179108,
113229808,
119401152,
114975964,
120929928,
116743081,
123097722,
117948218,
114005671,
119904859,
115239947,
121475971,
116973137,
113079002,
118330219,
113953232,
120193383,
115157224,
122033306,
116884731,
113034591,
108369466,
114486200,
120180064,
115350737,
121651247,
116864398,
112703166,
119115135,
115046087,
120520441,
116169727,
123310692,
118196977,
113202978,
118924733,
114397552,
121203658,
116200200,
121522958,
117886706,
113865808,
118930381,
114779828,
120599986,
114922371,
121692784,
117007247,
113090683,
118498870,
114856478,
121370470,
116885211,
122656633,
118985697,
114886598,
121749067,
117236896,
123400454,
118811142,
114837345,
121295017,
116440827,
123437467,
118174035,
113943348,
119936767,
115176116,
120968460,
116199908,
122795489,
117727438,
113187391,
119047352,
114596274,
120766325,
116777537,
122698137,
119043206,
113643095,
109393092,
114888477,
120810318,
116444459,
122262691,
118034765,
113356152,
119563631,
115320276,
121738944,
116629400,
112923912,
118888759,
114361646,
120458130,
117015037,
123666316,
118453836,
114315817,
120027229,
115432015,
121928851,
116707918,
112331645,
118619202,
114196062,
120407034,
115921183,
122752282,
117486250,
113272032,
118814795,
114674677,
121878225,
117475488,
124673437,
119196924,
114771060,
119963461,
115709535,
121985389,
116690807,
112609747,
118996403,
115077817,
121099587,
116623294,
122281555,
118105006,
113587819,
119295671,
114898057,
121456429,
117266746,
123563322,
118819938,
114361241,
119620602,
114640000,
121180642,
116649442,
123795454,
118327326,
113870640,
120556716,
116448233,
122758191,
118253701,
113789638,
119168703,
114171709,
120154092,
115446754,
121312153,
116754254,
112478312,
118249432,
113694003,
119585211,
115173371,
122156763,
117687787,
123985928,
119357126,
115200695,
120043051,
114918936,
121050906,
116873512,
113093145,
119004886,
114025229,
120013734,
115862374,
122533454,
116868531,
112102743,
118050723,
114052429,
119614439,
114846726,
120376393,
116787019,
122314377,
118283207,
113591049,
119777335,
115731423,
123148583,
118022519,
112863303,
118814275,
114462866,
120016648,
115486069,
121804466,
117206491,
112349454,
118737625,
113931502,
119670912,
115147076,
121406905,
116665378,
122548016,
118078127,
114130945,
119402975,
114770513,
120684511,
116109733,
121897551,
117535233,
113184552,
118793635,
114412882,
120254807,
115729689,
122166465,
117652230,
113045542,
118944769,
114113895,
119941553,
115128279,
120927775,
117251223,
122797833,
118564385,
114990192,
120495757,
116455751,
122182402,
117594707,
112873763,
119011959,
114976976,
120781872,
116472745,
122762667,
118383285,
114004566,
119828292,
115231339,
121029139,
117277660,
123960085,
119046334,
114585097,
109922433,
105046711,
121709737,
116460346,
111004749,
117711622,
113086701,
121246062,
114804096,
120476794,
116352335,
121591488,
116618054,
123220038,
117925354,
113380108,
119151155,
114787404,
131706585,
127405848,
122592597,
118141747,
112995969,
118910188,
114499996,
120447548,
115398153,
121758898,
116770396,
112492275,
117856947,
112913109,
119077536,
114472103,
130458809,
126387257,
121667162,
116229149,
112153962,
118078738,
113254917,
119755904,
115277618,
120637911,
116655548,
122736041,
117915781,
113503127,
119379075,
115671737,
122013649,
117819023,
123778992,
119194995,
114606012,
120230166,
115188240,
121770305,
116257068,
111975862,
118733813,
114518428,
120412039,
116257381,
122813868,
117611841,
113651401,
119262295,
115588359,
121693166,
117499729,
124459625,
118749716,
115115939,
120887299,
116072067,
121780574,
117568055,
113451771,
119738064,
114568616,
121464765,
116510035,
123260206,
117739072,
113563113,
119257132,
114990524,
120799056,
115881185,
121715827,
117103324,
113396017,
119537134,
115428924,
122272362,
117622247,
123784193,
119609180,
115431541,
122300949,
117082357,
113071127,
119632763,
114778287,
121196795,
116389928,
123161768,
117683987,
113610054,
119857311,
115186267,
121178957,
116250872,
122743870,
117590980,
113403688,
119920491,
115799605,
122048817,
118077318,
124317715,
119509063,
115636218,
121926316,
117508689,
123301467,
118803593,
114304594,
121024741,
116557816,
122473592,
117748131,
113683940,
119579313,
114860634,
120788282,
115611678,
121919409,
117908103,
113857382,
119814032,
115438674,
122293473,
116971230,
112651177,
118190472,
114583739,
110184201,
115931054,
122583762,
117248773,
113686399,
120064105,
115761377,
121926739,
117669887,
113763563,
119315176,
115450180,
120753073,
116034862,
122286337,
117615009,
113332083,
119683829,
115477121,
121623923,
117042732,
112296917,
118402711,
113691453,
119532858,
114819893,
120638671,
116115755,
122214637,
117424950,
113169855,
118808769,
114524502,
120380607,
115694792,
121653753,
117066041,
112064565,
118183401,
114126965,
119317350,
114979352,
120470290,
116797262,
123673744,
118389516,
114073076,
119826803,
115335259,
121253202,
116474848,
123405387,
117986490,
114139116,
119807849,
115312498,
111222230,
116839853,
123146468,
119081108,
114920711,
120504394,
115999107,
122808488,
117159475,
112447460,
118675646,
114289402,
120386893,
115954575,
122522787,
117327891,
113166417,
118714405,
114652563,
120039333,
116337245,
121231814,
117730245,
113641823,
120334900,
115574484,
121792394,
117209154,
122316714,
119271721,
114721641,
120693467,
116136377,
123026034,
117816174,
113356146,
119709253,
115607254,
121502199,
118025237,
124038682,
119213303,
115253560,
121190980,
116025869,
122948111,
117688575,
112537074,
118902902,
114604625,
120669957,
115866140,
122870500,
117407427,
113040917,
118906266,
114919235,
120402546,
116627009,
123376965,
118492494,
113798921,
120043995,
115975694,
122537300,
117370239,
113131387,
120010261,
115495221,
122282085,
117729070,
113191219,
119182752,
114542869,
120152059,
115363743,
120747178,
116015061,
123360635,
118133670,
112760270,
119299545,
114634783,
120566890,
115858871,
122426416,
117431932,
112651418,
108229464,
114402504,
109308646,
116059356,
122547308,
117550761,
124573235,
119489384,
114799766,
120643958,
116130438,
122719674,
117970648,
113680901,
119852993,
114833074,
120593500,
116227945,
122796385,
117349964,
113521729,
119211863,
114711904,
120288235,
115702814,
121956582,
117122182,
112734168,
118972814,
114602514,
120366460,
115454432,
121450925,
116821463,
123440652,
117978908,
113610517,
119954160,
116012091,
121946093,
117931459,
124120530,
119383933,
114861159,
120729103,
126097280,
122312218,
117306507,
112997461,
118950823,
114653199,
120278802,
114899223,
121058050,
117361001,
123951397,
118849825,
114422809,
119685271,
115851948,
122642628,
118102790,
124339156,
119195854,
115533791,
121312980,
117413668,
123986173,
119389119,
114472498,
120879074,
115828438,
123286069,
117948953,
113369597,
118845253,
114557213,
120567911,
116041710,
121863362,
117271459,
113662863,
119341150,
114962383,
120747667,
116459578,
123194604,
118253782,
113532629,
119513641,
114733278,
120562249,
116645793,
122736886,
118024102,
113723219,
119708022,
115395707,
121540186,
116331681,
122441206,
118060957,
113944939,
120497118,
115749116,
121843673,
116943580,
112931046,
119451027,
114866758,
121263969,
117223642,
123168940,
118306300,
113232453,
119189885,
114791641,
120622547,
116021321,
123178208,
118179261,
114340781,
120421393,
115507663,
121960545,
117233771,
112827866,
118328962,
113848315,
119606271,
114855954,
120479713,
115895692,
121739287,
117018171,
112664520,
119091832,
115111385,
121682431,
117681564,
123736163,
119102276,
114799844,
120381919,
115458423,
122660675,
117087653,
111974580,
118340857,
114307682,
119457041,
115116100,
120858494,
117089483,
122413099,
116944457,
133935600,
129208630,
112683819,
119122111,
115090111,
120724651,
116499088,
123044121,
118314750,
113253566,
119290599,
115097294,
120903845,
116712916,
123448843,
117925213,
113466392,
119289081,
115265074,
121353131,
116843212,
122795536,
117983835,
113625336,
119203314,
114992754,
121015159,
115964257,
122247920,
117598814,
113062917,
118838527,
114308907,
121138983,
115429717,
122426780,
118630010,
114796280,
121154122,
116988405,
123858377,
118748075,
114403377,
120179788,
115917802,
122191334,
117034683,
112748897,
118189829,
114014083,
119822856,
115424083,
122196235,
118102289,
124644739,
119984897,
115328397,
121781922,
116877910,
112308409,
118539994,
114248191,
120212232,
115532621,
121288904,
117157676,
123006318,
119372943,
115233225,
120914639,
116270740,
121851261,
117208370,
112301750,
118082567,
113190826,
119989921,
115867520,
121760566,
116932161,
113048329,
118307007,
114102666,
120226956,
115173039,
120987978,
116608584,
122632618,
118353654,
124151966,
119840428,
114961075,
120913070,
116306120,
122943017,
118000882,
113172139,
119623706,
114777538,
121550361,
117085200,
122785973,
118309882,
114643734,
120772876,
115717235,
121775439,
117084295,
112762503,
129292607,
125778610,
120620911,
116243932,
122261474,
117629828,
112866924,
118773530,
114749339,
120612155,
115669503,
121339975,
116659641,
112447153,
118823268,
115022057,
120685183,
116481394,
122927991,
117716286,
113246115,
119521850,
114602622,
120885384,
115798094,
121993471,
117783281,
112964296,
118609610,
113849159,
119768811,
115920357,
123156553,
117712434,
113520285,
119520463,
114703528,
120577359,
115964105,
122566391,
118411382,
113828277,
109523897,
114393246,
120211144,
116218793,
122017292,
117375196,
123160069,
118176143,
113791528,
119238334,
114290563,
120939695,
116072271,
122227403,
117786292,
113073784,
118765358,
114235164,
119704551,
115266348,
121596745,
117438635,
123483452,
118626718,
114017092,
119899238,
115024227,
122024685,
117644745,
124467915,
119978628,
115485653,
120636063,
115480673,
123567595,
117921964,
113805162,
120118053,
116122248,
123250079,
118269280,
114058140,
120103094,
115559549,
122592443,
116822557,
112148140,
117978245,
113797977,
120052950,
115407589,
120997228,
116420941,
123057484,
117560168,
112335671,
118358924,
114226041,
119570348,
115294644,
121608750,
117285365,
123896469,
118458296,
113303708,
119265324,
114787512,
120764588,
116286144,
123242089,
118058066,
113477432,
119555679,
114796440,
121570484,
116872586,
122948337,
118386308,
114186974,
120147865,
115131105,
121062116,
116280067,
122343783,
118074820,
113410934,
119350865,
115419108,
121326953,
116593469,
123435910,
118148397,
113761531,
120517178,
115956897,
121702552,
117478098,
112737070,
119116814,
115089784,
120485861,
116170549,
121746136,
117327562,
113341320,
119037466,
114827541,
120864550,
116453108,
122489885,
118637355,
114766385,
120492153,
116665162,
122833466,
118391284,
113916772,
119608753,
115304486,
121002220,
117103244,
122496352,
118742961,
114835814,
120472978,
116155230,
123422496,
118153963,
113112568,
118287383,
113976343,
109554036,
115958980,
110215379,
116204232,
122903513,
118681570,
114048198,
119834895,
115126878,
121212933,
116504656,
122594649,
119070726,
114928946,
121657613,
117036670,
124541933,
118941304,
114753300,
110176929,
116320284,
123448744,
118088270,
113598854,
119158713,
115036882,
121659220,
117378882,
123561913,
118707070,
114527942,
120735506,
115805240,
121524160,
117208290,
112523956,
118440118,
113746742,
119546487,
114957818,
121131320,
116430012,
123147002,
118098336,
113931634,
120029885,
116102103,
121919103,
117385517,
113192659,
118343622,
113883464,
119629940,
115913875,
121978848,
117185773,
124548189,
119939434,
114804690,
120659822,
116372026,
122839480,
117621854,
113545827,
119396400,
115356092,
121597662,
117417903,
124243408,
119107660,
114840637,
120620218,
116366297,
122447943,
117895378,
124286616,
118828098,
114228497,
120700779,
115617660,
121551708,
117141050,
112353095,
118050506,
113815194,
119777990,
114908951,
120615177,
116223595,
123443542,
118601458,
114142938,
120325453,
115613419,
121674692,
117120354,
112654536,
118091632,
113559055,
119228700,
114977336,
121179128,
116749509,
123313434,
118086254,
113923994,
119411980,
115115168,
120938501,
116193777,
122634464,
118948069,
114818095,
121453523,
117081785,
123600446,
118358034,
113971050,
120404433,
116385349,
123785197,
118211112,
113575201,
119197329,
114879962,
121084872,
116896238,
122748170,
118313235,
114098376,
119643200,
115335118,
120933224,
116570411,
123479378,
118789306,
114503808,
120313359,
115400646,
122428848,
117141968,
112687651,
118396403,
114039259,
119385273,
114765576,
121508698,
117001351,
123297930,
118356485,
113822138,
119871396,
116136868,
123261501,
117667268,
124362171,
118964317,
114819367,
121458528,
117252020,
123437284,
118654030,
114317296,
120026624,
115732195,
122217082,
118283478,
124682711,
119761131,
115457922,
121729188,
117802138,
123569958,
119179266,
114737832,
120836410,
116230283,
122963940,
118015919,
113449739,
119142717,
115043302,
121622293,
117043370,
122876279,
117997316,
113531527,
118998960,
115013532,
121044624,
115718077,
123336342,
118766669,
114339934,
120135166,
115560011,
121781774,
116792631,
112587607,
118555308,
114293986,
120306938,
115391328,
121044906,
116370160,
123349101,
118826984,
113884394,
120486306,
116056285,
121500387,
117950535,
114165017,
120212482,
114977882,
120873037,
116459757,
121858514,
118317773,
114273759,
120382735,
115645772,
121568754,
117129432,
112582678,
119268663,
115037147,
121418701,
116920656,
122562351,
119048348,
114820898,
120773538,
115952542,
122820348,
117804784,
113043923,
118945084,
114860876,
121313676,
116920157,
122519521,
118176429,
114099202,
120228236,
116534808,
122437931,
117478800,
112399274,
108301071,
123499311,
119104684,
114945175,
122002256,
117649860,
124247365,
119126394,
114612756,
120330892,
115938071,
122850803,
117773720,
113185839,
119093090,
114684226,
120670804,
116412541,
123226075,
117447937,
113284718,
119057787,
114796845,
120619856,
115360675,
121930324,
116453858,
112350831,
118232460,
113591762,
119472354,
115253802,
121662872,
117175058,
123981289,
119168666,
113549253,
109102935,
114545988,
120369678,
116035151,
123309979,
118265291,
113700992,
120392167,
116053776,
122378450,
117442229,
124150187,
119041755,
115086669,
120632705,
116241304,
121958868,
117318869,
112837325,
118471095,
114501088,
119876637,
115260280,
121435585,
117218420,
123859999,
118447497,
113888353,
119760173,
115989635,
121776258,
117223129,
123812317,
118764697,
115158399,
120699939,
116418264,
123545535,
118352095,
113004863,
108324385,
115091944,
121615742,
117245102,
122502360,
117941245,
113331027,
119057353,
115132132,
121422164,
117502614,
123843152,
118700663,
114939464,
121330835,
116814236,
123450850,
117992382,
113688160,
119573856,
114921386,
120757210,
116233174,
123199063,
118511183,
114614911,
120846287,
116882640,
122547224,
118152085,
113227655,
119149615,
114383743,
120259319,
115643261,
121326624,
116948830,
122633895,
118169896,
114061549,
119685994,
115315332,
121168039,
116127221,
122708251,
118055686,
113403620,
119834615,
115257292,
121893825,
117052312,
123257398,
119639477,
115064290,
121702624,
117632029,
123846525,
119052380,
114922830,
121535587,
117495406,
124439470,
119096244,
114973939,
121595273,
117662199,
123824583,
119111653,
114685886,
120680209,
116077680,
122330793,
117793986,
113833250,
118896547,
113965254,
120753727,
115972579,
122232032,
117238044,
113651636,
120069489,
116005521,
121614663,
117206178,
113726932,
119415114,
115169650,
120854721,
116564500,
122711535,
119052488,
114835073,
120522114,
116206425,
122042533,
117652270,
113166363,
119344234,
114858494,
120349267,
115943198,
121892125,
117214703,
113515474,
119481512,
114833241,
121613912,
117063482,
123675395,
118850155,
114863743,
121175638,
116996873,
122837816,
118461771,
114251869,
120873897,
115784585,
121418979,
117085152,
113261898,
119350809,
114204970,
120218839,
115748945,
122580144,
117681075,
113548308,
119224796,
115038437,
120919044,
116436941,
123570441,
118104115,
113555296,
119471756,
116000979,
121289062,
116144499,
122472971,
117724430,
113026429,
119631215,
115352037,
121353068,
116838566,
122622106,
118306787,
113373618,
119389146,
115181209,
120907927,
116261361,
122004641,
117426662,
113514847,
119250498,
115426637,
121587298,
116914091,
132782970,
128515810,
124853266,
119187924,
114394882,
120255116,
115738960,
121921554,
117470768,
112609070,
119152097,
115023439,
120717019,
115876259,
122171122,
116856147,
112254317,
117824793,
113888408,
119359807,
114858524,
120907373,
116148847,
123134042,
117805251,
113367446,
119129911,
114948155,
120642052,
116206086,
122809522,
117681193,
114021838,
119726768,
115018331,
120728089,
115343389,
122635106,
117881547,
113296954,
119817851,
115822837,
122128341,
118164072,
124188417,
119461040,
114962975,
121220036,
116197257,
122653153,
118271580,
113791274,
119497746,
114985189,
120885813,
115783725,
122505685,
117083874,
113296592,
119168257,
115061273,
120823966,
116039317,
121995390,
117797382,
123721754,
119025364,
115089854,
120963421,
116626020,
123119850,
117674414,
113510606,
118322247,
114033009,
120963208,
115686628,
121333256,
117323130,
123176373,
118718135,
114389163,
120045781,
115683951,
121566073,
117883841,
112987705,
119223594,
115034831,
121839333,
116799282,
122506409,
118973686,
114984670,
120593661,
115557524,
121458762,
118150778,
114125710,
119691453,
116005639,
122693330,
117899635,
123885465,
119161455,
115014727,
121297491,
117262012,
123773940,
118519690,
114137824,
120272128,
116294310,
122639226,
118056158,
123822176,
119330735,
114858545,
120732842,
116141310,
122680576,
117486647,
112145489,
107816660,
113915327,
120260041,
116144707,
122050527,
117717049,
113284649,
118926371,
115001211,
121380187,
117381642,
124188754,
118968476,
114345084,
119837115,
115973863,
122098524,
117865900,
124694689,
119258745,
114544262,
120112136,
115230724,
121269412,
117297234,
124276158,
118814618,
114561901,
120331247,
115086586,
120936460,
117127929,
123575986,
119038310,
114366551,
120499752,
115257400,
120799421,
117105603,
112312736,
118525870,
113500430,
119486229,
114995599,
121044434,
116197075,
122164359,
117389722,
113791515,
119431187,
115290067,
121129776,
116664086,
122495753,
118209978,
125028492,
119902391,
115738072,
121770902,
116703969,
123783263,
119660793,
115555925,
121724132,
116585848,
122564824,
118796768,
114973153,
120458409,
116052355,
121785739,
116900742,
113089047,
118562898,
114138003,
119777473,
115129392,
120724352,
116172509,
122512624,
118065290,
113721202,
120112107,
116199596,
121360666,
117052688,
122437867,
117463088,
113877660,
120082930,
116035399,
121744153,
117146615,
112277126,
117868130,
113331588,
119769715,
115300825,
121205394,
116469989,
123627333,
118524326,
113087911,
108581502,
114726484,
120880514,
116261336,
122657921,
117541387,
112468367,
118436565,
114267345,
119768636,
