11756694639,
115661781,
100388023,
109656929,
108445454,
107152213,
106048182,
105255152,
104405239,
103608747,
102676624,
101851903,
101305505,
100033813,
109117577,
108497919,
107407018,
106514461,
105473753,
104610817,
103747219,
102916783,
101931454,
101240223,
100448142,
99647883,
108678047,
108159301,
107336123,
106557628,
105375000,
104454860,
103631395,
102909371,
102040079,
101067505,
100424442,
99716284,
109059440,
108284852,
107234611,
106655492,
105587228,
104749774,
103819068,
102945064,
102072592,
101568238,
100806704,
99818479,
109062620,
108305057,
107561480,
106719868,
105898348,
104869878,
104135920,
103377788,
102487953,
101443563,
100731556,
99959911,
99566366,
108878165,
108053224,
107257246,
106171521,
105437022,
104409251,
103660225,
102794653,
101900122,
101556913,
100697150,
99632005,
108606193,
108135114,
107369969,
106646442,
105848724,
105004005,
104052466,
103018243,
102386488,
101496235,
100949844,
99995853,
109257265,
108695194,
107968102,
106877466,
106114938,
105371463,
104406926,
103600589,
102521882,
101959348,
101328946,
99992184,
99200968,
108672618,
107977754,
106971596,
106434129,
105697267,
104705222,
103686659,
102785100,
102041918,
101548676,
100908770,
100095192,
109404651,
108633979,
107530173,
106730502,
105958873,
104841204,
104047069,
103330703,
102851197,
101987590,
100786311,
100029446,
99298321,
108369899,
107896114,
107124462,
106243541,
105421768,
104236014,
103356689,
102757491,
101962600,
101346787,
100549927,
99931370,
109026839,
108218811,
107238319,
106608711,
105704913,
104912951,
104358129,
103356786,
102791707,
101724836,
100869779,
100287624,
109405207,
108955125,
109177854,
108438965,
107660162,
106604798,
105603516,
105161654,
104154706,
103452989,
102688727,
101824558,
101422561,
100300830,
99408886,
108615263,
108094267,
107356195,
106768001,
106086851,
105270797,
104150600,
103160081,
102344093,
101732058,
101250957,
100197311,
109715221,
108982814,
107885113,
107010780,
106267629,
105574004,
104717763,
103865796,
103219626,
102580774,
101597423,
100880443,
100139031,
109357113,
108624520,
107981237,
107164508,
106441887,
105347332,
104568607,
103696047,
102946585,
102293902,
101587102,
100970549,
110205824,
109206273,
108466588,
107728479,
106988443,
106001968,
105520887,
104619466,
103776786,
112953476,
112315163,
111293649,
110797828,
109843074,
109288606,
108559933,
107826292,
106582030,
105751681,
104986793,
104066899,
103337327,
102614960,
101863060,
101361976,
110336175,
109501082,
108736690,
107971662,
107127191,
106489101,
105706517,
104662757,
113812558,
113085862,
112348964,
111219699,
110676363,
109794439,
108781014,
108244270,
107176583,
106395566,
105651318,
104621570,
103859918,
103051619,
102248547,
111914163,
100771360,
110115618,
109473450,
108449539,
107735750,
116984115,
108187667,
107140206,
106033083,
105175690,
104420394,
103506329,
102757542,
101918601,
101310692,
110714096,
109481341,
108918358,
107978925,
107452931,
106697488,
105941850,
105005879,
104361760,
103199542,
102397186,
101765737,
101172457,
110522617,
109663551,
109041128,
108219579,
107154862,
106398227,
105664761,
104874776,
103870497,
103135911,
102579870,
101666257,
101140380,
110153890,
109469927,
108690737,
107755673,
107325636,
106357357,
105851571,
104827050,
103781929,
103075492,
102245707,
101740613,
100909164,
110486216,
109695314,
108660749,
107897633,
106879285,
106465359,
105579219,
104945244,
104268035,
103219503,
102231513,
101423342,
100989560,
110295632,
109494996,
108759675,
107991723,
107527222,
106511058,
105832982,
105066337,
104123704,
103671295,
102941034,
102021980,
101423069,
110313398,
109806674,
109071060,
108138088,
107385113,
106902353,
106181995,
105176138,
104345533,
103332075,
102711493,
102292393,
101503429,
110846794,
110119829,
109270923,
108398135,
107788132,
106974451,
106263662,
105507044,
104836991,
103907408,
103145241,
102245354,
111657455,
110935529,
110064480,
109617418,
108857840,
108140903,
107217236,
106170021,
105653442,
104912019,
103855741,
103012559,
102438427,
111706337,
111194836,
110198690,
109467907,
108776101,
108068982,
107128236,
106364221,
105633413,
105121867,
103830018,
103148256,
102437371,
111759889,
111258434,
110594777,
109970479,
109038104,
107966020,
107187623,
106493674,
105745852,
104976271,
104284985,
103444618,
102693140,
111886859,
111161532,
110501617,
109803239,
109132699,
108193126,
107680834,
106983809,
105772901,
105216596,
104265387,
103575914,
102642420,
102402460,
111716699,
111033163,
109896971,
109251589,
108497984,
107760305,
107099453,
106418588,
105715304,
104966096,
103900836,
103035193,
114203926,
113491895,
112714965,
112011779,
111365404,
110557919,
109497566,
108787742,
108010666,
107051508,
106353847,
105844320,
105182316,
104297136,
113390992,
112686996,
111923238,
111229086,
110488515,
109702897,
108909053,
108240362,
106938279,
106466700,
105712603,
104969204,
104126067,
103264655,
112777854,
112070189,
110994773,
110281684,
109493866,
108735460,
107984175,
107036826,
106539168,
105809350,
104590329,
103890017,
103082996,
112354824,
111840609,
110899619,
110364745,
109558662,
108577900,
107650189,
107090680,
106158031,
105476955,
104894503,
104004690,
113449310,
112442705,
111717730,
110836634,
110307799,
109599861,
108771251,
107756911,
107274703,
106052279,
105531732,
104808166,
103827808,
114605424,
122678433,
111890860,
111215931,
110139316,
109076528,
108467393,
107375480,
106810804,
106116799,
105167145,
104405172,
103419231,
112942577,
112174181,
111463813,
110470540,
110052348,
119280776,
118564638,
117505673,
116808974,
116110491,
115166258,
114499899,
114061029,
112951020,
112424082,
111476390,
120482794,
119946939,
119280245,
118514293,
117862896,
117188115,
116490118,
115229227,
114696509,
114036513,
113053316,
112627102,
111891588,
111092307,
110421959,
109353515,
108705179,
107977249,
107273214,
106564276,
105853651,
105160480,
104494066,
113511623,
112818404,
112104012,
111474352,
110482987,
110106890,
109541901,
108666513,
107700078,
106969495,
106229795,
105468085,
104766525,
103885630,
113451388,
112761653,
111725364,
111024323,
110310945,
109403849,
108906518,
108240751,
107295941,
106584532,
105575060,
104862309,
114193429,
113499863,
112791546,
112082321,
111342805,
110668028,
109627196,
108962595,
108246328,
107355243,
106843554,
105992295,
104793867,
114102748,
113380678,
112623181,
111686509,
111227565,
110258704,
109769488,
108775128,
108083976,
107364939,
106493389,
105792791,
105028181,
114386155,
113656619,
112558271,
111910193,
111215162,
110485645,
109805683,
119146143,
108193251,
107713755,
106688788,
106026436,
105279770,
114380173,
113870025,
113067891,
112440247,
111497387,
110467364,
110007280,
109056832,
108598897,
107865806,
107172804,
106465383,
105689890,
114728466,
114009366,
113287899,
112672826,
111957275,
111230111,
110554226,
109885984,
108891170,
108132153,
107422507,
106459706,
106030891,
105253402,
114552620,
113890893,
112748477,
112064973,
111411498,
111004677,
110349811,
111780658,
118545661,
117858807,
116954533,
116130920,
115401471,
114888012,
114162222,
113446495,
112788862,
112099063,
111048521,
110311128,
89433646,
98966350,
98232534,
97495521,
96841187,
105909758,
115076921,
104255712,
103447434,
113036437,
112298021,
111576752,
110771938,
110039567,
109006194,
108254053,
107618874,
106867215,
106222061,
115282227,
114771877,
124117498,
113012380,
112324431,
111707033,
110890914,
110207169,
109482421,
108770067,
108035268,
107033848,
106330044,
115575317,
114875987,
114178746,
113493733,
112829791,
112195510,
111194753,
110440811,
109743917,
109048275,
108358203,
107663189,
106730308,
106255298,
115283797,
114582283,
113672995,
113046334,
112488733,
111805009,
111056769,
110284167,
109294440,
108552655,
107828116,
107154956,
106286370,
115686570,
114734050,
114060680,
113212736,
112525381,
111665613,
111146924,
110405088,
109717422,
109027344,
108291592,
107256744,
106641493,
115939444,
115211609,
114515003,
113816516,
113125241,
112195109,
111246175,
110523821,
109960300,
109333042,
108396128,
107942322,
107232242,
116473341,
115272202,
114614271,
114162192,
113282545,
112792130,
112206679,
111453992,
110472072,
109679259,
118732155,
108359563,
107645454,
117034203,
126368429,
125510440,
124882965,
123883207,
123200884,
122483490,
121702860,
121087053,
120385686,
119643948,
118958840,
117926807,
127264835,
126544714,
125922967,
115143115,
114283377,
113884543,
113075060,
111923629,
111104423,
110642557,
119933270,
109189936,
108403227,
107738256,
116945993,
116027949,
115352073,
114601447,
113925806,
133202543,
112327363,
111685527,
111003620,
110127750,
109422238,
108662708,
107926105,
117200371,
116546513,
115939888,
115267349,
114201997,
113490873,
112766940,
112021642,
111426262,
110782793,
109756458,
109269710,
108050051,
117342748,
116876392,
116168941,
115350679,
114623320,
114103376,
133424595,
112363725,
111684464,
110960827,
110260749,
109321144,
108642179,
118218136,
117485526,
116508513,
115577778,
115108582,
114423973,
113661855,
112963706,
112010068,
111572364,
110280009,
109788036,
109169102,
108464538,
117747403,
117022897,
116258669,
115602268,
114574321,
113880742,
113169165,
112294919,
111766706,
111048892,
110371296,
109505049,
108677808,
117960135,
117295246,
116610222,
115833270,
115188695,
114500507,
113788760,
112765113,
112194694,
111357208,
110666006,
109646736,
109261549,
118566580,
117901680,
116916070,
116191109,
115286919,
124738791,
114061724,
113174043,
112668266,
111751917,
111008040,
110001486,
109311282,
108841272,
118158465,
117260121,
116722612,
116144928,
114826269,
114349765,
113387465,
112686577,
112238514,
111257748,
110814096,
110141739,
119068706,
118403386,
117680188,
117019652,
116287787,
115590352,
114945673,
114200170,
113181830,
112510139,
111560738,
111076556,
110375171,
109659621,
118949572,
118206770,
117205081,
116479758,
115774244,
115091219,
114239494,
113570304,
113073475,
112405573,
111384601,
110728859,
110110341,
119481997,
118817403,
118208020,
117503888,
116758591,
115655553,
115026006,
114362736,
113683013,
112958375,
112256393,
111523852,
110898149,
109877023,
119277003,
118657317,
118008651,
117335216,
116597232,
115988056,
115331587,
114347289,
113645256,
112871201,
112202117,
111334006,
110628257,
120054586,
119634433,
118492549,
117829226,
117379458,
116685655,
115956284,
115128786,
114589802,
113875577,
112649099,
111896987,
111472387,
110819284,
110217588,
119386029,
118925629,
118323145,
117300822,
116613628,
115927895,
115233533,
114537959,
113849101,
113148279,
112275463,
111385481,
110911945,
120270433,
119627406,
118793143,
118061397,
117414562,
116690950,
115701449,
115042259,
114535536,
113864973,
113152279,
112248837,
111792800,
110990674,
120148663,
119528134,
118723320,
118263593,
117505510,
116840021,
116163768,
115269753,
114484778,
113773548,
112847385,
112171408,
111531780,
111199242,
120583797,
119957093,
118881167,
118289246,
117602279,
116811168,
116186398,
115461048,
114763855,
114014599,
113060181,
112293414,
111665692,
110964128,
120333329,
119815365,
119031659,
118476019,
117224741,
116661852,
115995065,
115360973,
114636863,
113928466,
113267461,
112538625,
111552350,
110874640,
120274908,
119664133,
119040055,
118350639,
117664439,
116922058,
115835246,
115079121,
114336312,
113790728,
113225772,
112508307,
111807668,
121086103,
120205845,
129581228,
118885313,
118172808,
117475363,
116819649,
116117953,
115472305,
114442083,
113740681,
113030146,
112326205,
111694888,
120952175,
120497580,
119860049,
118833335,
128130213,
117086807,
116670699,
116027029,
115081342,
114287975,
113635143,
122821499,
111956804,
111480957,
120817944,
120167481,
119431963,
118847795,
118102822,
116813731,
116340585,
115354756,
114942989,
114245757,
113562203,
112884792,
112163407,
121181267,
120432068,
119765177,
119085993,
128370729,
127680051,
116924604,
116241039,
115241595,
114584066,
113837126,
112827051,
112285300,
121816211,
121053409,
120709420,
119436185,
118731585,
118024434,
117059913,
116604100,
115989058,
115214656,
124595040,
113548865,
112792411,
121969679,
121248440,
120534930,
119881571,
118974436,
118462367,
117489738,
116775609,
116082123,
115381203,
114492858,
113927207,
113207399,
112407200,
121561485,
120637911,
120267967,
119589853,
118912725,
117987572,
117559428,
116642025,
115839178,
115151719,
114436972,
113533722,
113043598,
112359332,
121667724,
121046002,
120124227,
119430611,
118703811,
118063179,
117260809,
116431025,
116124354,
115256141,
114457068,
113515014,
113122493,
112186237,
121717473,
121057638,
120473100,
119741742,
118761042,
117824395,
117348533,
116633621,
115975320,
115206403,
114352186,
113879904,
112895031,
122230865,
121346656,
120813301,
119981342,
119494420,
118544854,
118033705,
116904428,
116191582,
115730373,
114789542,
114328475,
113611003,
112950575,
122256243,
121245378,
120487993,
119922512,
119138320,
118465173,
117836669,
117147290,
116432216,
115461047,
114744892,
114403938,
113195898,
112711308,
122028936,
121337071,
120607961,
119624123,
118673756,
118187862,
117544753,
116911071,
116190989,
115471810,
114784157,
113756907,
113128114,
132437175,
121625093,
120987155,
120248118,
119577979,
118918209,
117897462,
117343215,
116607491,
115927910,
115245696,
114576302,
113615935,
113003746,
112198160,
121536166,
120822590,
120189158,
119502801,
118847769,
118135380,
117456731,
116433930,
115464019,
115033624,
114095180,
113600463,
112949924,
122042286,
121374540,
120572476,
119864693,
119223538,
118515813,
117823484,
117174457,
116482789,
115766940,
114442101,
113990865,
113311254,
112362014,
122125093,
121454141,
120557074,
120426400,
119054287,
118370709,
117639121,
117105714,
116366586,
115705801,
115520808,
114307735,
113320000,
112711008,
121967726,
121310090,
120595196,
119888506,
119180595,
118520738,
117493522,
116845403,
116167417,
115520456,
114758257,
114063631,
113365585,
112673608,
131717911,
120988127,
120231249,
119397924,
118851510,
118164885,
117468360,
117040874,
115808996,
115324027,
114686198,
113950975,
113075803,
112584297,
121986345,
121296562,
120173078,
119617549,
118918518,
118276957,
117517911,
116555436,
115880683,
115407523,
114445944,
113674060,
112824544,
122166911,
121636804,
120982884,
120230329,
119550101,
118738030,
117841956,
117356662,
116750085,
116041282,
115330842,
114642250,
113694576,
112939273,
122271691,
121572806,
120889417,
120145236,
119445811,
118700558,
118056045,
117023507,
116340023,
115674850,
114722086,
113987699,
113583620,
112827181,
132154449,
121081141,
120400146,
119710105,
119086022,
118250632,
127549904,
126846881,
116132835,
115081381,
114130341,
113602022,
112891504,
122166799,
121553540,
120765275,
120072024,
118854929,
118358762,
117592143,
116880354,
116137684,
115406715,
114767690,
114068763,
113052881,
122369082,
141681706,
121042594,
120267397,
119591380,
118854636,
117918530,
117186466,
116457742,
115732281,
115025730,
114367298,
113667409,
112990795,
122296817,
121283701,
120606269,
119873825,
119153758,
118621716,
117875541,
117251847,
116520744,
115443810,
114721345,
114000237,
113395411,
112687092,
122052264,
121359548,
120613977,
119638052,
118858635,
118191528,
117501411,
116562695,
116108198,
115406027,
114582328,
113346438,
112658031,
122011671,
121542784,
120854622,
120170758,
119232514,
118759811,
117780030,
117112849,
116178788,
115669058,
115061927,
114337645,
113671722,
112968858,
121960772,
121297522,
120312130,
119614092,
118940748,
118423635,
117609871,
117051076,
115822080,
115102577,
114393409,
113719452,
113222460,
112625970,
121851314,
121085949,
120094743,
119418269,
118692550,
117782432,
117321811,
116652422,
115905783,
115227712,
114289881,
113533432,
112455781,
121917151,
121456722,
120528806,
120068171,
119373564,
118394228,
117704759,
117020865,
116329415,
115599566,
115027201,
114319157,
113586224,
112591294,
121935653,
121260325,
120437329,
119834513,
119121252,
118410008,
117740127,
116723513,
116006178,
115290082,
114663133,
113900313,
113248556,
122530626,
121822226,
120875448,
120196561,
119464208,
118767386,
118068348,
117360223,
116661104,
115984988,
115009278,
114321545,
113584542,
112948078,
112219906,
121539896,
120652109,
120174815,
119163810,
118449877,
117717790,
116812555,
116351787,
115642210,
114918740,
114280687,
113224046,
112556427,
121842651,
121169508,
120434348,
119731602,
118971368,
118211845,
117142267,
116669355,
115876489,
115264659,
114492900,
113612799,
113191993,
122475153,
121501046,
120823013,
119827106,
119128010,
118680601,
117988201,
117281716,
116441290,
115448048,
114524406,
113820760,
113163192,
112669343,
121988262,
121308321,
120566515,
119623246,
118949117,
118240927,
117861482,
126949223,
126236212,
120292020,
119759377,
118486039,
118024777,
117335956,
116641561,
115713778,
114775883,
114032661,
113377049,
112921398,
121999360,
121582346,
120888382,
120211095,
119496662,
118440010,
117975193,
117133429,
116288168,
115830047,
115114041,
114527495,
113696857,
112902168,
122186126,
121576541,
120545827,
120120004,
119366974,
118657193,
117972613,
117210930,
116526623,
115817974,
115055498,
113795428,
113138055,
112484007,
121751986,
121262787,
120550447,
120420672,
119187415,
118729520,
117528625,
116775082,
116100246,
115416965,
114688654,
113989529,
113288715,
122309899,
121586736,
120862035,
120188470,
119243587,
118743993,
117848084,
117360779,
116178143,
115490186,
114981407,
114237457,
113497110,
122317991,
121641253,
120914808,
119929656,
119239515,
118489823,
127815172,
117234817,
116432189,
115577027,
114816467,
113866881,
122892762,
122431143,
121692681,
121001911,
120204835,
119439252,
118743007,
117615667,
117161670,
116445711,
115736318,
115055369,
114390775,
113625114,
112950458,
121973472,
121298999,
120538937,
119833067,
119079129,
128101490,
127684780,
116934506,
115769259,
115045805,
114028911,
113634932,
112902662,
122035066,
121270141,
120545303,
119359858,
118629280,
117917844,
116967339,
116469166,
115673627,
115104707,
114402866,
123489517,
122763102,
132130773,
131385850,
130458296,
129994661,
128735596,
128081058,
127098517,
126407904,
125698158,
124960206,
124227057,
113266149,
112747945,
122027030,
121029011,
120305194,
119452856,
119422319,
118189674,
117389362,
116744939,
116012778,
114841276,
114071012,
113198897,
112688511,
121942465,
121215702,
120464923,
119683431,
119015305,
118303314,
117589054,
116846806,
116108574,
115401871,
114676717,
113982883,
113237090,
112496402,
121811158,
121139163,
120440099,
119670056,
118948094,
118368669,
117551001,
116302300,
115007716,
114328967,
113595147,
112684261,
112182218,
121471602,
120340808,
119862952,
118944501,
118432838,
117717329,
116972478,
116302175,
115525400,
114781817,
114095526,
113130126,
112641970,
111897535,
121181409,
120460014,
119724293,
119025744,
118283113,
117561714,
116852076,
116108482,
115386007,
114691421,
113971358,
112977022,
112209990,
121552677,
120821078,
120149926,
119404059,
118667014,
117743657,
116739912,
116272354,
115557967,
114598546,
114117074,
113262271,
112721624,
122026255,
121023662,
120375885,
119634579,
118961889,
118269659,
117555936,
116791558,
116076618,
114683253,
114115259,
113430713,
112684295,
111759112,
121269815,
120559122,
119822230,
118679666,
117910261,
117233938,
116509632,
115802564,
115126564,
114384459,
113714742,
112503202,
122060934,
121051070,
120555717,
119852292,
119108436,
118380814,
117686430,
116980903,
116269329,
115579027,
114866864,
114082884,
113352858,
112653349,
111949522,
121217910,
120467423,
119774899,
119022943,
118316514,
117338675,
116847664,
116173822,
115222228,
114707724,
114005544,
113260267,
112531465,
121789106,
121088231,
120399119,
119345655,
118776318,
117907673,
117138456,
116358169,
105655981,
84917623,
84207573,
83670563,
82924498,
82195069,
91483273,
90525361,
90020497,
89060401,
88531404,
87828919,
87093091,
86371003,
85642412,
84935215,
84206193,
83498042,
82792400,
81996318,
91297761,
90348144,
90311611,
89045473,
88358408,
87588938,
86869486,
86170410,
85501923,
84714180,
84037676,
83242457,
82564815,
81857969,
91131476,
90154863,
89361345,
88873967,
88142924,
87224103,
86727640,
85779413,
85013350,
84612529,
83891882,
83192467,
82470270,
81890328,
91058089,
90116050,
89646905,
88913488,
88178332,
87473483,
86735845,
86019372,
85221388,
84554501,
84184099,
92640882,
81649953,
90901810,
90191333,
89450161,
88499035,
97986909,
107033669,
86280036,
85800152,
85080056,
84357767,
83657221,
92884479,
82140846,
81391928,
90639162,
89895258,
89186701,
88303344,
87776934,
87071235,
86355153,
85603342,
84880871,
84178331,
83464013,
82764301,
82103481,
91093983,
90645697,
89728557,
89227012,
88280841,
107776885,
86856240,
86343552,
85596755,
84892775,
84169232,
83467968,
82530484,
81969368,
91269206,
90360675,
89912874,
89175462,
88224460,
87536463,
87051305,
86305054,
85620151,
84878938,
84197390,
83283092,
82619702,
82115410,
91392469,
90711736,
89840208,
89346144,
88657498,
87751159,
87251090,
86522994,
85586175,
84873892,
84128007,
83614609,
82900196,
82151735,
81479047,
90569592,
90048620,
89150032,
88697401,
87942659,
86972475,
86508239,
85525218,
85029600,
84298857,
83604577,
82642920,
82138742,
81404187,
90775266,
89984840,
89283903,
88525514,
87804277,
87094126,
86356604,
85655695,
84918508,
84182423,
83443531,
82624792,
81911399,
91213693,
90514433,
89270330,
88553959,
87703304,
87110077,
86473717,
85676763,
85013729,
84015462,
83507306,
82826195,
81896559,
91432561,
90690100,
89941752,
89231856,
88507878,
87919948,
87172932,
86195191,
85682117,
84990018,
84005742,
83530537,
82838059,
82071546,
81210870,
90250112,
89491920,
88953810,
88323449,
87361111,
86859538,
86171050,
85414497,
84704910,
83965630,
83241097,
82513623,
81766799,
91097275,
90382715,
89592080,
88918642,
88174465,
87428691,
86739175,
85774221,
85267102,
84562017,
