26805872,
9072770,
8430316,
8730379,
7950276,
7760333,
8935060,
7957007,
8091126,
7662143,
7818372,
8159790,
8338070,
8040320,
7583138,
8178959,
7786996,
7706651,
7279342,
7119214,
9257589,
7688470,
7996213,
7917482,
7698450,
7439156,
7601277,
7627553,
7496309,
7952538,
7842878,
8328818,
8051911,
7632029,
10599557,
7943621,
11975567,
9048927,
7359772,
7636469,
7346874,
9116870,
8197616,
8134783,
9599773,
8714962,
9669336,
9288921,
9872847,
7600041,
7867482,
8880954,
7751773,
9901804,
9796207,
9680240,
10101711,
9509405,
9418724,
11634523,
9650965,
8693180,
9469999,
7680839,
9148947,
7696966,
9133839,
7342379,
8558891,
8849200,
7338547,
11621507,
10513398,
9095238,
8089573,
9313686,
9275038,
8257632,
7773071,
7782549,
7536682,
7742377,
9371552,
7488157,
7964241,
9979988,
10112688,
7601505,
9487371,
7790226,
8566325,
7654767,
7654324,
8109566,
7708372,
7997599,
7784909,
7759163,
7496796,
7650524,
8072803,
7944524,
7825098,
9878888,
7943196,
7948482,
8353445,
8052010,
7825349,
7986301,
8151896,
7815303,
8457080,
8036617,
8305595,
8041730,
10389975,
7806875,
7764252,
7826540,
7939445,
7786109,
7852038,
7938496,
7797114,
8010120,
7743419,
8066346,
7631819,
7869034,
7734754,
8038577,
8107723,
8427096,
8101030,
7898464,
8162781,
8020124,
7864502,
10900050,
7775579,
9274955,
10652694,
8614795,
10508269,
10521644,
9550943,
9829873,
9078966,
21924419,
7964770,
9163072,
7949968,
9670995,
7724466,
9689915,
9130480,
7870114,
7770354,
10017734,
8806305,
9245819,
9976003,
7436062,
9573293,
8353119,
9746334,
9703572,
9674916,
11503800,
7950226,
7769705,
7653117,
8021479,
9763609,
7734896,
7860245,
10665089,
8838235,
7852195,
7885245,
8196369,
9366094,
8077634,
7919050,
7660922,
7716849,
7772595,
8907959,
7771432,
7812083,
8103436,
11394216,
9185993,
9684850,
10012375,
7831332,
7528736,
7612974,
7862975,
7960062,
7709196,
7931952,
8186350,
7961058,
7437239,
7543951,
7894791,
7663030,
8615444,
8121677,
10048963,
8047893,
7634618,
7921111,
7978061,
9302831,
7836456,
8365709,
7724682,
7557727,
7577561,
8450484,
7876684,
7982750,
9164452,
8091979,
8577686,
9253827,
9901613,
10064604,
10977322,
10760787,
10286851,
9827086,
9694822,
8941336,
7944376,
9237884,
7853631,
10750212,
8986963,
7812943,
9502424,
7489631,
8691711,
10519843,
8599115,
10032635,
8008718,
9715579,
9949858,
7837693,
8184568,
7840088,
7933238,
10089265,
7703876,
8019390,
7764556,
7926544,
7787634,
8619852,
8127226,
8074999,
7892710,
9794873,
7846416,
9704283,
8179900,
10489612,
9070477,
9122413,
7815748,
9467328,
8504473,
9358975,
10332343,
9711464,
9134307,
9246831,
11680076,
10374980,
9596567,
10697602,
10314547,
10572924,
9327759,
9900842,
9703224,
10330722,
10337605,
9930125,
10372648,
9640499,
8655855,
8513888,
11224491,
7930058,
10316503,
8069510,
8410893,
8749742,
8276661,
8316277,
8162251,
8374004,
8340952,
8753766,
7806938,
7723651,
8097095,
10599378,
8086583,
9959606,
8381685,
12881729,
9563390,
10430502,
10213105,
10209129,
9866045,
9879049,
9272713,
10946584,
7940607,
8825572,
11018270,
10613689,
7551194,
9645223,
7550879,
7825801,
9421137,
9643928,
8876769,
8218631,
9231174,
9903012,
10844439,
7775045,
7642737,
7793679,
9461993,
10011502,
7832949,
7799032,
10471221,
7684229,
7836085,
8654761,
9853596,
8327947,
9601206,
7436162,
7695514,
7749768,
7191234,
7563416,
7489792,
7562201,
7713876,
7462373,
7557098,
8125923,
7622261,
8028093,
10372483,
7949784,
10043349,
7685961,
8157538,
7952715,
7951257,
7692907,
7569478,
7186163,
7220214,
7539068,
7325168,
9552879,
7373721,
7092955,
7630986,
7475583,
7467438,
7651744,
7416282,
7557815,
7537491,
7643111,
7862566,
7787129,
7762249,
8078869,
7351635,
7424844,
7713698,
7913243,
8998698,
7307597,
7761527,
12538566,
10369843,
11359252,
9502270,
11020162,
8738841,
11294475,
8993696,
8918884,
7203324,
7487531,
8800266,
9308953,
7433110,
9254621,
11375983,
8779280,
8052815,
9601429,
9734580,
8765654,
8316766,
7802001,
9345657,
9808016,
7515465,
9039064,
7595215,
7582468,
9375004,
8977710,
11729326,
7155309,
7208170,
7211503,
7106303,
7185076,
7307169,
7677603,
7288615,
7642660,
7250404,
7111767,
7235138,
7463905,
7712998,
7449892,
7482354,
7602048,
7743274,
7180579,
7472303,
7706696,
9570538,
7257687,
11869959,
7563461,
8257142,
7587411,
7744156,
7432908,
7312379,
7327824,
7261273,
7269825,
6917605,
7515383,
7323575,
7432633,
7408998,
7184685,
8552155,
7550695,
7955510,
7726667,
7115205,
7646141,
8878382,
7424112,
7451255,
7506091,
7689969,
7401244,
7560363,
9064840,
7378762,
7313671,
9853027,
9726143,
9143596,
9003695,
9808623,
9428011,
9152156,
9392004,
9403395,
8721843,
7466493,
7806985,
9217129,
9488828,
9763218,
7273841,
9215095,
7401397,
7542585,
9277184,
11629384,
8969078,
10575582,
9649525,
8003464,
9108137,
7409905,
7563047,
7799856,
9238425,
9193187,
7490901,
8107060,
9733704,
7709472,
8301387,
12038237,
8951704,
9877142,
9574323,
9586090,
7482318,
7465781,
8444462,
7755096,
7476391,
9891247,
7852361,
9505367,
9303509,
8349031,
7472137,
7359470,
7800560,
10040961,
10284560,
7638578,
7495421,
7280461,
9147974,
7728982,
7515458,
7351769,
7458219,
9254212,
7055357,
7458770,
7261177,
7448459,
7350359,
7726021,
7800825,
9600638,
9447437,
8519279,
9477025,
7364707,
7713903,
7445961,
7376601,
7816265,
7239510,
7625741,
7438049,
8942146,
7509211,
7651148,
9615758,
9442345,
12327537,
9010202,
12015934,
9893134,
9407974,
11608427,
9709861,
8643118,
8424362,
7614411,
8983899,
9022100,
7089647,
11853209,
9246855,
6962371,
7086755,
9042378,
9253548,
8924014,
7349473,
8032601,
9352004,
8331910,
9036055,
7275175,
7652599,
7356360,
8696044,
8873913,
7404642,
7519811,
9208906,
7781183,
7855802,
9874780,
7650070,
8479465,
9718325,
7478787,
7399642,
7201239,
7484745,
7673266,
7550443,
7484609,
7620500,
7335843,
7248804,
7461119,
7560407,
7755624,
7348088,
8891291,
7688270,
9190409,
7653718,
7739849,
7709289,
7638893,
7293992,
7635170,
7315761,
7174802,
9022141,
7053013,
9265364,
9373324,
9281942,
9033234,
9992758,
9390687,
7755873,
7482744,
9011135,
7818800,
9291805,
10425582,
9234458,
9550522,
9275112,
8596945,
9240878,
10209656,
9324178,
10589540,
8968537,
10054774,
10065082,
10360862,
11120197,
11610294,
8681894,
10480148,
10754248,
11492444,
9631252,
11157759,
9356214,
9567426,
9360436,
9028027,
9027176,
9112926,
9233893,
9088935,
8943405,
8062799,
8093545,
10140188,
7782115,
9149502,
8130466,
7762759,
7786962,
9516434,
9061224,
7940533,
7771093,
7646186,
7895241,
8407676,
8067103,
7740636,
7932952,
7597823,
7511507,
7889413,
7680790,
7555975,
7370518,
7492771,
8202538,
7539419,
7555161,
7804582,
7838005,
7511638,
7610655,
7573084,
7779419,
8636986,
9916478,
7727552,
8378890,
7815514,
7635191,
7627943,
7438765,
7103636,
7840012,
7570339,
8075439,
7670830,
7220788,
6918678,
7238025,
7332361,
9287065,
7277134,
7496410,
7369916,
7634412,
9632136,
7467825,
7417259,
7534151,
7523254,
7530364,
9200311,
7512745,
8233085,
10423734,
7541335,
9171119,
9736844,
9125306,
10038555,
9514176,
9402645,
9653289,
8600045,
7619838,
8876544,
8577469,
9426787,
8773753,
9718515,
9641702,
7862461,
9491062,
9471512,
9564719,
10295199,
10143821,
9289935,
9056561,
9361558,
9626127,
8199672,
9242859,
7962442,
9296735,
8977991,
8325504,
7884586,
8860539,
8517575,
7906008,
7740616,
8892634,
8359499,
8225847,
10336466,
7799964,
10774636,
7873858,
7825149,
8067266,
7821441,
8065556,
7878861,
7689752,
7820793,
9582309,
7813039,
7584697,
7541543,
9624475,
7759053,
7566360,
7355577,
7353060,
7374544,
6967843,
6960122,
7186895,
7066065,
7314623,
7224254,
6754925,
7388000,
7372827,
7532281,
7589719,
7598260,
8373759,
9843223,
7916977,
9065889,
7414079,
7242901,
10174883,
7260468,
7374493,
7263367,
7282457,
9168577,
7503102,
9280444,
7404161,
8702546,
9567806,
9100368,
9827376,
9586325,
9334089,
9305861,
9168689,
8843686,
7474865,
7523841,
9481257,
7712659,
7608573,
9421767,
7657705,
9602620,
7339953,
9102547,
9318945,
8594119,
7667313,
7681008,
9031450,
9078055,
7699197,
7254914,
7423351,
7468044,
9634645,
9124807,
7588892,
7608589,
9663682,
7367692,
7717313,
7698254,
7417219,
7986633,
10556243,
7627937,
8178045,
7572094,
9669545,
7126447,
7937097,
8738811,
8918958,
8271403,
9902179,
9129997,
7002382,
7057115,
7218624,
7208257,
9036633,
9593263,
7398489,
7644742,
7634110,
9452941,
7386792,
7299909,
7105768,
7282831,
8336812,
7418877,
7272449,
8083419,
7192570,
8765803,
7826159,
7579291,
7565073,
7244946,
9424813,
7477528,
7461302,
7350576,
7416635,
7816269,
7785500,
7570951,
9128581,
7571284,
7364442,
9291737,
7329316,
9291290,
9267679,
9549290,
9659284,
11038179,
11747203,
11230287,
7639076,
8302534,
7466703,
9521629,
7675490,
7455185,
9275802,
9148460,
7160911,
7251940,
7458008,
9161330,
7726643,
8536650,
7787152,
9392777,
9464563,
7306740,
7703330,
7518055,
7311107,
7593007,
9610101,
7552414,
7413748,
7723506,
7540726,
7384620,
7442848,
7307801,
7251417,
7741509,
7338554,
7455615,
7437496,
7418175,
7385803,
7786352,
7604080,
7474407,
7883315,
7322003,
7684050,
7595598,
7282661,
7643693,
7426141,
7326332,
9278368,
9821903,
8603464,
10087807,
7221444,
7468170,
7430136,
7256037,
6936140,
7516712,
7649560,
7611540,
7418102,
7455974,
7377649,
7526401,
7376675,
9927005,
7659199,
7652640,
11978044,
10018520,
7572408,
9611079,
9658142,
8562228,
9447943,
9225865,
10200562,
10050422,
11351726,
7611469,
9664083,
7687351,
9997905,
10029481,
10117374,
9953982,
12088943,
7466698,
8498435,
7593067,
9955192,
9230313,
7780214,
9162589,
9543575,
9017264,
8818436,
7672059,
9202226,
9804977,
9973335,
9988941,
10270012,
9896760,
9124682,
9648270,
8881139,
7866396,
9915239,
9471803,
9370687,
9768503,
10243266,
9773470,
8857007,
9968111,
10228543,
9684685,
10386368,
9860522,
8467777,
9434992,
9385892,
10078802,
9366517,
10008995,
7716192,
7778179,
9415082,
7819509,
7452845,
7267850,
9469985,
7435564,
7659639,
9714319,
7706096,
7774927,
7725853,
7794829,
7918801,
7634350,
7653200,
7536218,
7426794,
7121325,
7810238,
7543079,
7331103,
7155964,
7345913,
9595803,
7558845,
7243367,
9673515,
9814170,
10663670,
7303674,
7702220,
7606000,
7340451,
9164729,
7634570,
7522312,
7831076,
9994402,
8476277,
8226118,
9428787,
9599271,
10362898,
10073543,
9946982,
9022031,
9455366,
7687436,
8308838,
7959991,
8944621,
7552841,
9524973,
9592670,
7661213,
7527425,
7623170,
12143742,
7573689,
9371308,
8913938,
9138820,
9304468,
9553356,
9086339,
8966431,
9309634,
9617952,
9852083,
9325432,
9394518,
8148032,
7477279,
8866123,
9057055,
7667566,
7499787,
9493523,
9744886,
9161940,
7922949,
9296785,
7758929,
8915390,
7723249,
7723403,
7829117,
9262225,
8152139,
8122055,
7903458,
12079396,
10830928,
8046290,
8194846,
8214947,
8564673,
8229538,
7870775,
7860322,
7706211,
7566684,
8073199,
7698130,
7857514,
7664258,
8025346,
7789293,
7656149,
7890846,
10548628,
8022254,
7811859,
7756846,
7535611,
8070042,
7464492,
8299789,
7701287,
7675555,
9353050,
7894418,
7519381,
7586800,
9973642,
8790619,
8922622,
10009216,
9175473,
10546044,
9601332,
13509229,
11814665,
9828519,
9968352,
9536120,
7874698,
10886750,
10185990,
7570277,
10126079,
7830741,
7803565,
7501096,
7883234,
8823810,
9201867,
8965821,
9374417,
7776985,
9298520,
9216261,
7502577,
7571136,
7473676,
7425005,
9286544,
10671689,
7434285,
7321470,
7993324,
7648990,
7896142,
7264822,
7588663,
7572267,
7578975,
7768249,
7588783,
8594457,
7682547,
7498366,
7782358,
7844841,
7600373,
7369473,
7817001,
7667559,
7602022,
7528924,
7642763,
9384100,
7543854,
7908781,
10601313,
9592881,
9403281,
9371333,
10900196,
7323865,
7206508,
7707033,
7317839,
7307330,
9204571,
7698223,
7427504,
9996981,
8515568,
7851271,
7519373,
10184500,
7351613,
9757520,
8280374,
7580166,
7356104,
9216260,
7877183,
7592481,
7327883,
7457131,
9443655,
9414844,
8483483,
9249852,
9634978,
9982366,
9615708,
9529142,
8886075,
11145732,
7605817,
8647714,
9224282,
8521661,
7674004,
8985930,
7261349,
7574264,
7359684,
7588948,
9434232,
7555421,
9323941,
8469212,
8852287,
9021318,
9049829,
8775676,
7321583,
7406014,
7463335,
7448092,
9388200,
9417760,
7175025,
7925948,
7612270,
7481965,
7756533,
7775091,
7709179,
7527104,
9381107,
7774704,
7727736,
7666914,
7716580,
7890375,
7790689,
7750822,
7695336,
7895275,
7573761,
7484955,
7757398,
8082473,
7413535,
10056334,
7615774,
7662923,
7618504,
7861425,
9635422,
6953149,
7260512,
8995510,
7809491,
7387503,
7902528,
7458526,
7716899,
7463257,
7754849,
7294443,
7235514,
7726246,
8030553,
8831288,
9132169,
9242403,
7414512,
7371828,
8969218,
7615797,
7914195,
8039560,
9870650,
7458075,
7446295,
9505293,
9509420,
9252165,
9880935,
9809278,
9616715,
11729709,
9882260,
11509259,
8601671,
9348361,
9151801,
7748805,
13546333,
7719180,
7569111,
9976602,
9064093,
9479449,
7871288,
10923221,
7299427,
8967371,
9199113,
9612533,
9164290,
9346752,
7636024,
7349465,
7746286,
9030764,
9102679,
10167991,
7832492,
9441797,
7447912,
7462622,
7535911,
7479807,
7250434,
7487518,
9391940,
9134676,
9622036,
7787648,
7423762,
7462245,
7596174,
8854262,
7303093,
9248442,
7333820,
8888013,
8851628,
9917236,
7459916,
7526894,
8169808,
9234308,
9236365,
9269240,
9633282,
9340549,
9754611,
7284896,
9703280,
7618290,
9710006,
9595412,
9536169,
9108101,
9621732,
9058853,
11959655,
9524871,
7654950,
8032214,
7125268,
8936051,
8879938,
7489141,
8746840,
7678176,
7412883,
7617377,
9319588,
7454776,
8393415,
9320669,
9630386,
9695468,
9293268,
7972480,
12000707,
13276639,
9468720,
9030697,
7705478,
9174448,
9843422,
9554562,
8662432,
7837657,
7585247,
7777563,
7654866,
10008012,
8401850,
9396008,
8675931,
10227862,
10005186,
8092303,
9955969,
7717509,
8027617,
8095532,
9656484,
9274079,
8013654,
7867834,
10197552,
7711034,
8210019,
9401858,
8264661,
11857722,
9719836,
9513009,
7504724,
7735790,
7639194,
7763766,
9186449,
7279953,
7350139,
9138965,
8559575,
7658910,
7505644,
7803601,
7582522,
9852276,
7667763,
7756046,
8006583,
8954708,
9078320,
9453944,
7780232,
7265333,
7196181,
9988978,
7611693,
7667021,
7576464,
7485443,
7633730,
7907025,
7770399,
7638970,
7705119,
7490638,
9219655,
7639341,
10636902,
7826318,
7931903,
9242620,
7251321,
7487692,
7531180,
9557196,
8035794,
8929458,
9392714,
9095627,
9475517,
8782567,
12718691,
8879992,
9933042,
9504843,
7708103,
8722171,
9493250,
8529932,
7682072,
9329941,
7878804,
7487594,
8037556,
7814284,
7945840,
10192099,
8322427,
9323507,
7922351,
10300581,
9715364,
10722068,
8653005,
8078799,
8024427,
7857835,
9211533,
9704362,
7868691,
7567054,
7396989,
7817866,
7753491,
7942704,
7681669,
7652580,
7803605,
8754237,
7427126,
7809792,
9871737,
7669826,
7482985,
7644891,
10480878,
7958244,
8099052,
7923682,
7980844,
8165222,
7925913,
7561575,
9460503,
7725983,
7424995,
7382633,
7464053,
7601747,
7742526,
7943948,
7706563,
7921458,
10655915,
7902569,
7915620,
9114781,
9804790,
9400885,
7698936,
10172791,
7601154,
7771992,
9006908,
9165575,
9336143,
8743884,
10027268,
9527753,
8807290,
8904717,
10721632,
8894304,
8849645,
9817604,
8904146,
10153927,
8994970,
10198059,
8730604,
9366457,
9923713,
9870473,
8707093,
10304239,
10164504,
7556354,
9290362,
8122255,
7827947,
7710276,
7931588,
7522948,
10844068,
7964467,
9648325,
7684438,
8760163,
9313841,
9294067,
9340332,
7968818,
7630356,
7836050,
7330024,
9840628,
7828335,
7467163,
10221117,
7788822,
7492585,
7505922,
7811303,
7752196,
7771903,
7879509,
10443225,
9707352,
10258188,
7538635,
7735364,
9608408,
8863876,
7848698,
7539519,
7510106,
7633237,
7591851,
8070370,
7824555,
7797189,
7882476,
7778428,
9752004,
8191982,
7825394,
7920081,
10506410,
8195676,
8249605,
8096666,
8218455,
8230144,
8030480,
7997217,
8105244,
7673590,
7959621,
7674428,
7649249,
8391384,
7262683,
7442748,
7379738,
7536118,
10248106,
7592737,
8180034,
10012051,
8536905,
7785429,
10262879,
7746189,
10158077,
8973842,
10133483,
9802264,
9534067,
12075839,
9752444,
10714565,
7939140,
9203073,
10247172,
9631469,
7782280,
8088836,
9848145,
7896501,
9620223,
9391444,
9382194,
9200359,
8579077,
7732665,
9183998,
10249945,
9507379,
7785929,
9807400,
8502632,
7650089,
9491926,
9423197,
7671237,
8891661,
7731872,
8145995,
7802781,
8885084,
7708976,
8210512,
8447274,
8790426,
8111213,
9891715,
7872514,
7977848,
8072632,
7747260,
8052576,
7849918,
7928174,
7727872,
8308143,
8171725,
8055732,
7755332,
8049927,
7831045,
7839108,
10523097,
9707181,
9559318,
7626250,
8280137,
8113758,
8161385,
8049640,
8026171,
7667360,
8030173,
7678058,
7686522,
8039834,
8498178,
7406166,
7552383,
8974003,
9344781,
8129532,
7829155,
11955113,
9562335,
9379894,
9988574,
7876024,
9353272,
9604602,
9462373,
9570085,
9341477,
10937357,
10275458,
9714054,
9516712,
10851850,
10385154,
8222882,
10426767,
10520782,
11393692,
10196110,
10365791,
10785018,
8633587,
10130624,
10760701,
12901075,
7850164,
8918714,
7431205,
11573270,
9755554,
10215971,
8016016,
8842058,
7579722,
7851122,
7478306,
8950235,
7843044,
7519048,
7178513,
7523034,
7780793,
7561924,
7861257,
10726604,
7881111,
7782735,
7511195,
8834699,
7759912,
9778206,
10775278,
8531852,
10805792,
9666938,
9754349,
10899890,
8169802,
7848738,
8331634,
7948506,
9823044,
9703213,
8142286,
8093459,
9914945,
9576306,
8638910,
8215573,
8170792,
8425386,
9898755,
8235197,
8283881,
8053639,
8910845,
7808493,
8028704,
7504592,
7761544,
7623261,
9987819,
8993481,
10932653,
7884685,
8643444,
10137360,
8303523,
7486228,
9955126,
8953152,
7947818,
10480947,
10457307,
9774771,
10190586,
10080230,
9658189,
10131308,
12226776,
9916746,
8913287,
7902498,
9683885,
8185235,
9491400,
9713431,
8126663,
8018236,
7797091,
7784895,
10419625,
7657403,
9948933,
8465739,
7987806,
9399804,
11589868,
10254082,
7704017,
7748893,
7660842,
7817994,
9132506,
9605491,
7657583,
7717459,
9036460,
7731260,
7408957,
7536171,
7729253,
7589190,
7887870,
8066166,
8523118,
9546885,
9571586,
8701179,
7487865,
7654866,
7573628,
7536467,
7249601,
7723414,
7427818,
7385939,
7719658,
7751580,
8103629,
7768655,
7717976,
7462153,
9581812,
7684263,
7561834,
10285350,
7816116,
7792605,
7620767,
7963231,
7715462,
7705629,
7737137,
7546304,
7493017,
7601847,
7643095,
7576605,
7363595,
10355661,
7710695,
7854098,
9498182,
9018007,
9750384,
10308738,
7974994,
9137845,
8289408,
9051406,
9537303,
9084754,
9612398,
7639863,
9120237,
12910656,
9181079,
10607666,
7275773,
9174766,
9356114,
9117516,
9792840,
7579174,
8533205,
7898387,
7615531,
7424778,
8931052,
9301091,
9045404,
9981030,
9686473,
8959118,
7917690,
9512830,
8115759,
8177570,
9950255,
8094179,
10403825,
8184717,
8360170,
8086239,
8300588,
8879065,
8261236,
8102556,
7953947,
8468266,
8378140,
8268988,
10030085,
7896510,
8550415,
8015813,
8155439,
8331617,
8192037,
8422346,
8499390,
8643071,
8496623,
8162650,
7952570,
8375443,
8476286,
8429983,
8013290,
9858493,
10533040,
7720267,
8590997,
8679170,
8281554,
8464482,
8151646,
8236991,
8351727,
8165675,
8060855,
8065386,
8250535,
7841875,
8222531,
8102776,
11205380,
8006887,
9136868,
9381674,
8360240,
8970330,
10856017,
10802391,
8326990,
8569561,
10372944,
10512926,
10261630,
11202291,
9619633,
9085814,
9837240,
9991651,
7969187,
11303750,
10221366,
9716085,
7955709,
10646339,
7713753,
7755870,
7835095,
7537706,
9044484,
7901362,
9447979,
9291400,
7872185,
9500313,
9586299,
9183604,
12068077,
9356538,
9874090,
11704240,
9986982,
9723032,
7637130,
8415639,
7846611,
7740399,
9312088,
7420538,
7293755,
9556968,
9522480,
7466403,
7497557,
7171447,
10167073,
9505812,
7550921,
7357102,
7659816,
8630502,
7534847,
7192057,
7501951,
7292800,
7556093,
9599842,
9597258,
7415186,
7426989,
7676359,
8073580,
7465811,
8220235,
7522067,
7423648,
7634578,
7245899,
7033123,
7122877,
6956389,
7313740,
7478982,
7316940,
7272904,
7459745,
7549523,
7451332,
7908058,
8297114,
9978591,
7108338,
8878646,
7473262,
7355115,
9668044,
8960078,
7501852,
8702795,
10056030,
9349458,
9870555,
9417069,
9139581,
9285030,
9614759,
9884652,
8888011,
9424303,
9823606,
9584939,
7967913,
9327296,
7918040,
8866511,
7573354,
8808749,
8674575,
7435602,
8882382,
8209679,
9273245,
9192916,
10415161,
8772412,
9791726,
9586585,
8852731,
7543670,
7833835,
9730225,
9322089,
9454957,
9154287,
9171200,
10121808,
9800425,
9887686,
10390250,
9735524,
9590336,
12030922,
9064582,
9790159,
9731783,
8673986,
9751228,
7518857,
9854206,
7161195,
7092317,
7382211,
7136451,
8971751,
7452564,
9327108,
7870020,
9506156,
8817361,
8971638,
9441003,
9735877,
7878341,
7254408,
9650885,
7610546,
7739045,
9352625,
7692896,
7651433,
9800131,
8994201,
7471767,
7872262,
8180192,
7935503,
10215224,
8012123,
7210412,
9536714,
7374958,
8418651,
9814600,
9225982,
8380830,
7476801,
10051665,
9175002,
9929693,
9506894,
9219946,
9466996,
9332724,
9068884,
8849004,
12201411,
9649336,
12214248,
7658547,
9530962,
9210032,
7824191,
7837724,
7943567,
10034324,
8187395,
7938608,
9455520,
8893751,
7643031,
9494186,
7925642,
10520064,
11016982,
7752399,
8310552,
7989190,
10216235,
8102869,
8303838,
8037176,
8360670,
8357682,
8286318,
7930718,
7837474,
8203291,
8148311,
7920583,
8363571,
8093239,
7781037,
8797927,
7691596,
7844046,
8085636,
8284951,
7952940,
7961764,
7732037,
7768632,
7945541,
8068296,
8088165,
8164294,
7955764,
10534703,
9723945,
8145734,
7271678,
8894301,
7693883,
7582962,
7541708,
7440445,
7901614,
8177657,
7702579,
8078499,
7838162,
7648086,
7293556,
7735349,
7600007,
9629073,
7696382,
12596290,
7966713,
7998156,
8082579,
10039493,
8092009,
9426508,
7744358,
9933099,
9972338,
10266669,
10411971,
10207415,
9824027,
11955044,
9645225,
8697636,
8124546,
9710512,
9833022,
7968967,
10192959,
9926478,
8244145,
9938314,
10368817,
10068747,
10905210,
9766006,
9213226,
8253124,
9908557,
7873198,
10259159,
11566077,
9226495,
7774363,
9582648,
7851178,
10983706,
7964347,
10068071,
8131560,
8011614,
7928765,
7644073,
7682179,
7404750,
7653647,
7836914,
7694639,
7593606,
7609600,
8555084,
7889106,
7246803,
8015775,
8004351,
7314319,
7570353,
7691322,
7531923,
7716386,
7888938,
9710057,
8042106,
7640843,
7919724,
7592631,
7956087,
7961776,
7749782,
8478826,
7533847,
7588514,
7554861,
7803889,
7578741,
7721385,
7624257,
8100087,
7378901,
7687664,
7658770,
7690644,
7763999,
9208103,
9704581,
7778298,
9817952,
7555968,
10606178,
7620000,
8870879,
8010181,
9654126,
9448115,
10163546,
9830714,
9517629,
7371309,
9125871,
8902079,
7899449,
8500370,
9501359,
9198935,
7773359,
7400860,
9328235,
8055279,
7722987,
7932175,
9962176,
7883871,
7689683,
9142054,
7380216,
9246969,
9295262,
7726587,
8116619,
9945438,
7581330,
7511720,
7716585,
9231046,
8789936,
7339364,
10548094,
7818244,
7675317,
9651051,
9091599,
9878483,
7808052,
10646130,
7510068,
7655686,
10238789,
7805223,
7154591,
9704414,
7272840,
9603501,
8114362,
8478428,
7498291,
7367417,
7245835,
7356410,
8670044,
7383435,
7516510,
7445599,
8842595,
7496275,
7327496,
9472189,
7744139,
7741362,
10239778,
7199100,
7403158,
7433494,
7474627,
7525081,
7440838,
7333901,
7646510,
8039229,
7223383,
7104804,
7081819,
9327846,
7498655,
7346923,
7204030,
7443749,
9946912,
7350465,
8274804,
9075304,
9234461,
9762526,
9224361,
10942970,
7461026,
8737782,
9785100,
7336462,
10516719,
9266451,
7498671,
8743923,
8713879,
9310794,
7364259,
7271829,
7586918,
7738780,
8930142,
8926003,
10209428,
8468839,
7538460,
9256478,
8631431,
7344995,
9353321,
7608164,
10036012,
7112245,
7000452,
9623755,
9311117,
7356483,
7373596,
7298397,
7438963,
7457142,
7323719,
7112404,
6929180,
7167631,
6976810,
6915841,
7862291,
6946055,
7153259,
9765845,
7336427,
7714735,
7399973,
9232238,
8779246,
8870777,
9280952,
7691336,
8877017,
9455403,
7562911,
9095164,
8813656,
12457059,
8853706,
9618377,
11924674,
10166723,
9432893,
9742997,
9104946,
9617389,
9571640,
9047775,
9818305,
9790384,
9921462,
7570351,
9709391,
9212097,
9999492,
9295681,
7250053,
9469780,
9481722,
9432651,
9272213,
8925618,
9850578,
9622322,
9239615,
9639522,
9878943,
8013494,
9248948,
7729663,
12600015,
8627084,
10854854,
8581005,
9347100,
9989341,
12537041,
8132545,
7947266,
7824667,
7721033,
10108250,
7847571,
8053080,
8885796,
8050116,
9276061,
8855172,
7660953,
9655335,
12634814,
7574367,
7575457,
8920346,
10341609,
7416105,
7967463,
7676010,
7713379,
7729874,
7482022,
7871014,
7954827,
7698689,
7443129,
7395045,
7676587,
7894900,
7759222,
9383678,
7498129,
7467874,
7559524,
7675843,
7821145,
7694132,
7940457,
7913944,
7626540,
9137736,
7844428,
7564678,
7721840,
7711510,
7594256,
8226557,
7677085,
7993898,
7388939,
10621715,
7999997,
7797153,
7755184,
7241724,
7080722,
7050489,
7051943,
7354901,
7289711,
7430561,
8848524,
7127517,
7331773,
9393783,
7454254,
7474684,
8767569,
9205476,
9299281,
9988751,
9431297,
9081339,
9940973,
9870340,
7996900,
9227088,
9539155,
8058309,
9413517,
9560968,
8896818,
8886935,
9806898,
7763809,
9602228,
9395542,
10252022,
9550649,
9167808,
9500203,
9213247,
8664318,
7669116,
9316212,
9720341,
7961057,
9579952,
7935590,
9520156,
8202961,
8448845,
7429526,
12284113,
7568081,
10450299,
7790016,
7640370,
7275892,
7444286,
8784597,
7439813,
7541504,
7683140,
7517381,
7699719,
10019071,
9117762,
7252201,
9384547,
7157701,
7765669,
7652690,
7691607,
7567011,
7345223,
7455111,
7309579,
7589762,
7318330,
7561111,
7294460,
7130103,
7349035,
7263224,
7479101,
8856765,
7520634,
7470632,
7501418,
9282647,
7321077,
7238583,
7414161,
7460608,
7396027,
7250227,
7599583,
7447411,
9241339,
7684933,
7940942,
8206151,
8236996,
10795478,
8944744,
10279014,
9372099,
9888338,
9234720,
9501099,
10736215,
8547668,
8176892,
9009062,
8918225,
7926134,
8200176,
8859822,
10589427,
9041484,
9068377,
9049690,
7808500,
7514378,
7484004,
9167188,
7664010,
7944859,
8873356,
8226945,
7744336,
8960910,
7519338,
7729455,
9492220,
7696837,
7593679,
9717025,
7572847,
9220192,
7723774,
7603561,
7463025,
7364038,
7009574,
7194731,
7261504,
7235437,
7137124,
7336167,
7347849,
7226940,
7630798,
9639461,
7924454,
9154519,
8707521,
9692341,
8775840,
9429200,
7837179,
7925626,
8148045,
7885505,
7637713,
7480322,
9510403,
7595943,
9381133,
8550847,
8958790,
9663232,
7594607,
7567863,
8322001,
7983764,
7252948,
7181962,
7498576,
8749769,
6933923,
7666999,
7870807,
8045316,
7480587,
10374061,
9004307,
7664865,
8269219,
8505727,
9642932,
12702007,
7880281,
8576295,
9178491,
9599478,
8514952,
9928252,
9947915,
7943348,
9940227,
9522506,
8431336,
9037349,
9715687,
8995908,
9652773,
7545612,
9788484,
7773132,
7793131,
8560765,
8150254,
10164336,
8306383,
7713499,
9531096,
7875799,
9865122,
9018691,
7966419,
10549357,
8047389,
10095807,
9287816,
7645005,
9455038,
8847209,
7380976,
7405279,
7315079,
7338168,
7512074,
7623405,
7513529,
7693233,
7643087,
7458402,
7629363,
7615546,
7673897,
7907502,
10423437,
7694346,
7726592,
7604847,
7843950,
7845493,
8664057,
7663290,
8036347,
9985588,
7788869,
7584172,
7821274,
8079849,
8402846,
7841647,
7855298,
7513714,
7591331,
7626053,
7583329,
7578816,
8496107,
7840457,
7842110,
7811934,
7604437,
8074580,
7455303,
7490752,
8728199,
10030207,
7732570,
9498092,
10818977,
8147066,
9606834,
11806289,
9555214,
9562469,
9386357,
9273007,
8347633,
9598925,
9512233,
9723171,
9723091,
9952890,
9506091,
9863559,
10918917,
10547797,
10860230,
12113604,
10259716,
8924102,
9933645,
10351265,
12807880,
9510763,
9910079,
9499889,
9731022,
9089990,
9533858,
7780250,
10627235,
9826026,
9569979,
7478921,
7847250,
7735192,
9389097,
7899864,
10334862,
8955588,
7687413,
7741140,
7650307,
7532772,
7536340,
7420722,
7692982,
7570234,
7951491,
7632460,
9871559,
10421209,
7673329,
7731519,
10110790,
7908077,
7741749,
7915436,
7518331,
7769442,
7621852,
7920452,
7528553,
8152155,
7503959,
7481311,
7155154,
7217724,
7257649,
7303515,
9061270,
7168119,
7296731,
7923347,
8420458,
10096200,
7927240,
7644906,
7797305,
8263206,
7681899,
7804980,
9478458,
7846381,
7729520,
7679186,
7510420,
7747909,
10922922,
8732887,
9596612,
10482816,
8888048,
10422117,
9431633,
10031274,
9465567,
8788977,
9413423,
7893771,
8512991,
7635740,
9110104,
12238172,
7209464,
10195573,
7520581,
8885672,
7718256,
7589893,
8989043,
7574447,
8900508,
9360574,
9168826,
9841813,
7536628,
9655818,
9277062,
8991043,
9222513,
7420835,
9421657,
9187925,
9228290,
7502924,
7599320,
7515738,
9640278,
9279973,
9366978,
8174032,
7702296,
8825048,
8163507,
7467885,
7687172,
7803968,
8941272,
7632060,
7274752,
8057700,
8849516,
7558014,
8691500,
7973993,
7802885,
7783339,
9894252,
7985411,
7864620,
8036252,
7776760,
7857784,
7749740,
9332944,
10074327,
8355358,
7542208,
9856947,
7907868,
7886530,
7667425,
7703182,
7871315,
7913017,
8291725,
10789021,
7767889,
10385367,
8024780,
9550732,
8302868,
7837449,
8021121,
9705099,
9983733,
8455299,
10509965,
9880483,
9219118,
9749940,
10232443,
9629405,
8853002,
9001465,
7473952,
8435012,
7690707,
10603657,
9286631,
7676808,
9435700,
7647889,
7826318,
7742416,
7985714,
9819462,
7732720,
8424899,
9636656,
8073856,
9435343,
10252599,
8857051,
9929881,
7994231,
7887505,
9917061,
9663865,
10638081,
9579162,
10405401,
7997719,
8046474,
8313467,
7942876,
8379777,
8414259,
8360658,
8005653,
7668314,
8177066,
8029128,
8114579,
7418556,
7695559,
7750499,
9043091,
7783449,
7679023,
7492386,
7769235,
9917452,
7737195,
10047828,
10070164,
7475949,
9717631,
8609548,
9774338,
8083909,
9841429,
7786859,
7612190,
8839265,
7978828,
7786722,
7831849,
12092500,
10148764,
8523300,
7962502,
9049499,
7515758,
7718384,
8986338,
8534015,
8204062,
7828497,
9842013,
10084071,
9161503,
10346259,
7829997,
10504789,
9213188,
9220925,
9568613,
9751908,
8708636,
9577081,
9446203,
7532318,
7607643,
8516526,
10855097,
8608328,
9170433,
9249312,
9422103,
7662014,
7795789,
7475664,
9083146,
7677563,
9577932,
8837109,
9753411,
9800077,
9843129,
8117026,
7966583,
9022450,
7858408,
7494834,
7626823,
7813766,
9776431,
8781667,
7476411,
9417706,
8132161,
7824871,
7531881,
7669652,
7558669,
7817582,
7519584,
7400786,
7310463,
7421629,
7651630,
9529535,
9136071,
7830364,
7634946,
9862747,
7859316,
7756461,
7731080,
7495468,
7551407,
7880479,
7314242,
7623385,
7349367,
7354059,
6831871,
7284244,
7293684,
7143427,
7532998,
9453467,
7796510,
7705331,
7699219,
7462990,
7509086,
7371365,
7422920,
7471386,
7611350,
8997860,
7621437,
7350321,
7727293,
7557279,
8093045,
10137328,
8785658,
9169225,
9072837,
9246141,
9339170,
12701212,
9981888,
10843122,
10441371,
9320237,
9968174,
10087835,
9620281,
8154873,
8910375,
10296873,
9837013,
10201343,
7823705,
9951513,
9710574,
8400249,
8963025,
9112689,
7749166,
9001111,
7969627,
9986771,
10011448,
9173514,
9978325,
9185618,
8773689,
9513322,
7213873,
10260612,
8960392,
8480767,
9633608,
7466374,
7550383,
11746342,
9224231,
9970139,
9958078,
8753419,
9772477,
10134657,
8434865,
9471956,
10503737,
10012182,
9652404,
9769231,
10281651,
10298309,
7516110,
9299931,
7629381,
9735800,
8866818,
7540538,
7626514,
8194472,
7893953,
7758442,
8119669,
8235969,
8395846,
12113606,
7728728,
8302956,
8736479,
9930688,
8094578,
8108673,
7891215,
8114042,
8316940,
8575351,
10040635,
8002893,
10855781,
8132098,
8235095,
7681259,
7617900,
9761073,
10117262,
9707538,
8886302,
9579095,
9298134,
9322574,
10701900,
9676779,
9612994,
7578617,
7680810,
7793027,
8636294,
8963881,
9416494,
7500934,
9856243,
8240834,
7638091,
7931630,
7665226,
9123467,
7705638,
8731502,
9241815,
10500014,
9648200,
9616807,
7681399,
7357759,
9562648,
7314127,
7624521,
10126676,
9890952,
10125272,
9818236,
10042149,
9972919,
8135845,
9618930,
9519887,
10654801,
9816154,
10386072,
7949155,
7998923,
8945681,
8186461,
8241081,
8159749,
10300469,
10376541,
10095727,
8956649,
7447241,
8815769,
7594158,
7688709,
9663012,
9399574,
7754463,
7740349,
8074482,
9202606,
7624326,
7599281,
7807208,
7838248,
7618244,
7604075,
9777014,
7573050,
7511738,
7589939,
9831796,
7539948,
7980823,
7567913,
8118413,
10368914,
7877219,
8089093,
8205704,
7960963,
10570865,
10178520,
9459443,
9996388,
9086267,
9112496,
9378460,
10200003,
10385778,
9521662,
9700541,
8490305,
8071100,
7977129,
9366366,
9883246,
9693575,
8117970,
7849025,
9987674,
8339640,
8767175,
8306047,
7752822,
9328934,
7985349,
9327055,
10012305,
9735034,
7942779,
9123850,
7604076,
9747950,
7748659,
7795266,
7747356,
8194735,
9666921,
7715224,
9310665,
8182704,
9705646,
8129555,
8099058,
8252998,
7942957,
8168486,
8368579,
7926051,
7932995,
8014693,
7792922,
7858465,
9793804,
10640309,
7619657,
8116715,
7775844,
9017048,
8513616,
8377540,
7835828,
7614563,
8107186,
7583930,
8228455,
8018584,
8032107,
7755658,
7948154,
7906985,
8134528,
8033889,
9435999,
8163738,
8360273,
9745968,
9505175,
9737171,
8304712,
9347948,
7767135,
9771919,
8189324,
7845785,
8184165,
8281204,
9658861,
7845835,
10316115,
9287554,
8965258,
8778698,
9642146,
8812516,
9687250,
9472731,
9564744,
7690918,
8763349,
7611589,
7841027,
8572298,
9423483,
7707582,
7643328,
11869605,
9267705,
7343206,
7482841,
8125847,
8450717,
9267239,
7268798,
8389727,
9396744,
9222372,
9298101,
7344553,
7345354,
8799266,
7281897,
7302967,
7533853,
7159353,
8991157,
9491921,
7435798,
7627693,
7184038,
7213460,
7757605,
7702169,
8030867,
7875882,
7672509,
7965504,
7850368,
7489378,
7796716,
7642906,
7856912,
7635610,
7410048,
7855008,
7552201,
7446816,
7441115,
12624121,
7431980,
7687864,
7865600,
7757294,
7716733,
7744891,
7620510,
7684115,
7473985,
10112283,
8609364,
9091238,
8099318,
7735152,
8057626,
9676194,
7756873,
7742830,
8199014,
12778703,
7546722,
10049013,
7655679,
9373057,
7809838,
7790339,
7718329,
10419121,
9161632,
10218630,
9359375,
9708226,
9070124,
10085123,
9690417,
9490915,
9774973,
9406663,
7719858,
7753552,
9726558,
9347890,
10210949,
7930551,
9443094,
8942277,
7680189,
9009394,
9232823,
9209375,
10003101,
9801700,
11243689,
9656967,
9195582,
8003183,
9576459,
7391126,
10367235,
7528131,
8004266,
9382774,
10107550,
9601424,
9789407,
9149646,
7860475,
9674933,
12931801,
8631621,
7958788,
8622410,
8178377,
7402863,
7071127,
7568781,
7103318,
9416138,
7594073,
7295182,
8521309,
7331379,
8981435,
7635564,
7304412,
7582812,
8670801,
7214530,
10206198,
7815352,
9500940,
9390098,
9738091,
9639979,
9453759,
9004249,
7862595,
9703155,
9376912,
7435748,
8941973,
9062080,
9383151,
9982509,
10039264,
8403287,
9852684,
9019569,
10190294,
9594028,
9891435,
9778935,
10545853,
10944670,
11840168,
9217809,
10883353,
9991098,
11086440,
9749610,
9510082,
9502280,
8616434,
9797561,
9204890,
8464611,
8886648,
9780623,
10453609,
9943806,
8443220,
8256740,
9912766,
8351043,
8675349,
10280865,
8415959,
8474563,
9796261,
8679890,
10314307,
7615524,
9495523,
8872770,
7693566,
9399717,
7856789,
7607846,
7378768,
7622423,
9326524,
9187142,
7808837,
7508674,
9308534,
7530120,
7661671,
10073629,
7671243,
7619809,
7348177,
7175513,
7489359,
7326320,
9309185,
7614337,
7586743,
9443003,
8833225,
9640096,
9565508,
9216478,
6771031,
8643926,
7348232,
7083182,
7246586,
7179280,
8753663,
9041947,
7859651,
7970958,
7655531,
8437932,
7516033,
7723736,
7593541,
8918514,
8505426,
7784372,
7486257,
8808546,
7970366,
8102794,
10210562,
10270840,
7486137,
7979649,
9957965,
8204052,
8327061,
10363268,
9851753,
9668541,
10024705,
10045240,
9485162,
10071540,
10438996,
9817071,
9958100,
9646318,
7952543,
7713935,
8688083,
8123179,
9742686,
8879809,
7965821,
12795151,
7960624,
10359971,
7692457,
7724538,
10710344,
9398778,
8038753,
8204631,
9831136,
9224389,
10189709,
8036158,
7996200,
9957125,
8065978,
7578653,
7246084,
7315535,
9480536,
9963272,
10395496,
7555169,
7509341,
7760742,
7746392,
7592310,
9963935,
7932219,
7563540,
7420475,
9934649,
7517274,
7451862,
7487847,
7603190,
7357360,
6996375,
7376781,
7116866,
7799211,
7626861,
7120123,
7693606,
8552180,
7517441,
7923398,
7794455,
7852777,
7523654,
7771568,
7676573,
7443339,
10302975,
7433102,
9100297,
7654333,
7551507,
7625234,
9328770,
8109195,
7745082,
7641831,
9880188,
8062755,
7943287,
9899636,
8131744,
9420838,
10252759,
8764770,
9997478,
9350271,
9283358,
11693169,
10256443,
7831093,
9842869,
9933779,
8931321,
10718291,
9679692,
8733909,
8447649,
10434451,
9858891,
7535794,
8002292,
9166967,
7981856,
8202377,
7710796,
8272311,
9302398,
8025209,
8109515,
12301044,
7901268,
9169196,
9959115,
7662003,
10243513,
7898434,
7756451,
8082439,
8027152,
9793582,
9572727,
9198749,
7706864,
8301381,
9452253,
7735071,
8581177,
7808785,
8001059,
8099583,
8023136,
8131155,
8628124,
7864641,
8421068,
8010737,
7807965,
7554954,
7763768,
7497135,
9447835,
7653343,
7574483,
7803629,
7680290,
8956495,
9635772,
7606544,
7262439,
7197684,
7444101,
7433971,
7799432,
7921714,
7261447,
7604480,
7114513,
7693856,
7491985,
7230037,
7533107,
7890128,
7693709,
7284876,
8892217,
7647273,
7169730,
7431323,
7456512,
9530754,
7606104,
9979555,
9588004,
12134915,
9422986,
9112716,
8610093,
9865371,
9398156,
7064314,
8498958,
7382907,
7668147,
8677697,
7389445,
9073408,
8953239,
7530852,
9417318,
7451687,
