12646358628,
34609236,
19994923,
16751465,
14504597,
13638590,
14146614,
13728720,
13261989,
13897976,
13481767,
14125863,
13727257,
13381911,
13044026,
13709306,
13310796,
13977406,
14523862,
13140062,
13638029,
13416364,
13980172,
13652728,
13239798,
13946680,
13608903,
13185029,
13810887,
13563696,
13118212,
13835440,
13587329,
13227115,
13914077,
13502808,
13185625,
13788698,
13374314,
13141647,
13741671,
13397275,
14025735,
13694712,
13333794,
13940356,
13534136,
13222532,
13643611,
13445150,
13097988,
13854787,
13355922,
14044923,
13760118,
13395088,
13103266,
13787503,
13418664,
13031208,
13743146,
13530718,
13140098,
13894317,
13489843,
13311466,
14029914,
13737232,
13288310,
14068381,
13542422,
13352318,
13108952,
13702201,
13452986,
13072315,
13743051,
13475727,
13113042,
13786284,
13445969,
13250908,
13874765,
13537095,
13328992,
14002221,
13690860,
13374312,
13098968,
13730228,
13500750,
13205286,
13807322,
13613548,
13250280,
13790763,
13611351,
13363015,
13964014,
13655498,
13252410,
13995833,
13692192,
13310756,
13018969,
13731252,
13490688,
14193062,
13774782,
13568156,
13238264,
13955582,
13612263,
13240668,
13947677,
13625202,
13329585,
13981980,
13600083,
13256212,
13987684,
13724068,
14260991,
13930274,
13606868,
13243511,
13970441,
13712985,
13297487,
13006832,
13642628,
13292405,
13016251,
13719113,
13367712,
13089121,
13804662,
13420213,
13109940,
13889981,
13556892,
13220275,
12928247,
13684673,
13525707,
13173926,
12956113,
13618860,
13331067,
23037206,
22688187,
13368364,
13108870,
13824353,
13530118,
13047281,
12893732,
13671814,
13393767,
13039037,
13716049,
13467335,
12168524,
13840239,
13546827,
13240936,
14000923,
13735834,
13358573,
13071360,
13802902,
12421707,
12177519,
13811132,
12454650,
11383755,
11867897,
11715783,
13296162,
11027285,
11663729,
13477337,
11102312,
12070324,
11436250,
11150132,
11883624,
11508040,
11319106,
10989237,
11780308,
11427430,
12045903,
11739903,
11396567,
11072142,
11907208,
11583104,
11334966,
10937726,
11617207,
11395457,
11078248,
11806739,
11403422,
11141498,
11903288,
11629999,
11347165,
11982364,
11647453,
11377323,
11050426,
11783874,
11376076,
11166361,
11879269,
11493480,
11300761,
11929356,
11591102,
11404609,
12028501,
11750363,
11392465,
11133180,
11838224,
11455441,
11390790,
10949710,
11663963,
11477287,
11127166,
12767343,
11426965,
12170734,
11813684,
11546259,
12317350,
11280613,
11745724,
11619214,
11337073,
12054937,
11723762,
11391477,
12038251,
11738044,
11365935,
11113979,
11840511,
11431547,
11316260,
12022040,
12635022,
11088291,
11715379,
11398216,
10989429,
11834222,
11610800,
11420289,
11033305,
12759569,
11366070,
12124229,
10927052,
12586696,
12283644,
11058007,
11693270,
12552998,
11310348,
11814893,
11649860,
11330712,
11058685,
11718525,
11299274,
11335044,
11836072,
11632279,
11297052,
11025006,
11775941,
11415876,
11264034,
11884699,
11578530,
11338504,
11068800,
12068886,
11329002,
11200994,
11863238,
11630274,
11351528,
10993365,
11683310,
11353343,
11199584,
11924168,
11656144,
12320529,
11022643,
11777638,
11542495,
11325775,
10937337,
11744885,
11316710,
11154447,
10835464,
11612863,
11307599,
10979296,
11746115,
11353926,
11153814,
11948834,
12600760,
11328165,
10987714,
11731034,
11574835,
11308305,
11934786,
12637035,
11283600,
11300904,
12857352,
11710220,
12308140,
12014873,
11731242,
12484542,
11346475,
12932812,
12654071,
13361793,
12039876,
12841538,
13605348,
13360430,
11027278,
12783017,
12519101,
12235255,
11889724,
13690567,
12372330,
13133118,
12859502,
13545860,
13265741,
13009039,
12661113,
12434183,
13109300,
13889826,
13514383,
13203042,
13973623,
13711969,
13398932,
13108728,
13790570,
13478297,
13354861,
13103612,
13691817,
13479852,
13228454,
13995991,
13663417,
13322738,
13125331,
11851876,
13547350,
13418661,
13080321,
12952613,
13620300,
13481055,
13216218,
13872752,
12451725,
12164044,
11940310,
13649842,
13339854,
13087806,
12833093,
13636834,
13366625,
13059203,
13817331,
13587367,
13285723,
13044896,
13743961,
13522344,
13184952,
12753238,
12798411,
13568149,
13341978,
13133590,
12844516,
13582614,
13396797,
13173716,
12868554,
13594239,
13440157,
13154106,
12873363,
13649305,
13414669,
13174738,
12831829,
13677583,
13422603,
13193374,
12911365,
13717448,
13515202,
13241043,
12982975,
12772835,
13456171,
13309293,
12968364,
13799605,
13503908,
13289610,
13029068,
13798324,
13558804,
13282108,
13002417,
13762913,
13357145,
13229117,
12930367,
13867363,
13568738,
13291510,
13020546,
13838197,
13503436,
13265556,
12982279,
13721248,
13406067,
13162791,
13268237,
13661890,
13317395,
13086407,
13777854,
13616075,
13153234,
12915998,
13659659,
13407110,
13165881,
12891542,
13654270,
13424348,
13107332,
12945965,
13616642,
13376126,
13080764,
13890653,
13639744,
13335459,
13076347,
13856046,
13465318,
13256734,
13020438,
13715224,
13412702,
13275999,
12970865,
12775831,
12597733,
13484948,
13325572,
13234143,
12965887,
12835814,
13659727,
13441435,
13151847,
12961758,
13699129,
13502863,
13230344,
13016076,
12714714,
13487374,
13235924,
13028737,
12714632,
13529523,
13237721,
13022111,
13660809,
13697346,
13291885,
12766815,
13474799,
13478926,
13235064,
13077729,
12833103,
13593169,
13317742,
13135133,
13818079,
13573873,
13225794,
13026845,
12757541,
13614284,
13291410,
13066935,
12747782,
13598578,
13321113,
13107210,
12770768,
13600515,
13351713,
13134863,
12776585,
13654364,
13385369,
13123481,
12844601,
13683770,
13458208,
13180080,
12871179,
13697476,
13362713,
13153944,
12871666,
13749781,
13421661,
13218210,
12976109,
13713350,
13498743,
13204901,
12896906,
13651136,
13385886,
13247173,
12979967,
13781646,
13518314,
13235799,
12948033,
12670317,
13453538,
14199269,
12939281,
13740942,
13415178,
13243720,
12947698,
13766979,
13473427,
13218635,
12943211,
13775447,
13443627,
13349953,
13050721,
12846888,
13508772,
13368277,
13084727,
12851317,
13545877,
13293307,
13020218,
13809059,
13492546,
13329622,
13076079,
12879058,
13522567,
13304959,
13024003,
12816935,
13542950,
13328187,
12962712,
13718198,
13471216,
13268084,
13039774,
12785632,
13548794,
13363155,
12981326,
12775775,
13506067,
13329144,
13018140,
13822631,
13467395,
13374357,
13109310,
13020382,
12848388,
12718884,
13443904,
13307780,
13081189,
12999907,
12709122,
13527621,
13366234,
13156908,
12920106,
12897441,
12643691,
13406869,
13108960,
12956177,
12695991,
13300302,
13112602,
22166338,
13284460,
12907993,
13646353,
13474155,
13231717,
12984696,
13774766,
13442977,
13166208,
12960405,
13757423,
13481599,
13243713,
12910023,
13719273,
13486507,
13219462,
13004149,
13692414,
13329500,
13154439,
12985306,
13728650,
13375037,
13087299,
12869162,
13567503,
13325348,
13011566,
12946813,
13627049,
13375661,
13308951,
12885435,
13606660,
13385494,
13171828,
12925287,
13635908,
13419106,
13099615,
12916724,
13634583,
13369747,
13170135,
11889744,
11611028,
12498432,
11193981,
12952640,
12579846,
12431666,
13155419,
12978124,
13710320,
11455206,
13263702,
11971183,
10727045,
13533856,
12188628,
12110141,
10813040,
11729067,
11489546,
11238088,
10911666,
10696960,
11450317,
11236629,
10912662,
11700681,
11450474,
12204139,
10991448,
11734480,
11448387,
11218597,
11097082,
11792978,
11470025,
11249101,
11204653,
11838279,
11553627,
11396913,
12024414,
11847316,
11143022,
11123456,
10819910,
11598169,
11335312,
11161821,
10913905,
11649205,
11486831,
11171455,
10889068,
11716521,
11553567,
11225734,
10939608,
11714543,
11451204,
11139965,
11133463,
10698200,
11530571,
11206360,
11182045,
11841679,
11578148,
11395502,
11200918,
11835277,
11591938,
11200984,
11137740,
11866612,
11605723,
11275036,
11072865,
11854731,
11580382,
11485516,
11082351,
10869694,
11683267,
11501541,
11090730,
11184474,
10793972,
11630396,
11405562,
11129489,
10939341,
10720153,
11502545,
11173758,
10914748,
11734257,
11472397,
11131679,
10969859,
11803684,
11556124,
11282032,
11905025,
11661199,
11430334,
13231672,
10883619,
12033141,
11386573,
12167852,
10967619,
11700963,
11426304,
11273240,
10912391,
11622920,
11492243,
12158759,
10854720,
13674306,
13429811,
12254720,
11026426,
11042940,
11780216,
12546966,
13338095,
12257920,
13120865,
10871669,
11696557,
13479782,
13236996,
13001635,
13721906,
13515370,
13189487,
12908788,
12793176,
13487034,
12290578,
11133157,
10773860,
11652527,
11363450,
11241946,
10873069,
11632061,
11540593,
11158894,
10952726,
10667922,
11519862,
12231950,
11989178,
11599440,
11403814,
11148560,
12972546,
11777394,
11563328,
11218667,
10948714,
13814927,
13491066,
11222774,
11959491,
11778753,
11512379,
11228306,
11077389,
11815656,
11489516,
11214994,
12033578,
11846516,
11588167,
11195129,
12078810,
10879213,
11555304,
11519734,
12185230,
10930737,
11623344,
11576585,
12179924,
10878073,
12705470,
12505619,
11191044,
10873918,
11695229,
12563938,
11178407,
10967342,
10742089,
11599033,
11167853,
12187530,
10912510,
11628434,
11160701,
12191133,
11862137,
11664584,
12385832,
11179372,
10901584,
13725295,
11444408,
11178023,
11919304,
10767528,
11549765,
11289285,
11087017,
11767137,
12529969,
11206785,
11120252,
10767241,
11635674,
11471942,
11154567,
11974495,
10689299,
11497388,
13283670,
13036382,
12833946,
13526346,
12296958,
12144361,
11863335,
11651752,
13368745,
11139723,
10887999,
12718227,
11443127,
12242669,
11955037,
11757285,
12526637,
11230906,
11972472,
11691157,
11457502,
12423439,
11166653,
10701537,
11550053,
13440860,
12101572,
10856547,
10653792,
12419532,
12305632,
12017229,
11716806,
12539461,
11156069,
11119936,
11691432,
11513232,
11168043,
11098898,
11729892,
11560605,
11214310,
12082118,
10757127,
11553069,
11169543,
11206908,
10730978,
11654747,
12353192,
11205488,
10869293,
11575515,
11415828,
11177060,
10902929,
12729208,
12413798,
11205241,
11921062,
11692990,
11425256,
13215277,
11896521,
11684036,
13443462,
13196627,
11915992,
11686465,
13416423,
12153637,
11935365,
13682510,
12320349,
12113943,
11852528,
13628391,
11327262,
11151619,
12918111,
13689430,
11435992,
11150387,
12970334,
11738468,
12462542,
11243840,
13040895,
12738588,
13524646,
13262937,
13057073,
12736322,
13508133,
13318530,
13139305,
12804720,
13520339,
13330807,
13077874,
12837696,
13593424,
13344934,
13124554,
12875791,
13637859,
13416319,
13149629,
12862339,
13627061,
13460583,
13163508,
12917596,
13703497,
13452819,
13215585,
12978376,
12762198,
13505867,
13271289,
12992603,
12772965,
13554674,
13234884,
13059501,
12851125,
13619152,
13325623,
12998955,
12823957,
13599063,
13351673,
13072602,
12781590,
13646458,
13363647,
13181530,
12868116,
13619092,
13450219,
13270166,
13025568,
12731453,
13579857,
13355120,
13072684,
12828719,
13628802,
13358993,
13124635,
12992564,
12806141,
12642617,
13307657,
13267789,
12960051,
13755848,
13395373,
13170633,
12922193,
13744751,
13546653,
13306128,
13043506,
12807583,
13547220,
13372729,
12964149,
13785256,
13551278,
13324503,
13072687,
13263587,
13056871,
12624018,
13425451,
13197568,
12910806,
13675234,
13483139,
13098990,
12939639,
12746760,
13463993,
13216662,
12997877,
13844292,
13464440,
13315606,
12994068,
12811757,
13545297,
13278468,
13051848,
12853683,
13558719,
13365397,
13102620,
12859034,
13651128,
13402982,
13192094,
12946778,
13659232,
13414644,
13221930,
12959228,
12691118,
13499403,
13252602,
13103360,
13698457,
13506547,
13227274,
13087857,
12897020,
13632126,
14353819,
13235556,
13033502,
12767628,
13550910,
13360648,
13201146,
12955243,
13662744,
13494466,
13252125,
13009156,
12803484,
13597508,
13211421,
13051101,
12717464,
13591781,
13354498,
13126961,
12902312,
13664444,
13426468,
13150989,
12981773,
12664552,
13480324,
13231991,
12969535,
12763171,
13524746,
13307534,
13096835,
12835149,
13611871,
13322113,
13152079,
12957475,
12817944,
13709423,
13459841,
13188514,
13059888,
12795656,
13504722,
13313356,
13043187,
12853922,
13648180,
14366558,
13153480,
12927328,
13451722,
13264882,
13156019,
13009242,
12769008,
13597998,
13358978,
13086214,
12841960,
13620035,
13385896,
13119544,
12874691,
13657722,
13388156,
13211433,
13956546,
13448564,
13201324,
12962197,
13788913,
15520454,
14273755,
13065605,
12886250,
13611323,
13427028,
13221664,
12924233,
13739277,
13410934,
13258797,
12958347,
13688222,
13349988,
13179945,
12913398,
13679793,
13355120,
13148895,
12915340,
13647930,
13327080,
13119886,
12881560,
13710443,
13366892,
13230927,
12962193,
13649403,
13391936,
13208895,
12986049,
13692790,
13463058,
13230469,
12942146,
13714703,
13430866,
13241183,
12978671,
13725382,
13485036,
13248398,
13001154,
12708252,
13506017,
13312516,
13074187,
12751354,
13540152,
13388836,
13162994,
12872549,
13530501,
13424886,
13108075,
12896122,
13622784,
13348946,
13088134,
12887727,
13664219,
13409848,
13220185,
12986833,
13732402,
13523471,
13217532,
13005394,
12732765,
13571563,
13303684,
13037727,
13760255,
13555609,
13306263,
13164791,
12867439,
13695049,
13472037,
13138788,
12901721,
12703365,
13471540,
13217550,
12802273,
13675393,
13460563,
13257799,
12979228,
13752151,
13513237,
13252067,
13015139,
13748911,
13516499,
13313214,
13012816,
13776606,
13541365,
13301910,
13077584,
12805711,
13588379,
13360808,
13090513,
12859872,
13627266,
13338183,
13080921,
12845606,
13650997,
13379886,
13115764,
12913261,
14622143,
13464633,
13296189,
12917315,
13615419,
13457783,
13176067,
12912641,
13712646,
13472368,
13231731,
13139025,
12896532,
13552055,
14328680,
13099366,
12791744,
13582615,
13371694,
13115076,
12844228,
13610263,
13397462,
13195174,
12889384,
13697057,
13410249,
13185307,
12918545,
13706906,
13425118,
13245466,
12986548,
13676886,
13525812,
13097220,
13051601,
12757389,
13549062,
13368049,
13112257,
12894897,
12626306,
13426193,
13104970,
12924682,
13729223,
13413466,
13103445,
12942146,
12729576,
13511599,
13210660,
12881814,
13718115,
13520756,
13248816,
13100644,
12906385,
13771189,
13529583,
13287330,
13000260,
12780059,
13562671,
13301357,
13038829,
12820937,
13576290,
13300029,
13067649,
12855972,
13567061,
13421706,
13069408,
12909798,
13585492,
13339177,
13107852,
12916093,
13630586,
13428458,
13145237,
12901896,
13688620,
13453556,
14193020,
12998540,
13695234,
13478512,
13190619,
12990650,
12775767,
13515162,
13275661,
13024343,
12785169,
13579578,
13271011,
13076637,
12811640,
13614923,
13299657,
13086151,
13836667,
13549502,
13310843,
13043952,
13812589,
13526911,
13271356,
13072727,
12814263,
13521334,
13346676,
13068320,
12896786,
12659680,
13427273,
13210660,
13004442,
13728540,
13467919,
13256740,
13013926,
12777575,
13475970,
13262027,
13058003,
12743408,
13569632,
13307394,
13042027,
12778067,
13558684,
13353380,
13125952,
12777682,
13577582,
13434940,
14136392,
12896742,
12671640,
13377369,
13231783,
13032297,
12754177,
13528743,
13240329,
13160286,
12788407,
13523364,
13272518,
13026118,
13747858,
13569383,
13320092,
13084991,
12818042,
13632029,
13364207,
13027937,
12859547,
13658899,
13477480,
13184927,
12858081,
13646055,
13378444,
13213188,
12900979,
13669629,
13469906,
13264054,
13005017,
12815012,
13551552,
13237896,
13024480,
12802820,
13551827,
13303491,
13071245,
12826254,
13591566,
13318278,
13058661,
12768888,
13550099,
13315804,
13128660,
12849092,
13596529,
13374517,
13151417,
12914978,
13665009,
13355765,
13126385,
12900992,
13692192,
13376728,
13133163,
12922340,
13663704,
13417756,
13174340,
12892834,
13678808,
13395605,
13188599,
12875728,
12719386,
13451319,
13274838,
12986525,
12767568,
13514204,
13244223,
12997430,
12802698,
13533621,
13278708,
13121968,
12857507,
13638036,
13295267,
13168653,
13029224,
13795584,
13567593,
13313335,
13051563,
12803273,
13552839,
13371997,
13064768,
12807533,
13512286,
13340583,
13113035,
12823789,
13594086,
13292469,
13102261,
12817729,
13545313,
13313626,
13146880,
12897347,
13668131,
13447044,
13204819,
12835821,
13750539,
13478077,
13241863,
12957348,
13725325,
13503610,
13259347,
12970384,
12776303,
13522626,
13333471,
13143234,
12791927,
13597206,
13465091,
13141482,
13179203,
13646605,
13370742,
13165615,
12915050,
13684335,
13390053,
13125826,
12888785,
13640685,
13401302,
13089186,
12873756,
13578895,
13322822,
13094539,
12860664,
13618515,
13367027,
13111832,
12895452,
13676008,
13410961,
13125758,
12918728,
13709691,
13441584,
13131363,
12889315,
13735465,
13435830,
13176220,
12934636,
13678568,
13363318,
13091246,
12929879,
13623122,
13369514,
13180249,
12946440,
13725985,
13452524,
13183557,
13013846,
13738886,
13475180,
13153767,
12947451,
13746433,
13458065,
13237830,
12993380,
12718685,
13491031,
13324224,
13046411,
12763706,
13530356,
13279668,
13063483,
12801946,
13560323,
13298299,
13153590,
12873486,
13525739,
13280015,
12038681,
11828825,
13580240,
12298291,
12045838,
11764079,
12571554,
12367106,
12107209,
11913577,
12645796,
13467395,
12125027,
11888278,
12659688,
13437432,
11875497,
12611866,
12375048,
12186820,
11861106,
12658006,
13382846,
11197559,
11888284,
12662316,
12501844,
12251781,
12002225,
11731394,
13479364,
12243102,
13965016,
11726727,
12489193,
12212584,
11969301,
12853229,
12551570,
11297314,
11093621,
11825363,
11631679,
11419376,
12204177,
12951801,
12743070,
13520946,
12278222,
11942749,
12763571,
12484852,
12225686,
12044713,
11811229,
12568292,
12357914,
12044780,
11832432,
12570464,
12382820,
12059839,
11776899,
12749705,
12408028,
12176873,
11941775,
12717092,
12488692,
12161430,
11915084,
12724351,
12518501,
12228968,
12050952,
12806858,
12538607,
12258878,
12069878,
11774552,
12555752,
12299566,
12100469,
12141078,
12611236,
12322691,
12155478,
11856545,
12664130,
12378733,
12107506,
11898633,
12685366,
12413433,
12181113,
11955996,
11775948,
12448528,
12239903,
12012130,
11799257,
12573159,
12325628,
11220190,
10801188,
11647500,
11380542,
11194912,
10867596,
10606249,
11386830,
11192959,
10895367,
11702486,
11435377,
11152236,
10922425,
11691797,
11461495,
11132393,
10882670,
11737424,
11485511,
11188521,
10904206,
11603699,
11550084,
11222207,
11160210,
10722111,
11618386,
11193543,
11153823,
11039791,
10735300,
10556778,
11460281,
11188407,
11064120,
10716463,
11506480,
11191953,
11178962,
10808915,
10607409,
11461530,
11169313,
10941073,
11731437,
11477072,
11128769,
10946133,
11729215,
11510997,
11170383,
11045172,
11815261,
11556496,
11151924,
11125546,
10778279,
11682085,
11416789,
11165386,
10854188,
11713563,
11468963,
11210778,
10923508,
10734885,
11496422,
11354529,
11112562,
10984737,
11787998,
11452706,
11184990,
10923254,
11726502,
11426865,
11184692,
10968664,
11761018,
11448749,
11157818,
11043919,
11770599,
11539600,
11179268,
11181152,
11861830,
13671596,
11422533,
11149077,
10841082,
11675391,
11464688,
12261828,
11094853,
10760839,
11545515,
11286200,
12142904,
10886562,
10672589,
11435542,
11148144,
11070940,
11810724,
11546192,
11142542,
11171756,
10798438,
11642691,
12365921,
11097510,
10945153,
11724050,
11454503,
11130433,
11089260,
10800580,
11527810,
11373041,
11144255,
10848424,
11958236,
11438705,
11160303,
11017293,
11735769,
11518532,
11154314,
11157664,
10788643,
11501887,
11387448,
11162264,
10894117,
11622742,
11418126,
11379366,
10846910,
11676056,
11440311,
11108568,
11122583,
10822739,
11606506,
11156396,
11152377,
10797599,
11629602,
11423933,
11182303,
10950414,
11742654,
11533411,
11198788,
10904423,
11723340,
12502387,
11155325,
10980419,
10709629,
11487241,
11178619,
11117912,
11778046,
11494973,
11125014,
11102404,
10747252,
11608938,
11471695,
11138607,
10919140,
12755074,
11546399,
11135985,
11054116,
10810205,
12581064,
11294169,
12108848,
10801394,
11601401,
11359575,
11187852,
10882210,
11587664,
11555171,
11140305,
11087208,
11715993,
12520840,
11187171,
11173278,
13791978,
13557219,
11153777,
12045792,
11781044,
12593302,
12332516,
12112083,
11845191,
12622320,
12350792,
12076600,
11808681,
12604037,
12334062,
12125384,
10830088,
11513467,
11397832,
12146813,
11916964,
11584222,
12374033,
12107393,
11940120,
12666580,
12412045,
12192663,
11990469,
13643965,
12487415,
12233568,
12007865,
11796502,
12539031,
13301574,
12093098,
11760385,
13619397,
12349072,
11157056,
11797750,
12569042,
12417207,
12115646,
11903801,
12555008,
12336148,
12133604,
11853073,
11656620,
12441906,
12207349,
11934345,
12730428,
12526770,
12247976,
11972390,
12764746,
13597832,
14296664,
13022661,
12772085,
14636822,
13324973,
13113924,
12836591,
13600874,
13425473,
13223316,
12875133,
13737332,
15456831,
14234925,
13986025,
14754056,
14523903,
13250233,
13053706,
12815962,
13561969,
14355344,
15093591,
12809740,
13592269,
13420948,
13147315,
13866840,
11621092,
12421362,
12163544,
10843567,
13691050,
13502003,
13248500,
11959581,
10715723,
14466682,
11207923,
11974325,
15749851,
13492923,
12217306,
11993394,
12739022,
12589290,
12309230,
11999656,
12821365,
11484426,
13339119,
15077532,
12848486,
11548799,
14357929,
11188872,
12876241,
13622874,
12415370,
11128713,
12927137,
13719678,
11406754,
12166772,
12933944,
12760641,
14496282,
11153806,
11966025,
13755425,
11495128,
12268043,
11067882,
13768447,
12485428,
12271290,
11056789,
14750910,
13519051,
12278381,
11142227,
10826009,
11550302,
11360374,
11182992,
10847528,
12652766,
13469778,
13226539,
12992282,
13685855,
13449009,
13203543,
13000215,
11681405,
12507507,
12322046,
12983808,
12809742,
13552157,
13349925,
13056254,
13807632,
13608673,
13393360,
13107440,
12898679,
13640686,
13451347,
13175860,
12945936,
12713177,
13501183,
13228897,
12962624,
13818356,
13489913,
13320698,
12964252,
12820502,
13483319,
13392230,
13012169,
12874589,
13577403,
13358220,
13054119,
12864844,
13611485,
13352938,
13096528,
12871638,
13623757,
13380116,
13151189,
12920067,
13620985,
13421986,
13067570,
12927515,
13636210,
13402407,
13063863,
12899092,
13629051,
13413164,
13126938,
12930237,
13683201,
13428110,
13184464,
12963815,
13701241,
13502115,
13165686,
13022950,
12715255,
13512324,
13249742,
12999330,
13722190,
13491923,
13225644,
13008617,
12708075,
13447036,
13237211,
13051562,
13706149,
13541803,
13205150,
13012286,
12761784,
13549042,
13296347,
13049401,
12746787,
13517102,
13328895,
13081421,
12811760,
13564021,
13349134,
13143917,
12898114,
13649038,
13403167,
13201721,
12894154,
13641915,
13472567,
13250315,
12938482,
12828288,
13531200,
13302826,
13060440,
12796998,
13551446,
13395643,
13076112,
12828139,
13599883,
13468630,
13173373,
13026488,
12700727,
13575550,
13285240,
13068752,
12840251,
13585919,
13351524,
13094291,
12890185,
13685250,
13413729,
13176489,
12983090,
13613345,
13483232,
13167806,
14048278,
12767131,
13565226,
13285272,
13086097,
12825867,
13637144,
13389551,
13157672,
12942709,
13672013,
13439412,
13178898,
12905192,
12666917,
13475979,
13255589,
13030265,
12817172,
13629061,
13384006,
13183054,
13009439,
12792916,
13567258,
13376672,
13146775,
12935717,
12741283,
13531060,
13343868,
13133388,
12866671,
13726309,
13553604,
13267474,
13027592,
13001970,
13606253,
13375924,
13162969,
13019581,
12772425,
13616992,
13351550,
13146607,
12890342,
12692698,
13520846,
13306764,
13034927,
12813269,
13598247,
13401433,
13142317,
12955583,
12730901,
13516057,
13314438,
13174435,
12854583,
13743318,
13444172,
13274129,
13025321,
12857800,
13503285,
13394155,
13094278,
12942961,
12637225,
13512702,
13253520,
13073704,
12748345,
13604275,
13324483,
13133028,
12865962,
12641917,
13359463,
13190255,
12917918,
12751202,
13456736,
13287089,
12972232,
12727091,
13571840,
13256628,
13040617,
12809282,
13611543,
13348716,
13100008,
12854615,
13727933,
13419291,
13205316,
12942216,
13753076,
13532688,
13196316,
13032842,
12786119,
13533723,
13244788,
13027720,
12827444,
13534013,
13292377,
13083112,
12831327,
13629184,
13306876,
13054634,
12875403,
13625536,
13353878,
13085281,
12864024,
13616164,
13378941,
13097583,
12871803,
13603701,
13395460,
13108399,
12899756,
12696793,
13428128,
13162296,
12873288,
13703812,
13405650,
13219672,
12974954,
12728023,
13508557,
13230059,
13016716,
12774752,
13504790,
13340151,
13051036,
13765968,
13305187,
13025068,
12749522,
14527120,
13281465,
13087841,
13829742,
13590594,
13406099,
13136316,
12941394,
13019118,
13492301,
13283143,
13063922,
12786965,
13565228,
13355663,
13061681,
12836316,
13653570,
13488071,
13145697,
12885816,
12733226,
13540583,
13308086,
13054903,
12758449,
13552087,
13375334,
13122309,
12890207,
12642269,
13463458,
13245113,
12945754,
12736458,
13541570,
13269546,
13069755,
12785144,
13612440,
13349436,
13160349,
12813645,
12684659,
13441687,
13276721,
12996847,
12783010,
13609818,
13293489,
13087789,
12867711,
13675441,
13453159,
13219647,
12935259,
12761619,
13544777,
13265742,
13080601,
12833711,
13604718,
13420204,
13165993,
12940464,
13677424,
13532525,
13269874,
13033690,
12838738,
13582080,
13348810,
13120316,
12909549,
13673393,
13454774,
13151374,
12978266,
12744937,
13505900,
13240246,
13059108,
12830673,
13542685,
13320562,
13103005,
12841476,
13687518,
13440152,
13253160,
13006667,
12701460,
13469128,
13288552,
13106843,
12771858,
13580800,
13343869,
13109942,
12906461,
12641830,
13449887,
13251425,
12963047,
12782950,
13588019,
13353303,
13120866,
12852597,
13652627,
13463848,
13160027,
12944464,
12738061,
13495623,
13269631,
12966355,
12810480,
13534768,
13328055,
13076855,
12825719,
12554248,
13412607,
13000590,
12759330,
12727681,
13474632,
13229972,
12930954,
13771692,
13321759,
13295021,
13000950,
12784485,
13494826,
13288876,
13055786,
12791369,
13596003,
13383150,
12991862,
12900599,
13662085,
13435524,
13195799,
13919665,
12676537,
13464566,
13292840,
13088367,
12836475,
13585985,
13344658,
13050704,
12869779,
13657040,
13394637,
13154197,
12873725,
13643961,
13410564,
13147777,
12919660,
13711756,
13414326,
13213070,
12935192,
13720425,
13474725,
13247165,
13023836,
12770285,
13445704,
13263641,
12959022,
13764459,
13516779,
13285292,
13009811,
12802828,
13545532,
13312640,
13064063,
12844376,
13555166,
13286440,
13072907,
12860350,
13608473,
13332366,
13119012,
12877851,
13609993,
13335392,
13237821,
12874501,
12642027,
13344838,
13209788,
12908821,
13606745,
13385711,
13203165,
12957428,
13675669,
13400957,
13196486,
12955435,
13669077,
13460890,
13184824,
12959738,
13675363,
13450156,
13178790,
12969087,
12712260,
13491275,
13249980,
13029173,
12733261,
13533278,
13246333,
13075779,
12775523,
13529456,
13316421,
14152360,
12833658,
13582222,
13338059,
13119142,
12843238,
13618500,
13388741,
13218838,
12967814,
13654343,
13414454,
13165348,
12894674,
12744287,
13487508,
13283815,
12997345,
12719582,
13548192,
13296742,
13055324,
12789337,
13576300,
13305521,
13096266,
12814610,
13628902,
13365815,
13148514,
12907476,
13639150,
13393910,
13100223,
12915151,
13621099,
13464658,
13012612,
12869908,
12631815,
13390750,
13208373,
12935394,
13692940,
13490623,
13153171,
12970109,
13692460,
13521594,
13262859,
13076212,
13713973,
13340706,
13244390,
13002722,
13743488,
13438089,
13122399,
12970665,
13703341,
13372057,
13085222,
12956222,
12681849,
13540911,
13288623,
13081701,
12773095,
13676421,
13459298,
13211673,
13023584,
13775488,
13498410,
13313578,
12984956,
13779384,
13456766,
13226059,
13029810,
12820581,
13530734,
13303816,
13041106,
12779710,
13559594,
13336229,
13086536,
12784442,
13551549,
13319288,
13059701,
12773103,
13560232,
13203150,
13020066,
12776535,
13573140,
13322560,
13172978,
12872436,
13704174,
13484464,
13218972,
12951253,
12738892,
13472247,
13102480,
12945944,
12796548,
13476969,
13299617,
13062588,
12805341,
13536618,
13283832,
13071387,
12819480,
13547879,
13339216,
13119164,
12816967,
13603341,
13312466,
13167619,
12855172,
13658022,
13386244,
13236014,
12929052,
12730138,
13539460,
13281313,
12998422,
12774410,
13588615,
13369332,
13147580,
12887965,
12660482,
13475192,
13204545,
12944139,
13721725,
13481229,
13180917,
13004790,
13735314,
13503631,
13204645,
13033138,
12762301,
13563417,
13254470,
13010141,
12799643,
13569948,
13280557,
13063665,
12848617,
13591207,
13291545,
13057818,
12824840,
13622433,
13316918,
13090388,
12858640,
13625792,
13361997,
13097873,
12883690,
13648458,
13411869,
13114322,
12892555,
13657855,
13432075,
13182212,
12995155,
12722119,
13503422,
13263728,
13015294,
12788260,
13533776,
13297682,
13001744,
12801686,
13535068,
13349291,
13101245,
12799868,
13560239,
13343531,
13071792,
12892362,
13562836,
13442474,
13209560,
12936374,
13492574,
13309894,
12994919,
12839718,
12666040,
13520647,
13182275,
13041347,
12720566,
13554444,
13239038,
12996295,
12790644,
13549247,
13275488,
13064572,
12790125,
13633433,
13337242,
13081499,
12818342,
13630379,
13306393,
13119129,
12858257,
13673219,
13375757,
13170208,
12902589,
13709153,
13384243,
13224654,
12905076,
12759794,
13442179,
13276014,
12955378,
12733441,
13556052,
13320535,
13913459,
13507025,
13180800,
13031700,
12777613,
13593264,
13280436,
13088921,
12905823,
13601543,
13377713,
13115574,
12872954,
12646341,
13351443,
13152280,
12891822,
13688737,
13415979,
13261894,
13022948,
13778459,
13474679,
13255645,
13006854,
13829156,
13517227,
13285587,
13015696,
12770876,
13516477,
13308141,
13058388,
12840468,
13592009,
13393328,
13151399,
12964740,
13642839,
13433160,
13184364,
12957583,
13704114,
13477669,
13193969,
12973059,
13719898,
13428245,
13255635,
13055654,
12757764,
13548097,
13338913,
13129593,
12830291,
13604590,
13362567,
13177335,
12865531,
13659209,
13358620,
13210675,
12845280,
12634139,
13375249,
13214690,
12906038,
13670969,
13384843,
13162349,
12948513,
12676841,
13485044,
13298232,
13012359,
12773123,
13527279,
13310396,
13073854,
12881420,
13593524,
13351341,
13094006,
12853807,
13605056,
13385651,
13072875,
12891287,
12610145,
13471060,
14170179,
12878985,
12689311,
14547551,
13268554,
13023795,
15713236,
13541273,
13260649,
14127683,
12835824,
13617335,
14367046,
13112415,
12863874,
14708714,
14398041,
13145072,
12923240,
14716509,
13426278,
13168051,
12909859,
14750814,
13402718,
13252847,
13952770,
13744526,
13519494,
14263140,
14009600,
13766725,
13498681,
14254234,
13995934,
13822881,
14533924,
14265253,
14097602,
13804830,
14603444,
13391738,
14080685,
14878096,
14606291,
14500861,
13270739,
13993819,
13797663,
14558125,
13285925,
14037983,
13809367,
14566610,
14349993,
13077004,
13857351,
13601855,
14419402,
13135910,
12864934,
12633840,
13367532,
13194353,
13894220,
13663929,
14365986,
14165400,
13919329,
13675633,
13482110,
13133416,
12950998,
12738225,
13472334,
13303808,
13038812,
13763825,
13593039,
13230449,
13084716,
12730875,
13581157,
13366057,
13086511,
12857725,
13927538,
13382121,
13129971,
12877981,
13652075,
13437699,
13101176,
13943900,
13708674,
13440617,
13154409,
12921893,
13719820,
13450121,
13338584,
13076377,
12810353,
13910948,
13339612,
13138926,
12841271,
13610295,
13358975,
13168293,
12875951,
13677736,
13370021,
13179798,
12905781,
13742449,
13389343,
13035709,
12944316,
13740999,
13458898,
13226014,
12990046,
12764993,
13501612,
13306531,
13042574,
12807543,
13571018,
13291290,
13127921,
12864932,
13605531,
13393280,
13198034,
12908861,
13670276,
13326899,
13215875,
12932719,
13695732,
13414261,
13230753,
12974704,
13670891,
13428256,
13222971,
13021721,
12806158,
13595202,
13357023,
13082376,
12817585,
13641585,
13434225,
13157914,
12843613,
13598188,
13377906,
13134528,
12882215,
13683887,
13405399,
13218937,
12808363,
13713178,
13332549,
13172948,
12824955,
13707524,
13384301,
13181002,
12930212,
12669580,
13426308,
13288832,
12987313,
12727409,
13587754,
13337009,
13075979,
12789457,
13616694,
13389025,
13071515,
12877960,
13638816,
13404697,
13187502,
12879591,
13682388,
13420788,
13104035,
12864114,
13628702,
12376772,
13196269,
11884789,
12705740,
12450425,
11121739,
12936284,
13731132,
11461361,
11124919,
13096805,
10777914,
11534860,
11466515,
12138294,
10844570,
12638962,
13355995,
11177225,
11886861,
12684179,
12423644,
11173341,
10906196,
11662948,
11430205,
11127211,
10903921,
11752258,
11392827,
11183420,
10936371,
11718216,
11503617,
11214734,
11161708,
10820625,
11561113,
11321195,
11088866,
10860454,
11506997,
11261410,
11038907,
10934449,
11766339,
11513447,
11163566,
11078497,
11746003,
11539140,
11179743,
11128756,
10767413,
11510117,
11373472,
11191954,
11907615,
11713340,
11417503,
11186005,
10820662,
11717530,
11427497,
11147601,
10918560,
11680398,
11497643,
11204265,
11068050,
10806173,
11611900,
11233704,
11122154,
10819711,
11655627,
11369045,
11147144,
10895939,
11690378,
11456571,
11178129,
10922618,
10718146,
11451229,
11136193,
11052461,
11694059,
11483709,
11251402,
11103750,
11767007,
11506338,
11322930,
11112265,
10827202,
11541487,
11399794,
11202291,
10874665,
11642930,
11461578,
11157889,
10929377,
11671336,
11452126,
11199968,
10933137,
10749134,
11511142,
11200913,
10986253,
11821420,
11601616,
11288255,
11133045,
10872766,
11560221,
11465420,
11102015,
10901641,
12017747,
12245621,
11205008,
10989408,
10730923,
11584835,
11399265,
11128901,
10899980,
11700517,
11424343,
11156071,
10922595,
12695191,
12469204,
11147517,
10997922,
11728284,
11507354,
11223259,
11094680,
11800665,
11574520,
11241728,
11167186,
11822725,
11604973,
11431580,
11133801,
10938061,
11688497,
11483409,
11192359,
10962764,
11736839,
12466891,
11191728,
10915410,
11709511,
11537180,
11206920,
11059540,
11757251,
11470117,
11233613,
11089983,
11750898,
11575173,
11171231,
11162336,
11787908,
11568704,
11173143,
11215230,
10820591,
11570297,
11355903,
11174726,
10889666,
11591461,
11453944,
11115877,
10943591,
11706573,
11497653,
11207058,
11978437,
11676874,
11142271,
11005860,
11806160,
11511782,
11188332,
11059985,
11794507,
11488611,
11164751,
11134506,
11792025,
11585575,
11360085,
11132433,
10893357,
11597708,
11479296,
11110714,
11041879,
11745643,
11500043,
11146604,
11126721,
11763627,
11619667,
11323003,
11159797,
10842907,
11606943,
11203861,
11131278,
10904974,
11570763,
11216827,
11137705,
11917834,
11664544,
11434275,
11079517,
11078615,
11767246,
11538425,
11118034,
11148309,
10810047,
11532151,
11324219,
11169655,
11199493,
11624712,
11393650,
11141952,
10879729,
11689390,
12453347,
11119999,
11027398,
11716122,
11481229,
11229799,
11072877,
12790254,
11620122,
11089519,
11970076,
10706464,
11517509,
11168618,
11022081,
10776577,
11504333,
11198978,
11142517,
10855449,
11655652,
12427527,
11187564,
10915360,
11662674,
11527021,
13220552,
11970085,
13694202,
11486376,
12263993,
11131636,
12782245,
12573979,
12267768,
11172770,
12758279,
12611059,
12359179,
12146051,
12870088,
12642150,
12443496,
11124114,
10822199,
12736895,
13500720,
13232996,
12995020,
11744478,
12468628,
12237945,
12070183,
11770264,
12539194,
13313858,
13064823,
12840306,
13625835,
13345810,
13184280,
12913443,
13705289,
13477822,
13220245,
12989305,
12749379,
13505887,
13261842,
13017133,
12798371,
13576573,
13357760,
13079724,
12889195,
13668204,
13447402,
13260220,
12940974,
12735983,
13569126,
13286415,
13041887,
12797281,
13567875,
13438470,
13131543,
12974286,
13685957,
13403104,
13325800,
13023239,
12837460,
13569776,
13364745,
13191644,
12858168,
13734770,
13452229,
13147297,
12960277,
13799765,
13522644,
13256989,
13029608,
13802755,
13526691,
13269818,
13070300,
13829863,
13556089,
13315936,
13138695,
12845556,
13581330,
13360330,
13135222,
12881165,
13626391,
13376407,
13193117,
12946405,
13594974,
13348638,
13085119,
12904101,
13631491,
13441722,
13194317,
12912821,
12719794,
13487702,
13233368,
13037878,
12725761,
13506997,
13348520,
13104565,
12808730,
13589987,
13358807,
13107417,
12874313,
13625847,
13371954,
13171586,
12865569,
12658003,
13443134,
13134418,
12932424,
13674823,
13465100,
13171233,
12914706,
12709842,
13470757,
13254812,
12981521,
12797839,
13586642,
13274894,
13067670,
12849720,
13533173,
13337909,
13118606,
12847990,
13567573,
13348518,
13109505,
12866524,
13653040,
13414569,
13143153,
12894912,
12565489,
13335087,
13087617,
12823983,
12671123,
13403113,
13211150,
12940060,
12869156,
12645747,
13423928,
13118974,
12884915,
12676332,
13514249,
13270774,
12992790,
12757449,
13505858,
13361000,
13114692,
12925254,
13640633,
13498563,
13194417,
13048271,
12781253,
13528596,
13282936,
13106158,
12840351,
13665739,
13380106,
13221726,
12955250,
12766436,
13532788,
13343546,
13047119,
12880875,
13637203,
13434919,
13160429,
13011221,
12712160,
13512602,
13260039,
13113062,
12708097,
13581902,
13305451,
13091956,
12790889,
13587392,
13413571,
13121326,
12879466,
13730774,
13425298,
13205721,
12954585,
12817553,
13513118,
13225327,
14049992,
13755923,
14563047,
14333501,
14075531,
13849576,
14636897,
14454617,
14161313,
13934143,
13723235,
14506711,
14327526,
14020717,
13777051,
14565082,
14292894,
14068539,
14790279,
14565649,
14308452,
14069064,
13817241,
14586319,
14296971,
14148988,
13879982,
14690334,
14418047,
14182226,
14040606,
13760443,
14484363,
14344245,
14005853,
13796740,
14573144,
14335491,
14065642,
13861975,
13682028,
14456585,
14186238,
13964496,
14717760,
14513540,
14250466,
14024305,
12777830,
14497292,
14364093,
14116835,
13886782,
14661736,
13432200,
14257568,
13016414,
12763473,
13562636,
13333054,
13132233,
12831387,
13590992,
13371700,
13154159,
12958043,
13678668,
13472165,
13131370,
12912917,
12715591,
13487323,
13282130,
13023045,
12767125,
12608755,
13402212,
13234931,
13176140,
12702235,
13439861,
13247535,
12968647,
12767409,
13531596,
13297121,
13071448,
12877880,
13602946,
13328524,
13175700,
12882895,
13701394,
13419405,
13162303,
13005550,
13740603,
13511825,
13251575,
12999773,
12736043,
13540195,
13314868,
13078099,
12770120,
13587050,
13225684,
13090154,
12832303,
13641825,
13406346,
13133368,
12905773,
13680078,
13314856,
13161741,
12883632,
13675938,
13395572,
13154184,
12921535,
13721442,
13467540,
13246445,
12961402,
12807495,
13518284,
13372584,
12928333,
12637521,
12572172,
13300801,
13131726,
12738712,
12619154,
13753498,
13166969,
13046749,
12687926,
13500981,
13282543,
13058585,
12860947,
12613101,
13400243,
13204838,
12907432,
12742397,
13446820,
13244170,
13044906,
12805523,
12605512,
13371124,
13121443,
12935259,
12639189,
13469164,
13168411,
13000395,
12799196,
13566703,
13344421,
13108857,
12862292,
12709240,
13406722,
13295972,
12997531,
12809248,
12633833,
13418659,
13183832,
12955613,
12558076,
13503535,
13174946,
13046192,
13737231,
13240857,
13030910,
12832742,
12609247,
13410066,
13144265,
12938464,
12709252,
13516754,
14235963,
13047487,
12834366,
13636147,
13382526,
13251322,
13046759,
12837123,
13526959,
13330197,
13077275,
12774102,
14611111,
13381184,
13128768,
12836524,
13595863,
13425780,
13097591,
12895752,
13614240,
13447004,
13122249,
12966674,
13665621,
13460571,
13175827,
12983156,
13675703,
15474454,
13286457,
13056289,
12938203,
12770800,
13474067,
13260797,
12994357,
12872146,
13669148,
13456963,
13410582,
13190318,
12925580,
13745103,
13427741,
13260366,
12925130,
12770981,
13520509,
13311729,
13037497,
12820642,
13595392,
13370254,
13115434,
12884545,
13616668,
13353980,
13125461,
12928944,
13718258,
13432317,
13140887,
13003015,
12757917,
13492414,
13257827,
13097866,
13799535,
13550369,
13319280,
13054651,
12845045,
13575772,
13371051,
13172153,
12831916,
13595046,
13366227,
13128328,
12850813,
13621515,
13391823,
13200146,
12930879,
13761957,
13463545,
13336514,
12973831,
12772088,
13517096,
13319390,
13087376,
12850822,
13644058,
13427060,
13097487,
12956025,
13668096,
13476377,
13213125,
12995638,
12736470,
13575155,
13273708,
13066372,
12770458,
13548212,
13298514,
13109337,
13781771,
13544987,
13342601,
13152212,
12849413,
13646948,
13364240,
13166343,
12886123,
13687882,
13394397,
13181520,
12969289,
13715876,
13487246,
13267246,
12958145,
12780814,
13483257,
13296379,
13003430,
12800923,
13525793,
13308383,
13030600,
13805959,
13538973,
13326220,
13031080,
12834504,
13540557,
13404345,
13077570,
12875336,
13631674,
13429342,
13100155,
12911061,
13618880,
13431235,
12969231,
12730488,
12641634,
13378696,
13172307,
12954180,
13673774,
13472815,
13195219,
13025113,
12747129,
13511673,
13293492,
13061418,
12787587,
13567131,
13271409,
13134124,
12803768,
13584764,
13403797,
13095558,
12886768,
13636148,
13458008,
13167665,
12907241,
13662000,
13443972,
13222302,
12964060,
13742381,
13536056,
13287168,
13013707,
12806478,
13479992,
13299819,
