12644920114,
32522132,
17452313,
14399767,
14014402,
14219745,
13678619,
14173935,
13715787,
13253318,
12755546,
13338921,
11956214,
12367810,
11850836,
12434160,
11910078,
12612659,
12190919,
11513300,
11188132,
11829704,
11325639,
11976176,
11835162,
12131697,
11805904,
11250136,
11984704,
11745943,
11156195,
11709961,
11435857,
12199192,
11870935,
11336490,
12058151,
11741609,
11228827,
11992586,
11478882,
12267528,
11804912,
11386931,
12057964,
11880161,
12445170,
11956592,
12566497,
12217873,
11817336,
12634910,
14239889,
13776714,
13471820,
14130149,
13866766,
13535523,
14130437,
13781324,
13435927,
14144416,
13805159,
13477172,
14047188,
13709457,
13458224,
14112456,
13750919,
13409164,
14120585,
13817403,
13350633,
14017977,
13719143,
13431882,
14166680,
13756598,
13380703,
14047753,
13710786,
13441167,
14217219,
13898335,
13584770,
13246828,
14956673,
13634652,
14191368,
13955949,
13567435,
13319328,
14034577,
13599198,
13378417,
14039125,
13767719,
13442814,
14068851,
13710723,
13433008,
14131727,
13716581,
13469930,
13170701,
13983521,
13705427,
14454683,
13977018,
13682435,
13414849,
14167540,
13765102,
13444192,
14136236,
13838435,
11333824,
13231523,
11859121,
12586695,
12276533,
13126858,
11645411,
12336470,
11984447,
11595241,
11263569,
12168342,
11655457,
11286726,
11995279,
11677509,
11279898,
13092491,
11458484,
11286193,
12038898,
11558549,
11077477,
11907574,
11527739,
11299472,
12064461,
13739431,
13452394,
14161122,
13848997,
13478510,
14142191,
22896760,
22514239,
13236953,
12772613,
12478041,
12233065,
12934001,
11639057,
12365036,
13140501,
12627992,
11171499,
12062892,
11770557,
11477217,
11079104,
11853716,
11629864,
11101253,
11962244,
11602126,
11158542,
12082330,
12769873,
11655707,
12097670,
11937205,
11550896,
11105051,
11869777,
11576605,
11162001,
11999351,
11741946,
11579055,
12139384,
11789558,
11521959,
11017189,
11856511,
11562061,
11148080,
12028124,
11566563,
13374662,
14082875,
13835947,
13585677,
13203826,
13974853,
17740205,
14305607,
14120940,
13791541,
13514352,
13178882,
13995957,
13670961,
13356540,
13942797,
13680253,
13433834,
13152662,
13833805,
13576910,
13255497,
12979296,
13837552,
13509455,
13261351,
13869585,
13609823,
13361530,
13966646,
13709069,
13390967,
13112744,
13884486,
13563963,
13241937,
13911028,
13585655,
13329600,
14020745,
13679426,
13384338,
13080111,
13830427,
13541535,
13316546,
14224523,
13818448,
13574537,
14241027,
14988675,
13676859,
13416321,
13040777,
13796752,
13589056,
13377329,
13996319,
13683182,
13382626,
13152077,
13945344,
13611382,
13263960,
13158674,
13762138,
13622779,
13357163,
13203191,
13851093,
13604096,
11129643,
10918339,
11697357,
11461283,
11075336,
11911017,
11579753,
11562821,
12154410,
11858430,
11495413,
11198036,
12021349,
11562148,
11435859,
10974598,
11568916,
11490093,
11155021,
11957639,
11644553,
11505325,
12062102,
11832355,
11503145,
12107586,
11890293,
11750683,
11194268,
10966463,
11667908,
11484881,
13231221,
13023215,
13720973,
13418081,
13147705,
13925639,
13575713,
13287995,
13036580,
13748865,
13503632,
13230089,
13981718,
13687866,
13335435,
14201004,
13804694,
14544729,
13202679,
13034647,
13638291,
13424686,
13147420,
13880672,
13524787,
13286000,
13002163,
13731297,
13445862,
13204085,
13953867,
13641791,
13478117,
13067133,
13806335,
13607003,
13250835,
14005133,
13728845,
13363327,
13184659,
13844901,
13618085,
13263437,
12964952,
13788021,
13526574,
13180427,
13903863,
13545943,
13320018,
13037332,
13678210,
13482564,
13104710,
13903921,
13597681,
13332352,
14063892,
14089550,
13472162,
13213350,
13921384,
13662694,
13409979,
13137638,
13884407,
13687265,
13253110,
13991319,
13650865,
13362449,
14015840,
13815216,
12414988,
14178374,
13971709,
13672726,
13424631,
13079829,
12872006,
12553631,
14353742,
13057528,
13758335,
15591242,
13395540,
15155484,
13860693,
13443564,
13185546,
13888152,
13684997,
13374306,
13752700,
13531393,
13189547,
13994552,
13719763,
13503167,
13260150,
13984967,
13734062,
13454474,
13127155,
13916504,
13581854,
13394673,
13142009,
13864158,
13550450,
13260226,
14074206,
13798433,
13465678,
13230507,
12943359,
13689092,
13420446,
13203144,
13880817,
13664214,
13374634,
13176715,
13807821,
13580200,
13294562,
14001281,
13771790,
13487534,
13266036,
13042067,
13708628,
13500478,
13192534,
14013628,
13674806,
13412079,
13148317,
13869635,
13653193,
13356553,
13068185,
13785346,
13565221,
13284797,
13013126,
13814835,
13534596,
13430521,
13225534,
14100613,
13572309,
14666101,
13307043,
13086912,
13775652,
13485244,
13212052,
13981072,
13710354,
13449041,
13190204,
13944462,
13644568,
13436750,
13098646,
13853511,
13503517,
13321750,
13064573,
13754798,
13490973,
13200581,
12948996,
13806095,
13450194,
13246220,
13031980,
13731113,
13445557,
14236240,
13940095,
13647590,
13276964,
13077012,
12841038,
13663874,
13412792,
13204843,
14024989,
15810641,
15534743,
15287677,
15055439,
15938858,
15685145,
15437037,
15148635,
15949579,
15676543,
15460284,
15196017,
15863643,
15681036,
13402378,
15231624,
15919497,
13641253,
13320245,
13163566,
13907087,
13633541,
13454049,
13131398,
14051851,
13671740,
13204393,
12972410,
13866410,
13569538,
13302414,
13059001,
13763257,
13573148,
13225116,
13969990,
13829713,
13225949,
12990995,
13737146,
13540855,
13223679,
13008286,
13794783,
13546052,
13299891,
11972280,
13774749,
12408890,
13360398,
12032659,
12730936,
12520738,
12236152,
11962880,
12775800,
12556930,
12114419,
11880089,
12708957,
11391987,
11353566,
10899079,
11665239,
11480217,
11360365,
10946492,
11833317,
11468474,
11130301,
10885938,
11576498,
11305296,
11296493,
10885722,
11803344,
11570968,
11341509,
11998564,
11841522,
11494810,
11397209,
11004061,
11746043,
12539766,
11447252,
12072314,
13801892,
12570197,
13356151,
13072780,
13797105,
13590834,
13301039,
13157389,
13845957,
14637112,
13438012,
14163422,
13850869,
14596713,
13326385,
13113667,
13800977,
13629552,
13339638,
13146194,
13974043,
15726787,
12361611,
14123125,
12847375,
11584297,
11344101,
10997127,
12881198,
11651720,
11354313,
11008944,
10871388,
13675138,
13494786,
13211458,
12951186,
13722048,
13457316,
13174423,
13955929,
13732869,
13480530,
13232241,
12962597,
13766425,
13481169,
13180210,
12941719,
13755446,
13477024,
13207391,
13005452,
13758295,
13460290,
13248370,
12997193,
14789357,
13444962,
13289690,
13008396,
13730764,
13503233,
13213855,
12887447,
21799897,
13981907,
13562903,
13293887,
14053725,
13476607,
13259787,
13019138,
13766784,
13456451,
13264684,
12997510,
13822006,
13519841,
13287270,
12996030,
12743123,
13495378,
12255058,
12935937,
13752873,
13466136,
13231481,
13975063,
13683213,
13368700,
12115593,
11848159,
11611125,
11292324,
10977441,
11798362,
11606546,
11350785,
11063980,
10837518,
11576630,
12438953,
13225546,
10844875,
13721131,
13511147,
13343108,
13023211,
13866548,
13680158,
13459784,
13187244,
13002255,
13748453,
13502560,
13230374,
12991285,
13752153,
13507929,
13233783,
12968549,
13772247,
13507432,
13231147,
13024785,
13738891,
13527911,
13283747,
13095540,
13902615,
13601913,
12365031,
14137839,
13779834,
11616945,
14333021,
14186463,
12875378,
14666568,
13396088,
14207787,
13013871,
13747976,
13515574,
13283368,
12915590,
13746503,
13518334,
14287232,
13004624,
13793495,
13615075,
13307641,
13052923,
13769942,
13612065,
13391385,
13118989,
13882178,
13627575,
13406417,
13198441,
12804150,
13666924,
13398105,
13214657,
12971784,
13727745,
13391437,
12073865,
11895806,
13792455,
12443201,
12164842,
11949387,
12723249,
12462374,
12190972,
11968845,
12774441,
12477673,
12250886,
12031717,
11716173,
11555104,
11229976,
12046235,
10759880,
11474890,
11194148,
11144157,
11740726,
12647081,
11346503,
11069509,
10852791,
11682483,
11544934,
11217276,
10908459,
10757337,
12539084,
12314815,
13024533,
11734247,
13526888,
13360953,
12024412,
12769890,
13583580,
13398421,
13189304,
12860309,
13588795,
13315661,
13070688,
12777050,
13543702,
13303083,
13124681,
12860249,
13532393,
13446774,
13164404,
12867913,
13622732,
13405002,
13113380,
12880438,
13584392,
13367382,
13177570,
12907971,
13576786,
13366174,
13100873,
12921210,
13640281,
13429438,
12110311,
11854598,
11599326,
12418140,
12128160,
11143595,
11790193,
11556341,
11323912,
11209873,
10818974,
10606524,
11296654,
11327315,
11904675,
11655237,
11373492,
11233401,
10905951,
11643213,
11445909,
11235038,
10908683,
10718913,
11448092,
11203746,
11063270,
11792715,
11550032,
11187180,
11222187,
10830214,
11595314,
11242583,
11212712,
10839432,
11611327,
12424830,
11177698,
10874432,
11606776,
13454826,
12228720,
11016239,
11633361,
11505927,
11350762,
11147503,
11182202,
11829840,
11583849,
11219377,
11155846,
10890949,
11577113,
11237723,
11179765,
10849288,
12643287,
13447941,
13209816,
12961015,
13716348,
13411159,
13173765,
12941644,
12658836,
13489461,
13213592,
12986845,
13730740,
13480567,
13324105,
12969345,
13710778,
13480061,
13481552,
12925632,
13672434,
13495113,
13175990,
12935424,
13712583,
13118022,
12877976,
13651570,
13355835,
13187589,
12878230,
13617095,
13364405,
13137145,
12821208,
14655479,
13441672,
14146299,
13913620,
14745982,
15395607,
14224963,
14043534,
14781809,
14584226,
15325245,
15062248,
14813673,
15554839,
15384418,
14099667,
12881318,
13631903,
13399615,
13198426,
13967773,
12595023,
12450690,
11148365,
10913451,
12648327,
12430224,
12187733,
10827147,
12684534,
11492901,
11197196,
10984733,
11601181,
11304861,
11156934,
10910925,
11633268,
11528743,
11207716,
10983618,
11723037,
11522866,
11211163,
11001345,
11750263,
11572823,
11199963,
10985743,
11761780,
11510632,
11266631,
10981565,
11629773,
11552484,
11168721,
11122541,
11765667,
11533849,
11262127,
11115694,
11761480,
11542298,
11207920,
11160669,
12814808,
12567095,
13319351,
13099088,
13882996,
13597719,
12326094,
12089989,
12770953,
13621457,
13317351,
13138927,
12749350,
13593804,
13347068,
13117887,
12789572,
13570295,
13347668,
14143484,
13844171,
13671929,
13383460,
13167283,
12957355,
13676723,
13402652,
13145450,
12910634,
13736394,
13400719,
13136718,
12979213,
13761620,
13559384,
13217729,
13007130,
13097888,
13483792,
13262569,
13031358,
12746040,
13505005,
15297782,
15046264,
14850290,
15597687,
15381301,
15087774,
14915643,
15681954,
15374464,
15180990,
14975491,
15714543,
15451109,
15257102,
14991778,
14811450,
15645015,
15313330,
15119326,
14835661,
15539503,
15332989,
15102660,
14820479,
15557875,
15309653,
15201206,
14879195,
15685433,
15427280,
15197401,
14820200,
15699259,
15477644,
15309143,
15091154,
15814446,
15525479,
15309896,
15079725,
14909669,
15607248,
15380391,
15179195,
13896331,
14714404,
13459590,
13286200,
13018046,
12789079,
13608474,
13466555,
13318828,
13116353,
12911376,
13625744,
13388213,
14063912,
13753591,
13524516,
13204990,
13061664,
13801173,
13495010,
13233679,
13011067,
13808052,
13579393,
13114648,
12928928,
12634832,
13583706,
13761642,
13189614,
13070613,
12819239,
13697832,
13372532,
14085398,
12924977,
13636314,
14433423,
13183012,
12944441,
13698764,
13469373,
14215057,
13956899,
14746555,
15494756,
15196208,
15008377,
14769685,
15502783,
15251218,
15037553,
13872964,
15610706,
15347971,
15065958,
14869424,
15693407,
15314626,
15110115,
14856775,
15687768,
15463403,
15138390,
14921370,
15690847,
15373369,
15150402,
14935417,
15680001,
15444456,
15138653,
14959263,
15735052,
15515959,
15246901,
14984423,
14820275,
15611323,
15331565,
15095006,
14780443,
15621967,
15348491,
15104268,
14845387,
15625896,
15384021,
15163673,
14847486,
15676005,
15464901,
15247387,
15028088,
15796383,
15533136,
15322918,
15143707,
14855910,
15625087,
15390845,
15151179,
14965313,
15685328,
15422571,
15238256,
15023246,
15803642,
15595266,
15312308,
14071362,
12855290,
14638907,
13383643,
13143869,
13870232,
13657474,
13405509,
13147109,
12886087,
13633213,
13333456,
13139618,
12868169,
13543628,
13357245,
13148515,
13015553,
13700302,
13440124,
13221554,
12979394,
13724857,
13482736,
13256634,
13025801,
12825971,
13609098,
13404060,
13074235,
12922925,
13637521,
13455579,
13145280,
12913958,
13613817,
13442749,
13204071,
12951428,
13643835,
13467723,
13192542,
12954870,
13705879,
13414571,
13155514,
12926030,
13711933,
13468873,
14170202,
12922217,
13680421,
14501194,
13191266,
12985413,
15756708,
15489773,
14262853,
14001471,
15723703,
15521232,
15194791,
14987388,
15793731,
15567921,
15304996,
15031298,
14798616,
15556887,
15338011,
15189923,
14951138,
14776630,
15622350,
15473895,
15278899,
15112685,
15930731,
15625654,
15372769,
15122997,
14850233,
15687458,
15366609,
15077115,
14881456,
15692983,
15398413,
15125986,
14911168,
15620182,
15300094,
15103093,
14856277,
15674991,
15397973,
15118372,
14992730,
15724372,
15435680,
15260834,
14939159,
14850817,
15577612,
15262741,
15076423,
14882840,
15657162,
15397213,
14905934,
15664492,
15457928,
15263974,
15072813,
14853363,
15688635,
15333144,
15181623,
14947123,
15607883,
15473942,
14220618,
12999854,
12736483,
13434108,
13249508,
13002452,
13783865,
13504198,
13224844,
13060533,
12846898,
13599950,
13385276,
13119564,
12900479,
13611238,
13394898,
14180102,
12870609,
13662542,
14386717,
13204026,
12920403,
13677843,
13460138,
13248828,
13025231,
13776596,
13463060,
13269199,
13022451,
13806777,
13564341,
14304285,
14968123,
13769042,
15539452,
14280651,
14928154,
14789527,
15642553,
15450475,
15291132,
14995187,
15706438,
15498865,
15318000,
15128193,
15843081,
15600721,
15294573,
15010602,
14926275,
15604065,
15391092,
15021410,
14985741,
15676331,
15410699,
15103438,
14989826,
15747979,
15560469,
15022701,
15023714,
14771196,
15583687,
15356571,
15067960,
14837633,
15555109,
15397203,
15114212,
14890093,
15698284,
15424788,
15273284,
14973841,
15685578,
15466632,
15335315,
15120981,
14831694,
15664669,
15317856,
15158334,
14968152,
14732463,
15543105,
15365068,
15102011,
15007592,
14788494,
15555251,
15306714,
14105759,
14768403,
15567259,
15331847,
15110135,
14868047,
15649735,
15415929,
14195997,
13839204,
14643002,
14428871,
13145984,
12882878,
13720520,
13397038,
13233833,
13964269,
13726920,
13466465,
13185847,
12957070,
13713746,
13404489,
13159474,
12944751,
13688125,
13421639,
13210458,
12964078,
13770646,
13511156,
13290687,
12978504,
12780947,
13549669,
13312464,
13059216,
13905603,
13602311,
13359970,
13150842,
12648906,
13595944,
13380832,
13098643,
12749769,
13628584,
13417539,
13174540,
13021633,
13788105,
13537630,
13266443,
14043353,
14780448,
15573498,
15300437,
15084204,
15762238,
15564535,
15355358,
15078819,
15755213,
15639286,
15377269,
15086639,
14901471,
15655885,
15417844,
15043904,
14954411,
15750236,
15426900,
15094066,
14960730,
15794133,
15505562,
15199014,
15038845,
14800951,
15570738,
15279243,
15061861,
14792320,
15670078,
15445874,
15199269,
14951020,
14722994,
15498803,
15316379,
15043394,
15693127,
15394002,
15312784,
15116085,
14833626,
15606714,
15488579,
15166331,
14947088,
15679228,
15387114,
15235959,
15003869,
14820777,
15584397,
15341677,
15087486,
14948946,
15705790,
15473673,
15167441,
14924496,
14801226,
15552352,
15287605,
14935104,
13785664,
14634608,
14356334,
13165956,
13868270,
13609000,
14390861,
13188674,
12932089,
13605273,
13432854,
13186280,
12989858,
13663149,
13427805,
13168913,
13989614,
13800709,
13515609,
13320190,
12993727,
13739036,
13505495,
13308314,
13007987,
13780891,
13534948,
12920632,
13716093,
13503115,
13223180,
13118869,
13892011,
13589094,
13273091,
12987861,
12856837,
13641840,
13368722,
13083562,
12825447,
13626642,
14352029,
13155148,
12925140,
13690733,
14449720,
13240361,
12987286,
15704327,
15501856,
15256119,
14964315,
14819212,
15554942,
15358285,
15000234,
14929665,
15645470,
15420786,
14970417,
14953943,
15721450,
15436864,
15035010,
14992691,
14713959,
15562022,
15256847,
15052613,
14794607,
15561756,
15341916,
15123789,
15832258,
15571362,
15341524,
15132458,
14883820,
15600199,
15337374,
15094266,
14929023,
15668094,
15444052,
15167893,
14948698,
15723920,
15483374,
15263699,
14946839,
14820060,
15580287,
15304467,
15076757,
14889405,
15553792,
15386929,
15093206,
14890827,
15556772,
15374251,
15182998,
15028253,
15762547,
15535091,
15214513,
14992678,
15748418,
15574351,
15304461,
15057358,
15759910,
15640123,
15390210,
14959060,
14964955,
15735594,
15454999,
15038424,
14945233,
15601956,
15356865,
15040370,
14887123,
15553010,
15325610,
15061058,
14921795,
15695015,
15366945,
15198594,
16040851,
15782116,
15494148,
15279441,
15061954,
14858162,
15604421,
15387236,
15185220,
14881928,
15692582,
15475407,
15147888,
13959234,
14722923,
13528621,
14280524,
13050716,
11773459,
11546792,
13353705,
11152827,
12845143,
12694946,
13424948,
13210503,
13275371,
13709474,
13412654,
13113612,
11936850,
13760348,
13438284,
13164948,
12953943,
13757890,
13436350,
13255542,
13020413,
12747585,
13565791,
13308374,
13073075,
12796519,
13558584,
13339619,
13075605,
12854589,
13588057,
13367795,
13159424,
12916065,
13602986,
13342286,
13119454,
12911591,
13660956,
13340051,
13019686,
12805877,
13635726,
13437294,
13171728,
12890538,
13677316,
13448397,
13217887,
13002732,
14693406,
14451285,
13245420,
12986945,
13724882,
13563703,
13317771,
13102073,
12849920,
13599038,
13298216,
13127763,
12832238,
13684737,
13377948,
13174790,
13907000,
13683588,
13428013,
13162191,
12869649,
13673063,
13404310,
13168166,
12910381,
13649848,
13407545,
13275766,
12996465,
12755202,
13485194,
13254920,
13033553,
12803384,
13531791,
13292717,
13045621,
12841014,
13536231,
13431890,
13147055,
12869621,
13677064,
13426330,
14136199,
12909521,
13658327,
13496305,
13171640,
12890345,
13704233,
13488441,
13273488,
13001265,
12698993,
13511710,
13218277,
14019532,
14788085,
14474291,
13250082,
13074457,
13859441,
13565446,
13263162,
13055953,
13784473,
14569999,
14290571,
15158597,
14873524,
15663309,
15438760,
14174319,
14947306,
15683921,
13421273,
15228419,
12915983,
14693501,
15475870,
11891806,
14689291,
12401438,
13251109,
13097202,
11968935,
11754359,
13521288,
12336904,
12144721,
10931292,
13724757,
11571262,
11137273,
11021746,
12805931,
11571610,
13356158,
12057264,
11765987,
11521336,
11394820,
11263659,
10842614,
12617958,
12449695,
14239940,
11914614,
14696683,
13477285,
13252725,
12970669,
13795470,
13507827,
14280237,
12975992,
14797283,
13526159,
13254807,
13014009,
13746676,
13598526,
13288405,
13033910,
14876577,
12701191,
13545233,
13395927,
13126902,
13778187,
13526829,
13308730,
13062608,
12830462,
13589284,
13271921,
13103651,
12833022,
13615858,
13365119,
13130326,
12850448,
13568041,
13338699,
13165835,
12905444,
13651540,
13413491,
13119614,
12885263,
13647350,
13481101,
13245116,
12836549,
13726047,
13447776,
13258301,
12934049,
13780389,
13530051,
13262404,
13042754,
13692959,
13537188,
13306724,
13033842,
12822549,
13555206,
13305184,
13049779,
12785649,
13637173,
13366245,
13106183,
12878511,
13556926,
13518707,
14153190,
13021715,
15081391,
13532703,
13236493,
13038655,
13768362,
13567885,
13300577,
13124929,
12848508,
13622626,
13390013,
13121564,
12946623,
15682458,
15380916,
15196731,
14934272,
16790407,
16424812,
15259395,
15061421,
14846333,
15633677,
15392386,
15093024,
13900355,
13703681,
14509684,
14267968,
14033124,
14800501,
13536338,
14349397,
13125888,
12762783,
13622737,
13402970,
13181894,
12913228,
13728967,
13457143,
13250380,
13022824,
12809970,
13495098,
13297575,
13104552,
13853056,
13566991,
13376276,
13102405,
12878055,
13693732,
13413908,
13129906,
12904474,
12641927,
13422406,
13111522,
12975346,
13668276,
13438027,
13238339,
13005290,
13732422,
13481779,
13218285,
13036055,
12760152,
13535048,
13318762,
13057301,
12818382,
13604801,
13297604,
13069047,
12801994,
13594297,
13302706,
13094228,
12838101,
13685343,
13444426,
13136196,
12925215,
13690265,
13440037,
13271328,
12959985,
12770640,
13526614,
13313315,
13011631,
12803229,
13560254,
13313380,
13004310,
12844290,
13593364,
13369821,
13091036,
12853918,
13633569,
14426501,
13107182,
12930139,
14723945,
15512032,
15222372,
15022248,
15767288,
15531611,
15284975,
15024131,
14809411,
15600796,
15310198,
15083909,
14861262,
15677991,
15399730,
15166248,
14957943,
15579589,
15366155,
15275053,
15003442,
14831526,
15501285,
15317555,
15019299,
14840309,
15646040,
15359128,
15111052,
13937783,
14723009,
15496125,
15201371,
14984865,
12754264,
14525640,
13324637,
14051882,
12778492,
13550992,
13368637,
13103172,
12808678,
13627104,
13349826,
13168725,
13970741,
13674763,
13036007,
12831329,
13636741,
13411277,
13106940,
12943768,
13656522,
13499238,
13259577,
19950752,
14847401,
13541745,
22339844,
23057246,
19908617,
14767543,
20624486,
15460853,
12827977,
12623179,
12412975,
11202396,
11907115,
13692809,
13399122,
12131361,
12921945,
12719047,
11497755,
11195916,
10885979,
11731142,
11478932,
11178157,
11059673,
11754705,
11517354,
11150724,
11095528,
11718563,
11464522,
11220949,
11164959,
12836921,
12540607,
12341947,
11202738,
11114081,
14779277,
14541489,
13330640,
13093301,
12851929,
13662662,
13454618,
13210218,
12950001,
13754902,
14469872,
13242163,
22052231,
16878059,
14476676,
14265251,
14000393,
13743894,
14498117,
14320124,
12899348,
13846968,
14558273,
14354477,
14032789,
12857867,
12545874,
13346423,
12069654,
12880701,
14578178,
13384023,
13133153,
12941849,
13634091,
13429341,
13146930,
12970227,
12641322,
13482742,
13228632,
12998395,
13799805,
13542502,
13349091,
13000357,
12745023,
13532053,
13294277,
13063916,
12793857,
13595971,
13344013,
13120706,
12886613,
13631881,
13381149,
13128773,
12854589,
13611793,
13350983,
13154329,
12845885,
13615195,
13368162,
13153795,
12835903,
13608515,
13351008,
13161641,
12871693,
13657047,
13400005,
13193384,
12925540,
13660360,
13418881,
13144385,
12887475,
13670166,
13453519,
13225964,
12911021,
12669768,
13420493,
13218337,
12896789,
13661322,
13368462,
13255487,
12928007,
13671994,
13469695,
13256835,
13039979,
12783134,
13566531,
13410989,
13129861,
12861776,
13673936,
13435702,
13181955,
13925057,
13679843,
13424536,
13160444,
12948264,
13640860,
13460365,
13156126,
12904326,
15717576,
14467143,
14262285,
15011309,
14806156,
27655944,
22439108,
17224828,
15742916,
15528591,
15340899,
16078865,
14826319,
15668771,
15444069,
15234279,
14964762,
14790324,
15456684,
15273256,
14955008,
14773016,
15539750,
15255978,
14957941,
14812840,
15530566,
14357154,
13039622,
12854553,
14691026,
13387173,
13112445,
13003732,
12717474,
13484179,
13195589,
13004631,
12705242,
13565519,
13291852,
13022756,
12817655,
13574066,
13315108,
13049646,
12832314,
13587725,
13307461,
13071750,
12887903,
13721091,
13443797,
13206926,
12982951,
13758191,
13480864,
13246513,
13016216,
12815948,
13484212,
14119747,
12845751,
12640761,
13403159,
13103809,
13089092,
12864572,
13548745,
13369921,
13059338,
12837120,
13542592,
13319265,
13435649,
12858187,
13540685,
13325630,
13064812,
12858017,
12535389,
13361690,
13057795,
12826271,
13515005,
13242663,
12938294,
12738607,
12461392,
13477209,
14177144,
13970349,
15695540,
15422313,
15001493,
15720438,
15543193,
15250007,
13987855,
13809520,
14526510,
15325360,
14057521,
13830277,
14608004,
14345725,
14132699,
12854277,
14639562,
14391939,
14168725,
13947677,
14719039,
14496654,
14224755,
14017507,
14796837,
14546088,
14521668,
14082485,
14782515,
15578008,
15294795,
15018228,
14849062,
13632622,
13343594,
13133788,
12862014,
13642913,
13346286,
13087741,
12859245,
13677481,
12428224,
12224865,
11949249,
12643241,
11420340,
11169941,
11104978,
11778154,
11531143,
11173666,
11087129,
11788918,
11568550,
11160311,
11153876,
11830285,
11600301,
11206144,
11198978,
12873228,
11571036,
11209287,
11180547,
10859295,
11578797,
11461268,
11132631,
10900924,
11630904,
11485468,
11185462,
10947599,
11721295,
11525813,
11212080,
11122301,
11716530,
11502815,
11192523,
11114492,
11736456,
11529829,
11277973,
11135921,
10847474,
11580635,
11420156,
12170459,
11977335,
13732244,
13346426,
13166176,
12869476,
12868543,
13695097,
13441259,
13138333,
12883511,
12666491,
13428150,
13267594,
12954750,
13725457,
13518571,
13242988,
13024525,
12715944,
13485829,
13273373,
13090996,
12819535,
13599371,
13319992,
13087106,
13832013,
13617707,
13361065,
13164513,
12946816,
13718238,
13447127,
13201781,
12938284,
13734917,
13430210,
13253287,
12972369,
13782466,
13505928,
13230844,
13011649,
13768977,
13508397,
13266804,
13007595,
12782719,
13540458,
13294704,
13080461,
12784415,
12539151,
12246586,
11094009,
10829877,
11454754,
11391280,
11068618,
11034829,
11635437,
11350403,
11139905,
11043902,
11614522,
11480290,
11091285,
11080394,
10789861,
11566717,
11302262,
11125172,
10893912,
11602571,
11330549,
11070312,
11055534,
10841141,
11469535,
11259878,
11084669,
10944633,
11595799,
12444985,
13206266,
12860690,
11738501,
12515963,
13264437,
12924483,
12778075,
13588896,
13324355,
13001283,
12846980,
12599600,
13359770,
13199713,
12973193,
12717798,
15477549,
13251592,
13038502,
12773093,
13510817,
13289831,
13069694,
12971659,
13645843,
13462050,
13242268,
13011664,
13761505,
13549959,
13217377,
13015788,
13782251,
13593592,
13254917,
13032648,
12749314,
13593134,
13350371,
13011297,
12821594,
13605225,
13309741,
13107163,
12821532,
13624080,
13368441,
13190799,
12929697,
13666668,
13414102,
13205963,
12957346,
13678965,
13508873,
13280607,
13023944,
12864214,
13617877,
13274686,
13036102,
12778090,
13492511,
13309821,
13031930,
12809295,
13491316,
13300259,
13077054,
12826899,
13455913,
13399955,
13049442,
11903190,
12633343,
13369919,
12207572,
10875490,
12751429,
11496191,
11164143,
11697021,
11547849,
11241193,
10959688,
11706584,
11480291,
11211608,
10950528,
11670809,
11455075,
11149736,
10900948,
11714651,
11515039,
11224919,
10855592,
10783602,
11615319,
11174088,
10926559,
12806723,
11452959,
11131876,
11115226,
10766649,
10616206,
11440407,
11183312,
10948545,
11617859,
11490996,
11165216,
10934614,
11597956,
11582847,
11157571,
10968024,
11736504,
11424021,
11218822,
12060590,
10808210,
11583117,
13360685,
13159573,
12868781,
13641821,
13403315,
13183404,
12903189,
12663807,
13379351,
13251160,
12917268,
13669859,
13311263,
13045219,
12961940,
13777201,
13508597,
13261606,
12989858,
12783359,
13521852,
13322672,
13044917,
12779805,
13585175,
13334584,
12986896,
12804420,
15584055,
13331786,
13091274,
12881773,
14663788,
15429113,
14239005,
13944630,
15658457,
15426061,
15136383,
14941721,
15672811,
14458517,
15276659,
15125808,
12850020,
14606490,
13361140,
13107305,
12840586,
13639376,
13361425,
13133551,
12879768,
13582522,
13301947,
13067087,
12724677,
13614481,
13299148,
13185147,
12897774,
13686787,
13502635,
13228732,
13956222,
13698497,
13459598,
12250089,
12991084,
11748698,
12525394,
12343017,
12079758,
11812048,
12596842,
12319684,
12117428,
11875645,
12597272,
12375189,
11110172,
10823882,
11632575,
11393857,
11267584,
10901291,
11584150,
12374862,
11165288,
11977670,
11699451,
11478364,
11142038,
11156770,
11836827,
12564360,
13354926,
15124222,
12832714,
13620366,
13395823,
13170761,
13889654,
13638499,
13372669,
13190342,
12921998,
14706060,
13477427,
13315359,
12937154,
12732895,
14599294,
14393599,
14144644,
13917164,
14627281,
14472509,
14178291,
14000920,
14726546,
14483691,
14242132,
14073076,
13793785,
14558487,
15143804,
14124488,
13969773,
15644525,
15331060,
15119864,
14811305,
15628902,
15346766,
15238549,
14960545,
15640633,
15423430,
15217183,
14994815,
15554734,
15423609,
15245643,
15069618,
15811137,
15583452,
15380516,
15111992,
14926160,
15629969,
15439635,
15214290,
15031150,
15744861,
15499255,
15263880,
15037457,
14816307,
14668057,
15422186,
14231915,
14999665,
14664560,
13469325,
13262412,
13106463,
12951725,
13703796,
13491346,
14297803,
12961572,
12749737,
13577377,
13284475,
13037519,
12780698,
13578375,
13287705,
13100083,
12833321,
13618227,
13354686,
13074097,
12878221,
13648102,
13383599,
13238033,
12954655,
13754725,
14457055,
13261612,
12993117,
13795268,
13514561,
13209025,
13055206,
12769897,
13527814,
15322222,
15071203,
14840133,
15573943,
15361368,
15034760,
14872885,
15598523,
15403424,
15114327,
15899663,
15357647,
15211286,
14887218,
15736577,
15495579,
15181837,
14986566,
14786485,
15512683,
15354215,
15055711,
14867977,
15615870,
15407454,
15156109,
14920912,
15649320,
15470600,
15238959,
15032608,
14742595,
15590673,
15361468,
15118559,
14946746,
15716938,
15480979,
15285653,
15024646,
14881576,
15564070,
15386063,
15128303,
14999479,
15702254,
15453054,
15235346,
15009537,
14851757,
15602788,
15209847,
15105248,
14879891,
15719096,
15409550,
15202301,
14963653,
15693250,
15458111,
15249178,
15027435,
15747318,
15594222,
15360475,
15106740,
13867732,
15699675,
14462609,
13206568,
13044204,
13734440,
13463841,
13219199,
13030665,
14773885,
13501725,
13229389,
13055774,
13807454,
13644721,
13330527,
13056608,
12734924,
13673604,
13411941,
13160286,
12901542,
13813695,
13451064,
13326777,
14031877,
15767267,
15561109,
15292349,
15115264,
13889521,
15607131,
15426046,
15167498,
14983969,
15751393,
15514809,
15245686,
15060926,
14796354,
15542990,
15301569,
15100753,
14824330,
15648273,
15358905,
15159829,
14840378,
15659607,
15477977,
15162671,
14926372,
14720335,
15418219,
15280331,
15005979,
14802566,
15614090,
15356473,
15157800,
14884810,
15676303,
15502935,
15235187,
14988546,
15775469,
15607998,
15322385,
15115799,
14877113,
15643391,
15387069,
15195504,
14937856,
15708599,
15483644,
15265536,
15054878,
14842328,
15595327,
15343576,
15059087,
14890102,
15594899,
15403919,
15082054,
14940509,
15606813,
15418761,
15183020,
14926325,
15601956,
15485378,
15214435,
15013244,
14745815,
15529764,
15265007,
15066421,
14822660,
15641494,
24399980,
19202249,
15880179,
14704408,
15409652,
15165674,
14903086,
15743344,
15443319,
15249868,
15016324,
14800985,
15547982,
14362703,
15106340,
13843356,
15975117,
14407493,
14144874,
13955654,
13651298,
14425824,
13174203,
12969612,
15712141,
14531424,
13280546,
13083044,
12825959,
13663092,
13384431,
23271856,
18069197,
14686027,
13451561,
14221103,
15008222,
15741579,
14497115,
14241212,
14041776,
14783090,
13525839,
15199359,
15081844,
14837399,
15595122,
14318572,
14115326,
12851078,
13652522,
13332085,
12961936,
12887177,
13682653,
13387725,
13158581,
12875865,
13696864,
13408302,
13275193,
12974462,
12700345,
13556187,
13308818,
14037993,
13741602,
13373342,
13321935,
13100603,
12846680,
13598816,
14330486,
13092713,
12854035,
13700302,
13435628,
13202218,
12932450,
13687131,
13480004,
13204488,
12942299,
13675349,
13478421,
13203358,
12988933,
12768781,
13504935,
13225939,
13038015,
13799983,
13577645,
13252558,
13086449,
12821997,
13658311,
13362898,
13822654,
13478332,
13265037,
12995172,
13726273,
13479199,
13256323,
12994053,
12783053,
13511797,
13295311,
13077537,
14192481,
13513315,
13330425,
13099013,
12830749,
13597592,
13390706,
13260694,
13063147,
12876693,
13661069,
13355342,
13172830,
12813128,
13660612,
13396175,
13146609,
12850850,
13720910,
13418406,
13254578,
12939953,
13753818,
13479421,
13369017,
12958700,
13751655,
13497628,
13283345,
12931784,
13809954,
13560989,
13278323,
13077961,
13811089,
13558507,
13331554,
13040163,
12757888,
13503405,
13273616,
13107085,
14878053,
15628531,
15303254,
15148745,
14998977,
16698806,
15426166,
15204263,
14951321,
14758197,
15536219,
15334960,
15015741,
14845855,
15548695,
15345178,
15075947,
14857100,
14684094,
13418054,
13199479,
12931384,
13785838,
13537358,
13278548,
13046561,
12772597,
13592137,
13325549,
13106170,
12883397,
13671206,
13417074,
12953605,
12943878,
13732860,
13476265,
13221900,
13070203,
12844190,
13634544,
13368286,
13118816,
12949026,
13654727,
13388758,
13167108,
12865381,
13734162,
13407077,
13196484,
12893092,
13692124,
13466964,
13227224,
12970719,
13711274,
13453731,
13274103,
12971964,
13729330,
13510607,
13254910,
13022475,
12754534,
13567298,
13342784,
13109837,
12893507,
13658629,
13485606,
13208658,
13012057,
12769063,
13593294,
13301619,
13111749,
12910149,
12732203,
13575502,
13381438,
13208343,
12849937,
13684508,
13429996,
13170918,
12942308,
13724678,
13470529,
13255754,
12986386,
12783943,
13619807,
13292079,
13026316,
12815330,
14635112,
14353954,
14184175,
14804759,
15612720,
15335794,
15095974,
14928090,
15667436,
15487236,
15276361,
15044474,
14845138,
15517277,
15340365,
15074372,
14849880,
15630581,
15342636,
15137986,
14837771,
15627460,
15408662,
15183137,
14938649,
15720115,
14473434,
14234912,
13024208,
12732863,
13609990,
13330022,
13174420,
12831867,
13649415,
13358651,
13159162,
12866154,
13694805,
13448724,
13218788,
12978899,
13776769,
13476452,
13256617,
13020261,
12758931,
13562136,
13325370,
13129936,
12894228,
13660554,
13455744,
13184970,
12947051,
13695470,
13427692,
13205646,
12985453,
13697064,
13480199,
13307294,
13047771,
12729801,
13543125,
13301809,
13076389,
12851422,
13583912,
13371001,
13133646,
12869619,
13648862,
13418438,
13247307,
12945191,
13778289,
13551620,
13269079,
13074470,
12784350,
13609531,
13398558,
13050699,
12868784,
14630430,
14403011,
13155572,
12928755,
14723772,
13436368,
14158885,
14032354,
14781052,
14514215,
15272256,
14029329,
13806509,
15570165,
15334902,
14977650,
14849583,
15668227,
15044538,
14931012,
15568021,
15285577,
15068060,
14849016,
15555152,
15354163,
15137056,
14905411,
15646462,
15501760,
15230718,
14964135,
14790402,
15524332,
15295920,
15073992,
14867002,
15657184,
15367212,
15152202,
14935759,
15704759,
15474200,
15286161,
15028342,
12828277,
13622182,
13422200,
13080147,
12794706,
12720374,
13568378,
13288123,
13023278,
12737555,
13593286,
13301449,
13090598,
12755711,
13619504,
13335709,
13137023,
12927474,
13705749,
13476959,
13204841,
13017813,
13757188,
13507485,
13266424,
13001964,
13775314,
13574350,
13275503,
13010654,
13719093,
13473600,
13274894,
13063743,
13790388,
13532373,
13274031,
13073012,
12816917,
13581080,
13275244,
13176355,
12865329,
13503209,
13372460,
13140567,
13259092,
13610748,
13392335,
13175895,
12867869,
13613695,
13462622,
13214722,
12945499,
14652831,
14514275,
15215991,
14990313,
14721354,
15521344,
15269486,
15089589,
14713112,
15679641,
15353651,
15127309,
14910413,
15686280,
15381334,
15256756,
15038784,
14832787,
15564641,
15352008,
15025932,
14879875,
15655022,
15394333,
15186842,
14927379,
15674063,
15488003,
15229572,
15053371,
14863799,
15592104,
15407314,
15168210,
14904843,
15658224,
15467846,
15215598,
14901302,
14770036,
15508393,
15263199,
14956831,
14880178,
15604410,
15359465,
15054696,
14937904,
15674656,
15425708,
14230950,
15002149,
12747144,
13510759,
14311505,
14040980,
12810760,
14629658,
15328137,
13098461,
13902573,
14621601,
13443174,
14145283,
12908706,
14689044,
13433998,
13242271,
12951813,
13744299,
13498782,
13246178,
13030188,
13767555,
13529726,
14235383,
13038319,
15797285,
14494087,
13280978,
13012219,
13927556,
11631699,
13455001,
13204826,
11917987,
11627270,
12363611,
12147333,
10831824,
11610175,
11522216,
11147288,
11144582,
11784560,
12449397,
11171209,
12016437,
12788910,
13467031,
13276740,
13074774,
12874046,
13605765,
13286498,
13123747,
12821015,
13617442,
13390128,
14107646,
12820072,
13610685,
13477514,
13150034,
12937036,
13053179,
13489256,
13260957,
12989188,
13744536,
13467395,
13202246,
13036072,
13797815,
13496645,
13275611,
13070635,
12863847,
13554829,
13315200,
13063555,
12886875,
13650941,
13341794,
13206383,
12935344,
13675349,
13417519,
13149659,
13002012,
13718000,
13500800,
13271146,
13001859,
12709285,
13559941,
13295027,
13136347,
13850511,
13584963,
13312428,
13073058,
12829754,
13588459,
13350503,
13103602,
12846760,
13630327,
13361004,
13158171,
12880915,
13669287,
13515569,
13219143,
12927299,
12730283,
13497028,
13303424,
13044629,
12782562,
13576855,
13298162,
12815968,
13524704,
13299614,
13054163,
12869888,
13638974,
13342934,
13141190,
13929684,
14709838,
12467644,
15223459,
14072961,
12811370,
13598454,
13416209,
13084166,
12899702,
13585072,
13446452,
13242878,
12952018,
13717377,
13459548,
13259952,
13047911,
12775278,
13507090,
13317582,
13098438,
12884842,
13655715,
13369482,
13156772,
12897194,
13735114,
13467352,
13294562,
13091511,
12771898,
13598884,
13335554,
13063775,
12879383,
13641036,
13415874,
13137958,
12842020,
13659474,
13448859,
13215339,
12971857,
13739199,
13536325,
13258685,
13077230,
12824516,
13567168,
13337129,
13043096,
12912858,
13678166,
13423326,
13185772,
12990835,
14096865,
13459101,
13211581,
13054254,
12779775,
13537495,
13297244,
13076945,
12839408,
13612295,
13403489,
13100762,
12974292,
13728147,
13464846,
13235164,
13008767,
12772486,
13590104,
13341954,
13074977,
12814502,
13586942,
13419746,
13095590,
12873109,
13681323,
13437810,
13204848,
12965702,
12829062,
13541970,
13338469,
13068102,
12841893,
13633952,
13372637,
13151215,
12935994,
13721318,
13546897,
13209212,
13007249,
12863034,
13534195,
13334675,
13030548,
11891273,
13624127,
14434099,
12179551,
10994791,
11705688,
13495123,
13283875,
13079419,
12824975,
13608186,
13370294,
13072595,
12909491,
13710024,
13495013,
13250550,
12983146,
12725966,
13515537,
13327362,
13082176,
12823282,
13632084,
13380341,
13140188,
12836286,
13598423,
13462425,
13218153,
12964549,
12769436,
13497700,
13321071,
12985018,
13077957,
13633244,
13387938,
13188262,
12671848,
13687917,
13479466,
13230899,
13037688,
12764381,
13604131,
13362107,
13124574,
12908316,
13645513,
13398420,
13153356,
12992136,
13787587,
13449816,
13279518,
13025745,
13752776,
13557286,
13328262,
13029172,
12823989,
13587509,
13362474,
13155304,
12856235,
13618673,
13497230,
13208118,
13020009,
13733639,
13469270,
13240593,
13021661,
12741160,
13538388,
13308446,
13042879,
12836306,
13642061,
13398262,
13155404,
12857977,
13758610,
13461933,
13198663,
12946828,
12764196,
13547982,
13275713,
14009187,
12762477,
13592725,
13328892,
13148744,
12860109,
14669830,
14456745,
14223088,
14006255,
14787232,
15524959,
15158479,
14993133,
13763654,
15573495,
15323128,
14156319,
13929744,
12675486,
13417210,
13241976,
12966958,
12722341,
13434855,
13333661,
14076002,
12690365,
13736805,
13360682,
13127754,
12956630,
12682661,
13487914,
13272589,
13004377,
12684675,
13574720,
13352273,
13115301,
12867237,
12625193,
13455527,
13254033,
12928902,
12760052,
13492997,
13285019,
13101240,
12822425,
13613425,
13361506,
13175928,
12913088,
12687271,
13461859,
13217922,
13009270,
12770300,
13552142,
13342539,
13061123,
12903366,
13695124,
13443485,
13167655,
12935437,
13688185,
13472229,
13205058,
12989195,
13774676,
13514402,
13264221,
12981148,
13751619,
13499718,
13256010,
12980306,
11763487,
13525574,
13323583,
13090128,
13047916,
12821582,
13527571,
13296327,
13100113,
12814537,
13568428,
13375932,
13163981,
12932171,
13813856,
13539642,
13236017,
13071999,
12800834,
13621690,
13403667,
13068000,
11976420,
13700929,
14504766,
14217203,
13042591,
13798888,
13593394,
14355864,
14083063,
12853000,
14611604,
14307595,
12145964,
15855826,
15621714,
15109635,
12866191,
15705244,
15492066,
15200839,
14054568,
15789428,
14561529,
14271330,
15106780,
13847436,
15576178,
15345566,
13089581,
11791310,
13640198,
15329030,
14162087,
11908902,
12700900,
12406048,
12182224,
11908904,
13700176,
11408022,
11142535,
11085833,
11816538,
11517999,
12321411,
11149580,
10841383,
11600821,
12408650,
12100386,
10878604,
11647897,
11492446,
11204808,
10975157,
11719136,
11521159,
11189822,
11113615,
11824335,
11548062,
11226229,
11178937,
11821898,
11655864,
11348726,
11154927,
10903024,
11608250,
11555366,
11143907,
10934169,
10760314,
11458938,
11184654,
11047157,
10791092,
11552614,
11300622,
11167555,
10876663,
11530263,
11428090,
11143354,
10771236,
10698841,
11468068,
11159971,
12003738,
11757727,
12505849,
12252526,
11143075,
11773682,
12552968,
12287366,
13016301,
11874842,
12608839,
13352688,
13100075,
12806498,
13725405,
12357236,
12172460,
12876473,
13701837,
13514585,
13204113,
12939444,
13799975,
13492828,
13552037,
12949497,
13766594,
13530056,
13239213,
13020381,
13768887,
13530590,
13304873,
13079674,
13854874,
13604738,
13284570,
13118434,
12902306,
13642201,
13399217,
13215560,
12951836,
13725282,
13523704,
13229504,
13378621,
13758686,
13487916,
13247775,
