12656451618,
33441369,
18875421,
13716385,
12398774,
12111748,
12284057,
12811552,
12394504,
11907690,
11484838,
13241923,
11870377,
11381486,
12162290,
11584980,
11268196,
11864692,
11394485,
12123985,
11776256,
11230503,
11989789,
11862920,
11212525,
12014043,
11451921,
12238082,
11802437,
11449984,
12115343,
11775099,
11363562,
12061244,
11923076,
11205737,
11959446,
11440879,
11139246,
11809892,
11414211,
12168487,
11824830,
11274460,
12061732,
11830113,
11137100,
11718402,
11369967,
11094153,
11759767,
11385050,
12061144,
11738740,
11240823,
11993741,
11797528,
11181907,
11902825,
11781353,
11077024,
11907695,
11472548,
11192014,
11675433,
11329712,
11065332,
11703526,
11414309,
12157543,
11667639,
11299462,
12089985,
11748708,
11278495,
12014433,
11793188,
11327917,
12000378,
11642378,
11587066,
11063402,
11801415,
11648948,
11105956,
11901223,
11737807,
11133273,
11839834,
11710759,
11090031,
11916179,
11717431,
11086667,
13916964,
13642166,
13232379,
13989927,
13670534,
13391988,
14044501,
13690367,
13366437,
14013655,
13679626,
13331157,
14052622,
13777158,
13340474,
13775086,
13730315,
13514839,
14130459,
13699797,
13482574,
14167729,
13843802,
13518614,
14209647,
13810169,
13443767,
14363746,
13804937,
13455251,
14168734,
13833417,
13499255,
13273048,
13913849,
13642533,
13403309,
13966571,
13685815,
13368262,
13977395,
13637748,
13343746,
14089172,
13783021,
13545500,
13276413,
13872230,
13555777,
13281063,
13892204,
13559782,
13352050,
14053618,
13661489,
22516099,
22149759,
13737659,
13487374,
13112300,
13861133,
13599689,
13368905,
13108648,
13805064,
13472903,
13213663,
13914862,
13637295,
13357050,
13055306,
13807752,
13474152,
13229494,
13910720,
13678803,
13363002,
13076689,
13839870,
13574598,
13190649,
13919389,
13679278,
13375127,
14089655,
13782804,
13468118,
13190509,
13847469,
13510345,
13233356,
13899350,
13548388,
15111007,
16814478,
13537601,
13458911,
14139351,
13795242,
13474362,
13111117,
13920554,
13634903,
13322235,
14035984,
13768269,
13480781,
13192974,
13830773,
13522351,
13280548,
13954752,
13660702,
13376906,
13997066,
13770186,
13391051,
13145972,
13851537,
13544052,
13235149,
13968293,
13650722,
13349246,
14041396,
13751238,
13418709,
13128635,
13900443,
13527170,
13307256,
13044496,
13766639,
13436047,
14085655,
13875145,
13432031,
13211996,
13966721,
13594527,
14253879,
14054295,
13650442,
13383477,
13129451,
14110856,
13692976,
13118908,
13940398,
13646191,
13383868,
14016767,
13675206,
13463094,
13172636,
13976628,
13551441,
13360733,
12994035,
13676868,
13575908,
13059427,
13990265,
13652042,
13377729,
13234146,
14062879,
13758002,
13578612,
13220290,
13976485,
13749026,
13500380,
13204699,
13933103,
13767557,
13477865,
13203073,
13917477,
13665339,
13377594,
13091705,
13833933,
13589824,
13349121,
13111665,
13879612,
13613956,
13302962,
13881462,
13668839,
13369919,
14091990,
13836264,
14518616,
13272024,
13920891,
13977580,
13408117,
13078472,
13824069,
13555024,
13000701,
13044224,
13728937,
13535215,
13133956,
13888313,
13637949,
13325340,
13066210,
13794460,
13495648,
13286500,
13995375,
13743154,
13417229,
13182605,
14885617,
13563861,
13357408,
13022428,
13718628,
13493413,
13165526,
14008485,
13649230,
13329695,
13076931,
13864800,
13658299,
13225432,
13023335,
13613946,
13587057,
13207423,
13891023,
13680322,
13386943,
13142125,
13854976,
13506777,
13235103,
13043914,
13671828,
13499140,
13175555,
13912828,
13585259,
13331724,
13036929,
13822460,
13487289,
13168693,
13884271,
13612908,
13252167,
13103712,
13826831,
13407459,
13278877,
13899716,
14008775,
13373750,
13064865,
13878169,
13547437,
13210337,
14090737,
13740156,
13423313,
13068782,
13738109,
13577990,
13285615,
12962787,
13728347,
13498303,
13235913,
13980267,
13750546,
13453866,
13183277,
14058005,
13645081,
13495291,
13164262,
12986716,
13814559,
13503612,
13444400,
12957203,
13873604,
13616105,
13394200,
13180182,
13817411,
13549237,
13286922,
12975177,
13793010,
13535870,
13354923,
13056213,
13798462,
13555644,
14246761,
13027400,
13789218,
13478040,
13272210,
12960107,
13775862,
13468827,
13256433,
13045201,
13741781,
13466885,
13160121,
12925584,
13697544,
13397252,
13022383,
13889884,
13651292,
13397432,
13086444,
13809929,
13551608,
13270333,
13006547,
13772754,
13597492,
13347866,
12981110,
13793828,
13528770,
13251537,
13000429,
13790593,
13467505,
13264766,
12959677,
13765250,
13431703,
13233904,
13898418,
13648671,
13368891,
13102810,
13809307,
13662353,
13434868,
13186037,
13934745,
13696184,
13414274,
13179152,
13746491,
13520149,
13296284,
13021696,
13786526,
13855602,
13225132,
13046366,
13820673,
13582260,
13279478,
13934001,
13669409,
13470745,
13210708,
13979122,
13674588,
13465215,
13160426,
13955409,
13684175,
13438487,
13124821,
13886761,
13600751,
13347678,
13046889,
13755525,
13452014,
13200008,
13995479,
13627604,
14426319,
13213965,
12757056,
13623529,
16736868,
13160934,
13962796,
13764193,
13548672,
13227226,
12909183,
13732497,
13427155,
13238603,
13970886,
13698435,
13470338,
13204323,
13016214,
13797145,
13460303,
13190437,
13976043,
13737449,
13502605,
13194719,
13962854,
13707403,
13421033,
13093473,
13779640,
13621695,
13425781,
13177777,
13933400,
13740819,
13435924,
13159362,
13928694,
13654385,
13372604,
13114559,
13812562,
13636901,
13322975,
13146710,
13958062,
13667712,
13440300,
13150450,
13968730,
13707143,
13422726,
13152289,
13916732,
13685300,
12404101,
13220880,
13001532,
13665274,
13494626,
13265092,
12987468,
13798254,
13523747,
13275591,
12010158,
13785070,
13498363,
13224702,
13051353,
13788483,
12527915,
13140993,
12879365,
13701944,
13453446,
13272181,
13979418,
13808285,
13430380,
13271968,
12990316,
13776411,
13413873,
13258134,
11901775,
13762827,
12430649,
13251665,
12952798,
13787618,
13467250,
13215295,
11871077,
12743440,
13429960,
13322239,
12972169,
13734012,
12495217,
13268156,
11960306,
12710852,
12477753,
11361845,
10896188,
12710095,
11462280,
11340266,
10966457,
12840998,
12516386,
13269993,
10864233,
11775134,
11586270,
12284651,
11000859,
10744168,
11651293,
11423236,
11025165,
11842004,
11561183,
11445159,
11030020,
10881382,
11675661,
11377169,
11057783,
10914253,
11784266,
11459440,
11380486,
10960908,
11798835,
11483786,
11430432,
10919104,
11725457,
11466483,
11381653,
10914630,
11712963,
11504787,
11439457,
12043477,
11794375,
11450718,
11086014,
10892198,
11689012,
11490293,
11100485,
21030356,
13173043,
12779580,
11523578,
11360034,
10991515,
11781986,
11594691,
11438449,
10960298,
11787458,
11631101,
11413851,
10985060,
10773936,
11607675,
11443992,
11096391,
10901952,
12642184,
12252317,
12325072,
10748392,
12643369,
12430843,
11071394,
10952158,
11786208,
11542944,
11132788,
11189544,
12811855,
11601576,
12323112,
11213107,
12854774,
12613509,
12365968,
13124069,
12910684,
13592682,
13340166,
13120126,
12829602,
13624767,
13381956,
13112336,
13900847,
13620232,
13038590,
12790421,
13503388,
13309722,
13037519,
12804051,
13569323,
13393180,
13059290,
10832846,
13585587,
13433132,
13137978,
12908289,
13675928,
13503163,
13300294,
13008414,
13707401,
13494258,
13170521,
12973219,
13681800,
13468603,
13199171,
12954480,
13756175,
13550629,
13226244,
13032960,
13784333,
13541447,
13256032,
13024942,
13739367,
13540461,
13315966,
13073214,
13799270,
13527828,
13199169,
13035637,
14817765,
13582647,
13316541,
13140080,
12892147,
13635908,
13218615,
13064685,
12829166,
13697059,
13416398,
13223564,
12914764,
13709835,
12440658,
13317095,
12992163,
13693679,
13631201,
13343558,
13076947,
12870478,
13629824,
12435024,
13187687,
12968952,
13725595,
13416556,
13181700,
12983493,
13727550,
13492585,
13143817,
12996615,
13718178,
13467758,
13244655,
13004927,
13692720,
13535951,
13240741,
13050989,
13770474,
13550020,
13326080,
13060810,
12804303,
13611515,
13353938,
13115384,
12842611,
13649490,
13393625,
12966396,
12768691,
13526446,
13315143,
13052048,
12732700,
13539910,
13256494,
13086691,
12799433,
12561076,
13395091,
13109350,
12890952,
12826534,
13591932,
13352625,
13057624,
12859427,
13599718,
13331934,
13118452,
12824321,
13598548,
13344081,
13089179,
12917202,
13693742,
13441850,
13143810,
13002954,
13756296,
13451508,
13174753,
12861062,
12580709,
13555782,
13314958,
13071430,
13821768,
13585620,
13432208,
13123671,
12953091,
13676103,
13442697,
13233092,
12959315,
13709743,
13497388,
13274053,
13082126,
13798890,
13557974,
13263229,
13080031,
12889735,
13562979,
13252135,
13092083,
12844185,
13665104,
13442012,
13126338,
12875688,
13695165,
13415206,
13211220,
12966052,
14735682,
14472577,
13194059,
12959628,
14751140,
13474839,
13224537,
13036332,
13801019,
15567836,
14260979,
14000709,
12855370,
14615331,
13336742,
13138428,
12863049,
13730812,
14358492,
14128832,
13873642,
13618215,
13416484,
13139992,
12897682,
13725375,
13422051,
13163149,
12850698,
13698307,
13443847,
13173613,
12966507,
12785315,
13638771,
13392060,
13141810,
12907869,
13629154,
13381791,
14105559,
12822125,
13518409,
13364545,
13044759,
12837776,
13560091,
13400485,
13104280,
12808676,
13610370,
13321776,
13093179,
12846620,
13697507,
13411539,
13161020,
12903761,
13657595,
13454301,
13179835,
12917200,
13701781,
13460938,
13177963,
12922665,
13651575,
13504861,
13209403,
12959775,
13669731,
13497651,
13225342,
12946126,
13726163,
13530000,
13258693,
13025313,
13733482,
13524964,
13258252,
13017576,
12792191,
13538863,
13348913,
13048561,
12848012,
13642328,
13383193,
13117191,
12894414,
13772889,
13382001,
13200926,
12876551,
12763181,
13554905,
13382523,
13115899,
12853557,
13632976,
13371461,
13525726,
12878208,
13680523,
13430233,
13171103,
13018323,
13707991,
13478620,
13235270,
13066568,
13781843,
13504073,
13260104,
13016089,
14766271,
13474687,
13224271,
13025313,
12800042,
13616982,
13349851,
13105973,
12824804,
13604408,
13311058,
13073414,
12857445,
13620247,
13349758,
13109317,
12837705,
13530941,
13335809,
13106632,
12766926,
13545804,
13332150,
13102300,
12880621,
13561933,
13372512,
13171970,
12865384,
13628632,
13369467,
13173763,
12876955,
13660946,
13365848,
13179232,
12930832,
13721495,
13436270,
13190127,
12902034,
13669922,
13407295,
13205490,
12942198,
13668787,
13510777,
13251697,
12962165,
14706080,
14479278,
13248500,
12979224,
13715438,
13472172,
14208712,
13015461,
12728151,
13486069,
13249333,
12980788,
13690138,
13416206,
13278605,
12954195,
13745556,
13449046,
13133991,
12978119,
13712426,
13510387,
13258740,
12915678,
13732670,
13436770,
13218529,
13016202,
13835450,
13529820,
13235691,
13102978,
13841880,
13571685,
13329679,
13047409,
13815484,
13517076,
13193463,
12981024,
12826606,
13522826,
13360827,
13083219,
12806341,
13506262,
13289659,
13015444,
12771885,
13711664,
13453238,
13166058,
13009696,
13726995,
13367957,
13120459,
12833049,
13587377,
13329799,
13068373,
12915723,
13592594,
13360143,
13059106,
12901532,
13647750,
13251035,
12995388,
12765218,
13500118,
13582612,
13112812,
12852227,
13672841,
13392575,
13157811,
12910278,
13661034,
13365972,
13206873,
12876098,
13660626,
13370644,
13155376,
12842235,
13619867,
13316883,
13158876,
12859747,
13583830,
13385925,
13093071,
12869831,
13578676,
13368061,
13198224,
12813807,
13680513,
13387183,
13205743,
12948570,
13698892,
13455716,
13250638,
13002202,
13720496,
13418538,
13229154,
13016587,
12718209,
13494893,
13261767,
13043314,
12720754,
13524341,
13287379,
13037885,
13812844,
13264722,
12984993,
12724764,
13503640,
13373694,
13092948,
12841770,
13636363,
13461423,
13491568,
12965789,
12663705,
13496878,
13209231,
12962714,
13786674,
13508075,
13250280,
12997422,
13821215,
13609406,
13318710,
13054568,
13813684,
13564176,
13272936,
13078657,
12794511,
13625549,
13306501,
13109235,
12902634,
13598846,
13321735,
13019541,
12722956,
13561754,
13297111,
13148590,
12965534,
13742151,
13473467,
13276043,
13986015,
12769763,
13530298,
13200540,
13020798,
12783814,
13643777,
13377374,
13166881,
12976439,
13702739,
13459558,
13201291,
12962790,
13756978,
14466139,
13246293,
12987230,
13727872,
13459028,
13212415,
12991685,
13749268,
13431048,
13209738,
13026487,
13747683,
13467395,
13260767,
13024143,
12776701,
13527303,
13252708,
13090036,
12782565,
13582660,
13270234,
13070615,
13820118,
13476474,
13223914,
13002362,
13738376,
13459955,
13257545,
12980309,
13716388,
13497935,
13259187,
12993371,
13681796,
13508485,
13229654,
13055879,
13776219,
13537443,
13269751,
13082494,
12805326,
13603853,
13317536,
13046389,
12845223,
13932908,
13363062,
13130228,
12853052,
13636616,
13431805,
13187952,
12975661,
13725345,
13400017,
13219000,
12958727,
13736736,
13490984,
13202003,
12993197,
12788757,
13537529,
13325118,
12984446,
12791949,
13521664,
13289898,
13067180,
12911546,
13452369,
13334195,
13182772,
12846165,
13641846,
13412184,
13178765,
12930194,
13736472,
13478292,
13223964,
12955840,
13644332,
13455271,
13180617,
12983416,
13824930,
13565315,
13349656,
13079599,
12832368,
13623197,
13354911,
13141012,
12868309,
13626915,
13425496,
13149190,
12938546,
13724988,
13424583,
13222155,
12954118,
13736836,
14510661,
13220672,
12981561,
13749193,
13485749,
13214030,
13033471,
13795280,
13506062,
13242835,
13029680,
12800133,
13532853,
13255077,
13057331,
12844350,
13580724,
13350981,
13060293,
12894327,
13679728,
13360095,
13222674,
12867454,
13726437,
13456520,
13043554,
12860999,
13567986,
13302504,
13267812,
13003635,
13736736,
13436759,
13242961,
12796589,
13645693,
13412087,
13116591,
13963756,
13588657,
13381963,
13098023,
12914001,
13568362,
13389620,
13177160,
12977932,
12745819,
13528196,
13216307,
13029855,
12805668,
13571328,
13272549,
13048988,
12808870,
13638136,
13408389,
14167117,
12889702,
13719418,
13483872,
13216917,
13018114,
13728292,
13488903,
13254824,
12935109,
12757979,
13484359,
13281417,
13048309,
13775397,
13579105,
13206725,
13071665,
12874596,
13643140,
13456423,
13180398,
12929512,
13709886,
13467875,
13237724,
12962260,
13723122,
13535160,
13220440,
13005619,
13747836,
13557354,
13236359,
13035785,
13823296,
13566503,
13344646,
13082824,
12870771,
13632172,
13382155,
13161291,
12927525,
13706212,
13425273,
13227974,
13018308,
13756100,
13461166,
13256647,
13009987,
12806786,
13546745,
13242236,
13040317,
12815644,
13593763,
13319308,
13081637,
12937784,
13657876,
13388135,
13152770,
12894417,
13730439,
13422691,
13178850,
12922595,
13654492,
13449131,
13195933,
13002792,
13749804,
13428148,
13221714,
13047094,
13797832,
13522729,
13264356,
13025025,
13785355,
13529924,
13340109,
13066163,
12878865,
13557871,
13319888,
13130536,
12854440,
13921134,
13406584,
13166971,
12913228,
13657620,
13429615,
13216422,
12962093,
13771347,
13487639,
13239371,
12937634,
13729199,
13532375,
13263994,
12953690,
13741414,
13498280,
13271954,
13085529,
12900736,
13627974,
13430908,
13157777,
12921430,
13752095,
13536268,
13281973,
13065811,
13866645,
13661069,
13374859,
13139386,
12907845,
13644895,
13467975,
13183490,
12970114,
13663789,
13450082,
13188000,
12822296,
13586267,
13340734,
13068465,
12881618,
12623884,
13453084,
13209540,
12909879,
12735358,
13582995,
13416281,
13089738,
12878436,
13685915,
13434050,
13147474,
12927282,
13691180,
13529444,
13246248,
12989163,
13728882,
13548047,
13300044,
13077027,
13788443,
13600374,
13349773,
13097299,
12872061,
13610175,
13377571,
13138557,
12884345,
13688344,
13443970,
13165711,
12924187,
13671619,
13414951,
13153989,
12959875,
13727100,
13494825,
13254692,
12923790,
13697804,
13465540,
13268644,
13005690,
13848392,
13495701,
13290884,
13085704,
12802251,
13538048,
13339698,
13123113,
12941986,
13697289,
13469502,
13266570,
13011629,
13716236,
13472780,
13270021,
12980271,
13786881,
13546078,
13305321,
13065455,
12775103,
13575328,
13363845,
13100615,
12861881,
13627494,
13397990,
13075935,
12872876,
13627617,
13429090,
13129263,
12894777,
13658794,
13453049,
13161706,
12922662,
13669012,
13384786,
13151147,
13955526,
13357513,
13176970,
12960417,
13771317,
13538920,
13208248,
13023161,
12736340,
13540938,
13268461,
13018691,
13781754,
13546967,
13281826,
13050833,
13832530,
13529443,
13298747,
13036035,
13811911,
13565563,
13335392,
13067453,
13846606,
13566906,
13369677,
13125138,
12870438,
13701747,
13361943,
12944614,
12906262,
12791052,
13553672,
13354430,
13080759,
12898054,
13657562,
13425881,
13149334,
12987378,
13623669,
13459516,
13120029,
12975264,
13677428,
13474313,
13221057,
12999600,
13779216,
13520616,
13302257,
13050146,
12819230,
13649600,
13274321,
13082492,
12820100,
13654480,
13370767,
13136547,
12887060,
13666927,
13421603,
13171820,
12916928,
13671201,
13454061,
13202743,
12983208,
13729057,
13508332,
13258397,
13019599,
13820846,
13555285,
13267762,
13043307,
12804785,
13642519,
13328312,
13089561,
12866161,
13687623,
13442194,
13156952,
12895977,
13654668,
13486219,
13202929,
12962917,
13718936,
13512277,
13216237,
12989697,
13740354,
13500238,
13254661,
13054224,
13759965,
13604235,
13397725,
13018648,
12806093,
13624387,
13441267,
13155251,
12930284,
13700021,
13528406,
13292245,
13054934,
12826564,
13594037,
13400622,
13083483,
12888453,
13632121,
13442931,
13288410,
13078601,
12852052,
13636444,
13371592,
13123766,
12865681,
13740809,
13380855,
13177427,
12914141,
13704321,
13399715,
13277623,
12938037,
13724935,
13446676,
13321492,
12981971,
13813074,
13502053,
13261487,
13013414,
12813658,
13550967,
13324265,
14060565,
12829071,
13570475,
13360782,
13106752,
12861259,
13701116,
13410354,
13133091,
12899150,
13624547,
13429008,
14208467,
12939519,
13681101,
13446247,
13201141,
12943206,
13680198,
13457041,
13209193,
12978096,
13755158,
13420116,
13237158,
13017823,
13784366,
13465150,
13219304,
12990830,
13751306,
13577323,
13243747,
13055610,
13769582,
13486736,
13263926,
13116426,
12757541,
13521049,
13232361,
13112282,
12713503,
13589974,
13326402,
13095940,
12860492,
12653018,
13377169,
13265504,
13010111,
12881213,
13620967,
13359772,
13180639,
12947541,
13640813,
13416968,
13161680,
12923986,
12686095,
13569846,
13470607,
13236542,
13006362,
12754738,
12691219,
13560344,
13124461,
12895434,
12615255,
13421811,
13167723,
12960977,
12719279,
13479160,
13288130,
13003261,
13900963,
13673151,
13342759,
13191139,
12938281,
12763544,
13501296,
13221587,
14973257,
12772790,
13486141,
13248990,
13035357,
12868101,
14573227,
13384610,
13135436,
12909964,
13619860,
14401701,
13083144,
12899294,
13612259,
13451368,
13234789,
13089166,
12900389,
13520627,
13360920,
13118483,
12888942,
13671551,
13430756,
13253285,
12969863,
12757496,
13503620,
13224829,
14062074,
12826056,
13570408,
13390041,
13111222,
12919608,
12632780,
13417388,
13186947,
12902181,
12723838,
13532144,
13286973,
13056760,
12784829,
13618027,
13322578,
13152870,
12871036,
12575690,
13349033,
13167340,
12958225,
12646536,
13437720,
13281087,
12983118,
12727229,
13630436,
13334666,
13152387,
12941756,
13655280,
13467948,
13167221,
12945116,
13691534,
13467445,
13231466,
12981514,
13063836,
13324710,
13200889,
13017647,
12750849,
13559768,
13293925,
13014739,
12816725,
13616323,
13348956,
13074790,
12904422,
13671934,
13492656,
13243788,
12901289,
13693992,
13472195,
13213560,
12986051,
12745218,
13538398,
13262362,
12990881,
12784587,
13527736,
13312874,
13062956,
12827329,
13655225,
13393140,
13140335,
12855828,
13575248,
13385651,
13091421,
12884870,
13594059,
13406432,
13101338,
12853592,
13621732,
13384823,
14081458,
12925625,
13632709,
13440940,
13160661,
12886968,
13660359,
13451728,
13161926,
12963854,
13627422,
13469005,
13199026,
13050793,
13780996,
14512596,
13247183,
13021000,
13768632,
13519274,
13209638,
13046287,
13783598,
13568073,
13292162,
13087883,
12812278,
13603773,
13408494,
13176318,
12851373,
13678556,
13424763,
13155993,
12960823,
13704193,
13479059,
13203834,
12988458,
13819075,
13538303,
13293180,
12960505,
12807818,
13586994,
13296312,
13040364,
12766250,
13517525,
13252730,
13091151,
12909773,
13595496,
13354843,
13114555,
12878141,
13619632,
13363197,
13120933,
12911094,
13686343,
13423608,
13130361,
12997875,
13718001,
13499946,
13192931,
13026157,
13800602,
13554034,
13287540,
13119286,
12771160,
13557579,
13292874,
13108309,
12834116,
13615712,
13381356,
13173660,
12866554,
13596412,
13366877,
13091456,
12883498,
13602720,
13405034,
13115307,
12970837,
13664534,
13466847,
13270016,
12985119,
12778725,
13540315,
13242916,
13095171,
12843853,
14641625,
13388683,
13103687,
12931036,
13634716,
13434895,
13151839,
12883696,
13723113,
13497803,
13278351,
12987461,
13711011,
13520934,
13237593,
12976171,
13785416,
13563029,
13281087,
13039517,
12824145,
13575680,
13361050,
13100957,
12878459,
13626932,
13404862,
13137045,
12931171,
13660677,
13420568,
13162843,
12891315,
13674710,
13413179,
13130530,
12936384,
13656362,
13459035,
13208606,
12977341,
13740426,
13498920,
13258867,
12978992,
12786652,
13545912,
13263071,
13049204,
12817987,
13584380,
13351822,
13085836,
12861102,
13647558,
13408096,
13129363,
12935411,
13703691,
13384908,
13236453,
12982006,
13713921,
13448898,
13524691,
12978341,
13736644,
13543608,
13280153,
13024030,
13782266,
13509250,
13267124,
13037370,
13804319,
13520424,
13615960,
13125656,
12857627,
13575765,
13402242,
13205820,
12863559,
13619700,
13403800,
13156841,
12899549,
13637059,
13394740,
13152737,
12908316,
13705339,
13405962,
13258727,
12931000,
12785400,
13475502,
13264572,
13027870,
12760269,
13545755,
13364612,
13044244,
12853932,
13623959,
13424823,
13162083,
12957000,
13697015,
13497445,
13213300,
12998500,
13697924,
13518186,
13208002,
13077292,
12756337,
13561998,
13277006,
13052898,
12777595,
13597124,
13277083,
13115941,
12769530,
13597282,
13301300,
13076434,
12802003,
13599976,
13307699,
13108690,
12814923,
13656827,
13371077,
13169173,
12864312,
13725042,
13446229,
13162871,
12910411,
13663529,
13330649,
13211507,
12912301,
12737113,
14577717,
13216793,
13044966,
12789044,
13592701,
13324345,
13109371,
12852845,
13626915,
13397212,
13230026,
12953455,
12665058,
13489939,
13310859,
13128441,
12723237,
13551727,
13385260,
13163853,
12837686,
13528503,
13418359,
13222004,
12875504,
12771908,
13616630,
13386630,
13101943,
12929450,
13632769,
13417014,
13152600,
12923580,
13698397,
13471327,
13171758,
12949861,
12724429,
13506315,
13236389,
13005574,
13831823,
13520172,
13344008,
13423591,
12807828,
13632836,
13356613,
13212855,
12861221,
13633747,
13416399,
13221097,
12954835,
13661377,
13411162,
13201259,
12994002,
13782422,
13453451,
13231121,
13012779,
12764139,
13570811,
13280305,
13016881,
12865009,
13518156,
13346729,
13092766,
12842568,
13629007,
13360698,
13107778,
12888345,
13635949,
13372467,
13110422,
12925162,
13654157,
13354078,
13842769,
13585809,
13286840,
13115059,
13193805,
13718560,
13403592,
13222372,
12894332,
13717220,
13504988,
13216822,
13008742,
13748673,
13504938,
13249287,
13005834,
12803348,
13532873,
13299199,
13136925,
12889767,
13584507,
13394265,
13135733,
12905141,
13598616,
13436274,
13169605,
12981634,
13722912,
13472015,
13192459,
12991460,
13713443,
13529283,
13257170,
13002045,
12814130,
13538860,
13332654,
13112271,
12857099,
13631633,
13367494,
13149676,
12849391,
13675681,
13458463,
13222897,
12889015,
13711323,
13424258,
13197424,
13922134,
13706778,
13499178,
13248455,
13005320,
12777345,
13591489,
13330652,
13080242,
12819394,
13585455,
13395685,
13157477,
12883490,
13647365,
13357991,
13162074,
12933357,
13674708,
13463550,
13147364,
13000665,
13718663,
13464393,
13203878,
12964482,
12719851,
13475848,
13243941,
13066995,
12726124,
13558479,
13243216,
13095305,
12808795,
13609918,
13407745,
13109200,
12947473,
13698517,
13445194,
13174040,
12954643,
13741969,
13465238,
13208236,
13007829,
12777267,
13619630,
13217822,
12964510,
12779025,
13490025,
13476770,
13137702,
12929005,
12641795,
13488669,
13219152,
13017641,
12790307,
13547003,
13305553,
13102921,
12834721,
13621770,
13303599,
13149669,
13873577,
13661337,
13408604,
13165831,
12972076,
13808182,
14414770,
13107583,
13006712,
12770690,
14536660,
13299274,
14002875,
13917604,
13534878,
14392284,
13125881,
12889332,
13642628,
13311460,
14152283,
13925834,
14704281,
14463171,
14172819,
13954552,
14680267,
14539459,
14186808,
13976828,
14601482,
14474881,
14277292,
14014603,
13752260,
15540430,
15242750,
15009569,
14824502,
15546890,
15349733,
15080859,
14869292,
15641328,
15407909,
15102390,
14929218,
15568836,
15364445,
15058518,
14934287,
15555962,
15352491,
15107510,
14938986,
15632294,
15423951,
15147465,
14953193,
14737765,
15491134,
15180920,
14998355,
14755169,
15487666,
15297112,
15088611,
14810901,
15602531,
15375929,
15085592,
14882468,
15659082,
15418034,
15133816,
14969825,
15701204,
15439515,
15247800,
14954448,
14735661,
15601318,
15306841,
15077540,
14848263,
15546809,
15429147,
15081211,
14983226,
15580437,
15291593,
15131944,
14916688,
15635628,
15444481,
15232139,
15001335,
14872396,
15606263,
15363660,
15144513,
14907569,
14696639,
15476290,
15211841,
15004873,
14833098,
15508125,
15183388,
15026058,
14859374,
15623797,
15450372,
15159703,
14931129,
15662307,
15474920,
15188652,
15074472,
14843711,
15661970,
15302529,
15095701,
14924285,
14761109,
15456259,
15247716,
14910116,
14869361,
15494003,
15348788,
15010829,
14859899,
15546060,
15368422,
15071980,
14785942,
14567568,
15435150,
15059546,
14970305,
14777820,
15536620,
15286063,
14987968,
14822014,
15598669,
15359595,
15191122,
14872126,
15697065,
15480157,
15209196,
15028773,
14730953,
15558592,
15307881,
14977882,
14741685,
15612450,
15325585,
15152502,
14852567,
15765618,
15431283,
15200494,
14932247,
15724758,
15500103,
15220677,
15052933,
14844370,
15608011,
15385916,
15115721,
14958558,
15731872,
15399475,
15205701,
14998828,
15720256,
14465679,
15252380,
14055417,
13794478,
14583496,
13375359,
13137676,
12836039,
13836335,
13273208,
14079891,
12875383,
13716938,
13438269,
13184302,
12962665,
12782617,
13613893,
13275440,
12042510,
11829682,
13454519,
13349063,
12024102,
11766772,
12608324,
12364159,
12116220,
11852676,
12640810,
12419307,
12173366,
11878734,
12628370,
12444992,
12197482,
11936325,
12607897,
12403385,
12117137,
11948655,
12644437,
12480205,
12242484,
11948707,
11656382,
12441408,
12234877,
11995298,
11747161,
12577899,
12261343,
12054543,
10691514,
12580079,
12343615,
12081096,
11819314,
11551309,
12351757,
12062667,
11805582,
12614629,
12310172,
12091042,
10821739,
12622803,
12396783,
12198052,
11862820,
12669708,
12378360,
12214203,
11942142,
12772240,
11442214,
12281681,
10924810,
11782403,
12464526,
12260018,
11919832,
11759047,
11546394,
11198914,
11094923,
10804133,
11612320,
11414241,
11135317,
10820645,
10654331,
11500883,
11136807,
10932444,
11701836,
11705481,
11174630,
10901010,
11749516,
11517934,
11121973,
11000135,
11714328,
11488979,
11106082,
11130648,
11850831,
11669954,
11171361,
11158267,
11642129,
11567125,
11213770,
11164611,
11886078,
11568718,
11179012,
11135635,
11811328,
11505392,
11135740,
11182284,
10796948,
11608097,
11335389,
11148880,
10833866,
11696844,
11377056,
11183019,
10875985,
11610445,
11391840,
11141335,
10914938,
10700454,
11511384,
11117654,
11144809,
10809393,
11437322,
11444059,
12148120,
11563470,
11338589,
11119266,
10879653,
11624307,
11353653,
11144103,
10887663,
10720669,
11512467,
11163566,
11088658,
10729141,
11559187,
11311981,
11182415,
10892679,
11591126,
11418265,
11112942,
10904171,
11657959,
11454289,
11115414,
11126448,
11785283,
11540822,
11312633,
11169155,
10819520,
10676152,
11417846,
11129751,
10908811,
10714001,
11444034,
11191634,
11108169,
10839868,
11513789,
11392388,
11174020,
10828513,
11657946,
11402612,
12203035,
11041512,
10691478,
12549538,
11177545,
11141151,
10858124,
10654691,
12483265,
11193527,
10881273,
10751339,
12503561,
12322376,
11137718,
10806775,
12577541,
11396672,
11133615,
10879520,
11619172,
11500783,
11147057,
10909656,
12704913,
11496695,
11148300,
11128478,
10802043,
11565631,
11326622,
11209058,
10795127,
11657885,
11351118,
11177404,
10874566,
11661572,
11350735,
11158044,
11902508,
10693543,
11411491,
11187115,
11986557,
10758073,
11491686,
11116569,
11140915,
12805193,
12585508,
12347192,
12052157,
10826984,
12597277,
11321598,
12140199,
11829680,
12644984,
12348129,
11146977,
10906134,
12720156,
11503500,
11144742,
10916417,
11680378,
11443661,
11184290,
12987138,
10736150,
11492689,
11119684,
11096705,
11762969,
11520144,
11169688,
11120999,
10821182,
12615196,
11371687,
11170708,
10813648,
10688124,
11483834,
11146437,
11162524,
10736402,
11552194,
11339216,
11142588,
10929097,
11617167,
12430356,
12201397,
11966644,
12734887,
11466170,
12306173,
11983797,
11765044,
12632940,
12324874,
11125406,
10821848,
12668370,
12497449,
12278322,
11010341,
11802264,
12591587,
12364086,
11044656,
11908470,
11664274,
11501800,
11176323,
11972776,
11690422,
11445242,
11182825,
12015270,
10714802,
11450126,
11177890,
11088599,
11789895,
11485691,
11153359,
11134210,
11810449,
12614646,
12301417,
11143442,
10769771,
10640234,
11353505,
11172893,
11908254,
11663472,
11433375,
12272657,
10887811,
12791074,
12506836,
12272303,
12024554,
10732215,
12523563,
12353004,
12050670,
10840373,
12578629,
12388719,
12157638,
10882198,
11596764,
11475695,
11174050,
11105475,
10761279,
11508622,
11314441,
11189471,
10832315,
11632389,
11404147,
11140955,
10885729,
11663009,
11454624,
11142150,
10879703,
11740684,
11427863,
11221751,
12042335,
10697357,
11508020,
11285670,
11038189,
10980273,
11732257,
11444829,
11396575,
11141735,
10992243,
11684190,
11498083,
11090309,
11026790,
11767241,
11532313,
11349120,
11172228,
10890092,
11611601,
11434937,
11128281,
11039022,
10755034,
11514744,
11130954,
11127889,
10803394,
11619003,
11427192,
11144242,
10871591,
11724385,
11464935,
11152961,
11079179,
10835446,
11502478,
11199926,
11134458,
10803326,
11676308,
11482524,
11117934,
11074619,
10762068,
11692504,
11413889,
11159629,
11034262,
10752026,
12649054,
11385226,
12196857,
12009093,
11781116,
11646568,
12501289,
12202727,
11992506,
11706548,
12549361,
11174577,
13090168,
10810445,
12563315,
11369647,
11122978,
10850115,
11641246,
11338644,
11133180,
10891890,
11693935,
11433179,
11120411,
11057376,
11753688,
11528421,
11141595,
11111456,
10723139,
11490298,
11201288,
11156627,
10836829,
11524308,
11343974,
11148304,
10836473,
11649955,
11439867,
11120846,
10945371,
11703649,
11450843,
11142420,
11015093,
11737954,
11495083,
11259761,
11101373,
10836473,
11696169,
11438902,
11088936,
11071735,
11627674,
11473499,
11100038,
11060622,
11697492,
11569856,
11151219,
11164254,
10811255,
11622792,
11333479,
11199818,
10842645,
10643131,
11389467,
11138406,
11013541,
11729954,
12498014,
12318684,
12051670,
10780420,
11565438,
12254524,
11157966,
10842886,
11639093,
11445608,
11110812,
10929367,
11657182,
11466453,
11168583,
10997384,
11715633,
11455896,
11168807,
11079799,
11757295,
11552129,
11314070,
11153531,
10799279,
11607561,
11380910,
11150931,
10844852,
10714918,
11453161,
11199411,
10950545,
11750356,
11460497,
11166983,
11053516,
10760140,
10648769,
11369399,
11143387,
10917203,
12667430,
11393633,
11139445,
10837156,
11701259,
11358180,
11156678,
11054178,
10734463,
11490841,
11297039,
11151911,
10853414,
11566718,
11385753,
11108350,
11806209,
10725861,
11367532,
11188040,
11010686,
11801890,
11511889,
11153277,
11126706,
10827068,
11586571,
11402449,
11090019,
10943316,
11626778,
11442614,
11122254,
11012109,
11816321,
11538750,
11145194,
11089273,
11766664,
11541077,
11271756,
11140195,
10860872,
11586787,
11392620,
11125611,
11085748,
10677864,
11432207,
11158079,
10988254,
10819887,
11521739,
11325425,
11176800,
11826853,
14653959,
12440561,
11762287,
11597563,
12354294,
12143282,
11905673,
11618299,
11475714,
11146757,
11982629,
10796591,
11496806,
11370216,
11145600,
10846091,
11592979,
11370624,
11135671,
10863625,
11706924,
11463380,
11156821,
11068915,
11760720,
11480734,
11142450,
11043322,
10795571,
11619340,
11493937,
11164998,
10803958,
10719201,
11502635,
11251445,
10992796,
10977419,
11628539,
11596428,
11180854,
11210328,
10809055,
11645581,
11394940,
11167400,
10855855,
11676166,
11342333,
11102373,
10924907,
11727043,
11580549,
11187164,
10977826,
11748601,
11433882,
11179832,
11949669,
10737307,
10510380,
11171563,
12008320,
10812317,
12590318,
11473859,
12103196,
10882158,
12684994,
12457697,
11119301,
11012022,
11624449,
12480555,
12213656,
11038307,
10810412,
11485766,
11317987,
11123862,
10820564,
12626011,
11301549,
11138643,
11878802,
11666756,
11379574,
11129345,
10897842,
11667034,
11426361,
11184950,
10858751,
11669059,
11414523,
11210240,
10918300,
10790654,
11375291,
11186497,
11040370,
10815920,
11534660,
11355228,
11147417,
10857492,
11595655,
11411796,
11177250,
10919056,
11649284,
11557941,
11149582,
10918373,
11661729,
11525115,
11127968,
10939798,
11751990,
11546307,
11312344,
11201861,
11938615,
10682497,
11415603,
12240890,
11970738,
11759892,
11536377,
11125831,
10903091,
10712202,
11482972,
11189269,
11069605,
10796053,
11553614,
11183962,
11119684,
11886968,
11628436,
11392675,
11149262,
10857661,
11627323,
11474188,
11160678,
11010340,
11707031,
11489919,
11173737,
11071030,
11742633,
11550925,
12275920,
11186199,
10767753,
10666248,
12383674,
11174595,
10874821,
10683057,
11439414,
11136982,
11002832,
11904318,
11390142,
11171348,
11181977,
11796810,
11538250,
11241406,
11156879,
11897703,
12915936,
11313163,
11163213,
10809978,
11551769,
11412628,
11173875,
10944278,
11463270,
11453933,
12215328,
10958775,
11755916,
11487936,
11143309,
11970533,
10728653,
12512288,
11138750,
11159313,
11838899,
12647556,
11410195,
11151706,
10897364,
11635704,
11528066,
11164933,
11087656,
11719432,
12527552,
11190867,
11157296,
11744976,
11525651,
11163636,
11193657,
11885493,
11559999,
11292357,
11170683,
10897594,
11581112,
11403839,
11147242,
11908287,
11667174,
11537433,
11170145,
11051621,
11706301,
11501457,
11168103,
11061464,
11755808,
11545067,
11179612,
11173208,
13088474,
12524533,
11166760,
11165736,
10750404,
10626351,
11356101,
11160723,
10878928,
11688790,
11367941,
11150872,
10802848,
10637504,
11436147,
11158984,
11040614,
11751448,
11558873,
11202966,
11113989,
11771380,
11535905,
11187312,
11099837,
11787010,
11534888,
11250077,
11165715,
10876243,
11611675,
11420333,
11139312,
10897592,
11625812,
11382303,
11141300,
11016181,
11693114,
11469347,
11125269,
11080825,
11770999,
11530143,
11296991,
11130301,
11838299,
11566114,
11369954,
11178840,
10844931,
11535915,
11398425,
11161007,
10901884,
11619369,
11398495,
11146355,
10889510,
11733404,
11459888,
11177435,
11095070,
11743218,
11505738,
11288944,
11149202,
10790957,
11578923,
11409381,
11103365,
10890884,
11595671,
11458428,
11144347,
10914608,
11785918,
11556359,
11146470,
11054191,
10812288,
11630396,
11219185,
11170203,
10923508,
11627999,
11448264,
11123144,
11033925,
11783346,
11471689,
11208450,
11102972,
10858672,
11591034,
11380535,
11144975,
10895907,
11707356,
11470973,
11116499,
11052381,
11708521,
11516111,
11152569,
11120181,
11820931,
11575925,
11295026,
11151102,
10731525,
11648308,
11235731,
11198388,
10793953,
12618056,
11305146,
11120401,
10897581,
11700561,
11430412,
11184312,
11102793,
10754104,
11634736,
11166271,
11171386,
10813053,
11637606,
11414229,
11088584,
10917007,
11677073,
11536202,
11207511,
11018238,
11796157,
11490689,
11339368,
11143212,
10798290,
11663926,
11313353,
11059861,
10986518,
10700193,
10649518,
11280918,
11125243,
10986990,
11714408,
11499373,
11119384,
11114674,
10765953,
11457850,
11292937,
11101455,
10826084,
11606876,
11321945,
11151744,
10844162,
11715678,
11468520,
11134231,
11983159,
10728422,
11521613,
11286007,
11107494,
10850220,
11569218,
11470484,
11145274,
10999564,
11690394,
11455231,
11160948,
11116719,
11762332,
11550165,
11079249,
11190636,
10835866,
11632536,
11378206,
12203331,
11026168,
11757096,
12538299,
11142969,
11056170,
10765701,
10563784,
11410076,
11136160,
11855536,
10703985,
11457885,
11128581,
11064335,
11748908,
11565239,
11172445,
12038683,
10828431,
11503462,
11359892,
11194174,
10855071,
11683871,
11380949,
11165483,
10866673,
11679528,
11432722,
10871932,
11668549,
11428857,
11112314,
11086308,
11744833,
11559926,
11175305,
11162539,
10751682,
11550299,
11379918,
11126153,
10970022,
11698527,
11390783,
11172468,
11000856,
10804800,
11602903,
11307948,
11140267,
10860191,
11627587,
11407276,
11082384,
10909325,
11717396,
11447942,
11115082,
10975916,
10774320,
11499335,
11144782,
11161960,
12797703,
11553832,
11375256,
11139918,
10918772,
11627007,
11455343,
11154069,
11040632,
11663661,
11471257,
11147110,
11118382,
11804329,
11581213,
11262743,
11144838,
10849602,
11626034,
11422938,
11090734,
10869129,
10700478,
11432105,
11155041,
11016440,
10757706,
11536215,
11264174,
11169908,
10846459,
11616479,
11368256,
11121494,
11044051,
11691285,
11510507,
11145502,
11087643,
11790712,
11494993,
11371929,
11171398,
10834043,
11617315,
12387121,
11153841,
10932491,
11676840,
11442132,
11131988,
11077989,
11793781,
11506580,
11246148,
11025858,
11796562,
11593594,
11325715,
11164788,
10779327,
10676417,
11351860,
11146214,
10918210,
11700996,
11557776,
11170855,
11090364,
11822858,
11545592,
11304133,
11156279,
10812957,
11640606,
12441358,
11177337,
10918442,
11644618,
11446296,
11150787,
10928956,
10692108,
11403387,
11174552,
10922998,
11735272,
11569936,
11198044,
11092713,
11721437,
11573523,
11163461,
11134510,
11755862,
11601656,
11398018,
11154269,
10818746,
11652527,
11422068,
11176268,
11016234,
11716645,
11503800,
11117268,
11021910,
10755452,
11459643,
11167021,
10980203,
11794380,
11555691,
11304733,
11143845,
10886545,
11540510,
11401632,
11128255,
10903143,
11647615,
11536783,
11143217,
10912209,
11693969,
11447864,
11143464,
10917212,
10649382,
11483031,
11130831,
11095411,
10770760,
10635825,
11327988,
11131895,
10936214,
10699612,
12388626,
12213674,
11010965,
10750671,
11516242,
11160736,
11132940,
10804241,
11610790,
11421583,
11163071,
10880703,
11662903,
11438264,
11161370,
10901664,
11713733,
11503217,
11193139,
11099216,
11773389,
11489953,
11166119,
11107872,
11787765,
11547842,
11112635,
11086779,
11847026,
10540476,
11454051,
11169291,
11913215,
11671606,
11404697,
11185117,
11927181,
11569728,
11425206,
11161371,
10843006,
10657266,
11458753,
11202131,
10982268,
10772986,
11503553,
11184987,
11135573,
10856854,
11570955,
11419308,
11122734,
10884795,
11665289,
12473691,
12215098,
10924386,
11705404,
11479877,
11141605,
11000002,
12730241,
12541479,
11157189,
11074557,
12784207,
12577131,
11180714,
11109207,
11800485,
11553212,
12350609,
11017388,
10839940,
11760794,
12573779,
13313633,
13127544,
11906583,
13681181,
13777584,
13173401,
13018923,
12786457,
13502840,
13325952,
13091888,
12876668,
13568718,
13391510,
13093101,
12868184,
13658064,
13424189,
13227292,
12949264,
13711631,
13494546,
13269084,
12996380,
11710815,
13494979,
12308115,
11134928,
11741614,
11502377,
11172918,
11137220,
10790624,
10546161,
11398505,
12122200,
10898201,
10646631,
11479909,
11136045,
11017541,
11732901,
11551912,
11273668,
11161534,
10751896,
11607788,
11403069,
11137716,
10883718,
11740001,
11502763,
11183652,
10862899,
10763306,
11565634,
11190921,
11133885,
10860394,
11596824,
11394442,
12120847,
11924023,
12609079,
12454740,
12173689,
10869451,
11735329,
11397320,
12186276,
11966898,
10711080,
11531048,
11220131,
11170728,
10774313,
11673776,
11462448,
12159652,
10913242,
12728674,
12432936,
12215761,
11020101,
10776170,
11406852,
11263109,
11128651,
10886637,
11523781,
11384761,
11128948,
10899009,
11657114,
11489278,
11159303,
10976616,
12712117,
13417254,
11199853,
10942759,
11708658,
12429141,
12200272,
11069623,
11691152,
11503927,
11330392,
11102242,
10797063,
10563559,
11405485,
11164648,
10953546,
10666137,
11395760,
11113782,
11065627,
10785142,
11501545,
11315358,
11159773,
10863567,
11556089,
11507877,
11148367,
11019855,
11697441,
11474402,
11116629,
11028404,
12788394,
11584232,
12335476,
11199853,
10808959,
11605246,
11368261,
11112375,
10857634,
11686547,
11530660,
11191421,
10877501,
10725814,
11511630,
11251974,
11158884,
10804990,
11611216,
11399724,
12031971,
10777725,
11512068,
12458897,
