12788072515,
263432654,
234909351,
236969175,
238075965,
250903900,
250702187,
251686409,
252761180,
244109688,
244697846,
246406030,
247535342,
248781708,
251629868,
285413727,
296963989,
288068274,
278088656,
270532071,
270734339,
270730445,
294806636,
285624096,
275428746,
267519778,
269112830,
269589940,
269392847,
262518528,
262344938,
263536098,
264250729,
265326856,
266319474,
257861020,
259343871,
259903055,
260955034,
250298921,
252122780,
243280643,
244941329,
246174445,
237814370,
230908865,
241912874,
243094738,
258065984,
266725513,
259228301,
260819123,
261222647,
262161978,
263514569,
258038674,
265529207,
257614825,
248480551,
249817386,
250803259,
264387607,
285869270,
275712159,
266294926,
268250597,
260095699,
261276985,
261985214,
263416179,
264865100,
255977379,
257480188,
246431997,
248740762,
248872848,
252482263,
255538656,
256473548,
244397252,
246338544,
247856637,
249181391,
241672259,
254449019,
255452143,
245293601,
247280613,
237854105,
252378886,
240801496,
255594650,
257472458,
259476688,
261072452,
262074824,
252984872,
256669124,
265937367,
257250119,
247071262,
248360975,
249291437,
292511507,
294178593,
294367421,
284994896,
274229082,
266275158,
257748124,
268588558,
291361098,
294007837,
293363787,
263982708,
265658451,
256020433,
258306743,
259602501,
290898234,
281613545,
284738260,
273943812,
267181683,
267280922,
268064205,
282077137,
270439420,
262469888,
263431963,
265082548,
265648973,
267192474,
259775883,
259952302,
261910981,
263123038,
254169302,
244034548,
245752148,
237806832,
238313535,
241199242,
262410285,
274082419,
275801550,
275678712,
276666807,
277984275,
280235522,
273575162,
264534817,
266230943,
266485831,
266912380,
270084889,
271398732,
272108578,
274149078,
266217728,
267023890,
290212940,
278793000,
270569733,
271290607,
265689620,
265043042,
266616586,
268338325,
268632836,
261264139,
264129161,
264438285,
265403772,
266636121,
259081725,
260672525,
261824685,
263123609,
255760633,
257843015,
260165507,
258729729,
249483807,
240626086,
241389805,
265266102,
265678688,
260233487,
260473125,
261978294,
263467452,
265084025,
266017300,
257980703,
247276608,
248525759,
248948366,
251787434,
252312623,
253549844,
256159426,
257290106,
254301105,
255118178,
258851786,
258304452,
248497517,
250514947,
241653822,
243335763,
244852472,
235824548,
247068132,
247833498,
249292051,
240630179,
244586534,
246430448,
236422796,
238591203,
240926603,
263414301,
264428529,
266727488,
268971546,
270156252,
294299499,
294301219,
286773708,
275978141,
267415288,
267959691,
269120889,
270479762,
273992994,
274278559,
276145008,
289884542,
292510279,
290744373,
283264496,
272506433,
264657554,
265847779,
266450359,
266704456,
260617860,
261408804,
251028016,
254036785,
257592492,
246656569,
250716043,
249596545,
274387648,
265424053,
266772305,
269622990,
269945903,
264700230,
275049799,
268887628,
292606683,
293699922,
286709466,
274701372,
266568379,
258901612,
270503924,
285102783,
284765837,
275411560,
267416088,
267301707,
268229013,
270055321,
263569232,
264648886,
265765691,
266622046,
269346926,
270999557,
263619747,
265439698,
266006410,
266492336,
270001511,
269568242,
264578268,
265440748,
267034259,
280830786,
268734120,
262363645,
262720787,
253946453,
255948882,
257459546,
268160617,
282069868,
285300654,
273086768,
266844026,
266526900,
267367652,
261922012,
262180657,
263942296,
264270310,
257247358,
246880166,
247592421,
270233363,
273107507,
273663871,
264784251,
259188768,
247881565,
249770435,
253177544,
264053639,
285884472,
288378183,
277558227,
269434779,
262148351,
263666677,
264622936,
265427048,
266194708,
259533043,
260604760,
263026719,
263506743,
265025294,
258704472,
260805870,
260027771,
262413533,
254694271,
256150262,
258084314,
247942581,
240394883,
242022165,
264319017,
275407768,
288802790,
280242605,
269363404,
263415419,
254382330,
255977844,
265875385,
267426986,
283316569,
271108807,
263685807,
265113972,
267307228,
289802234,
282282803,
270033974,
264517367,
265432402,
265231764,
266315944,
268225780,
261113387,
263042408,
263338348,
264775548,
266095602,
267515767,
258802395,
262433213,
262490606,
263584911,
264346455,
264677352,
258292494,
259205633,
260493910,
250829837,
241631987,
264759368,
264915449,
266462072,
267984507,
268978176,
270705456,
273800746,
274470079,
267787880,
268938089,
270047108,
272711110,
273329124,
265224804,
265934184,
290953764,
291256467,
283219543,
273711047,
264511999,
266186419,
290598990,
279431670,
271578144,
272554018,
264435941,
265626516,
266405017,
267554162,
291168572,
284502328,
273229950,
275308264,
267781727,
268074354,
292180274,
283094052,
271866253,
273267055,
275557552,
267157538,
269044447,
269756663,
271611257,
273002323,
266548945,
289638729,
291943785,
296694174,
281516559,
274492689,
275482184,
269260979,
269558345,
261541467,
263990254,
265455067,
276475790,
299095061,
293354114,
286157740,
276071701,
265614208,
267435282,
279430726,
269690080,
262343271,
264039689,
255318727,
257135776,
258098277,
270243312,
262801860,
263738514,
264662697,
236351248,
237229772,
239140635,
239444409,
263263188,
265460108,
265141556,
257435341,
258405720,
259067239,
259828141,
261514904,
262933086,
255414024,
257080186,
259385260,
249248594,
251606910,
242163465,
245614579,
247221815,
235946263,
239341423,
239932019,
263324214,
264931360,
275606834,
278972567,
280427239,
301290270,
312882446,
314501325,
316482480,
317405139,
320063774,
312522071,
312899264,
314066784,
316806291,
318500436,
310525246,
301087609,
301864372,
303632950,
305365909,
298221308,
291113867,
291337519,
292636205,
294833758,
295743842,
287999240,
289767852,
279890763,
282194740,
293823470,
286331636,
295388734,
290611921,
279027814,
292493986,
283278720,
273458871,
276589088,
275927538,
290838125,
291723021,
292919674,
293766004,
287370057,
276446623,
269257449,
268961875,
292979227,
286298954,
274566089,
289032304,
278152177,
268263930,
270075188,
272324817,
274451617,
266150730,
289323407,
290150976,
291034200,
284102768,
273074613,
264740605,
265924460,
267012469,
268551346,
292884470,
284748319,
273822772,
265673198,
267217115,
268507983,
282160741,
284268953,
273387638,
275369856,
278746749,
280198587,
283858514,
274340584,
275990861,
277583247,
280039983,
292489577,
293762596,
284516393,
274710772,
276195846,
269308282,
269582495,
271408899,
272784293,
275612414,
267327013,
268522591,
270313185,
271550400,
264090157,
265399744,
266450389,
278508348,
282660697,
284396666,
272877857,
285622912,
296816986,
290948822,
291032227,
293705635,
283250853,
273335486,
265930600,
266241893,
290517553,
292223865,
285323040,
273722415,
265896813,
266391111,
267771371,
293752458,
284906461,
274482121,
274718610,
277554180,
278578570,
268853528,
270491697,
293074018,
284654527,
274783469,
288556855,
279900733,
269818686,
292803504,
285245335,
274219535,
276209521,
278430354,
281439902,
292583505,
293202960,
285888993,
287995287,
277035694,
268671948,
269740017,
270780403,
264453292,
266564572,
267730219,
291911927,
291280430,
282346450,
272293470,
264878458,
266194468,
290862050,
282180065,
269822394,
263653291,
263748237,
265251074,
267360507,
268159687,
270553534,
271877398,
273384626,
266062695,
266643809,
290573722,
289973783,
281147645,
270840421,
272812659,
274850930,
276935331,
268089056,
291093244,
284324284,
273149720,
265030074,
266860072,
269210883,
269833349,
263051126,
264789211,
266164277,
266255138,
268681313,
259434726,
261877199,
251747791,
242669525,
250981198,
263513171,
264870061,
265662193,
266163749,
267535758,
261398008,
264547375,
264170928,
287071256,
276839715,
268970172,
270270722,
265156657,
264775860,
265772879,
267127918,
267623733,
269263677,
262670306,
264201249,
265220698,
266673233,
268719599,
271203147,
272027146,
272732340,
264955587,
288408842,
290097329,
290260885,
281946360,
271692549,
264194334,
265122177,
289815530,
282047024,
270301145,
273514757,
264829880,
288199451,
290865762,
291557638,
262808054,
263578784,
265066646,
265136079,
290231472,
280926348,
271905925,
273048819,
265429815,
287476640,
289941933,
281104466,
270581717,
263087806,
255839835,
296925000,
319463344,
320720804,
321951919,
323740525,
325082865,
327473186,
329292217,
330946466,
323017442,
324081339,
326559624,
328323035,
343093164,
331818688,
323130759,
327352794,
319007716,
320336791,
321870762,
324626769,
326152973,
319723071,
320774409,
321746100,
322061019,
323966827,
326227160,
348621583,
341283602,
330551024,
322907697,
324587091,
326160667,
327073368,
321529300,
321351311,
322683630,
323578628,
325448799,
338722009,
328230226,
321814366,
323168104,
326149548,
317162927,
318897588,
320851611,
321933267,
314324974,
314891456,
317440076,
309033544,
299876900,
292783274,
292815930,
316682071,
327174560,
318608998,
311562424,
313464003,
301499153,
295582592,
295578742,
296181986,
320573728,
321261273,
322790202,
348539091,
339428481,
327456791,
321221422,
321685408,
324030906,
325301720,
318558997,
320454558,
321242360,
322860082,
325801512,
327109625,
329117002,
322570290,
322138215,
323721154,
324936071,
318981937,
329285975,
322295496,
324355848,
324291258,
325214502,
326677723,
328428789,
321093911,
323026824,
323436792,
348026415,
338941620,
341535775,
331791633,
322372856,
324350391,
326269669,
319757369,
320661489,
322412688,
322372380,
315499615,
318551757,
319984467,
320837878,
314261003,
316053914,
317010792,
319242319,
320531026,
321048711,
315343369,
316895953,
318933558,
319316418,
320607531,
313074246,
315617039,
318441524,
309979722,
310823066,
313084978,
313591910,
304700380,
296058201,
310483595,
311597679,
313055136,
314416321,
315889588,
306596125,
309576500,
313049925,
312999228,
302694998,
293483046,
308675680,
297970240,
312803394,
313091920,
315115992,
305058810,
307846313,
308368207,
311387054,
312666823,
313690187,
303673769,
296813587,
288353893,
311171811,
300734898,
302146583,
303113804,
296299737,
297502383,
299881571,
291997184,
283337654,
274034543,
287857427,
298641102,
299423204,
302312685,
303592700,
305006771,
296965861,
289736068,
291473611,
291946544,
293872980,
307098056,
297652561,
299424929,
292629746,
283931170,
285151508,
296411204,
297435247,
291057072,
292736545,
282172963,
274397864,
275216746,
277860473,
268968786,
292658942,
290454223,
282725730,
271988696,
273568405,
265722861,
277427869,
280897560,
292618009,
283642979,
275286645,
275031988,
281523073,
282899297,
283829773,
294505163,
297004408,
290229978,
291157544,
282862247,
284362040,
285784907,
289851029,
290359710,
292721228,
283959379,
274709310,
265196228,
268273085,
259634964,
262304518,
272667877,
264166186,
287717126,
290084028,
292485315,
264219907,
263142799,
265048122,
266608018,
269625877,
269179932,
263646796,
263567349,
266090641,
280720798,
268742462,
262944401,
263929478,
264905811,
266232785,
267546747,
269780335,
271501740,
273759009,
287403307,
289118576,
291328948,
292974299,
294581353,
294803737,
296553404,
296218214,
297881507,
299003725,
297138461,
282782749,
286116569,
276753615,
288921893,
292387015,
293796523,
295195442,
287644955,
289135798,
291182261,
285156148,
293730638,
296254765,
297730643,
299129449,
291931884,
283056014,
273241487,
277097223,
268913717,
260654853,
283248683,
292255449,
293291802,
296009668,
288130446,
278597375,
281786603,
283436910,
292809191,
294070465,
295927588,
288743394,
281304029,
282585278,
272806703,
274030036,
266486783,
267308910,
291060912,
292640910,
286218815,
274100326,
266497017,
267458343,
290638757,
282147281,
272179655,
273535908,
275194347,
295735889,
297268677,
298638891,
301138091,
292867599,
285159726,
287478687,
288951144,
300179814,
301496259,
302200097,
296056708,
285872191,
287860059,
289181541,
292306985,
292843398,
294073081,
295418386,
296816846,
289587312,
280476141,
285138807,
284400232,
276960781,
278058687,
281758039,
302051854,
316739802,
324677533,
326921707,
319743648,
320503293,
321963491,
293208974,
293619998,
295058272,
317831121,
319804617,
312710917,
314115861,
315571711,
317333060,
308276906,
298526921,
312940656,
314540266,
316842734,
317922806,
310241778,
311748033,
313616711,
314963076,
305949368,
309995471,
300096241,
301852713,
302314620,
303946100,
295762776,
311276501,
312934190,
301964445,
315338405,
305238387,
309256341,
298848891,
312740979,
314658792,
302625032,
294159651,
308279795,
310312611,
311518175,
301042034,
303553213,
306384108,
296185269,
298568538,
300239295,
301849783,
296239951,
286819269,
287923151,
289627328,
281820038,
292958046,
293581350,
286814155,
278765115,
280972861,
283690660,
292601971,
295124627,
288247922,
290609876,
281027875,
271699185,
273456467,
275480950,
288627085,
289743474,
290479543,
292200692,
283901178,
275225391,
265300087,
267064364,
290830530,
281592075,
271167762,
263963821,
264740187,
288388407,
293010917,
291642447,
294087677,
297264160,
297033334,
289774692,
291312427,
292747004,
294542063,
304424410,
296599140,
293631574,
286157730,
296313602,
289941627,
291606971,
294666543,
284642748,
286154402,
287668795,
289876614,
282239651,
293368086,
293679099,
287769054,
277086564,
281683338,
283150946,
284444725,
286068951,
296285693,
290514864,
291006897,
292114646,
284981175,
273415453,
275336066,
277427949,
268376783,
291234051,
293637341,
286155331,
288014111,
300929634,
321756617,
325072421,
349159568,
359187197,
351106311,
343491737,
354346183,
346027760,
348293453,
361562655,
376356845,
365180694,
358041742,
357240136,
371244079,
372964758,
374158889,
375272535,
368081873,
368783218,
369994241,
372115298,
373587330,
375293919,
369442087,
357256266,
349863814,
350874123,
352652688,
367149517,
367965105,
371197350,
372203397,
373479307,
376030684,
376313967,
378295256,
370027164,
372053571,
373571783,
374791500,
376999928,
369842285,
370637900,
372715902,
374102265,
376182865,
368486048,
369417992,
371140136,
361107600,
353043311,
355375221,
351091918,
349272583,
373312667,
362776403,
367094025,
369503500,
370320859,
359329041,
361191816,
364084799,
355340043,
355575642,
358034797,
358947173,
360864717,
353263805,
345542248,
347073378,
351400822,
350402909,
353336279,
354444665,
355060563,
349569108,
340915254,
342599572,
346018531,
334402178,
338809881,
349491489,
349902615,
350962136,
352085318,
345811569,
339546152,
327419850,
328673795,
322283574,
322642208,
325367843,
325921920,
341979409,
330012163,
322088417,
324715353,
317177934,
318592749,
321478956,
313858238,
313923346,
316544006,
317038160,
319046280,
313375593,
315436110,
315582120,
316896705,
319273534,
311535785,
311760976,
313348466,
314792397,
316932833,
318895511,
312230142,
312463227,
312612751,
315605319,
306361119,
310266073,
312874497,
313045832,
303118501,
305676763,
307183742,
299410286,
299363134,
301189571,
302206497,
294941551,
297785346,
297928365,
299442488,
299862852,
301461353,
294436151,
285747793,
297056787,
289782602,
291467774,
293166324,
285169395,
293809184,
296129726,
289607064,
280278482,
282289498,
283638453,
293908596,
295522368,
289740244,
290832313,
281779007,
284357453,
274090485,
276325042,
290106025,
291440108,
293178080,
293568019,
286565987,
276527866,
268331279,
269415519,
292799930,
286637512,
276886983,
266631075,
268765987,
269466427,
271948198,
273352156,
274571320,
289843717,
281535678,
283022882,
272512627,
265130909,
265250366,
259842875,
261031430,
261199721,
263522121,
256303008,
258130170,
260779791,
263574128,
263600395,
263225392,
266456745,
258180845,
260761793,
261322712,
264376684,
255319292,
257158450,
258756941,
261375215,
252723728,
257310264,
258062879,
260905074,
253983751,
253055189,
263506751,
256523671,
260394688,
260365565,
261885292,
263242431,
264614962,
266644098,
268382268,
261484110,
262289181,
260727166,
261991690,
264557091,
266911218,
257670612,
259987385,
260994272,
262793509,
263798057,
255340250,
257001480,
258620287,
260588245,
262533999,
264237845,
264655892,
268220494,
269326093,
261055948,
262980907,
264076095,
266745542,
267383777,
261764508,
270563196,
272479701,
264206186,
286876184,
278883830,
281227776,
270912054,
263866934,
264525414,
265814531,
258616413,
260855037,
271089954,
263773605,
265005179,
288561226,
290149351,
291213832,
283371560,
273408240,
265555204,
267249082,
268674880,
270427945,
270419215,
271546610,
264449148,
289437937,
290379626,
282515484,
273112162,
264191618,
266652807,
266091787,
267568616,
271626255,
262514816,
263344343,
287161939,
289521895,
280744738,
269948887,
271528139,
273826040,
287702589,
288188682,
289982488,
281267296,
271608730,
272462433,
266138508,
287492446,
290230324,
291907754,
283821168,
274509571,
265956080,
266998834,
290089608,
282875100,
272377014,
273386615,
275182646,
266570341,
267897144,
269946853,
271076898,
263378285,
287849829,
289842608,
289987382,
261235301,
263020856,
263445804,
255520338,
259426633,
260795630,
284002328,
271934402,
263591837,
266376102,
257669065,
268526383,
282412231,
292598045,
285450011,
287230480,
277555452,
282275812,
281564472,
292374072,
284530962,
275272831,
289678701,
280667518,
291736856,
293149808,
284108022,
274405163,
266236608,
268099987,
269588231,
292467400,
284172506,
287106467,
289758220,
291965699,
314271951,
315009437,
316446425,
318358822,
320428120,
321528905,
313932572,
314607297,
316569159,
318528693,
310907631,
312453683,
314998430,
307113081,
309936783,
298975176,
300997956,
302732094,
303330349,
304976436,
310151866,
312341387,
313148944,
315001567,
304955127,
306892926,
310502672,
321788082,
321654288,
322470487,
317047671,
317079238,
319505993,
320558623,
321228343,
313718098,
315316784,
316497902,
307263548,
311438945,
311203594,
314815733,
302990546,
316639008,
307701546,
311805753,
299837171,
302311341,
303226853,
304526637,
296330744,
298211522,
299887947,
301475679,
294241533,
287115864,
288349638,
290586290,
292133231,
293848191,
295150633,
297635907,
290141999,
281815546,
284422928,
284782768,
274515727,
289712335,
291593986,
292660933,
292186628,
286036172,
276886589,
267108937,
281001459,
291449408,
302601685,
303761463,
306981415,
309601246,
311039547,
311699495,
314377449,
315440002,
318301041,
319275663,
320586255,
313707209,
314962231,
316758478,
318948235,
311594208,
313396259,
314390224,
304133710,
306853361,
309826202,
299891009,
300485945,
302337104,
293506685,
286811144,
289571977,
292720248,
292768702,
285624204,
297272865,
297189262,
288828009,
290320914,
282237862,
281967219,
285865130,
288243720,
293036903,
286001049,
296564614,
297937007,
292361715,
283443227,
285578343,
286630518,
297125135,
291351692,
290721615,
283190462,
285299286,
288818627,
279040839,
282520928,
283073400,
293339150,
295300250,
287944389,
289700222,
280440705,
270648344,
263494760,
265350715,
289690855,
291157005,
291290035,
283579203,
272593872,
265020898,
265887085,
289785544,
282961654,
271875196,
272641526,
265638261,
266440893,
268428337,
269378228,
271573253,
273501050,
287270539,
290450844,
289610327,
292872877,
284030633,
275177296,
266158005,
268112831,
282907059,
271119760,
263005550,
264669039,
266126138,
289593925,
301232674,
302984459,
294428656,
296992919,
297561442,
291401893,
283574525,
284569934,
286815924,
288413285,
320146153,
321768644,
315830098,
317017004,
318900536,
331844258,
343611876,
345890121,
348340450,
359003689,
359533096,
360803923,
362852042,
355061250,
357673257,
359639079,
360582470,
352494550,
345799317,
347659596,
349380459,
341994849,
343237080,
354370782,
355682754,
349087668,
342824881,
342730137,
343863889,
346213395,
338777261,
340143560,
340358639,
341453709,
331365971,
333171658,
335407964,
327178034,
349123467,
350306408,
342683815,
331977892,
323560276,
324956844,
327029532,
329240801,
330746093,
322038174,
324062076,
346716187,
348150491,
340965173,
330387293,
323127139,
323406788,
316060840,
327331544,
327694818,
329964593,
345052626,
334124647,
325759313,
326018784,
327702397,
321549078,
322065525,
325422237,
324850111,
318874089,
319559085,
320361643,
320713613,
322268454,
315985147,
318715588,
320985585,
320978859,
321733830,
316882038,
316583456,
318523281,
321346613,
322268986,
314410268,
316000031,
317326199,
319069234,
310796733,
312776192,
313192063,
314718119,
318551005,
320225939,
320654838,
322371075,
323363821,
318423212,
318682002,
318664281,
320895066,
323578201,
324205097,
317116857,
318424485,
321374259,
321418981,
313794819,
315350339,
305885835,
297362658,
320593260,
312383497,
315182961,
316423555,
318333560,
318795125,
321570099,
313265887,
303780671,
326460903,
326690856,
329201733,
342804349,
345081906,
345744205,
349490320,
349035119,
349372239,
373761748,
374994811,
376703507,
387535122,
400188727,
401440708,
403439069,
404893497,
406608130,
429513663,
430597133,
421899890,
426089180,
426328467,
428112121,
419449646,
420411060,
411663866,
405104038,
415245330,
408284139,
408255188,
410383692,
403601653,
405542521,
397831719,
408326533,
401024035,
402522733,
414144536,
406515146,
407926878,
400139474,
390320598,
391139807,
393446926,
385092726,
385970806,
387962005,
389880750,
390853208,
406023049,
395646302,
386162872,
403274473,
403192484,
389715627,
380902248,
382103666,
386207913,
387196192,
381432713,
381720643,
383733035,
385043270,
387355731,
380295936,
381337978,
381915478,
396408607,
398317017,
400187951,
392405557,
381540776,
374392404,
375992214,
378437528,
370320204,
371701633,
373427424,
376084890,
376608735,
369366599,
370955937,
372259033,
373274836,
375079543,
376500281,
368775842,
370282681,
360427542,
361566144,
363629567,
355676349,
357512466,
359089014,
351429389,
352256391,
345484022,
347876924,
357336446,
350480876,
342719584,
353388421,
355042695,
349605177,
340336078,
351431893,
343968299,
345248511,
338842006,
349704013,
350381044,
351231073,
353582266,
355263630,
355595059,
348546830,
341422803,
342733598,
333644608,
335364248,
325936837,
330011269,
331410301,
331725942,
325046742,
325964415,
327913978,
331155915,
322611805,
322730558,
324615521,
325726690,
327880524,
329168786,
321766336,
322254052,
324165501,
326958211,
341872420,
330877895,
322409049,
323285352,
318278789,
318661443,
319452286,
311278056,
302471798,
302825957,
304597284,
318928050,
329732637,
330002952,
322251483,
315866928,
316718490,
318514766,
320160431,
320574987,
321887742,
315759651,
318644405,
318801308,
320434617,
312326052,
324147034,
315567497,
316859293,
318900255,
310818175,
314369930,
314336451,
304468916,
307384419,
296892703,
290472933,
292716231,
285481060,
296545494,
288020489,
289950595,
292686063,
293158992,
293283842,
295717661,
297649478,
298531431,
290455382,
283659939,
285803022,
275413319,
299209860,
302179658,
293383887,
295491563,
295571282,
297418352,
292666383,
284309805,
284027172,
285573525,
276618284,
279080253,
281105948,
292900022,
293592736,
294861235,
296833187,
288332354,
290608199,
292786578,
284666525,
294405318,
295846365,
297163848,
291590197,
282923490,
283948891,
285807926,
287342204,
289888431,
300622143,
292017371,
293215360,
294472700,
286967106,
277737165,
267801500,
269752431,
271447640,
273011778,
275396721,
288770864,
292046307,
292425756,
285275106,
274590394,
266527105,
267456938,
290665121,
283576131,
272664456,
265236172,
265452079,
289669394,
290809013,
283288246,
273947824,
264480018,
265140099,
268049078,
261244069,
272137807,
272978397,
275832306,
289865643,
289748544,
292101209,
284203550,
273855217,
265687886,
257443334,
268947380,
271060219,
272762435,
274317428,
289657745,
290056071,
291218274,
291981110,
284539033,
275303277,
267678266,
267064824,
268911384,
271895058,
284959026,
296009822,
299050658,
299324278,
323462119,
325567027,
324378167,
348141245,
339278085,
329176122,
330640101,
322819600,
323691223,
324891431,
326540641,
327953346,
329885500,
322019846,
324082303,
347539479,
348657928,
342011198,
330224465,
322374971,
323165340,
324696864,
326322213,
328729793,
330027711,
331462227,
324186301,
349215608,
348790047,
340796128,
329860217,
321757441,
323760073,
316781662,
319015345,
320545886,
320650666,
335081795,
324833632,
319106956,
318765489,
321247411,
321807232,
316452417,
316078072,
319057852,
320148288,
312099480,
314094407,
315964783,
318514196,
310501110,
311595751,
302445741,
303462106,
295392827,
288589643,
290807273,
292073388,
293405835,
286305826,
287679839,
289833132,
292605177,
291238386,
293165159,
294892833,
287859854,
290064528,
281051707,
282983626,
272704681,
295503988,
289988576,
290003272,
290294530,
282166076,
272639446,
274068865,
266076459,
291560410,
291919625,
292476187,
285461372,
275102621,
266575187,
269073680,
293197868,
284157859,
274503668,
289604566,
281772303,
269802093,
270597515,
263311545,
287766742,
289716150,
290632102,
282820002,
272385118,
264973651,
266640165,
267729310,
262242176,
262646447,
264893465,
265538200,
265889991,
267414728,
268998644,
271663245,
273607129,
265094823,
290836862,
290837805,
282269789,
272096541,
263587815,
266026790,
267144620,
268281299,
271678987,
264665504,
265153575,
291473975,
282877360,
270912831,
272773418,
265397007,
290215488,
291365314,
291218140,
283550353,
273392716,
265432873,
266483850,
291580672,
283573886,
272501597,
285151040,
286364665,
309691907,
299723666,
301884793,
305148357,
296815837,
297107040,
298835655,
300780899,
293921127,
287376146,
289133580,
279543876,
270052086,
271417529,
274147313,
275030239,
266934320,
268526905,
270195207,
272162032,
273302957,
265593290,
265928503,
266865973,
269520903,
270706209,
283543430,
273514667,
287749451,
288152757,
290105990,
292502855,
281878615,
272849926,
263537556,
265769107,
289829866,
291040314,
284205274,
273613170,
265707322,
266967482,
268354715,
272385536,
274007732,
276451788,
290390165,
291908164,
291768155,
284407083,
272189790,
274009168,
266006303,
268760342,
269655968,
271608465,
273194052,
265218457,
290339144,
290722527,
283483274,
271938752,
264769896,
256353710,
266327583,
267689998,
269868337,
271529968,
273639006,
265546376,
266752093,
269837993,
290449866,
283804754,
272534472,
274418607,
266008661,
289715436,
291711535,
283357305,
272774108,
264731169,
266093569,
267047931,
268601224,
262776140,
263107894,
264920504,
265404328,
258711263,
259621505,
259832234,
261724934,
263186523,
255909133,
257734334,
248265027,
252536757,
252332758,
263411157,
264213382,
265628219,
259187249,
259979206,
262604928,
263372810,
263632969,
256846458,
258014959,
259976449,
261538371,
262780105,
264842752,
256710429,
257617821,
259435034,
261250740,
253186090,
254811481,
255728168,
246242776,
260914483,
261299087,
265747568,
263837592,
257074003,
246773813,
239725902,
240427242,
263625844,
287521049,
288480146,
280008254,
269797433,
272679578,
264261831,
288752545,
289962264,
290976440,
283436193,
272509034,
263701281,
265016411,
280159211,
269401486,
262095216,
272666335,
273852303,
266831420,
268179550,
270167715,
271797268,
272156966,
273640481,
288311410,
278290202,
292439259,
292992342,
284449668,
274719917,
265634792,
266755878,
268381533,
269671779,
271080911,
263421696,
287095735,
289610614,
290196803,
282201565,
283339162,
273878044,
274798997,
276954411,
268242925,
291046385,
292121112,
284850231,
287214985,
276288685,
268125000,
290149216,
282413866,
271464984,
274157680,
265427825,
267420796,
269115734,
283214441,
285089961,
273641944,
274526517,
267078985,
279373488,
269713569,
292412459,
285824496,
274325335,
275965377,
279026355,
290258942,
292681777,
292668642,
285375704,
274804549,
267600776,
268781620,
291403505,
285939389,
274074581,
289467246,
278154242,
268710685,
270651648,
272296507,
274132254,
289654583,
289686380,
291495916,
284141096,
273376505,
265578598,
266681698,
268004016,
269647087,
271364518,
264868488,
288609615,
288231093,
290826596,
282335681,
272598832,
265464670,
275570470,
289630389,
291323697,
292332736,
284259242,
274204559,
276337137,
278626027,
268480508,
292160851,
292899123,
289408394,
277121398,
268652795,
270150393,
272364097,
273994606,
265697624,
266771662,
280894979,
282317525,
272192626,
273689218,
275063531,
278309141,
280964855,
282742104,
273214760,
274255299,
276744303,
290419130,
291341104,
293067446,
304228084,
317311818,
318808191,
310476801,
312262509,
312773190,
303593059,
304022517,
306487603,
310244733,
312841527,
312453666,
313677153,
315401836,
306515339,
309579843,
313021670,
312923850,
314619227,
316799971,
318992641,
320303595,
322593639,
323414954,
316085422,
317128474,
319030069,
321420933,
313180149,
315812803,
316613863,
310153297,
310779001,
312936657,
313541258,
314935304,
305357925,
306735985,
310345434,
299619579,
300944010,
302581690,
303710647,
297293696,
288504547,
289720287,
292278693,
295339779,
292385483,
294897697,
287010621,
288390952,
289745014,
300458519,
301945752,
293990985,
295761904,
297102576,
291768405,
282769538,
284697924,
285367129,
275108548,
278015815,
290148128,
300331496,
301960828,
294318203,
295544788,
297050880,
299361539,
293553517,
284044001,
285317262,
286797972,
288357436,
281301022,
291948042,
293435918,
293467195,
295936172,
295915455,
289719681,
281292540,
283706553,
285300230,
294648007,
297159177,
290314555,
290286865,
282858683,
274025133,
274429165,
266609114,
290246153,
292269059,
284914939,
274194026,
265579737,
267056091,
281505246,
283098259,
283923061,
286031252,
287333922,
297228994,
289789464,
292243249,
292317551,
285274070,
275687294,
278294271,
281086453,
292687333,
292409815,
293193404,
295298948,
288100531,
280933333,
281967362,
284057597,
272478134,
293748938,
295193461,
290285933,
290687116,
281413740,
272426486,
273826052,
275816372,
268576212,
268727317,
292930165,
286001954,
275508089,
289274161,
280465448,
281311726,
283556072,
285542127,
288069570,
288826174,
299691708,
301448676,
303199991,
294849534,
295770465,
298356894,
299019158,
291433750,
285037854,
286021538,
287130311,
297884864,
291340921,
291837305,
293729262,
284337781,
274272832,
275803209,
278073447,
291693737,
291658528,
284323023,
295212613,
286904077,
277987734,
267490481,
269298758,
292471274,
285006058,
273906159,
288833734,
279278404,
268727482,
271258788,
274118946,
274379800,
265877891,
269243476,
283063028,
272382310,
275018545,
275908191,
268163895,
280101287,
292629466,
292652071,
285147936,
275115555,
277407149,
268398309,
282103906,
293116073,
285734924,
276402270,
279412747,
270302788,
271494213,
273029948,
274841593,
276159000,
267684872,
269764207,
272069775,
274040412,
267332499,
266583373,
267957851,
270784520,
272876585,
264343864,
266239800,
267513400,
268973775,
271429278,
270974057,
263966278,
266019920,
266398174,
290456619,
283549228,
272034113,
264737255,
264917899,
288967613,
279823528,
270493160,
262964998,
263719768,
266194157,
290552523,
282757246,
269293493,
264261414,
263563541,
287833495,
290500381,
280525603,
282753296,
284155005,
285599491,
286211564,
286863222,
278516905,
291400223,
292096983,
293962013,
293594900,
264812961,
278586437,
278604447,
270932697,
272210420,
273595170,
266363492,
288852038,
292274765,
293288970,
284605312,
272105550,
265814497,
267791504,
268037804,
269846428,
272001184,
265315794,
266983639,
264104585,
288706966,
291813414,
281149627,
270690634,
273036027,
265520938,
265902359,
268463973,
270958943,
270407027,
271893837,
273701716,
275291184,
289852109,
291068819,
292153305,
283423957,
272621835,
266766171,
266557585,
267280115,
269525590,
271732812,
272942556,
276158730,
279323461,
290937247,
293067810,
294441625,
294960374,
296250001,
297929432,
299023881,
292002976,
292234974,
287048474,
287120300,
288687039,
298263268,
291218147,
292731360,
293933189,
286212563,
276474043,
279189642,
269387256,
270473870,
285070572,
273064810,
264731628,
265413729,
268624137,
290929690,
284513264,
272667066,
275053794,
266180205,
290872015,
290943584,
284432891,
271913379,
264130849,
266193317,
267876862,
290715576,
281978870,
283700521,
285532770,
295861519,
288750843,
320698783,
323438546,
324253892,
326207461,
326837397,
350360121,
351933438,
353494830,
355325392,
357675380,
360453828,
375432285,
376394278,
378134024,
378429214,
371168764,
372261233,
362586104,
353283559,
354461627,
348965110,
371243881,
371875780,
372441186,
362632324,
364822219,
368016340,
369793213,
359765704,
360579390,
353508076,
365298936,
355440403,
358375146,
359600729,
352726755,
352129698,
345776461,
346851768,
348668185,
349583808,
343183012,
343318842,
344210677,
344950949,
355247801,
349728791,
351549238,
350737696,
352248507,
346104356,
355885256,
350324437,
341771264,
344025455,
353866271,
346410154,
369751455,
372455978,
373698377,
364702478,
377708984,
379719044,
373315167,
374700899,
376021332,
368806949,
368764101,
371494730,
371888580,
362924293,
365420113,
358084268,
358091201,
359131391,
360992498,
352526475,
354167350,
355550834,
356994331,
359161208,
352170449,
343719126,
345105297,
346288707,
356712143,
351454376,
351747983,
353906887,
353979653,
347128314,
348691958,
340294636,
341738386,
343173592,
344276822,
354914605,
356800679,
357736228,
359366554,
361474744,
352180011,
344923185,
346492957,
356171157,
358551165,
351164807,
352331349,
354025255,
346796540,
348879391,
349821765,
343213442,
343507201,
353684971,
355155284,
355635994,
357406785,
358834862,
352330347,
344716366,
345705797,
356082096,
351013898,
350792826,
352154166,
354343241,
346868505,
339871903,
339545481,
342886382,
342945641,
352860225,
348564046,
347430037,
349270554,
341354355,
331072774,
322861851,
324008930,
326479109,
319519482,
320111950,
322695626,
313745394,
315645774,
318280389,
317876802,
320117637,
312549510,
314124644,
315074962,
316359490,
307277572,
308361601,
312114202,
315055592,
315739434,
305259045,
319724147,
311581208,
314119908,
314139885,
303850172,
295529384,
287752699,
289251876,
300627161,
300565062,
302033396,
293912104,
287737856,
298326056,
292884190,
283499628,
286361301,
286595332,
276684550,
292272859,
292958482,
294077274,
294681829,
296520257,
290758761,
282420391,
271103519,
272691456,
274674063,
275751656,
278068877,
281260382,
293479828,
292514041,
294099508,
295549081,
290599167,
279360881,
269614896,
270848342,
263854756,
264915624,
265867219,
267093827,
268393392,
270669744,
271466061,
273184972,
275380426,
289432868,
290268317,
289734257,
291789341,
293884379,
285392365,
274837833,
276600600,
291063297,
292900085,
293730791,
286563824,
276134923,
266738248,
266610885,
259725682,
270601755,
273009636,
293603764,
287631532,
290578118,
291270338,
282035165,
272267672,
274179376,
267069410,
290700025,
291101850,
283090712,
272049831,
264043253,
265034722,
278124085,
268154305,
270574415,
262710023,
265066810,
265654538,
268210938,
270149482,
270679976,
283635563,
285038690,
274772703,
276452604,
277767216,
291583878,
292284295,
293258436,
287787768,
277384437,
269598173,
269588151,
271480725,
264030251,
265400726,
290532110,
282060738,
271127377,
273590128,
265284435,
291083888,
290593029,
286729204,
272915117,
265059168,
265794545,
290569036,
291839759,
263043861,
264204557,
264668789,
266376604,
259616542,
261083096,
252185968,
243196857,
256603087,
267274845,
279684513,
292453249,
285074519,
273827521,
275894418,
267734611,
292050461,
293303306,
286681592,
276530319,
268242244,
260380527,
270709832,
272043137,
287123294,
275521747,
267198092,
269589301,
270426634,
271339711,
272663814,
273734592,
288484695,
288608779,
291748466,
292589506,
283369927,
273189882,
266676415,
267218656,
291318471,
282089734,
284295411,
274241426,
276655195,
278208532,
282693485,
293173826,
304661521,
295672057,
311104729,
300807421,
302593835,
304939677,
308835334,
329026751,
354197197,
353674652,
354447175,
355746251,
368665564,
358920039,
351507699,
364201247,
368018677,
378785496,
401350312,
402540237,
413067085,
413286167,
416590767,
417966424,
410445272,
410040828,
402847872,
404882891,
407290750,
406950993,
408794117,
401936656,
411298746,
405219026,
396667429,
386510674,
387629502,
388840133,
390975875,
383772121,
384283339,
409073352,
402574487,
404961656,
406281728,
396901246,
385587173,
387421529,
380460623,
382944110,
374105983,
385582916,
378296891,
378480739,
379973161,
381225576,
383169294,
383919411,
377661288,
378507487,
378797707,
371629511,
373890924,
374389814,
376229405,
377726632,
369356559,
371178863,
373673445,
361660386,
363879983,
355142804,
357133863,
358294856,
359964914,
361166475,
353510188,
354986857,
357248231,
357063774,
358873788,
351621087,
352563583,
345707781,
336443905,
339992241,
328654536,
330348117,
331569739,
333151075,
324989981,
326717804,
329935782,
332792479,
332830009,
334505027,
349047847,
348885321,
350257224,
343499883,
333275147,
324980394,
326053366,
326930083,
327365726,
321493065,
345593261,
335161593,
326262051,
348803011,
340540712,
328792178,
343641985,
344061014,
345508595,
346929791,
348984239,
341212395,
343236320,
352421815,
355578869,
348256418,
339791603,
328595510,
330559496,
331881657,
324080568,
326266779,
326577240,
349316955,
341820238,
330538935,
322327361,
348122865,
340406742,
331051839,
321390330,
323729067,
323696255,
325545187,
319879294,
319526384,
322125637,
322370137,
325214538,
318502856,
318778044,
320637131,
322167527,
323304773,
318488639,
318552578,
319117616,
320232651,
321562996,
315493597,
317521879,
318858369,
320746714,
321897755,
315683206,
315687229,
317464521,
320776682,
321183961,
313018581,
315038172,
315359421,
318452650,
309066924,
312246607,
313272264,
315934987,
306698977,
296231621,
299914464,
300166879,
302418937,
294880414,
295512734,
296860384,
298219172,
299809381,
291984407,
284839439,
287151711,
288637246,
290656250,
283095037,
294229916,
295090632,
296867151,
299161998,
291670008,
285091980,
285214125,
287399997,
278774515,
282144876,
284619621,
293578959,
287545139,
278936603,
268909595,
271093445,
293639815,
286515845,
289807481,
280098368,
269424796,
262010853,
263156691,
265667060,
266279440,
267989133,
291168974,
284580687,
273259298,
274706426,
266573397,
289613061,
292605415,
293780785,
284829537,
273099600,
263199971,
265194121,
288016240,
289781795,
281203161,
270787888,
262723671,
255805982,
265301394,
267613966,
281192058,
283131110,
284815697,
286577626,
296459429,
291570979,
291720610,
292914772,
285390616,
274884221,
277270855,
267596051,
269384709,
271617647,
263760004,
274619170,
266959570,
267672143,
282374801,
270728369,
272675093,
273911918,
276589648,
290367759,
291052107,
293191502,
285386704,
275685078,
266855468,
259459912,
271783068,
262572972,
285382231,
286757116,
287855479,
280119342,
271146473,
272166565,
273918193,
275303671,
277626845,
290991688,
290707828,
292347771,
293561565,
289688831,
278313366,
269303682,
270954517,
272579675,
272742496,
265233301,
288454056,
291347341,
290747462,
285241871,
274907710,
266636398,
267246976,
289926222,
290845519,
283679113,
272926197,
265487059,
266718335,
289670696,
281925719,
272610646,
274254006,
276598232,
281564452,
281724889,
283052438,
293116733,
295306147,
287977843,
289824832,
281519831,
271052991,
273344384,
265659175,
266528442,
290234385,
292149387,
263403835,
264118163,
264812915,
266520216,
267850944,
269901753,
262714350,
265869367,
265213114,
267622433,
267989444,
270542796,
263344266,
265721026,
266628210,
268075830,
271587784,
264131766,
265890962,
288245371,
290281542,
282241045,
271736600,
273571427,
275825664,
289571860,
291733098,
282940227,
283847997,
295127525,
296336278,
298837550,
301659246,
292761930,
295780495,
297286204,
299343604,
312762091,
302547121,
317246378,
318796626,
329407994,
330400727,
321920141,
316146331,
315678294,
317643215,
319291908,
311961561,
313586094,
314719889,
316487100,
318407245,
319239909,
311122536,
313416101,
314763906,
315783618,
317410053,
318929245,
320862322,
313655315,
314387168,
318983741,
319029954,
309235087,
299689072,
300936817,
314238056,
305211210,
296183405,
288373936,
291392226,
291666004,
302550556,
305462916,
308136324,
311144194,
300973776,
314120521,
315110165,
305080839,
308788215,
300439815,
314123886,
302467376,
304748229,
294875073,
288300309,
299533394,
300825858,
302295031,
304207022,
306888248,
307274611,
298156140,
300599186,
301121977,
302733326,
294723273,
287219682,
288672017,
290308265,
300579285,
294592929,
296249490,
293019787,
286034028,
276138307,
277716393,
281491272,
292392249,
294604264,
294260297,
288331188,
277761074,
268806945,
270768315,
273659610,
274314228,
266688385,
267478815,
282094730,
291425184,
283770651,
273194890,
273894488,
265641577,
290435737,
300370263,
302287112,
293063940,
286288626,
288485928,
289186920,
299321854,
301662653,
303849852,
304722434,
296000707,
296849988,
299129145,
300206307,
292672416,
284847798,
286908369,
288260090,
298318938,
300097782,
293832538,
293623017,
286355200,
287785623,
278799215,
282063624,
283954715,
284962001,
294923301,
297087455,
290488266,
292228367,
283182309,
273374933,
274253761,
276338090,
290477829,
290429462,
291233245,
292313432,
284624881,
274700524,
265955879,
266857008,
269720325,
269808685,
271662818,
273404916,
289109013,
288212934,
291091159,
292895801,
285736441,
285738731,
277084126,
289200914,
290952931,
282936230,
292826093,
294551399,
295228579,
296813612,
291040303,
290977630,
284175934,
272915281,
274848437,
278139688,
267996492,
281838127,
271776516,
273781543,
274776852,
268172199,
280467945,
291806458,
284248926,
285416750,
285709231,
286898711,
296502573,
298742833,
292626982,
292991511,
284752206,
286080923,
286884287,
289094595,
291002516,
284262486,
293808607,
295565306,
288514521,
280778094,
282506669,
271880002,
293758339,
295195703,
287361106,
288916465,
281851351,
271427415,
264243121,
264687938,
279863342,
278905536,
269160542,
262161893,
264014498,
264052818,
266281098,
258997765,
261842734,
262910165,
274035046,
264711271,
266487349,
268365574,
270198044,
264259480,
274565753,
266567705,
267996975,
268653115,
271427300,
273298825,
274340342,
276604481,
268703935,
269502568,
292912215,
286088549,
274940000,
266949906,
268905247,
291880831,
283657206,
285344416,
275012746,
277499819,
280780213,
283557746,
283483399,
294003561,
296448669,
297659095,
298871484,
293286035,
285153200,
285135112,
286972154,
296510377,
298250543,
300157082,
292896306,
285096621,
286433242,
298088600,
298386278,
301883199,
294210120,
286534632,
288414265,
310923860,
300147398,
303552041,
294630597,
307028734,
342823375,
331046879,
354705458,
356713349,
345804320,
338709641,
340187592,
340931503,
331485141,
352965916,
347189333,
348727598,
349625665,
350615167,
342968037,
333050781,
335331025,
338028865,
340314906,
350094717,
353074682,
346389600,
337970268,
348594655,
341251083,
331444579,
331682031,
323378424,
325164253,
348768043,
350222264,
342027094,
331508546,
322396819,
324335115,
325916274,
321202948,
320980351,
322972029,
324440793,
325887484,
339456953,
328718350,
320759651,
313171852,
315227523,
316652032,
318490784,
311073551,
313325237,
314725732,
316260437,
318877475,
310918628,
313246548,
313490009,
314752459,
306302645,
308534674,
299690359,
301718620,
303343114,
305024199,
296747537,
298357315,
299644005,
301751224,
303018676,
295490588,
296559646,
299734593,
302457752,
293589861,
285779612,
298859084,
300010335,
302042132,
303527826,
295835803,
297215412,
297995432,
299748271,
294255214,
285291945,
286817629,
296051726,
297790522,
292090613,
304247389,
295518678,
288587559,
320396796,
312096725,
322208901,
316252890,
316966738,
326628750,
319558621,
321140194,
313261865,
316152780,
306585979,
296766797,
298653430,
312136392,
313013044,
314919107,
316987469,
318942099,
311552836,
313744103,
314663718,
316593846,
318870336,
320190913,
323333174,
314914260,
316087590,
317294738,
319128200,
321744303,
322056304,
315058668,
316393865,
318626314,
319745802,
311474418,
313151262,
313846984,
315344440,
316380595,
319383979,
309889346,
299028159,
301205374,
302588193,
295572607,
297231291,
297879203,
300368891,
301077897,
294200593,
286546090,
296420330,
298473753,
300956815,
302840705,
294708365,
287112773,
288464683,
281539848,
282845387,
284377210,
294376020,
296630204,
297494012,
292025929,
283024105,
285152638,
286326454,
289720995,
291817765,
292639717,
302861840,
294071014,
296141756,
297024983,
299444579,
291952032,
292303316,
285550645,
276863889,
289944561,
291662140,
282973168,
275390138,
270283380,
258789018,
250262707,
