43917984
45781745
43905670
45775426
43896123
45778877
43914047
45749999
43909760
45743977
43921105
45756844
43939303
45749867
43963133
45753154
43980225
45753626
43995007
45736270
43991291
45735061
43988820
45767595
43999388
45717913
44014430
45745571
43993632
45674575
43976173
45687059
43965239
45686179
43964683
45671876
43968597
45674673
43968071
45654273
43961141
45641901
43960960
45670609
43963883
45655128
43954971
45669734
43945256
45662931
43946378
45658363
43943165
45656708
43932599
45637044
43919611
45645718
43907980
45641434
43896680
45641807
43931556
45646630
43907662
45645220
43904120
45643859
43890338
45648368
43898667
39427663
43883530
45648187
43876547
39438057
43879981
45636108
43875163
39405134
43868615
39418518
43865239
38862915
43861909
39419858
43854854
39438244
43858075
39421040
43848912
39397897
43841780
39400502
43844660
39384045
43843728
39411174
43828041
39392842
43815808
39392966
43816856
39381169
43821553
38819860
43817343
39387305
43820913
39387931
43831508
38823780
43811225
39389756
43813216
39376909
43812474
39394921
43823690
38824106
43820913
39389525
43816948
39373568
43823562
39397664
43806058
39358652
43799585
39370344
43802193
46404438
43797095
39377593
43750031
39386829
43794061
39369302
43782154
39353486
43785150
39348685
43786078
39349548
43788296
39350877
43788134
39363565
43791402
39333255
43784065
45542801
43775486
39337560
43775094
45557950
43766708
39351779
43760898
45570707
43762861
39336536
43769396
39329236
43753079
39318030
43756335
45531088
43750426
39310637
43745425
39300505
43737722
65493272
44275219
45484303
43741865
38744689
43737670
45491093
43728288
38721057
43722238
38734850
43739029
38734199
43730551
45481733
43731551
38742461
43746921
45477580
43746087
38745254
43749443
38745931
43738972
38737926
43748573
45423598
43751766
38744749
43734359
45425308
43737475
38755025
43735009
45412210
43729954
38724676
43718413
38710896
43713954
56298840
43720712
38699067
43701553
38705781
43700403
45367713
43707448
38699786
43701982
45366268
43699309
38699201
43704321
45363887
43686979
38694936
43692678
38697630
43719973
37298103
42292829
43945001
42298268
37305602
42306008
43939388
42303467
37304419
42304810
37308578
42311239
37312617
42317028
43913320
42307334
44827609
42296899
43961549
42314768
43922959
42283221
37282040
42277669
37276122
42286505
37274573
42286180
37292534
42286460
37283984
42280958
37284410
42282222
37292656
42297113
37300673
42274843
43878668
42267335
37256745
42261067
37255314
42255851
37257107
42243345
43826016
42244537
37239782
42242212
43829839
42240016
37244073
42247572
37242880
42239638
37242026
42233892
37238852
42244564
37239824
42245865
37254095
42256688
37249123
42251938
37266625
42245768
37241411
42229938
37221493
42218193
37219968
42229181
37223360
42209034
37204234
42197837
37208715
42203587
37208297
42210485
37202882
42201967
37196111
42202236
37207259
42219014
37219670
42222569
37216268
42216400
37246622
42253175
37251578
42226243
37236776
42235507
37236596
42231976
37243411
42234140
37232007
42226888
43748880
42207721
37209515
42215307
37217076
42213227
37202108
42203577
37200299
42196406
37199196
42198654
37199893
42200701
37195474
42196096
37194192
42198632
37200031
42194714
37192201
42181805
37190376
42186903
37197865
42195052
37199832
42196036
37197922
42204625
37187115
42206919
37228147
42165891
43685299
42117306
37107864
42103737
37090685
42089491
37086204
42098981
37102121
42093865
37103400
42093740
37089646
42092002
37084697
42090464
37085190
42089465
37090168
42089612
43591159
42080264
37078470
42078926
37082900
42086860
43579603
42079303
37080585
42080004
43604465
42084175
43574677
42090632
37089149
42094096
43569208
42101332
37099357
42092558
43578041
42086164
37093011
42100704
43576616
42111722
43585995
42096352
43581288
42099227
43546110
42097874
43568253
42107012
37108383
42105718
43552670
42095881
43562116
42105055
43558194
42079716
37072579
42068583
43551536
42059216
43537758
42056040
43536346
42068852
37069486
42065181
43528765
42060262
37058404
42068325
43541820
42063418
37069018
42056377
44433801
42061396
44440402
42065233
44419073
42061029
37061349
42046657
37069171
42075024
43495276
42078966
47090518
49409859
37036828
42038477
43457197
41977991
36992224
41955831
36934000
41931195
36909104
41901804
43325323
41878106
43286477
41880249
43266989
41848503
43256127
41844321
43216363
41820649
43191148
41765827
43157813
41760414
43168968
41762803
43163271
41765561
43170095
41769508
43151556
41772075
43158395
41786941
43140647
41780581
43142404
41775769
43135061
41774186
43150774
41766305
43173631
41758896
43147903
41747308
43177535
41749673
43156244
41742657
43184900
41753895
43166986
41737052
43167731
41735245
43162523
41730283
43156949
41723287
43152846
41731243
43149896
41733656
43156594
41721025
43136482
41729860
36723651
41732134
36722205
41734150
36726018
41736813
37249080
41729772
37256468
41723427
36724228
41738226
37258540
41731032
36734941
41735136
36733311
41733306
37248849
41738434
37240478
41734642
37235021
41728550
37240812
41735258
37257242
41730992
37229825
41714889
43073656
41717655
36719841
41723256
37238131
41719002
37251200
41733230
37237273
41724523
37234432
41720776
37219950
41727414
37232458
41727764
37255796
41722728
37244282
41722101
37252371
41724660
37251629
41740633
37222840
41725054
37247926
41711389
37203684
41690266
37231853
41691977
36687984
41674133
36672832
41686433
36680655
41680486
37221278
41682427
36678841
41667964
37196566
41675752
37184038
41661354
37192743
41670464
37192197
41661990
37177963
41662180
37201208
41685316
43086063
41664310
43057429
41645079
43048214
41640342
36636031
41602943
43019334
41579875
37067564
41520428
36475924
41450373
37012041
41475939
37005324
41335634
36870197
41311909
36861298
41307844
36840003
41315273
36852781
41305253
36310449
41310719
36316921
41307557
36841908
41299668
36305457
41302052
36836478
41292515
36842252
41281915
36295042
41279748
36283932
41281396
36831903
41273482
36284718
41280660
36279880
41272222
36270919
41272404
36786247
41259309
36789164
41263437
36264555
41258967
36833698
41254485
36791401
41253150
36837905
41256438
36831798
41249599
36249179
41251402
36820667
41252780
36833354
41226591
36795788
41265776
36234089
41231555
36239641
41235144
36244297
41232706
36239460
41231200
39394118
41192990
36797025
41205986
36215706
41215726
36220645
41210246
36216268
41207757
36782941
41208129
42587908
41205759
42585958
41215563
36790480
41200644
36793913
41217389
42575795
41209686
36225177
41221257
36776000
41208538
36761749
41207560
36209014
41205772
36213238
41198328
36765338
41201588
36740766
41210297
36201380
41199137
36193295
41189860
36744133
41181348
42555085
41171630
36169876
41173646
36746372
41184107
42537881
41184830
36176462
41174904
36722609
41147841
36134645
41180354
36211963
41204149
36139758
41083484
36054670
41053417
36582873
41043662
36598227
41037859
36578813
41045264
36602039
41036578
36030540
41042094
36563177
41053454
36042080
41058893
36599082
41063733
36599745
41076890
36594564
41072016
36560440
41059389
36051917
41039538
36576276
41060560
42370383
41053421
36053463
41016788
42368968
41052705
36049665
41047543
36596356
41046640
36607357
41049025
36055927
41058315
36057816
41050603
42363298
41056107
42358622
41068238
42364290
41058777
36582645
41064265
36584439
41060026
36580242
41044664
36606317
41057900
36607691
41054399
36048734
41047009
36619318
41036251
36033529
41035167
36034186
41045622
36602633
41056389
36589565
41051240
42325954
41052905
36050642
41047704
36053073
41050284
36596180
41047506
36606988
41031654
36593896
41041684
36602207
41042951
36602151
41031616
36612515
41038534
36046027
41044310
36607123
41050693
36568692
41046806
36571583
41046352
36052922
41044065
36025490
41045912
36570204
41044189
36044287
41035423
36577952
41034127
36043120
41029272
36028828
41028226
36582367
41029945
36576937
41015569
36561181
41007531
36596077
41006944
36567995
41012897
42261543
41011794
36022087
40928080
36486613
40924919
35928145
40922324
36497206
40925633
36494313
40938124
36485568
40941953
42199053
40931603
42187068
40938672
35935755
40928487
36497466
40930333
42163106
40919957
36482476
40918363
36469454
40913691
36479766
40914599
36494539
40902359
35906989
40911021
35913442
40912734
35909909
40912013
35905590
40908104
36494427
40916662
36484368
40917608
42177039
40916177
36491963
40915969
36588881
40918577
46573588
41654785
36651107
43702685
36675888
41209178
36707541
41203474
36696333
41202098
36685983
41206763
36705022
41208073
36685080
41208240
36690310
41205851
36754812
41244093
36728120
41217020
36717256
41237616
36734264
41241311
36731143
41243349
42445562
41252723
36255714
41262852
36767687
41260205
36256242
41248411
36747382
41247494
36250517
41257552
36738338
41280017
36262854
41260558
36273213
41270143
36262789
41274497
36780258
41268904
36272924
41267622
36275182
41259545
36257200
41260052
36264358
41265189
36273426
41262374
36782965
41254456
36249629
41246626
36777550
41238895
36228958
41241310
36767771
41254131
42725816
41257303
36777860
41261848
36269458
41273183
36784175
41273362
36278499
41283820
36816850
41294118
36811889
41304333
46845643
41309291
36845756
41305145
53282891
41880469
36301620
41295715
36851850
41289916
36855912
41296923
36301650
41311769
36315269
41331037
36890297
41334137
36339468
41344114
36347457
41355922
36358016
41359000
36903987
41367583
43142383
41362970
36903659
41383965
36370781
41368514
36888903
41365523
36365389
41368056
36912501
41372337
36380119
41382688
36905531
41375189
36376361
41370646
36917875
41366596
36341801
41359798
36910947
41364976
36338844
41356884
36895668
41354542
36352931
41359300
36903704
41363822
36356130
41347694
36938617
41339667
36347743
41352716
36901371
41352110
36350395
41357244
36899110
41355601
36360592
41369814
36882450
41373945
36913818
41357735
36917650
41352292
36894389
41341987
36906708
41340292
36914432
41329018
36877936
41335483
36334911
41340063
36859234
41347061
36348864
41341949
36357233
41352347
36342645
41343639
36885715
41362117
36854966
41355117
36850468
41345920
43840139
41342551
36868537
41360766
36371585
41359623
36882226
41356857
36353826
41353155
36845792
41341112
36344917
41344411
36848038
41343644
44049778
41335285
36820130
41347609
36871597
41357319
36862169
41361957
36361108
41353647
44126876
41360342
36363539
41361532
44156508
41350003
36353940
41356381
44201726
41343931
36341026
41350945
44203598
41351237
36356271
41352603
36877114
41349295
36328202
41346698
36870326
41340814
36334007
41332949
36341883
41340392
36340192
41347512
36893524
41341353
36340333
41349743
36868050
41346084
36347727
41354397
36874947
41361472
36355488
41362106
36870014
41361357
36374647
41378623
36904510
41382868
36394495
41387470
36923224
41387193
36391131
41398458
36927304
41395985
36928714
41397818
36936118
41410252
36950517
41410702
36411605
41404903
36415189
41418117
36938254
41415987
36922761
41412646
36915169
41418417
36420650
41422030
36937747
41419005
36426848
41421243
36919800
41420694
44900994
41419963
36925371
41415523
36421211
41417861
36927621
41425295
36427285
41426760
36949878
41416313
36425785
41413710
36950026
41422838
36420711
41424970
36945521
41426095
36415758
41410857
36933509
41418139
36419795
41420309
36970742
41420915
36421202
41432727
36960543
41426430
36430416
41433314
36964549
41437246
36440676
41442060
36936283
41441995
36445496
41446095
36947360
41441043
36436261
41426995
36976646
41421267
36956444
41429505
36977835
41431822
36975886
41427357
36959633
41436990
36933249
41427450
36930910
41419379
36428921
41441323
36956194
41436784
36447743
41447825
36950276
41457836
36456596
41450064
36966071
41467767
36464650
41458080
36950555
41498109
36491050
41497762
36948145
41518629
36513005
41538322
45869356
41564108
36552911
41539956
37044198
41560217
36559110
41587936
36586160
41592860
36599932
41596840
37056278
41628716
37116176
41656363
37115961
41669123
37159428
41703866
37155220
41723463
37230642
41738135
37258943
41741265
37240096
41748681
37246991
41738502
37227952
41716663
37246158
41721846
46020957
41706260
37239118
41707563
56429882
61498469
66074532
61514051
57231072
61487195
66517688
61538200
66683787
61539593
67282559
61746457
66592622
72278337
57279111
61570818
66568275
61585194
66814069
61635242
66738101
61620626
66169501
61591660
66708165
61598206
57238131
61660481
66216991
61620336
66757007
61682434
66773921
61717204
66809932
61727762
66829885
61768367
66891701
61784096
66896899
61754985
66336122
61770100
66372073
61806260
66368870
61866634
66901567
61852086
56841654
61874196
66441036
61880313
66858889
61838811
66803178
61836213
66771407
61821422
66741532
61857554
69210180
61843286
66678193
61898354
66667203
61894004
66679638
61893753
66923413
61901899
66687101
61887359
66665415
61932632
66662609
62019943
66705117
62068086
66678012
62040860
66666284
62090882
66669125
62088649
66658250
62124507
66662643
62121410
66677873
62165398
66704024
62169579
66707414
62160567
66719399
62197250
66748461
62206490
66750438
62217501
66770122
62236279
66791021
62247762
66796493
62280538
66822438
62302343
66846302
62287672
66841268
62290890
66855218
62321666
66894003
62377833
66915676
62382485
66965026
62456151
67069535
62511517
67092915
62538961
67146239
62591302
67145485
62595156
67172897
62631663
67223387
62654117
67228504
62691999
67233184
62712387
67293173
62737427
67386830
62814732
67412522
62827473
67442195
62873374
67446461
62890618
67484972
62919099
67502476
62945403
66699687
62993789
66690241
62946434
66695217
62965671
66677681
62952345
66683754
62976787
66693558
62971200
66675167
62988442
66665002
63029721
66670446
63036244
66670761
63065033
66674256
63051333
66665213
63062742
66675562
63069168
66668899
63065494
66656487
63088873
66662509
63102530
66653450
63140616
66640943
63136613
66640762
63149192
66646334
63167411
66642599
63184935
66641638
63208759
66646204
63226614
66655645
63211227
66658005
63204098
66657492
63259142
66650484
63217035
66655102
63225623
66665997
63218820
66649625
63213571
66664500
63209762
66666202
63227390
58409567
63220318
66667098
63228839
66668428
63221461
66669852
63240053
66669099
63256372
66674495
63247802
66660699
63240924
66663010
63237516
66661953
63239610
66662293
63235590
58512151
63245466
66655173
63231002
66652770
63223169
66659477
63222126
68203578
63209007
66657293
63220624
66671206
63196617
66665316
63209263
66671879
63215459
66655020
63214470
66650444
63226428
66657242
63200699
66643342
63207768
66651140
63203256
66657148
63209858
66659369
63219926
66654633
63221843
66654946
63232462
66654196
63212840
66646299
63221321
66651285
63236111
66663848
63221230
58965345
63243697
66663160
63261939
66666704
63238410
66678892
63228768
66674703
63218939
66686919
63221947
66678553
63199793
66675763
63196471
69068123
63216591
66674107
63201419
66670037
63186011
66672474
63180773
66659934
63190646
66668639
63205534
66663714
63200336
66676270
63219409
66638016
63133698
66577220
63116034
66577741
63100595
66569082
63120788
66579572
63119029
66572131
63125957
66568444
63124377
66576561
63110667
66562851
63119263
66567127
63142339
66565915
63132763
66568575
63135654
66566464
63124547
66563012
63120935
66569979
63125192
66566970
63117312
66571778
63111475
66595105
63094463
66585163
63099558
66578869
63101478
66574533
63101570
66580474
63097226
66597912
63104558
66588370
63097754
66594664
63107369
66596723
63104750
66605694
63110041
66613607
63106840
66598882
63107933
66610113
63092660
66612950
63089855
66630900
63092247
66623726
63095220
66623812
63106437
66632391
63087030
66639889
63075226
66635282
63068730
66647606
63065043
66637582
63070780
66649954
63074571
66645341
63079782
68110632
63065903
66661853
63078108
66682533
63090901
66698247
63074149
66718947
63074812
66719563
63069406
66744591
63070736
66736381
63071226
66731180
63062902
66731806
63049613
66735303
63066334
66735458
63067857
66735916
63076717
66731720
63085654
66714099
63083905
66703285
63057396
66690623
63045109
66677138
63043790
66666055
63060136
66686106
63064554
66678282
63068257
66671064
63064937
66729285
63123819
66672997
63084484
58051489
63040606
58032647
63033639
58030484
63028601
58010784
63015808
58025240
63032562
58007929
63012575
66661817
63012296
66672545
63011014
66678733
63007598
58015019
63023406
58028557
63028421
66674923
63021155
66690786
63024462
58031284
63021161
58026274
63031253
66676861
63028446
58029044
63019796
58022154
63014289
58014266
63013856
58023766
63018172
66648569
63017584
58041474
63025404
66660259
63046256
58036153
63032013
66654752
63042071
58054486
63049696
66674548
63065191
66671232
63071622
58065745
63080904
58063219
63076510
58065694
63047784
58059283
63051821
58073966
63058152
66677854
63050689
58065656
63053100
66693876
63052200
66693213
63059788
58098100
63073482
66685441
63069935
58084091
63085154
66683299
63071265
66671263
63072923
58086270
63067569
66673135
63075095
66694275
65353750
66679197
63083659
58098134
63077589
58126692
63094942
58108721
63098388
66719031
63106486
58105692
63111046
66740374
63125544
58143335
63114671
58136905
63118522
58129543
63121454
66807066
63116632
58125881
63115722
58146715
63147026
58143428
63146894
58146312
63124536
66858397
63130583
58129028
63124046
66880665
63074827
66771773
63037340
66777908
63045739
66779060
63028966
66786359
63039823
66790908
63056702
66800114
63036470
66799950
63029218
66810890
63036677
66818399
63042473
66830767
63030384
66826301
63057865
66830252
63055174
66840285
63047445
66835005
63033083
66841132
63041658
66845293
63044950
66842503
63051286
66856217
63054253
66851987
63047511
66869265
63051654
66873937
63056141
66905735
63060752
66884048
63059437
66882655
63055849
66898416
63057300
66898448
63076562
66904196
63074361
66908561
63062238
66916752
63066945
66920506
63072180
66865993
63031370
66857605
63033734
66869114
63023035
66875869
63059319
66888768
63037324
66889578
63024351
66891243
63036432
66893745
63046973
66888497
63045937
66893716
63057721
66885752
63060453
66887473
63071904
66885577
63075127
66877816
63077130
66879015
63066962
66873044
63072642
66886413
