113970751
108935737
103911283
98879421
103872846
98857662
83791910
98787776
103752033
98732470
103678879
88621793
103613318
98605581
83551686
98529550
83476283
98461785
83420184
98393474
83350866
98336939
83291577
98274298
83232181
98221193
83170008
98153968
83104257
98089860
83047526
98019529
82986293
97950053
82919721
97900038
82855553
97890078
82827199
97814986
82780570
97740528
82626095
97588857
82511099
87573078
82509917
87545087
82534327
87661157
82584518
75587922
62609754
67587277
62596230
67563492
62533294
67588366
62483690
67457568
62441150
67515083
62488444
67457923
62431909
67397813
62383527
67362566
62324667
67287788
62276238
67230991
62211792
67159027
62150924
67107459
62070177
67088885
62052806
67015710
69795727
66975661
69738943
66921211
69677472
66856464
69639363
66809897
69605456
66747588
69534833
66695818
69489446
66626798
69434066
66564315
69384429
66518786
69331777
66456928
69289652
66406180
69237074
66354104
69189342
66290831
69128644
66253936
69082973
66195995
69030509
66154422
68983181
66102439
68921539
66051350
68871147
66001826
68826069
65957925
68766123
65894166
68713693
65850713
68647483
65782876
68604447
65728507
68551448
65662417
68492370
65624799
68441312
65562918
68397991
65491159
68345902
65436816
68299017
65406242
68244325
65362613
68190964
65300747
68147698
65255660
68098736
65191821
68061206
65140225
68008512
65154821
60140410
65109049
60083262
65051416
60028251
65008805
59986416
64945445
59927030
64898913
59884938
64843173
59812219
64791515
59769171
64770596
67547545
64712211
67498550
64675725
67447831
64635397
67398121
64602170
67353053
64553679
67305078
64518310
67259941
64459960
67208549
64433154
67159658
64379406
59347765
64348053
59315099
64317440
67030215
64322930
59376166
61926635
49333563
44380681
39346267
41803076
36778732
41754104
36728599
41716977
36697022
41663371
38391635
41604136
36577932
41545753
36524117
41502912
36489569
41471305
36441318
41423850
36400996
41372454
36341929
41324824
36299654
41264823
36237384
41224500
36191571
41164053
36142730
41110935
36080589
41060499
36039440
41018115
35999156
40964281
35946219
40918301
35892239
40863780
35846351
40833789
35806354
40779156
35753395
40727453
35698933
40678328
35656892
40625470
35603001
40570512
35549277
40523736
35502840
40472338
35453626
40417075
35423724
40395828
35413206
40394087
35368936
40347863
45333309
40302001
45294819
40271054
45255098
41932398
45198701
50174645
45146955
40119310
45094639
41763021
45028147
40002834
44980151
39947283
44924074
39907794
44884135
41562056
44830105
41499082
44780009
39750955
44725432
41411754
44676203
39648603
44634343
39601110
44584093
41248437
44526971
41204719
44475545
39451691
44422327
39395939
44379557
39347831
44339677
39305822
44289649
39251402
44240341
39214319
44184034
39162342
44143842
40820300
44103676
40785046
44043665
40739674
43998484
40674007
43954685
38922870
43909292
38887005
43871629
40555479
43823200
38790032
43771333
38747395
43725153
38691637
43681154
38658187
43623958
40318756
43566273
38537114
43517244
38484396
43469683
40168771
43431792
48399941
43337900
39948160
43168892
38139842
43117050
39803781
43066227
38039071
43025848
39727128
42971945
37933408
42912109
39601332
42870356
37839677
42823183
39507200
42781049
37753753
42740512
39431783
42696652
39384215
42664499
37628998
42600640
37581254
42560080
37534597
42513076
39216270
42486040
37464010
42457222
39106596
42421705
37375981
42361170
37332714
42310062
37288614
42244313
37205257
42185346
37154528
42141204
37104016
42091164
37066161
42046616
37014565
41983887
36957651
41939470
36912989
41887361
36858965
41842717
36804992
41791497
36762605
41733787
36704643
41685965
36659720
41639456
38380624
41595891
36571252
41550563
36516914
41505693
36470139
41446378
36420657
41389901
36359130
41339367
38152278
41301420
36269871
41240739
36224515
41202979
36168289
41149845
36125044
41104921
36072148
41052285
37866034
41013505
35982112
40964319
37800426
40923054
35894173
40876878
37703959
40815956
37629162
40781778
37581784
40713844
37521365
40668296
37470708
40616276
35587740
40571520
35535909
40519909
35485134
40473868
35438682
40425739
35402606
40394278
35407818
40381500
35348866
40324865
45302326
40273728
45246085
40230543
45194710
40173631
45144352
40120810
45082980
41845141
45040499
40020055
45006777
39981675
44949911
41732970
44899858
39882164
44845204
39827623
44805902
39788198
44745864
39712383
44689444
39664771
44640856
39616636
44588770
39569025
44531621
41362525
44479895
39464677
44445036
39421953
44392987
41229894
44345639
39325119
44300954
39287350
44264305
39248608
44231908
39210832
44191212
39161875
44138656
39120792
44104807
39075567
44052609
39033607
44010608
38987248
43969428
38947340
43912936
38880574
43855195
38835044
43808275
38778524
43740693
38729493
43699790
38680322
43655250
48639535
45437444
38599192
43570749
38545882
43519592
38512073
45304324
50255681
43424550
60222961
45168991
38358035
55883920
60114577
45865450
40819351
43232198
38200127
43166647
38146968
43126493
38096866
43071502
39837535
43024058
37994533
42976594
37958913
42933345
37910708
42886271
37860760
42837457
37806369
42776474
37763865
42729987
37701979
42669601
37645520
42627692
37602688
42575971
37552426
42518209
37499140
42468783
39233036
42399400
37387749
42362591
37339658
42314224
37294875
42276702
37249423
42222162
37205959
42184738
37164593
42139168
47130881
44722737
39624666
42068447
37045361
42024435
37002337
41985444
36954126
41930481
36912254
41892071
36873285
41844038
36812003
41792352
36772074
41750585
38504281
41704716
38445459
41648404
36615231
41591822
36560614
41558644
36520211
41499248
36475336
41457750
36436529
41402765
36376596
41356824
36338377
41313239
36285336
41251880
36233675
41204814
36178855
41154903
36124534
41105132
36068798
41043125
36023949
40999466
35973577
40939792
35919418
40903203
35882352
40862748
35847464
40822076
35789304
40771023
35747985
40732233
35711353
40691758
35672713
40650079
35620436
40591909
35572362
40545533
35519661
40489884
35463167
40438270
45438649
50486168
47410974
40393426
35364838
40345488
45323581
40259304
45267472
40241016
45204701
50179244
55192886
53123337
45099499
40072325
45047001
40010033
44989500
39959686
44944190
39915319
44891985
39848102
44845810
39796104
44809573
39752727
44754467
39738637
44743357
39711393
44674250
39640655
44624500
39606702
44586597
39562224
44538074
39518702
44494503
39470397
44449241
39414594
44400822
39382046
44355322
39327976
44301590
39278125
44262327
39228001
44211843
49178464
54165484
52576270
46881968
39084887
44082851
39045035
44028734
38994134
43976915
38948949
43937892
38909263
43883461
38849646
43827552
48799798
43783859
38757924
43738672
38705955
43678627
48667100
53680574
52300165
53631455
52289258
53585092
52269272
53546322
52249335
53495125
52272590
43396638
48374051
43352034
38313103
43294228
38256506
43230183
38207692
43196365
38160630
43143982
38119553
43099204
38062641
43041466
38009938
42994631
37969763
42960593
37926900
42910646
37884611
42862872
37838885
42818852
37791697
42770105
37729286
42705949
37680346
42658997
37623234
42613896
37578931
42561949
37530913
42508220
37474820
42454579
37428217
42409699
37371098
42348221
37324542
42306807
37282806
42262181
37235211
42220030
37181546
42175622
37138190
42134355
37096166
42071702
37042416
42022858
36993085
41976919
36946673
41923307
36901393
41881839
40510674
41848796
36824173
41803111
36768804
41750581
36725734
41700884
36669914
41652139
36621964
41611163
36582787
41559999
40167366
41510965
36486051
41461855
36436336
41416949
36387910
41364758
36348102
41321498
36289851
41270214
36248446
41236903
36197048
41179742
36155974
41136197
36105551
41087187
36061018
41038855
36004905
41006102
35979931
40944511
35915106
40892013
35859794
40846965
35816302
40794973
35778293
40759610
35737737
40712453
35683447
40661114
35638902
40607595
35575558
40559898
35528885
40502812
35474790
40450178
35427717
40394951
35409368
40392355
35400960
40387340
35401649
40378173
35397642
40381594
35340075
40317742
45297824
40280752
45262472
40229346
45199283
40175516
45155370
40099190
45045545
40008116
44992388
49972603
44937019
39907647
44873483
39848325
44835423
39798465
44772839
39752807
44730710
39696882
44671788
39645207
44634595
39599229
44577913
39556117
44522939
39490847
44474111
39439823
44409434
39385352
44368255
39326506
44281770
39261101
44239055
42511888
44176529
39145297
44121424
39093755
44062396
42350826
43986676
38980034
43954753
38928921
43903153
38870991
43835773
38809328
43779012
42050832
43734319
38706332
43674940
38652350
43630429
38609689
43582462
38568593
43543202
38526860
43499431
38483061
43461402
38435781
43406328
38370069
43340604
38318306
43291791
41567486
43244115
38217871
43206730
38186255
43156799
38132075
43106168
38078335
43046994
38024890
43007590
41265958
42964259
37931530
42912904
41184399
42856293
37823088
42804954
37779767
42762521
37731765
42706756
37688251
42661594
37628029
42611502
37586325
42550484
37530453
42506098
37481376
42462602
37438255
42416063
37392715
42371260
37340474
42319329
37291104
42266518
37247651
42215998
40459723
42167360
37143681
42119490
37096597
42097971
37073442
42054499
37034403
42030575
37002617
41968831
36947810
41925984
40099016
41887025
36864235
41839507
36812771
41787910
36759112
41748076
39881181
41698515
36668627
41650533
36623054
41584923
39697909
41535297
36518579
41476873
36450990
41426774
39559830
41370404
39502521
41327411
36307607
41277639
39409576
41219361
39363220
41178041
36156303
41136619
39261143
41078700
36054848
41021093
36001598
40966246
35938513
40927702
39080079
40878058
35846598
40823551
35803494
40767298
35754655
40739096
45724614
43839134
35672724
40638847
35612962
40584781
35557320
45151740
50124128
40479342
40828031
40401897
35423737
40397834
58524458
40411782
40776283
40337709
45319987
40292841
45268459
40241470
45218058
40192558
45167323
40142911
45114897
40079813
45040845
40026211
45007496
39974956
44953526
39921934
44892415
39862280
44845565
39817767
44796651
39762341
44743528
39707276
44682695
39653452
44638992
39609423
44584338
39554594
44530113
39503242
44479172
42488548
44430849
39398611
44381960
39351682
44325467
39303154
44284702
39253035
44245609
55018399
44207624
39165554
44121697
39118314
44099358
39062040
44038556
39008728
43981839
38950545
43923198
38890011
43856935
38826772
43787703
38765222
43734005
38699801
43682222
38649953
43627529
38599718
43571549
38562545
43529707
38501435
43469092
38458125
43436232
38409006
43386995
38370960
43337228
38305350
43286252
38263729
43248025
38212062
43171985
38163465
43144296
38129943
43074590
38065539
43046844
38008979
42971401
37963029
42932077
37902281
42857597
37846655
42828105
37796550
42758678
37744972
42714887
37684562
42680390
37652109
42637412
37611019
42580775
37556739
42532149
37498889
42449582
37436939
42417201
37382560
42345040
37347628
42316777
37289812
42250875
37242515
42215986
37183835
42147634
37129660
42106922
37077289
42033513
37021846
41994854
36965799
41930452
36929198
41902626
36869306
41829430
36817891
41796436
36772031
41735893
36725326
41701491
36674813
41640819
36627745
41596995
36546634
41529984
36526277
41493149
36473208
41435297
46428687
41406149
36365937
41344350
36322301
41299231
36274669
41262001
36230719
41207257
36184992
41147022
36144714
41113272
36084071
41045378
36030742
41003478
35973001
40929101
35918905
40900463
35865753
40828397
35814567
40791028
35767926
40737806
35719533
40690763
35651755
40614483
35605187
40585179
35548309
40517316
35512446
40483595
35452116
40413017
35417082
40403863
35408762
40374897
35417307
40408495
35396450
40351766
35348141
40333194
45286277
40254558
45232928
40215564
45190161
40174501
45175548
40150010
45124433
40073800
45065197
40041689
45010338
39965864
44951129
39926134
44896050
39847131
44841576
39815438
44794675
39750561
44722926
39715167
44676935
39655715
44655833
39608494
44600594
39553289
44521488
39520682
44498094
39480228
44458882
39437925
44421601
39393587
44381152
39354725
44334307
39286652
44275658
39255018
44246216
39227660
44206210
39183845
44170581
39139733
44139812
39118441
44099420
39057428
44063758
39037784
44004928
38962384
43956438
38933809
43910020
38853862
43861419
38835070
43809681
38765681
43759918
38735589
43698335
38653612
43642625
44656614
43584326
38540249
43524612
44552780
43475191
44479880
43417076
44412330
43378496
38342515
43337430
44321932
43294324
38268644
43251449
44251830
43207870
38183582
43153316
44154753
43112771
44099232
43053119
38029737
43002889
37959872
42945920
37920139
42889103
37852539
42841470
37821812
42794179
37774476
42749357
37722787
42701458
37677849
42645689
37633488
42601857
37574544
42550139
37522918
42493027
37469318
42453457
37429395
42405367
37378376
42356555
37333372
42309337
37284957
42258002
37230781
42205194
37183260
42167125
37147086
42125902
37105787
42071579
37047485
42029845
36996439
41976222
36957039
41914595
36892049
41864029
36838003
41804819
36788095
41753395
36735686
41704687
36680343
41651730
36629315
41601068
36577826
41546543
36522936
41503301
36471635
41451358
36425560
41405905
36381897
41352476
36326557
41301103
36270949
41245144
36221238
41186738
36160791
41102900
36096965
41072709
36061249
41035436
46044423
41004280
35980714
40931143
35912042
40884689
35865108
40837420
35811181
40794886
35772386
40746609
35716692
40690923
35665517
40640909
35610416
40583218
35553627
40529581
35505674
40487031
35462765
40441081
35414315
40392043
35365333
40341529
45322811
40282368
45235647
40227617
45205533
40178137
45158372
40121082
45095976
40058723
45019553
40020777
45003700
39967354
44931943
49934035
54958855
57743094
54923060
57767851
44846363
39797350
44774419
39739394
44728556
39698925
44695184
39650184
44633327
39610920
44591577
39561756
44539321
39508794
44493131
39463713
44444818
39412747
44398592
39371578
44352167
39317840
44302382
39271910
44251544
39219336
44181020
39166674
44157918
39128497
44112831
39075695
44054889
39023010
43987127
38978947
43934371
38918744
43900745
38871060
43853483
38827859
43803940
38773951
43755532
38720636
43696753
38664630
43646319
38615499
43588514
38556432
43540325
38498923
43487899
38451637
43440576
38397452
43375804
38343636
43321950
38290414
43271156
38243511
43228332
38192776
43183757
38151622
43122128
48093098
43071308
38042157
43039580
38006616
42988305
37955067
42935211
37901588
42890447
37859655
42823991
37782948
42775662
37726298
42732351
37704815
42685918
37652160
42633268
37601067
42588746
37558987
42546792
37514204
42489410
37456788
42439529
37413690
42395862
37367079
42355579
37325668
50666039
66466899
61478213
56414507
57376996
46403552
42176651
37148371
42139378
45502002
42084528
37061891
42048858
37008984
41997230
36945326
41932605
36923459
41897382
36861307
41841648
36819387
41798094
36770605
41738839
36731122
41715661
36658205
41649945
36634032
41616305
36601239
41587360
36604016
41594833
36560446
41545773
36520290
41498547
36479445
41448746
36438731
41423478
36397930
41381463
36346641
41346438
36322615
41316031
36281716
41266698
45622543
41284650
46283167
41303826
56320376
41281982
36232140
41200289
36171032
41148185
36123717
41100034
36052742
41050883
36042793
41035870
36005496
40987727
35952229
40995681
35965663
40929483
35932470
40898010
35934056
40894453
35865264
40877404
35848694
40829634
35807051
40793057
35820484
40760644
35782489
40777413
35716598
40701603
35693483
40686883
35636039
40703345
44096474
40615139
35551277
40532438
35501630
40485154
35454364
40441453
35409284
40371148
35393534
40358993
45352933
40327448
45299921
40275668
45254722
40228725
45199900
40203069
45154386
40123547
45084179
40059925
45028647
40007453
44989977
39971640
44951129
39932525
44911329
39866324
44861786
39841737
44822962
39779943
44758559
39756977
44730287
39713658
44669225
39665744
44639795
39601311
44600765
39564283
44543428
39513365
44507252
39491398
44438118
39437964
44414401
39392246
44375463
39356876
44321624
39328144
44276644
39252027
44227079
39201043
44165978
39145975
44122926
39090999
44093858
39046680
44043716
39027487
43990261
38948856
43925912
38899803
43905449
38880340
43829036
38825020
43805435
38760155
43737323
38713732
43690770
38666320
43644849
38624036
43606318
38605131
43582048
38537609
43518345
38524619
43474669
38475033
43450715
38443418
43422184
38394095
43370642
38346604
43297469
38286132
43284677
38252506
43223437
38232452
43203769
38212125
43164669
38165337
43149433
38109269
43120603
38101247
43085123
38066838
43048835
38013408
42969534
37978176
42934781
37912536
42910276
37856039
42842704
37774284
42796861
37769247
42732469
37708255
42655150
37669077
42641892
37645015
42623073
37604967
42581310
37561132
42542012
37527001
42499324
37478095
42459044
37442219
42420507
37395215
42351235
37330046
42295802
37272764
42264619
37237344
42204624
47205462
42170273
37145850
42090320
41280968
42061710
37035938
42009362
36972902
41971750
36946204
41918992
41092852
41859944
36827095
41813692
36767036
41752814
40931681
41710525
44972168
41657770
44875761
41599451
36573862
41546478
36512168
41491171
44786437
41448851
40642000
41396393
36350629
41332486
36307837
41278590
36261950
41238274
44532571
41175985
36153660
41135484
36102570
41085371
36070954
41019452
36019701
40992509
40227514
40939381
35910476
40889381
35864731
40840614
35804801
40786854
35758615
40731890
35717012
40647539
35635926
40608740
35585829
40559477
35531992
40503847
35475831
40439128
35424066
40395389
35404618
40375384
45349414
40319027
45296781
40277072
45257012
40232758
45208674
40182292
45161798
40138367
45111292
48390337
45073065
40042353
45026627
39996621
44973946
39943551
44935229
39904189
44891275
39874001
44857956
39833898
44820450
39784555
44762915
39737888
44756055
39666465
44615290
39586351
44563942
39531526
44503660
39479130
44464532
39450722
44423609
39383897
44395443
39363905
44373779
39333519
44313535
39293505
44262060
39243387
44226320
39201562
44182745
39148525
44105318
39083053
44059154
39028911
44018384
38990009
43969171
38933798
43919291
38892610
43878681
38852921
43839406
38808042
43796909
38770899
43747135
69461790
