63376496
58381000
63356574
58339008
63391759
67480236
63323380
58321201
63321319
67497151
63340706
58324501
63322923
67532136
63308750
67476587
63301148
58302376
63298579
58279067
63274359
58266638
63266759
58283393
63272563
67474440
63297350
58302586
63305518
58304866
63293011
58293338
63300498
58287281
63278354
58288718
63283775
65792068
63309565
58291311
63316197
58305213
63299692
58302557
63295308
58354056
63306692
58313075
63302720
58294647
63317398
58296343
63303014
65985316
63303250
58306181
63309848
58299317
63306237
58287845
63310232
58316966
63303770
58304296
63309742
67545013
63304135
58321229
63317608
58313678
63315544
58323051
63338332
58320539
63340867
58328553
63356823
58333654
63358302
58349627
63342563
58355363
63359236
58347079
63359988
58352263
63359276
58349713
63377943
58374091
63377617
58374881
63372462
66402310
63371317
67563620
63363156
58343261
63375121
58367968
63377616
67596582
63360834
67573781
63357406
67558285
63353095
67564755
63357459
67568254
63357495
67569037
63344420
70109032
63346799
67577755
63347078
67573278
63330434
67567880
63347181
67554412
63325013
67553402
63330977
67568387
63330741
67558121
63334687
67553238
63341091
67561981
63332381
67570113
63339006
67572495
63327419
67576311
63318781
67570301
63308247
67563882
63316836
67556308
63329710
67542609
63340527
67546044
63335986
58341756
63362207
67541929
63361923
67542381
63356331
67545177
63354366
67549795
63348764
67557312
63347255
67552686
63329272
67569192
63335793
67568882
63347067
67562723
63356569
67573576
63354924
67579111
63359596
67589569
63374928
67581226
63402574
67574722
63361645
67568376
63364249
67587256
63389122
67579029
63387766
67593534
63384244
67584681
63397801
67553631
63409086
67560203
63358566
58347361
63355038
58349114
63342732
58345991
63340815
67566431
63351356
67565559
63366170
67586324
63374917
58365834
63390879
58414999
63394071
58399027
63394916
67603465
63390593
58409737
63394791
67617912
63408472
58420761
63409584
67643320
63419958
58440423
63425565
67653280
63432575
67659152
63433559
67675034
63422348
58445740
63430791
67667178
63430037
67674700
63430628
58459089
63430746
58435374
63427820
67678821
63451056
67973503
63450777
67682177
63474083
58490595
63463040
67681421
63486652
58488158
63514357
58540242
63525378
58530640
63627333
58631757
63635770
58642213
63677485
58697174
63716200
67721239
63735720
58719058
63767364
67737115
63799492
58800526
63808906
58821683
63793590
67727060
63816725
58805534
63873172
58861376
63895534
58881596
63937575
58883818
63965677
67723412
64061578
67719920
64059288
59039500
64112473
59099444
64112281
59129684
64103662
59119475
64137849
68713856
64146825
59154669
64183992
59208829
54238664
49288990
64253814
59236079
64248162
59230404
64253814
67772782
64273012
67782747
64263040
59258672
64255660
59248481
64251922
59267470
64269886
67795462
64276209
59292814
64281664
59277401
64296921
59306920
64313807
67801481
64311712
59323476
64310862
59294107
64310611
59303901
64317353
59307860
64320117
59308143
64330759
59314233
64324305
59488329
64334903
59321479
64325799
59310463
64337768
59318871
64328537
59329662
64344627
67852286
64334310
67855174
64337761
67860562
64344883
67876283
64352217
67880033
64367668
59338445
64348255
59334395
64346296
59730896
64345268
59746861
64354567
67902626
64355491
59342110
64340381
67909420
64340140
59332673
64346531
59330274
64328893
59326264
64329194
67902990
64328889
59327582
64341446
67925842
64335584
69353479
64361433
59344378
64347294
59348066
64363262
59407154
64413307
59421240
64433165
59433475
64432803
59421144
64434322
60286353
64425407
59410842
64425055
60340431
64407441
59416554
64417996
59416574
64422821
59444715
64437719
59424940
64435310
59445590
64451698
60472479
64450364
59469571
64473680
60556272
64443388
59450077
64461207
59441813
64441862
59447223
64462229
59417898
64444958
59434443
64446141
59440025
64451665
59442711
64447053
60740315
64432617
60752573
64431714
59436248
64431606
59438474
64439152
59434996
64442805
59447189
64430714
60871381
64438446
59431574
64431054
59446624
64449811
59446336
64446127
59458306
64457013
59464591
64450965
59450792
64446215
59459505
64498798
68098828
64468862
68116314
64447619
68108363
64441640
68045028
64367596
59363899
64353964
59354657
64349982
59360707
64353490
59352439
64375821
59372977
64368741
59372446
64379153
59389056
64383568
59404692
64372717
59381012
64373920
59373970
64370206
59369801
64369784
61344046
64364007
59381855
64363952
59378800
64367621
59361849
64373255
59368142
64365019
59363297
64367600
59390538
64373794
59380467
64370037
59398848
64378359
59379773
64386709
59376202
64396436
61520049
64389105
59383610
64393720
59400117
64398370
59391190
64394525
59385925
64391392
59391091
64398735
61690573
64403704
59409688
64403635
59412045
64410047
61742465
64411814
59406221
64417741
59404797
64406569
59405206
64408903
59350192
64416315
59431514
64433297
59431203
64431500
59433959
64439361
59427280
64441143
68123611
64440658
68124029
64438129
68120187
64444981
68129431
64432218
68124592
64450231
68136309
64445257
68140709
64443375
68137747
64464527
68147376
64457549
68152304
64471421
68155305
64474893
68160143
64471744
68154853
64452052
68173562
64453794
68178899
64457419
68174204
64445683
68170107
64445495
68164215
64453469
68178703
64460188
68174022
64457931
68176263
64459869
68189163
64461705
68190174
64440887
68193731
64448588
68198159
64453841
68196438
64450942
68199099
64448399
68197569
64441646
68203957
64452374
68194434
64445501
68191172
64441885
68187338
64450254
68187138
64472793
68184246
64477098
68194335
64485080
68207752
64481572
68198628
64492920
68197745
64485915
68201841
64486788
68221271
64497531
68219172
64483849
68225254
64495369
68220599
64503983
68223793
64505543
68228777
64495882
68238162
64506603
68241971
64505064
68241775
64488595
68246823
64487959
68258164
64484932
59496067
64503900
68263199
64501490
68267563
64505672
68261525
64506620
68263611
64498939
68264706
64507463
68265116
64511448
68276372
64510391
68283281
64534148
68292940
64530432
68297356
64543534
68308038
64535514
68303649
64526597
68311890
64518624
68320638
64527692
68316037
64529094
68291939
64511090
68295508
64509534
68302342
64518453
68297947
64518980
68296349
64510372
68296051
64515998
68289524
64510867
68284552
64510505
68299874
64535071
68303561
64535706
68322328
64526697
68319742
64526491
68325768
64485403
63747040
64528376
68334512
64546916
68326730
64551136
68322687
64561154
68317911
64542813
68310928
64534956
68284308
64534097
68310335
64528458
68312181
64547557
68318727
64557061
68316098
64535285
68327760
64533580
68324677
64539347
68327496
64530678
68341104
64536682
68356531
64528778
68365033
64531737
68369762
64531559
68378173
64521620
68380917
64546970
68374455
64559387
68376078
64544404
68374766
64559349
68384855
64562080
68408096
64575835
68401331
64567592
68408711
64566360
68422039
64549036
68418279
64565338
68424700
64569421
68449462
64581444
68446370
64567257
68456108
64577643
68455236
64577890
68458397
64590955
68447266
64579367
68456616
64580021
68445855
64556792
68441068
64543625
68443839
64574365
68446922
64550495
68453455
64580528
68456821
64558468
68457019
64577911
68468190
64572521
68460274
64553669
68465145
64589602
68460746
64575318
68475405
64566637
68478153
64588425
68483218
64588069
68482235
64587496
68488731
64585866
68496463
64602350
68495530
64580006
68494232
64588012
68485705
64575679
68496452
64589057
68502722
64572562
68504155
64574728
68502626
64603492
68512388
64608608
68514240
64605697
68518285
64605981
68531410
64613174
68525136
64615285
68528090
64597735
68518821
64611672
68523463
64596877
68519891
64601604
68514383
64605259
68519239
64608159
68523158
64605433
68537664
64617738
68537695
64604927
68548785
64613019
68543745
64595609
68561532
64586088
68574645
64581715
68572362
64597569
68585039
64596544
68589257
64601247
68587327
64604121
68583783
64601748
68583574
64598878
68594150
64596525
68595296
64596736
68602106
64568762
68608444
64581902
68616665
64575942
68613845
64581892
68618240
64607217
68626220
64582990
68631565
64591723
68623705
64592620
68628001
64621488
68646258
64610327
68656613
64623998
68659023
64605050
68649827
64616242
68654937
64642270
68662689
64651413
68664712
64641378
68657706
64664679
68666921
64649515
68671816
64659776
68664111
64646020
68658521
64660077
68679671
64661991
68682789
64671128
68686229
64685705
68693655
64693695
68690869
64701120
68689030
64703536
68699343
64695607
68694252
64702896
68687163
64703344
68685892
64711495
68689274
64694043
68681774
64695342
68685712
64706269
68690930
64687917
68684835
64701744
68694162
64691604
68707828
64702270
68714282
64696646
68710788
64710510
68715410
64704776
68713386
64711799
68718307
64705203
68710152
64689484
68721601
64699992
68726717
64705371
68738769
64711078
68750349
64740632
68747265
64729384
68750843
64720245
68744897
64725836
68744128
64723094
68744577
64737554
68746800
64729855
68753276
64747197
68766149
64738568
68754009
64734495
68758856
64765566
68765749
64752951
68760256
64765058
68764251
64758967
68769134
64763699
68768540
64757189
68774758
64764282
68787651
64777711
68783476
64785033
68785126
64797069
68795221
64797487
68799088
64804635
68785904
64806799
68799470
64809708
68799845
64811919
68808458
64817910
68810533
64820346
68813365
64834463
68822867
64832151
68806172
64847212
68820244
64846192
68829215
64839511
68818357
64845344
68846245
64846618
68840816
64843485
68839077
64857540
68849115
64856871
68854161
64837166
68846477
64825967
68849744
64830232
68848407
64846895
68862271
64843394
68872136
64827203
68868733
64820877
68868361
64821019
68881696
64825455
68879319
64816941
68889923
64803092
68894047
64811291
68891742
64823525
68892422
64814289
68912052
64805191
68910214
64801025
68921793
64802315
68922823
64832598
68927634
64835079
68933024
64840830
68928021
64849079
68924603
64857403
69851958
64853725
68930848
64865469
68932706
64864383
68923331
64859624
68927189
64849444
68934268
64857979
68942091
64872873
68951066
64875288
68948128
64877565
68947759
64882124
68942529
64877525
59882320
64874579
68954199
64862806
68425659
64859691
68954459
64869112
59866107
64868269
68956368
64856017
68545386
64863975
68573554
64860990
68591362
64859286
68616985
64852526
59859549
64867605
59871317
64871734
59851754
64870669
59894204
64884591
59874833
64872536
68776706
64862657
59861622
64862067
68791305
64878608
59884820
64899019
59886909
64898948
59887778
64883050
68887657
64884481
59884289
64886536
68926569
64883707
59886068
64881536
59899491
64883494
59897162
64911184
59904365
64895935
59922431
64914757
69103321
64900503
69096388
64932878
59929918
64921716
69125707
64911617
69143387
64913795
69138614
64929988
69118443
64948639
59963424
64953833
59959834
64945762
59962897
64938170
59952566
64944755
69132003
64944419
69135651
64939769
69363888
64951562
59975721
64953668
69143605
64958063
59949050
64961246
59968897
64963044
59974829
64972943
59995329
65016394
60060965
65040095
60050539
65077455
69645640
65082493
69145956
65094833
60100116
65115143
69170872
65132734
69697441
65188327
60208468
65185510
69753226
65179018
60195771
65204013
60209002
65246910
60245703
65324339
60280313
65357569
60348350
65378244
70017652
65436153
69214223
65482323
60466407
65503458
60563920
55517704
60521982
65523978
60501643
65514702
60526122
65525107
60540990
65532485
69220491
65533719
60537990
65548572
60583992
65553410
60578755
65590951
60611096
65594903
60626763
65627256
60626398
65674850
60691643
65690461
60743561
65738107
60726392
65745224
60748724
65752587
69233018
65782805
60787527
65794325
60855927
65810214
69217516
65848193
60863423
65836822
60881323
65872028
60920006
65908004
69201649
65939681
60932809
65933577
60981023
65981145
61037540
66016626
61033728
66017082
61037131
66056866
61047141
66062324
61086762
66097809
61124019
66113026
61172831
66159804
61152104
66164163
61173385
66185536
61194612
66190031
61193458
66194444
69247010
66196227
61210906
66204239
61213907
66199499
61247285
66190018
61245293
66187497
61196393
66183979
61280980
66185527
61321461
66187171
61210688
66180362
61214579
66191198
69294782
66196627
61211416
66202817
61236113
66196110
61218420
66200406
61209301
66197885
61214158
66216225
61425307
66219709
69303845
66238775
69304226
66233715
61243028
66231425
69311106
66240051
61245052
66225955
61429874
66244218
61245653
66236691
61254101
66243231
61258154
66237753
69355169
66232331
61501722
66253388
69350537
66247997
61251354
66243777
61277340
66240701
61233042
66238571
61248146
66255976
61256054
66262013
61264868
66266568
61276736
66253049
61254638
66255409
61257875
66264270
61525284
66265277
61552333
66275552
61532579
66284514
61289084
66287687
61282272
66280100
61281460
66282836
61292780
66283610
61300080
66276102
61280557
66289669
61289504
66283791
61608016
66290191
61539326
66312420
61559644
66312513
61558558
66309259
61581163
66322694
61563949
66324932
69414824
66331862
61595829
66325527
61585947
66330373
61586614
66340588
61625896
66334337
61575272
66335833
61571179
66327534
69424262
66340727
69439695
66338430
61583033
66353627
69440648
66339450
61584887
66349920
61349635
66354746
61563357
66356443
69417949
66365058
69427903
66375759
61592535
66366990
61555233
66385074
61551210
66375873
61584059
66363066
61599916
66377252
61622847
66372816
61571668
66388019
61576722
66382850
70454918
76357700
101369870
96381250
81366543
96380528
90527605
96394955
91683121
96397444
81411765
96388902
81393165
96392092
81408729
96407681
90568511
96384654
81394509
96367212
81361685
96356041
81358791
96357519
91736184
96366282
91692859
96363622
91722106
96371475
81376811
96360115
81360190
96350392
81335679
96360546
81347995
96358965
81346452
96354235
94120725
96353573
81328852
96342219
81330958
85640559
91826991
85699449
71847878
76797536
81828517
75410116
61343584
65398674
61329689
65401913
61334089
65403107
61317037
65402674
61321896
65384145
61327503
65388423
61338252
65381528
61344188
65382380
61351513
65404321
61338803
65403231
61331984
65405871
61330100
65415804
61322844
65432033
61316242
65425499
61310331
65417827
61297025
65421432
61312079
65412968
61315886
65404225
61325020
65407929
61330794
65415488
61348590
65421132
61349989
65431434
61343205
65438392
61346348
65449950
61346781
65463665
61345467
65467463
61361357
65470013
61363292
65483414
61372261
65494593
61364408
65490824
61361331
65492477
61354804
65507553
61351983
65502093
61343179
65499829
61354466
65503952
61346907
65512617
61347289
65509632
61339409
65520561
61346816
65532094
61345139
65547608
61340417
65561433
61349033
65554163
61349530
65557173
61345900
65567946
61344280
65571602
61330036
65569960
61345189
65581117
61341030
65579503
61364044
56372261
61351382
65614122
61367286
65590060
61352050
65604370
61359954
65601710
61364828
65620415
61378871
65620390
61384043
65609381
61402550
65619100
61412597
65634081
61399694
65631079
61405742
65631010
61419608
65640757
61405712
65645269
61427412
65648781
61410620
65653690
61424764
65660758
61416652
65663721
61418581
65672590
61418918
65671804
61432141
65666838
61433345
65687148
61428703
65690135
61416985
65683006
61436799
65688885
61425981
65679092
61418519
65697280
61443837
65699011
61456595
65699374
61439823
65703905
61439311
65704796
61450493
65719269
61462826
65715117
61464548
65724643
61473851
65747487
61469338
65741829
61470047
65755809
61471797
65755559
61465939
66460832
61479836
65753410
61454948
65739527
61445180
65739060
61460015
65740721
61449991
65747706
61444520
65745992
61458284
65739672
61449857
65738478
61439107
65730711
61448752
65723385
61464784
65737990
61458352
65749203
61467502
65757599
61476454
65757250
61467375
65765272
61507731
65773371
61514055
65775586
61505318
65785340
61510759
65780897
61499640
65783007
61512875
65771503
61505528
65782209
61503867
65786349
61521694
65791284
61517580
65785864
61536695
65768822
61530740
65781920
61548130
65774177
61557757
65761120
61535196
65768971
61542667
65780052
61521889
65791523
61531067
65791732
61516716
65793634
61523763
65790866
61517357
65796682
61524625
65800622
61527966
65804421
61524242
65807480
61520024
65824339
61515200
65812306
61511240
65815929
61526200
65816040
61514440
65825417
61528809
66507521
61521208
65823843
61519409
65837323
61518927
66513777
61513226
65842958
61525101
65846581
61522059
65856105
61511469
65872285
61512061
65863557
61521206
65860315
61514689
65866930
61538191
65861804
61528950
65863191
61515250
65863480
61524785
65877085
61546494
65888232
61521445
65889600
61524362
65897893
61517010
65903802
61538983
65905351
61539331
65916464
61536203
65926729
61540797
65915924
61538510
65919790
61538132
65911615
61542456
65919912
61528475
65923443
61519193
65944703
61533018
65949742
61537861
65955247
61527377
65964170
61539556
65953342
61521672
65985025
61524065
65982061
61534674
65983161
61538592
65999696
61523044
65999516
61544268
65992908
61544095
66026911
61543147
66059573
61552008
66050844
61540052
66082323
61550817
66093697
61559457
66098233
61561241
66114548
61547180
66139971
61557652
66172222
61554701
66175696
61560170
66195948
61567024
66209922
61576889
66204211
61579850
66215897
61574675
66597632
61576389
66588659
61566625
66240380
61555970
66240140
61576886
66595018
61567525
66595852
61557721
66280209
61561945
66285954
61547615
66298980
61551982
66298335
61556504
66301670
61565007
66307578
61558256
66318087
61565862
66309583
61582446
66308570
61594720
66314190
61600944
66326439
61603142
66332716
61613821
66341698
61608753
66335521
61613102
66351616
61608822
56580077
61601001
56582861
61598652
56590387
61606864
56612124
61606996
66364646
61621800
56600142
61621237
66405797
61624845
66414443
61614581
66411724
61609258
66417267
61609062
66408795
61602763
56592793
61602320
56581843
61601136
56580116
61592248
56577818
61588366
56570801
61602111
66446073
61612603
56606561
61609609
56603084
61613854
56596717
61621104
66466081
61599057
66444751
61615116
66468946
61623573
66469734
61618943
66475859
61612865
66609609
71509485
66478703
61602595
56977672
61610302
66483588
61600375
66489143
61597464
66487808
61609098
