64496024
59410929
64368641
62944966
64245052
62855945
64133695
59062699
64027330
68787797
63887208
58820752
63781402
58710325
63649530
58598526
63535685
62186963
63448563
58364572
63335933
58257048
63205751
58129746
63083477
58008747
62998200
57880071
62840349
57756186
62683383
57608148
62560514
57490344
62468425
57394589
62344223
57273402
62251924
57167833
62118772
57047186
61997734
56924209
61891994
56813549
61757549
56685056
61655683
56561678
61532276
56457796
61412766
56335997
61297678
56223615
61186248
56117169
61066346
56027597
60966437
55928365
60864555
55802863
60769034
55700652
60637827
65583741
60531130
65457886
60424616
65355205
68756012
65251472
70031621
65109325
60037826
64975502
59922789
64847716
59791391
64729896
59661973
64600779
59561441
64530492
59474253
64436838
59353771
64312771
59255914
64211552
59146212
64115930
59025336
64026564
58945679
63902013
68869598
63783647
88781286
83713208
78552619
63617352
68604591
63542388
68507865
63451484
68447516
63379351
68363960
63304320
68264668
63200649
68139315
63089194
68124002
63129545
61439972
63038130
61384148
62945881
61242835
62791116
61156073
62700720
57644000
62581859
57536129
62506776
57476726
62410626
57364009
62300124
60622838
62195993
60549668
62139501
60405546
62007241
60308860
61984963
60192178
61877018
56817082
61859583
56846693
61788984
56734326
61673003
56626751
61584780
56533629
61494750
56453021
61380651
56332402
61285627
66234721
61180000
66155016
61078127
66117300
61046485
66020119
60965753
65942901
60881378
65842219
60791358
65719889
60691464
65646455
60585618
65573875
60491718
65488645
60401755
65364507
60356864
65310902
60245264
65198775
60159844
65100862
69019405
65024110
59975066
64921399
59881110
64854891
59798298
64751368
59699603
64686039
59652384
64591621
59539500
64565202
59495956
64441614
59392187
62981644
59283550
64247444
59169747
64117275
59059344
64026368
68974644
63906131
68858493
63824053
68763144
63727937
68679347
63651695
68593694
63696912
58531667
63572524
58499815
63458974
58395641
63355721
58287839
63247727
66744017
63130812
66630816
63014541
57996141
62958341
57898687
62832575
57775383
62719664
66171483
62746687
57681543
62641978
57587722
62540578
65842837
62427770
57368089
62327691
57249959
62217242
57151153
62107502
57073431
62015781
66981445
61887184
66873693
61847993
66778902
61769732
66703237
61648875
66636223
61584696
66550592
61499030
66442738
61404626
66353041
61308130
66234232
61206190
66145709
61091172
66119846
61048566
66002442
60956995
65897678
60839376
65814569
60781546
65706945
60635318
65617773
60610875
65557865
60506476
65511274
60453612
65398125
60345145
65286786
60270688
65211562
60182342
65193099
60140130
65079762
60002333
64973902
59914735
64871635
59843878
64799119
59738453
64692622
69659083
72387361
69650452
64669901
59480567
64441625
59391433
64334820
59269628
64214168
59165596
64096026
59039644
63983636
58930009
63976426
66526555
63868853
58832110
63750414
58689640
63719484
58674608
63672809
58606831
63548995
58488811
63425893
58409694
63345110
58325941
63259013
58222933
63165628
58131911
63094320
68030749
62978376
67972827
71645823
67844738
62817478
67754597
62729950
67686096
62638683
67598029
62520673
67461119
62462936
67420125
62428625
67365532
62316506
67247570
62184988
67167943
62099211
67037534
61975536
66859032
71871154
66823236
91764611
86713453
79009793
66618666
71568074
66512826
71484686
66487459
71401630
66345281
71287176
66254514
71201541
66148402
71079808
66034364
70976695
65936089
70867134
65793066
70785412
65731906
70734513
65665908
70640866
65570860
70527621
65464475
70413936
65381849
70307151
65252086
70186336
65120958
70084236
65016332
69978180
64920795
69965551
64867299
69800737
64727559
76708082
64620862
76588303
64486360
69445473
64341033
69316524
64229258
69199192
64134209
69132417
64065420
69057503
63992764
68925209
63886651
68829494
63785587
68795519
63739500
68699463
63644494
68609377
73596871
68520904
73564751
68426520
73446517
68395927
73368246
68294456
73272103
68213708
73220616
68170673
73156991
68104733
73058710
68001442
72948624
67879798
72841729
67783356
72732315
67668270
72629886
67577264
72590889
67522475
72527484
73986479
72419849
67360790
72335477
67299697
72303428
67251155
72199642
67145553
72096221
67030940
71977268
66957327
71952209
66876857
71851630
66774601
71730177
66674777
71690560
66623266
71583496
66536460
71490947
66429461
71390553
66363582
71302930
66271185
71206097
66160623
71138143
66080343
71018599
65968028
70920027
65869382
70843360
65779990
70746270
65748503
70741488
65695372
70655503
65588997
70544517
65503363
70465868
65414495
70399149
65327220
70352950
65284873
70259013
65194023
70200493
65132674
70080674
65028671
69950156
64916454
69840602
64781528
69739573
64674512
69663433
64598019
69532390
64470585
69495542
64424559
69401254
64343482
69298113
64243039
69177041
64122812
69083497
64020716
68961672
63899086
68929247
63871969
68831807
63787616
68735285
63667461
68630837
63547975
68533633
63449911
68435355
63371225
68333016
63260904
68215641
60629567
65600275
66289953
65486269
60423358
65370351
60318174
65298632
60200405
65217660
60166705
65122996
60031418
64992984
59927379
64959783
59894407
64850517
69795780
64751494
69688566
64605573
69639131
64574691
69499671
64429455
69366693
64303823
69233574
64197002
69155799
64111866
69065863
64011520
68961517
63905918
68857381
63806929
68799061
63731378
68677847
63598465
68595417
63543820
68560324
63488701
68454181
63400976
68446146
63388978
68317812
63284742
68228533
63174946
68104550
68324854
67882657
68210173
67824829
62773229
67729419
67966666
67626653
62588532
67522885
62467650
67441266
62412899
67387552
67514895
67296481
62339463
67277409
67297799
67171018
62118360
67052944
62047720
66963453
71957365
86979901
76970862
66867129
71798780
66740618
71702417
71610697
71718426
71504871
71582903
66531877
71491314
71337606
61439620
66381241
61342882
66307929
61264184
66198257
61246272
66157967
61112797
66053432
61004422
65928118
60867074
65833520
70783069
65737071
70664634
65735315
70575538
65613364
70551113
65482559
70433226
65357127
70293495
65259875
70251213
65307650
70257762
65183325
70166211
65163483
70117201
65090980
70047106
64986875
69938076
64981049
69935808
64862038
69805447
64746488
69719318
64656644
69608294
64516407
69530581
64471987
69422784
64360250
69309144
64353821
69193512
74227003
69101024
74028809
78973153
73913990
78853868
73806252
78708273
73688039
78617473
73585544
78509137
73473040
78403337
73355753
68293595
63229136
68155030
63108176
68048103
63000360
67934050
62905520
67841668
72798375
67763539
62698678
67643649
62604652
67571872
62533096
67486380
62456213
67393596
62342906
67289513
62248618
67185275
62166219
67086205
62072423
67029513
61970826
66903445
61861603
66811916
61750206
66771660
61742649
66694410
61631090
66584956
71528314
66502743
71440437
66403668
71345225
66291782
71255514
66195294
71113643
66138386
71077728
66062920
70996068
65897979
70895711
65868661
70834351
65766648
70756138
69418322
70659854
65615919
70541172
69213626
70468057
65434819
70390964
65331809
70285943
65245100
70209352
68763365
70097295
75057832
69974444
68542531
69900612
64842266
69754910
64730156
69687361
64639569
69596941
68051807
69492231
64445268
69375861
64370866
69316382
64256237
69194518
64155674
69105480
67522729
69034387
63997826
68971347
67291503
68905767
63845343
68796186
63751632
68703401
63675886
68611293
63564242
68503432
63476855
68424491
63373935
68328194
66519431
68222675
63183329
68118170
63093814
68060563
63054344
68014770
62923779
67912943
62834029
67765280
62713192
67652678
62620232
67558494
62512926
67460520
62452494
67394160
72383189
67333107
72301818
67234891
72183505
67131727
72054642
67023760
71980794
66913058
71906711
66807199
71778764
66738718
71752367
66692727
71653967
66601662
71526539
66527074
71475473
66401034
71373692
66300158
71293602
66233806
71175657
66162274
71084786
66077610
71014806
75967284
70975336
78670158
80867489
95864970
80777742
78461151
70667119
65593926
70547694
65478362
70423168
65394378
70327475
65283923
70256815
65198335
70166414
65132126
70087000
65030879
69987224
64958063
69889027
64849541
69801714
64735678
69697025
64646632
69582889
64549991
69505406
64444081
69409081
64348756
69310437
64297456
69236774
64205619
69158896
64119549
69124175
64087673
69037750
63979291
68928630
63867230
68821904
63776947
68750230
63712935
68678749
63615998
68572424
63517598
68462740
63445620
68395523
63341653
68295790
73237202
68208396
73142448
68120573
73091379
68039989
72993719
70069570
72927839
69958386
72841085
67814817
72776991
67732754
72689156
67649125
72597756
67572702
72513716
69445557
72448751
67402590
72317718
67282036
72251745
67203590
72155158
67116176
72058611
67016115
72013957
66970750
71905151
66871004
71851716
66811285
71759624
66707785
71655593
66610301
71532518
66522205
71479814
66441555
71406117
66366544
71307298
66262683
71226113
66186484
71135383
66101838
71066455
66014864
70995392
65939555
70863182
65847792
70775266
65777763
70739405
65705010
70684800
65614148
70551564
65505387
70462778
65442818
70417136
65378720
70296059
65246852
70205033
65177526
70111744
65055652
70022939
64944230
69932426
64877044
69819029
64786550
69736638
64694477
69661569
64585983
69550321
64453363
69414893
64364539
69296213
64280729
69256506
74229887
69188572
74170476
69102785
74077145
68982645
73943917
68859514
73805927
68750891
73692282
68631682
73585794
68530877
73472499
68456045
73410323
68360557
73321464
68287387
73243272
68188194
73111329
69243712
73094088
69221717
72974297
67940359
72909363
69020814
72810515
67793703
72730067
67692529
72653416
67607863
72561093
67517442
72470281
67432066
72383597
67350280
72275319
67237316
72174401
67118950
72064208
67048293
71991927
66912704
71864128
66869728
71819664
66763721
71710580
66650546
71592890
66521470
71480955
66438151
71388685
66337217
71286092
66245519
71183461
66165008
71110400
66060063
71025521
65959728
70905187
65867307
70815229
67006340
70781368
65717643
70677842
65599315
70545642
65474641
70421700
65378716
70328922
65314473
70228495
65194785
70130795
65096985
70061852
65015278
69933905
64882001
69851888
64779154
69740810
64698634
69636084
64535675
69490270
64448798
69418646
64337200
69303178
74240091
69187399
74140276
69114991
74052476
68997834
73957460
68906496
73860926
78847514
73819669
69945264
73709091
68680419
83584115
79839916
73494717
88164164
73409551
68342636
73333153
68288057
73359195
68352348
73260110
79434152
73138282
79338732
73052069
79305784
72948014
67892579
72817896
67809837
72718305
67700728
72654187
67591957
72553336
67512823
72469377
67468586
72421864
67420642
72335698
67303496
72266063
68456073
72188042
67144567
72120692
67072657
72032707
68193912
71939352
66901615
71842421
66833571
71772050
66725729
71707584
66663286
71556376
66538467
71504337
67618789
71385567
66403085
71348380
66300570
71275345
67349061
71173999
66133871
71085712
67176513
70989576
65941936
70868551
65798983
70755837
65713482
70688209
65632467
70593244
66748884
70504749
65467913
70411823
65374634
70330938
65275513
70237492
66389090
70139706
65103013
70034328
64999841
69979374
66116288
69864443
64866104
69793038
64731389
69680535
64626879
69566865
64504370
69440410
64381725
69345116
64301965
69258823
74214458
69155494
74127709
69085767
74028688
69017123
73946327
68906610
73835497
68768824
73723564
68669089
73615529
68573204
73521669
68445802
73395272
69554847
73273967
68200514
73157438
68093814
73046692
67977521
72942213
67884995
72831635
67776576
72746388
67674264
72609705
67551477
72506790
67438629
72381145
67315281
72276533
67206939
72157809
67109232
72059173
66989852
71931100
66867097
71823405
66764876
71718469
66674099
71605529
66563879
71499558
66442568
71401164
66336350
71306106
66240142
71183510
66128214
71066130
66024011
70963332
65901747
70862465
65816317
70754992
65700018
70660560
65602190
70550929
65494758
70437700
65385189
70344709
65286654
70238130
65167780
70114181
65063457
70009001
64941287
69893211
64853235
69783687
64727370
69670006
64613383
69539509
64450662
69403439
64350764
69302437
64248214
69190105
64127112
69082595
74020971
68971814
73922678
68876895
73808223
68751354
73714240
68677563
73611133
68540300
73481207
68432113
73367873
68309912
73245644
68201219
73156250
68097924
73015083
67975321
72917951
67848185
72807091
67760337
72733006
67667935
72616912
67561217
72501563
67451421
72403994
67351456
72304428
67238484
72185810
67127344
72075085
67024603
71973238
66911622
71841995
66799191
71735703
66678956
71635573
66563567
71515298
66467852
71420865
66325212
71287622
66225628
71159344
66096743
71066260
66009111
70951640
65897076
70843649
65786663
70742262
65688935
70629905
65578901
70507004
65451180
70444087
65386505
70332686
75312515
70252784
75265637
80145403
75114811
70051359
85000355
99950533
94876192
89801284
74728958
69659084
64586150
69529145
64465663
69387726
64332642
69243368
65629419
69172346
64135033
69066863
74027612
68965732
73901354
70312678
73797296
68745325
73692610
68637395
73563661
69972911
73454360
69876086
73388764
69761089
73289246
69640993
73184669
69533717
73112995
69423385
72996718
69321929
72895114
69208371
72817460
67767005
72720737
69007397
72611981
68915546
72517297
67448749
72413425
68705849
72321252
68587015
72205387
68469809
72107857
68371246
71999258
66941912
71898932
68180092
71795992
68089081
71668892
66630067
71559537
67905656
71481651
67809306
71387092
66347296
71288541
66251195
71192588
66142232
71136150
66083491
71021708
67351664
70942960
67253807
70841659
65789271
70713542
67046476
70632283
66955238
70548640
66827271
70440330
65373239
70341945
65306933
70284364
65195378
70190011
65134526
70092012
66306037
69974929
66197927
69884270
66090550
69775320
64722139
69676549
64611942
69575424
65832526
69471587
64404494
69351117
64288417
69249311
64195205
69132190
74112810
69065580
74009360
68977827
73907153
68860472
73797142
68747116
73707878
68680689
73604187
68562953
73487218
68427326
73376573
68340682
73303203
68241369
73192268
68162374
73093719
68054416
72992387
67986264
72940284
67861509
72817282
67778823
72733328
67657048
72586685
67529253
72472975
67422695
72369997
67321329
72256198
67208534
72145928
67107439
72044797
66998263
71944196
66889460
71830341
66772954
71728737
66665065
71613984
66558855
71505682
66458963
71424682
66351805
71320331
66270764
71221877
66175109
71114621
66053772
70994567
65944561
70886847
65837716
70784904
65736304
70696559
65624561
70545513
65506427
70456806
65407942
70345859
75288316
71560429
75168526
70091694
75029469
79976408
74935473
69856098
64778301
69702898
64627355
69555957
64498491
69457319
64390546
69328491
64270407
69233452
64154586
69112023
74064042
69017670
73948265
68890313
73831815
68766051
73721398
68667855
73619041
68556343
73507497
68450050
73403013
68349465
73281747
68220180
73180562
68107372
73058655
67984335
72948393
67877127
72825545
67781756
72718580
67659447
72620090
67547229
72498725
67412698
72403765
67339161
72277262
67236316
72168508
67148064
72082529
67024097
71976145
66950288
71891568
66838494
71806768
66715867
71659162
66591583
71560304
66486240
71424319
66409674
71345471
66284029
71220868
66159217
71106514
76052777
71128503
66044605
70996969
65914971
60962581
65819516
70867592
65858176
60758684
55708947
51972139
55601879
51853700
55486555
51758597
55387542
51658254
55276963
51543050
55147255
51422903
55053926
51285264
54955919
51196211
54834891
51106306
54709265
50982374
64602456
59573857
54476246
50731147
54356452
50656831
54255363
50585860
55498337
59103572
55388548
59015578
55281881
58903618
55162693
58792533
55051074
58694096
54943503
58608093
44821328
39759999
44693828
39641001
44584193
39523380
44452387
39403139
44349745
39308281
44243279
39198470
44130924
39077819
44021308
38965504
43898585
38848777
43790393
38751791
43677991
38636100
43578822
38530707
43475772
38423450
43362785
38299804
43246256
38188915
43141693
38080717
43031337
37987351
42940680
37892045
42835167
37792053
42733340
37681964
42621091
37572714
42516924
37474491
42421114
37367328
42312602
37258148
42192976
37136103
42075940
37027885
41972878
36923992
41894915
36847470
41784033
36745844
41695611
36642595
41569752
36526784
41437296
36416923
41345483
36300895
41292507
36278338
41206967
36172021
41109224
36085407
41050959
35995974
40954571
35908791
40859561
35802851
40807634
35739521
40686501
35631751
40573693
35597118
40545953
45582220
50652065
46669293
40423375
45387363
40327485
45287590
40231881
45177129
40106834
45058647
39998786
44955898
39897359
44849860
39783134
44750107
39686601
44644577
39582449
44523983
39468725
44430159
39364658
44322171
39261611
44220056
39158159
44102136
39060595
44000783
38935486
43885127
38825569
43777104
38719138
43665632
38610140
43561924
38501379
43460443
38395689
43357659
38303176
43255768
38196797
43147616
38097796
43052667
38001429
42950064
37883403
42833926
37772611
42717988
37658621
42618071
37558478
42519314
37455943
42407985
37339585
42288940
37232588
42179858
37123578
42083982
37026618
41974101
36903070
41853358
36788139
41735851
36680364
41627752
36568196
41510338
36444410
41390127
36337419
41274391
36209613
41163504
36088435
41029834
35959607
40910372
35836749
40799927
35709614
40686834
35624033
40535202
35535584
40511194
35445772
40402598
45354271
40299095
45239784
40198965
45136930
40092298
45022464
39981574
44923320
39883244
44826526
39781066
44719434
39672288
44615541
39565579
44495851
39457226
44391772
39350624
44287039
39240640
44180289
39134183
44069815
39016850
43967999
38930226
43869471
38823246
43763092
38707953
43659868
38612615
43563061
38508759
43450344
38360900
50547750
49573523
43194844
48177583
61505045
56449481
51354217
65163879
42868537
37801629
42745475
37695579
42627106
37579826
42520500
37479362
42410967
37355067
42298197
37243825
42184645
37130659
42079276
37035474
41989126
36946593
41890854
36843666
41799632
36737251
41675046
54931019
41598770
36539268
41463057
36398066
41325664
36267097
41197327
36135369
41132929
36064714
40998360
35934992
40864526
35806262
40744261
35683930
40615989
43874228
108666053
