39739225
43665336
38656811
43655779
38650106
43661011
39746753
43642735
38667784
43668093
39731511
43666618
39751763
43669829
39739860
43680354
39750041
43677436
38675515
43672554
39731097
43678795
39736808
43687875
39740133
43686457
39744992
43697241
39766586
43710724
39747493
43719228
39760491
43723350
39731510
43716843
39730976
43724241
39732994
43735207
39735616
43750324
39735021
43742848
39741450
43731508
39722364
43731307
39727159
43740303
39739089
43732351
39725740
43737326
39722675
43731890
39758215
43737489
39714638
43743570
39737312
43742477
39752913
43739937
39779834
43746131
39755901
43759878
38750648
43768815
39800198
43762780
39820320
43767377
39822072
43769967
39816874
43765262
39781728
43773270
39801597
43778881
39802032
43782607
39826905
43788191
39806876
43796540
39814974
43797786
38786272
43798761
39840211
43803906
39804232
43805678
39816894
43819716
39839920
43825554
39866349
43830843
39850193
43798187
39852614
43814828
39828712
43822766
39848219
43824739
39849881
43823832
39862093
43829576
39854238
43830966
39851054
43839466
39843150
43840071
39844580
43834747
39823284
43851146
39864575
43854989
39841892
43845881
39887148
43835047
39854102
43837151
39862048
43843700
39848501
43845233
39863001
43850681
39877513
43850183
39892266
43849489
39899282
43841865
39937177
43829258
39927066
43833529
39936116
43843818
39926195
43839889
39953088
43849255
39956957
43861720
38856240
43862807
39952770
43870138
39952085
43863195
46236439
43866779
46244228
43858426
46233370
43869282
46235092
43874220
46238637
43869888
46247245
43864663
46232115
43875624
46222139
43878512
46233005
43877961
46213620
43872486
46219232
43883642
46226429
43890690
46205172
43894729
46211545
43901212
46217110
43904277
46233610
43897984
46227453
43910673
46256057
43913320
46251671
43916719
48916778
51239971
46268885
43935552
66217575
51232063
46252126
43925359
46245075
43922281
46248392
43924965
46228653
43936801
46260652
43941129
46240363
43933695
46265209
43951962
46249472
43940484
46240284
43944560
46246500
43947278
46241299
43961767
46244189
43964936
46257173
43980361
46271548
43982815
46262584
44003771
46252451
44002622
46266270
43989223
46275458
43998194
46280406
43992945
46269246
43993284
46274964
43991904
46278487
43997816
46272089
44010648
46278953
44012720
46258251
44008523
46245950
44017084
46241452
44026416
46244383
44030862
46241905
44037754
46259645
44034445
46253221
44033029
46242706
44033266
46238138
44046938
46235444
44044982
40033206
44040359
46230552
44052948
46225611
44061220
46226738
44060351
46218733
44066838
46242597
44072634
40074399
44074270
46225483
44083049
46213786
44097927
46229041
44116688
46261499
44133022
46256796
44127974
46234850
44131984
46246415
44150994
46244527
44144252
46232653
44146412
46240701
44154614
46240738
44158567
46250012
44166004
46250263
44163836
46235001
44165386
46244092
44185784
46247753
44168779
46244386
44158513
46224878
44163940
46213996
44160689
46225070
44167987
46231420
44173034
46234667
44170346
46232007
44155505
46242794
44165052
46252469
44159234
46259846
44164819
46261828
44174846
46260061
44177577
46256945
44187756
46256987
44199180
46249539
44197644
46251331
44207997
46260262
44209467
46268087
44214259
46278126
44222446
46256803
44233917
46267194
44228493
46252962
44208180
46264601
44212824
46257427
44211332
46252754
44210756
46246811
44205000
46236862
44193169
46220208
44187559
46223690
44200298
46229680
44203589
46232520
44208666
46257231
44203641
46259502
44210418
46267989
44212296
46235342
44200433
46237015
44196174
46221940
44187692
46226163
44190102
46231160
44220133
46262679
44212324
46261094
44215303
46236534
44215961
46254243
44220663
46242556
44196350
46254943
44205088
46248090
44208703
46250773
44197813
46241467
44204446
46231719
44213391
46267198
44208166
46254483
44212841
46269163
44222486
46269494
44226059
46284558
44229229
46279599
44235952
46272515
44238300
46280564
44252485
46284041
44243292
46276623
44253878
46283854
44251963
46251786
44288291
46245070
44293849
46288332
44304537
46268628
44297533
46257797
44290162
46257235
44307872
46260574
44311294
46265421
44320650
46267673
44333723
46273050
44334746
46274482
44342851
46287298
44338971
46294180
44335065
46286569
44341575
46268800
44348616
46254437
44351591
46258615
44339703
46278593
44346374
46272421
44327065
46252492
44319067
46263162
44305831
46291692
44319644
46285552
44316475
46289440
44322936
46271527
44311374
46235511
44272836
46238928
44280941
46241013
44294750
46254109
44302083
46245768
44303657
46235951
44302935
46239646
44302862
46258158
44303312
46252390
44310175
46253833
44320114
46241332
44312731
46248880
44310051
46252020
44304336
46258861
44308139
46246844
44302534
46247746
44301338
46245881
44303442
46255154
44292512
46267452
44304487
46269071
44304909
46272717
44296757
46277151
44288925
46284033
44300973
46273057
44304575
46262336
44312517
46255884
44319007
46253501
44311284
46260832
44304607
46275017
44308203
46288650
43828290
45788192
43817519
45787610
43820567
45784034
43820010
45776412
43819901
45782617
43825374
45772786
43828434
45758371
43830238
45754090
43831404
39320775
43846999
45757723
43849693
45747338
43855295
45730897
43860272
45725545
43855502
45759320
43866550
45753352
43861035
45737950
43860220
45746465
43864454
45753432
43871169
45793518
43917270
45762191
43915904
45762014
43923428
45784042
43936512
45777933
43944335
45786054
43942675
45786973
43942757
45778019
43937648
45781797
43957978
45756130
43952266
45764474
43958812
45756751
43956583
45747975
43951332
45758197
43962637
45769343
43964490
45761594
43965922
45749004
43969238
45725412
43975295
45795627
43974143
45779101
43973650
45760230
43983216
45752360
43987573
45757468
43996366
45746352
44016264
45741001
44017693
45739250
44019091
45751384
44010409
45751952
44011094
45740789
44009713
45744133
44021009
45743445
44008145
45721441
44013247
45729002
43999988
45730966
44002017
45735414
44008834
45733960
44011477
45734104
44010067
45744520
44021290
45743632
44028060
45741942
44029412
45741820
44031103
45732315
44031730
45736111
44034422
45729254
44028004
45748601
44049681
45742360
44047534
45735310
44053911
45757507
44063453
45749843
44055956
45750908
44072734
45757443
44074417
45759482
44073849
45745235
44071184
45745935
44074499
45747636
44071546
45742579
44065549
45744546
44062293
45749559
44055745
45751174
44062695
45751594
44073223
45754777
44066248
45748176
44060427
45760586
44063165
45768570
44063896
45780296
44062988
45767907
44063109
45794665
44081262
45783894
44086980
45805264
44083843
40268347
44099869
45778486
44098774
45782035
44105847
45786429
44106804
45771583
44111807
45788460
44120497
40264739
44115310
45786893
44112635
40278178
44118049
45779749
44125599
40281123
44133022
40277121
44132976
45790591
44136611
45773204
44134583
45788861
44144655
45801402
44156175
45807549
44152823
45787619
44152906
45797046
44151744
45804920
44150768
45804120
44154322
45811549
44168068
40298291
44175833
45811061
44176408
45786868
44181508
45785866
44192377
40282480
44206442
45793750
44225102
40296781
44227259
45809695
44240352
40302083
44236066
45812087
44260329
45811922
44267036
45828024
44260841
39248752
44261435
45825580
44265028
40315885
44267685
45815665
44286596
45826503
44290546
45818249
44290523
45830532
44283857
45856934
44296419
45853188
44284126
45849578
44287640
45836158
44286015
45851287
44292070
40321684
44302368
45856468
44291757
40352227
44292631
45832009
44297837
40361017
44296369
45842283
44299139
45834153
44298091
45834015
44300967
45845398
44297940
45845800
44298569
40389310
44296523
45846510
44313891
45852755
44316170
45869567
44309357
40413743
44327345
45855440
44314126
45853486
44330780
45843173
44332085
40423091
44326458
45825267
44325842
40395139
44327965
45827476
44331419
45852376
44344044
45847003
44327420
45819630
44330626
45845059
44313937
45857889
44327263
45864189
44323087
45866848
44328670
45874816
44351999
45869146
44341981
45879199
44345097
45884531
44343800
45877750
44345444
45889329
44359526
45886241
44362959
45881901
44359524
45883164
44347420
40413746
44353658
45859488
44367289
39875373
44374547
45891660
44374797
39369090
44377007
45886923
44376988
40433995
44381692
45897961
44377117
45906604
44390456
45923222
44401234
45937748
44396729
45925493
44405150
45939882
44411007
45937144
44427725
45937801
44425670
45944583
44440221
45948501
44442574
45956206
44435177
45931262
44450960
45947750
44460720
45962713
44474214
45960751
44466972
40489697
44463634
45956976
44471087
40529833
44455152
45961790
44452576
45978471
44474814
45967865
44460471
45973712
44477726
45994998
44461922
45989553
44473549
46002189
44496345
45962392
44496393
46013558
44499721
46003040
44517871
46000603
44511146
46013646
44506288
46014956
44499459
46009214
44498284
46015658
44497400
40511601
44506032
46023388
44510969
46006839
44511921
46035259
44517119
46045905
44495995
46050416
44514936
46049413
44549410
46059995
44557178
46053795
44561661
46067959
44585724
40068625
44604983
46108151
44602662
46074405
44615351
46100915
44607536
46075618
44623310
46071799
44619593
46074170
44623648
39613573
44630908
46050453
44617129
46065421
44612769
46053341
44600866
46059386
44606509
46057122
44608867
46047210
44611902
46054579
44635258
46039413
44612495
46053491
44619967
46038154
44622337
46029858
44640815
46045457
44626529
46039545
44646449
46043286
44662446
46051308
44661232
46035259
44661679
46051863
44658479
46059928
44661460
46053060
44659976
46058967
44665690
46046280
44679259
46031048
44681994
46057173
44673539
46050176
44673095
46039255
44671336
46037576
44676743
46034792
44686852
46034092
44683189
46040617
44670726
46040602
44676695
46048510
44689591
46041057
44689911
46049259
44683061
46063803
44698874
46052909
44691794
46054061
44699639
46052700
44677924
46052680
44699411
46055827
44705805
46053923
44703995
46065589
44706873
46070164
44705580
46065315
44713722
46070508
44718399
46095201
44707363
46105828
44709774
46089188
44714194
46077630
44699093
46086437
44695979
39690649
44707854
46076730
44700063
46078829
44704491
46089485
44704061
46096550
44707001
46096194
44708925
46088139
44696349
46097424
44729243
46098781
44713762
46090117
44719117
46093239
44708903
46089548
44701547
46098044
44705917
46110430
44714165
46116734
44712168
46108435
44719232
46086883
44714342
46092160
44716357
46108139
44725838
46100378
44721356
46111608
44710316
46110333
44721274
46106251
44719193
46106331
44731914
46097369
44731964
46099566
44742519
46101935
44739164
39728808
44733867
46100573
44734820
46079064
44729137
46092084
44734897
46089954
44745093
46087701
44739972
46091994
44749931
46098056
44768604
46106668
44770767
46112199
44762297
39757480
44749471
46110446
44750983
46115855
44763169
40260744
44769266
40297804
44807944
40283411
44814718
39807711
44827825
39827430
44852341
40333127
44852865
40313157
44878794
39887657
44901937
40402870
44930407
39933213
44940062
40437252
44924022
40469662
44917413
40438968
44914445
40460078
44929655
39930711
44937477
40454316
44931000
40456356
44929383
40471963
44934722
40463179
44943512
40506243
44943390
40482549
44935615
40515652
44931746
40536169
44946314
40545995
44940953
40550131
44951561
40549256
44938902
40553577
44948312
40547474
46746621
40548465
44933010
40566298
44944290
40555511
44941538
40561515
44944288
40554798
44947724
40571319
44948785
40575463
44952784
40579329
44963063
40530067
44965674
40583056
44960954
40589760
44947201
40587128
44953103
40561552
44958883
40562458
44954584
40548639
44964412
40554624
44968481
40563719
44969543
40566266
44971549
40534010
44978945
40574954
44981859
40551583
44986675
40570123
44994295
40599606
45008747
40570121
45005128
40560390
44999781
40000217
45002964
40570261
45016413
40581091
45032589
40568212
45018897
40571476
45014075
40583570
45019439
40580257
45019228
40555094
45016954
40572750
45014325
40597255
45011885
40583404
45017014
40565316
45013559
40587963
45019565
40589783
45018720
40581475
45021393
40563865
45015144
40568705
45024317
40544282
45030800
40550660
45040951
40547116
45040330
40567093
45039706
40540222
45034897
40560892
45037862
40562622
45038469
40574079
45034602
40543129
45043013
40570522
45045933
40555292
45052792
40579330
45065611
40561423
45054770
40569820
45052479
40558625
45064545
40598219
45060836
40576654
45060815
40577388
45057772
40568353
45043698
40569818
45039386
40576180
45049770
40568292
45042346
40551592
45043254
40616186
45059001
40579852
45060830
40657199
45184377
50145462
45702247
40185140
45198251
40195749
45201817
40201268
45243914
40781836
45254570
40793168
45283402
40784540
45304924
40281716
35305493
40320310
35794993
40323998
35321318
40316812
35316163
40315251
35313712
40338437
35337720
40333637
35823943
40342772
35341545
40343419
35347079
40350351
35918798
40367766
35921883
40367059
35910274
40368510
35907733
40363946
35910822
40370565
35916394
40365423
35923079
40375845
35908069
40372779
35910356
40383197
35915414
40390257
35404107
41357165
45928608
40944279
35929990
40417945
35967252
40421660
35943579
40427322
35954968
40422085
35980012
40420392
35968460
40411945
35983484
40407992
36004395
40405101
35993312
40413688
36002695
40418895
36001476
40407491
35979942
40406963
35941464
40415956
35956146
40430450
35963374
40445800
35967820
40451058
35971141
40458199
35939180
40455703
35951199
40463995
35923193
40444826
35900327
40452193
35905756
40469987
35964340
41000367
35972826
41488279
46475923
41002354
46033980
40968269
35963854
40419739
35972480
40439547
35989365
40413475
36481091
40423012
35980637
40442564
36012145
40438995
36005124
40436749
36004971
40438893
35984297
40436823
35972865
40428010
35984952
40416129
36015760
40429051
36005859
40433775
35992578
40429616
36016862
40403725
35946644
40384673
35978887
40983171
35986861
40387397
35977646
40381786
35954898
40393775
35960842
40384757
35983985
40388565
35954117
40392987
35982258
40378475
35987487
40386371
36002212
40391202
36013507
40395871
35998100
40400012
36010866
40421451
35990285
40420875
41033686
40426453
46009952
40958407
35975815
40450032
41042224
40445923
35976017
40464044
35999300
40464743
36017529
40463491
36022028
40464182
36007295
40470405
35985841
40476768
35972364
40483392
35979797
40482292
35973479
40472756
35986402
40473395
36024504
40460714
36016854
40477423
36041843
40482364
36038927
40481088
36034519
40492507
36051552
40503012
36038282
40505767
36055106
40504080
36057574
40496920
36078175
40511955
36069911
40509974
36068064
40514215
36063573
40530643
36075050
40522811
36057877
40516387
36087127
40521090
36068751
40516549
36064917
40525530
36081917
40525312
36055515
40524896
36069872
40518956
36093920
40525129
36071683
40528786
36096329
40534753
36082307
40530045
36075840
40537650
36097631
40546579
36109000
40555041
36095241
40557780
36094870
40559501
36088220
40565884
36101910
40556718
36090711
40564658
36131040
40569041
36089753
40578205
36094796
40569741
36112881
40574737
36111307
40566895
36106283
40561236
36117533
40557996
36094203
40557977
36122541
40571751
36110335
40570002
36132582
40561580
36147743
40580797
36145994
40578484
36146425
40577749
36122742
40588813
36135501
40595452
36136504
40588181
36142827
40600361
36159846
40615929
36164090
40612056
36148496
40618182
36140061
40607211
36138995
40610904
36169333
40601362
36159970
40588394
36155336
40602101
36151342
40594862
36151924
40592731
36123694
40588233
36151585
40587832
36129266
40600351
36163826
40612195
36167213
40598334
36146331
40592200
36165552
40591180
36199305
40587435
36197180
40592067
36174718
40586194
36171271
40592785
36178932
40594647
36186721
40590060
36167170
40586829
36203544
40586880
36184126
40594895
36177006
40605848
36175354
40595433
36185535
40593586
36194812
40603694
36192841
40610940
40920900
40610703
36213054
40614868
36217631
40622709
36210296
40618056
36233317
40620789
36226502
40626839
36222364
40623391
36239440
40624001
36246204
40627866
36236239
40634457
36266825
40636719
36253993
40639900
36253436
40655340
36282119
40652544
36306651
40643187
36299533
40633938
36311676
40641624
36346207
40647184
36353996
40618313
36339282
40614059
36822676
40621122
36835732
40630656
36372944
40648292
36407805
40654022
36403189
40655979
36440887
40660475
36443177
40659385
36431038
40667495
36456153
40661739
36461590
40652753
36463667
40657606
36478756
40639327
36494167
40644396
36978962
40646135
36979736
40634318
37003569
40628798
36994092
40646034
37009158
40654707
36990133
40654571
36967989
40648821
36969141
40642601
36995373
40640530
36992166
40659083
36996886
40644105
36999448
40641498
36983967
40656492
37035529
40671079
36566121
40696516
36558068
40689332
35679272
40686814
36588551
40695877
36614358
40711150
36629380
40714732
35720785
40717538
36639899
40757320
35767598
40776440
36702903
40798696
36695474
40807225
36688322
40823476
36656774
40851574
36680899
40868186
36678435
40879947
36681522
40887045
36701015
40889316
36705972
40888358
36702689
40890957
36708334
40908827
35908411
40904027
36697232
40890408
36699723
40897608
36724673
40891998
36696568
40890839
36699667
40893579
36700981
40875771
36705557
40871273
36681731
40872160
36678892
40889586
36676064
40903016
36673174
40908696
36678807
40904460
36657854
40907833
36655869
40908172
37242577
40914134
36692875
40922892
36671292
40929925
36690837
40928865
36678072
40937029
35939979
40943249
36686995
40942589
36694202
40944302
46685377
41672071
36680038
41686971
36685017
40959685
36678488
40957602
36679612
40967146
36684028
40962899
36691585
40962048
36685897
40959054
36712560
40954581
36690004
40952594
45975275
41715612
36705930
40961931
36717499
40963105
36733757
40967334
36726678
40969661
36709102
40971822
36716691
40979309
36724027
40971213
36719256
40977099
36725824
40979543
36729016
40980766
36734634
40979544
36734958
40979316
36749849
40981969
36747976
40979363
36742753
40976689
36750390
40975688
36750120
40976527
36755978
40978312
36739278
40986366
36729624
40988851
36749576
40987458
36721808
40985908
35984777
40980024
35990329
40990942
35984997
40990860
35991518
40982601
35976825
40985993
35987534
40984588
35980414
40989236
36781714
