146296157
136284521
148215474
138204882
139231692
129220951
151979733
141969172
152875682
142866978
143833350
133822719
155145850
145135232
156579273
146568489
167020859
157010683
168631379
158622860
158950075
148939904
170884465
160874254
150859124
151614015
141597084
131586201
121572720
132576772
122560319
145079986
135063687
146276858
136262308
148163067
138146713
138555990
128536364
150179756
140162950
130151814
141513583
131503213
132225094
122214164
145057399
135046435
146079539
136070853
147442424
137432184
138555307
128544826
140530352
130518250
120500496
132217259
122200411
144182658
134156789
145364178
135347560
136203844
126188935
148513743
138497421
150180927
140164588
141038790
131021491
153720551
143703999
133693012
144615452
134604817
135432075
146555155
156803179
146794532
168150794
158140786
169016016
159005296
148989792
138978635
128961483
129556309
140570823
130561981
152560578
142550047
143165352
133154665
144143620
134132737
146038873
136028644
147657971
137649359
149681559
139671298
150694057
140683515
152492964
142482193
164572572
154565055
165681237
155672673
145655545
146797378
136775606
148782495
138767842
150579626
140563401
152488855
142472464
153999885
143983025
166126399
156110161
156747724
146732535
136721123
158504553
148494533
159540650
149531874
150476092
140465290
162460399
152450456
163258655
153248220
164193543
154183403
164897782
154889281
155254864
145243890
167314595
157304270
168277648
158267371
158655595
148643680
138626239
150135195
140118236
161813694
151796666
163009399
152994380
164331584
154314451
165266996
155250436
166703060
156686548
168125339
158109893
168992050
158977851
169725839
159709246
149698167
150369582
140360879
151128104
141117057
163560491
153544199
164528995
154518368
166157929
156147107
166719115
156700799
168351085
158340953
169356955
160311266
191765557
181755056
171737857
161726914
151924175
162454795
152438361
163912732
153896448
153558689
143543572
164813793
154797399
144786721
155906302
177647847
167630988
179023902
169007145
158996083
180300941
170289844
170519917
160509559
181874079
171865540
182392188
172381854
172854693
162844244
174441990
164431644
175524834
165514481
176699169
166690968
177696880
167686682
179159348
169150193
180030493
170020061
160002338
170651238
160634799
171843295
161826818
172836099
162819656
184588809
174575078
174923035
164907315
176337964
166318433
177419388
167393092
178344618
168327997
178888814
168874570
158863593
159428192
149418029
160022917
150014523
171524804
161514391
172687465
162672105
162888362
152874786
163946702
153925648
165169258
155161241
166579391
156569656
167600306
157590324
168672805
158662639
148644976
138633896
159727121
149719159
139702361
150885906
140869667
151803827
141789606
131778526
121986997
133336782
123320872
155771466
145755740
135745395
125729000
136951703
126964238
138465315
128456140
139533021
129516896
140495670
130479534
141654232
131637558
142677856
132663845
143533601
133517520
124328657
145858908
135850726
147262736
137252723
148439786
138432758
159565589
149555184
161564275
151554512
161868481
151860703
163046445
153037154
153399136
143388782
133374154
144513894
133982041
144870092
134852207
145932750
135912626
158461045
148438248
160419632
150401584
162020042
151999147
164160800
154142711
166039408
156019630
167469766
157451227
168838819
158824176
148813578
149682522
139672414
151216596
141208281
151937907
142336274
152760922
143560524
153684997
143674856
154971288
145829464
166186111
156178004
157319041
147309229
137293210
159059136
149044869
149731685
139715745
161007435
150991552
151677388
142222876
163144444
153131661
153412999
143398743
154345397
144329786
156447013
146430825
157683661
147668292
158791151
148774998
138762800
150794473
140784249
152206846
142195098
152446063
142437592
153024973
143014897
143102691
133090833
154574557
144564802
155585822
145576117
156736896
146729110
157608807
147598453
137582227
148909637
138895126
150264873
140248115
162144652
152127701
152153545
142135656
153493481
143477675
154574004
144558815
177098047
167082281
178627112
168610961
169644879
159626877
170977294
160960847
150948803
162282593
152272415
162290774
152280570
163815543
153807550
165409395
155399112
166702499
156690595
168531361
158521421
169341893
159326027
159850575
149842511
149597696
160727997
150711929
161741577
151727256
162187047
152171155
162236242
152220050
162629376
152611004
164103831
154088253
175837870
165822787
166337956
156322021
167095355
157079732
147071228
158294274
148284212
159131427
149119652
160279924
150268402
161749930
151743356
162463970
152455589
152814234
142803899
164260794
154250842
175681416
165669834
165872071
155862669
177697275
167689614
168468516
158457889
170297353
160286221
150271077
162282296
152266601
152583547
142567499
164380915
154365214
165173167
155157168
187713226
177698674
167685573
157664777
168821422
158800157
169729803
159708752
149695538
150255751
140881068
161600212
151585766
152007794
141997609
163050375
153040865
163911840
153902059
143884603
166315098
156300564
146287977
157054007
147042482
158109966
148099141
138081237
128069820
118049436
128625472
118611508
140183751
130163872
141617543
131601274
142159974
132143519
143821286
133806102
134316377
124302342
134684173
124664179
145562806
135547180
146669751
136652565
147920651
137901728
127890668
138258672
128247945
140027157
130016876
141156994
131148390
142148925
142084884
143450842
133440423
133845469
123838358
144472225
134454419
145799968
135790359
147381304
137370124
148479183
138468019
128453048
139179010
129160012
151519746
141495731
141969923
131953646
121942891
111923980
124223533
114208394
125660982
115642543
137557840
127540958
127789670
117773729
139568105
129544941
139972496
129959534
119948979
131494549
121486221
132262846
122250382
132514362
122499050
133668430
123633047
134236059
124202519
135111316
125078246
136076801
126056776
137396415
127374213
138551990
128523890
118495400
130473320
120445979
132430384
122413083
133142880
123126513
133995011
123975862
135030389
125002821
136618284
126578893
138683475
128641533
139467272
129416518
140744905
130707166
120676867
131099329
121071764
131981062
121958131
132636244
122619413
133819678
123805974
134443616
124429842
135637483
137181263
136328405
126315992
136796241
126787948
137889884
127879574
138619932
128607643
129987480
128981983
118963513
150765866
140749890
130741098
132564257
131689323
121672922
132264543
122253509
133352103
123336511
134008536
136608534
134661592
137996210
136008303
125991859
129162947
127195828
130126266
128079181
118069451
129197344
119187854
130305746
120293315
131754436
121744568
132378885
134363029
133649839
123640344
134038022
124029035
134736854
124726571
135915175
125904829
136765762
126753440
158931719
148922695
138906040
128897009
118874629
130042502
120025904
151514975
141501327
142936416
132919588
165217334
155201892
145191667
135174069
155936876
145914390
157214867
147200884
168793415
158776896
159334316
149317894
139308966
150408484
140398985
172398501
162388013
172420272
162405858
162361628
152351431
174017928
164010771
164702770
154693027
176838265
166830057
178484620
168468706
179354288
169343093
159323507
159756994
149735029
160885524
150863584
162339534
152320930
163127518
153109877
173594494
163562933
163754560
153724165
164788646
154764218
177737879
167723370
179023230
169007244
180141334
170121438
160103496
171108331
161085460
171827440
161804217
162267789
152244326
162621871
152601418
162838873
152809683
164003659
153989472
164524696
154495758
165550109
155531079
166707217
156694058
167601002
157582990
147556501
159082869
149064894
159719498
149703339
161577464
151558778
162764422
152748246
163706536
153690140
164845485
154827642
166481031
156467012
168573524
158556112
172583816
162569076
171230198
161214243
172121127
162103225
152092129
163367238
153356984
164771572
154761195
165681027
155671014
166895175
156881921
178567715
168559921
166981467
156957213
167819249
157811119
168770950
158762747
170036894
160024843
150007934
160697950
150683378
162127122
152110391
174816636
164798358
165372883
155355481
166560637
156544971
178744360
168729393
169223746
159206446
181332477
171316798
171827293
161808868
151798214
141781909
131771564
142794378
132783622
143600369
133585474
144778297
134767404
145732981
135722365
147192709
137182952
149082929
139073010
150507564
140496065
151864864
141856527
153405007
143394722
154572452
144561805
134546935
146081322
136065398
147494114
137477941
149014217
138997043
150621535
140605003
152296996
142282499
153206570
143157459
154363730
144327750
155956126
145939815
156793235
146777335
136766613
126752126
126564479
127879744
117869606
128889082
128375441
129702539
119692230
130821511
130446328
131846064
131555632
132873470
132491556
133969486
133485266
134674925
124664945
136198635
135766613
137138834
136852200
138239208
128229443
118212769
129158449
128794608
130196102
120180141
130694093
130862789
132244181
132425499
132685063
133860468
134041599
124025987
134797294
135572197
135862600
136485852
136509268
137851498
137946528
127930757
117921811
128787552
118777482
130192726
120182714
142180795
132170690
142764882
132754408
153456692
143448725
154678376
144672044
156597325
146587738
146690414
136680136
126663269
138132109
128116296
149902761
139886721
151730826
141714894
174054266
164039897
154029136
144011865
164798500
154782357
156035924
146019976
156605812
146590032
136579761
126565478
137608579
127593264
127308833
128708624
118700027
129096715
119086698
140895949
130885908
141768190
142698260
143106680
144336030
144521804
145502141
166900954
156891385
146875218
147066466
147328612
148727223
147959647
137949804
140418770
159910100
149893801
160436146
150419975
161203348
151189063
141178598
133081003
141845575
133531991
143573363
133554284
144841061
145971069
145636936
146662367
146230556
136214804
137636632
137014351
127006093
138169682
139448292
138858263
140769690
140283743
141679543
141082353
131072110
141970441
143395171
142752655
132742824
154788245
144778492
134764306
124754334
136052636
147346988
137330775
148353976
138337719
148972638
138956996
149966526
139952187
140140525
130124709
152031077
142015008
153625676
143618453
154576377
144560648
155545057
145531237
157111130
147095804
137085579
127069398
117060473
127932460
118425149
118438939
108429117
130476239
120467249
131475043
121465461
132984338
122976327
133672512
123662660
135020442
125010567
135937690
125925831
136933008
126922089
138253106
128243624
118224515
129370542
119354475
130839660
120825463
132131203
122115332
133890247
123874359
134838893
124823262
135853990
125838743
126479453
116465427
127517900
117501900
139275437
129258655
119249311
130439756
120429545
131339278
121329272
121940614
111929897
133956171
123947084
134525817
124517685
135833798
125824123
125997285
115988057
137750039
127740329
117723983
128904735
118887657
129921175
119904140
131851105
121833601
133557737
123543516
135767889
125751114
136527171
126510224
126811950
116796075
139742396
129726427
141248010
131233814
142402698
132386882
143378880
133362041
123352993
134845002
124835086
136852170
126842526
127998792
117989207
140373164
130363278
141379706
131371689
141827101
131818188
142777106
132768036
154653978
144644638
156597860
146587789
158185072
148177078
159362828
149352878
139335949
129323287
119299833
130475852
120448453
131394889
121374942
132583123
122566406
133997081
123980897
135007451
124993969
136206063
126190850
137157738
127142301
138157992
128141938
118131620
118571715
108561667
129728066
119717883
130813186
120803360
132385423
122377350
123000347
112990286
155205207
145196082
135182353
125172262
136126875
126116945
137241428
127233695
117216619
148736347
138720836
139370237
129405781
150858521
140842748
152064440
142048471
153045934
143029894
153909052
145010383
155535866
146413505
156488878
147493508
157485029
147466041
137457306
148417218
138407110
149362035
139352048
150471263
140460388
151176906
141167167
152561294
142553193
153156776
143147032
154126869
144117392
155135691
145125928
156027236
146017441
157025553
147017401
157905078
147895598
137878710
149288579
139274206
150272716
140931050
151061553
141046041
152094354
142077539
153299161
143283678
154499561
145660558
155618680
145603143
156166357
146150808
157424505
148969982
158533443
148517329
140501397
149699099
141691404
150435687
140425915
130409419
123032439
131496268
121486147
132785046
122775289
134243189
124233349
135488045
137713738
136052812
126044625
137323751
127314047
117297665
128290598
118276223
129032262
119016432
130022642
120006882
131149860
121133333
131884638
121869164
132851489
122838328
134050600
124035663
135171891
125157526
136347188
126332422
137511727
127496707
117486575
128281136
118271927
150128176
140117869
130097227
120085361
130919523
120906015
132211443
122200596
133317173
135999291
134373089
124355846
135071917
125056883
135819559
125803892
115779523
126955967
116940726
128109807
118093926
128606891
120528169
141189030
131172988
142302225
132286128
143388346
133374174
144312210
134296666
166897822
156882596
167476102
157460722
168542796
158526927
148516658
159625099
149615208
160809210
150798998
161200803
151192810
162687761
152677786
142669774
132659480
164816384
154807017
165775117
155765451
167218223
157210125
168029170
158016232
169438996
159428873
149413588
160280294
150263806
140253338
130236712
141155336
131138918
142450066
132434281
143856861
133842417
145121932
135102877
146390659
136374872
146529755
136513788
147731735
137714263
127702103
159577139
149567505
160574678
150564844
162369639
152361355
163225862
153216231
164046484
154036504
154765639
144755778
166067772
156058433
167405551
157397599
168223136
158213218
169707410
159697183
149682765
160747180
150731105
161694628
151678756
163068254
153052641
164665261
154649353
165695814
155681681
156092371
146076387
167422019
157405997
168871827
158855931
169686229
159670464
160298634
150286801
140276473
162068004
152298182
163574812
153566766
164276880
154267161
165275120
155262210
166080891
156070799
156363196
156533998
167525562
157517480
168756601
158743563
148727703
159589057
149574807
150113573
140097815
150947872
140932272
162176313
152160615
152294297
142286273
163847295
153833443
143823019
133807107
144967478
134952365
146408587
136393171
147533246
137517117
148520978
138506828
128496423
139193523
129182643
161314755
151306364
141289978
140840923
142127015
132117137
143221928
133212446
144192709
134183391
145380014
135372498
146349618
136340816
136956732
126939416
116922786
137746537
127729715
138895041
128878143
140291114
130273945
141009182
130992495
141908948
131893383
142977979
132961891
143958853
133942584
145041259
135024818
146026496
136010432
147141808
137121978
127110600
138516040
128506068
161119980
151110952
162542233
152532594
142515211
132504208
143253897
133243660
144930226
134919933
145693770
135685087
146980475
136970524
147820452
137810303
127795216
138364023
128313064
139172800
140526399
140190833
130173368
140967460
130950608
163569367
153554515
143550538
133533651
144891590
134875826
146192640
136176088
147475226
137458889
159651192
149636741
139626044
129608077
119597096
131137612
121128854
142715650
132704588
155015183
145004700
145556060
135546920
146789656
136779077
159411138
149402927
160280598
150271161
140254062
141268235
131253151
152229831
142212797
153363348
143346707
143366103
133349184
155081229
145064978
145813126
135798377
158673704
148655393
138642457
138915525
128906665
151263801
141253607
152442938
142432831
143561096
133550623
155416692
145406480
146055417
136046908
146968201
136957930
159341318
149333564
150016560
140006373
129988995
142418644
132402069
154247151
144230465
145433438
137088426
157487601
147472865
148411260
140949829
149576286
139560597
151437545
141421694
133761705
143394201
133383859
145070497
135059758
157354769
147344841
147754524
137746212
160303780
150292158
161608895
151587182
162868805
152858689
164514101
154503531
144486099
156488625
146472278
158176408
148160572
159777940
149761890
161729948
151710655
163352164
153335959
164396706
154379566
165379697
155363536
145352535
135335492
147256497
137240133
127229304
138645733
128637741
118620584
108610679
120558516
110548090
122255482
112245178
122919699
112909216
124393841
114385342
125139304
124927268
157921391
147911639
137896776
148984096
138968353
128957666
118940059
119954623
109937895
141901540
131882557
142581171
132566288
143697285
133680480
134833873
124817417
135446427
125430669
146245122
136228088
147762553
137747582
127736238
117714216
118117512
118244349
108234932
119283201
110779944
120239947
111684142
121248992
112840205
123286210
114881395
124421653
116975019
126297079
119068662
138709929
128695270
129356637
119345827
112988149
120423839
114175984
132624999
122607689
134373419
124356866
136008776
125993737
137478130
127461982
150598137
140581291
141455663
131438614
154245367
144228900
134218389
135254358
125243827
136662437
126652352
148979600
138971065
140027509
130017249
141690333
131679891
154007552
143997420
155123313
145113153
135096232
145984469
135968156
147231912
137215770
148394799
138380145
149306588
139290041
150320099
140303273
151295712
141278847
152114213
142097541
153287280
143273116
154366272
144350461
155490407
145474850
156296534
146280583
157590550
147575334
137564925
127549604
117538733
128293496
118283379
129403092
119395036
130671678
120661774
131938756
121928666
153282496
143272652
133255022
123243901
134637621
124629819
135573978
125564288
136372477
126362951
137747772
127737711
138484212
128475559
118458395
129150166
119133580
130252474
120236081
131038063
121023835
131978248
121961380
133031080
123014548
134538105
124522401
157147912
147132698
137122248
127104325
117093511
128064400
118054149
128920245
120216779
130207617
120197371
130793633
120783317
131799578
121789009
132945872
122935826
134074072
124065706
134655208
124644882
114624790
125989311
115971967
127300012
117283390
127628507
117611720
128780531
118764032
129850005
119833098
131138823
121124126
132291098
122275246
133142268
123127249
134091871
124075986
135579238
125561057
137113801
127099682
117089082
128036706
118023627
129420606
119410322
130853847
120843560
131726785
121716766
132902747
122892516
133752113
123742304
135446943
125439031
136994202
126984152
138089275
128079620
118063929
128774477
118758087
129556730
119540297
130601975
120585639
131938599
121923864
132987916
122969876
134119463
124104196
134746630
124731181
135998398
125981895
137377738
127329806
117316166
128052355
118042545
139116603
129106562
140359216
130350717
141610230
131600310
121582299
111572030
122891424
112879512
124172440
114160322
124951159
114942248
146877960
136868154
126851662
116839947
128119044
117974680
129170500
119156380
130540291
120528395
131606437
121593328
111571895
123634160
113615096
103601271
93579559
125246407
115225935
126595852
116574979
127642316
117621709
128634149
118615762
150886979
140866613
130850455
120825054
132306012
122293386
132865359
122845814
134148011
124130653
135409272
125389526
136085175
126059127
137407013
127386219
117372032
128271634
118258351
129351570
119338438
130102216
120088724
131062895
121050556
132292346
122279019
133158000
123145291
134392073
124379186
134906898
124893881
136007495
125995944
116544393
126707645
116687602
127987939
117969646
139787661
129768124
161910942
151858546
163324856
153305306
143290747
133269692
143924601
133913150
166649709
156631128
168213439
158192542
169472673
159452537
171065857
161046364
151031431
162291020
152275609
163000166
152986114
164102645
154090270
165724292
155709763
166871924
156857962
168471165
158457753
169314017
159300074
170913354
160901902
150880752
140866849
130842411
142389143
132370201
144008372
133987811
145061659
135040746
147002462
136958840
148715648
138693343
150006185
139990795
151195076
141178480
152277619
142261917
153983213
143966847
133956039
155818541
145808338
146607199
136594995
148099525
138089552
150217167
140208632
