48105225
42129098
46727048
42117319
46740546
42106622
46747111
42107022
46766300
42121613
46810458
42123432
46815150
42151406
46795548
42177169
46799733
42169630
46816882
42148233
46793414
42158366
37657766
42164531
37644251
42154715
37144701
42145185
37608130
42142141
37626981
42126374
37631924
42128973
37667381
42116258
37122525
42117265
37661178
42151971
37155478
42153391
37666984
42161494
37159559
42163123
37663106
42173795
37675670
42165567
37652349
42164268
37169759
42171643
37657799
42176249
46753278
42186121
46761850
42196828
46773933
42209485
46769794
42203846
46753808
42246410
46767955
42252898
37253033
42273395
46762718
42280886
46766838
42314117
46336286
42322391
46328861
42346026
37330771
42334576
37340827
42340882
46802598
42357458
46773682
42361645
46767913
42354035
46739645
42391041
46774814
42400860
46747642
42397079
46778889
42393513
37398135
42397536
46765801
42393522
46749046
42395782
46744740
42403917
46747140
42396676
46756069
42398379
46749737
42397223
46733098
42387847
46746974
42422592
46768233
42431179
46742663
42407536
46752067
42403773
46758299
42406409
46768994
42409216
46767526
42420916
46761348
42418230
46744470
42423581
46760324
42428756
46746739
42444147
46745664
42451488
37466976
42463927
37958779
42472632
46738647
42466683
46251796
42466571
46310525
42474133
46281974
42469515
37468091
42467427
37959706
42492331
37949657
42488506
46743687
42486211
46740704
42489131
46762090
42483531
46755978
42476973
46753577
42482154
46760326
42496240
46758361
42490689
46750578
42489784
37970540
42491782
37497439
42491802
38007735
42493796
37501629
42495493
37996689
42497194
37494093
42511572
46763464
42499567
37495031
42494665
46762273
42484521
37491473
42484547
46755603
42489940
37493512
42491856
37992794
42492784
37983693
42501519
37494713
42489152
46225143
42489385
37992287
42521071
37511614
42520860
46767122
42494674
46773867
42503015
46782933
42511583
46782376
42493291
46780573
42499616
46760737
42498026
46767713
42520295
46754176
42515707
46775292
42515192
46787063
42536563
46773161
42545592
46794364
42569478
46799910
42567687
46793722
42597748
46802590
42636092
46794210
42631670
46808280
42649298
46812050
42674258
46804251
42675367
46810642
42698126
46812781
42726872
46825184
42735420
46829466
42728955
46823083
42736657
46834779
42739800
46814938
42745246
46842193
42753961
46826895
42756356
46822172
42755808
46810906
42748980
46801634
42758889
46811848
42766780
46799908
42769248
46807483
42772721
46798409
42770153
46815174
42755400
46795379
42756901
46825187
42770713
46804862
42756076
46790043
42759186
46766986
42768455
46792694
42793245
46818101
42794517
46832919
42780538
46829880
42778314
46878746
42771197
46870995
42797646
46887170
42784390
46918219
42773939
46915564
42777101
46955848
42779255
46960215
42760662
46987335
42758681
47042981
42783151
47066088
42786205
47070259
42779731
47086996
42789746
47126099
42797921
38319277
42790776
47178325
42808177
47202437
42808876
47193234
42805901
47255177
42811138
47241957
42823861
47326604
42802703
47327157
42791664
47336086
42804282
38289340
42803488
37799818
42803797
37856023
42852234
47053256
42870905
37901778
42897292
38332553
42927294
37920505
42942660
38364490
42958811
37981192
42997389
37988103
43031118
38459484
43022132
47213693
43042344
47258130
43046838
38511927
43071138
38108994
43105918
38552790
43110407
38108372
43115522
38576766
43131256
47337721
43170518
38625511
43181843
47378339
43203520
38202300
43206113
38662640
43228030
38632616
43260231
38752688
43314380
47454342
43310514
38747190
43348621
47560438
43384251
38850832
43455892
38854721
43466644
38904314
43459130
38959858
43518460
39019599
43521661
38533169
43539734
38534681
43530871
39039464
43542047
38547897
43557860
39047677
43569298
38571986
43579887
47776403
43596391
38599103
43606462
39074993
43602347
38610962
43607737
39084207
43664643
38673701
43664387
39107730
43674706
39116851
43695999
47884630
43674730
39117758
43728571
47909316
43743924
39149045
43803854
48038306
43833399
48036574
43838604
48049890
43857813
39324240
43891449
39324547
43908740
39363902
43944321
39399998
43963256
39405319
44003375
39448983
43980109
39456302
43999096
48189250
43995726
48188146
44006178
48218215
44025603
48253887
44034337
48257563
44051523
39520810
44065314
39540343
44082083
39521043
44107581
39547319
44132368
39584167
44156060
39587328
44183539
39645436
44210280
39629495
44252616
39670736
44272940
48477233
44296086
39752291
44297970
48531924
44350283
48566369
44371737
39423544
44451835
39444628
44455152
39448605
44458088
39482625
44493916
39481447
44500129
39502050
44493642
39503905
44520355
48754750
44560150
39544992
44544876
48801945
44575856
48845587
44623886
39673324
44667419
48872032
44698958
48927982
44701078
40178244
44731840
39754633
44754345
40219949
44756094
49808233
53992401
49028484
44854620
39825253
44832237
39836288
44825274
39823874
44841180
49054393
44869162
39863403
44856952
39882190
44910883
39947921
44928894
49150255
44960507
40439249
44972872
49192664
45017899
49217954
45037554
49244441
45054256
49257996
45056037
40052182
45060814
49266016
45054585
40598648
45058880
40599214
45102450
40103130
45117543
49313205
45107948
40099152
45125107
40127165
45120626
49708731
45142932
40145721
45140511
49708907
45148592
40152830
45151053
49680971
45164457
40165815
45157990
49324269
45161176
40154830
45158826
49319871
45176959
40193932
45177048
49324881
45180549
40179568
45184023
40182048
45180256
40696216
45181901
49739964
45178630
40649662
45139177
40630444
45126561
40639908
45119385
40121764
45120502
40663649
45138333
40109835
45104855
40121822
45126055
40137206
45127797
40129203
45142121
40136272
45134192
40138709
45139218
40128670
45123438
40121932
45132022
40126365
45119657
49265084
45123008
49273590
45111655
40098300
45112447
49252783
45104364
40091343
45101018
40639819
45102203
40089860
45112865
40090978
45116881
40104163
45102386
40099216
45112105
40120149
45120862
49213106
45110596
40082734
45106775
49211897
45126011
40114248
45115196
49222954
45118197
40114024
45109386
49226404
45130752
40126676
45134385
40669486
45148182
40154798
45141242
40704564
45151499
40705286
45169699
40698911
45149379
49301284
45163435
49395802
45214681
40720773
44403602
40227446
44418528
40231992
44417384
40268320
45275726
40764297
35740602
40308189
35762910
40338964
35810121
40376346
35850810
40403638
35886214
40409284
35859848
40427792
35866505
40420229
44617838
40425027
44595750
40422677
44636540
40899184
35872865
40434538
35883932
40461871
35869909
40424291
44585930
40377765
35828958
40452829
35847803
40390424
44582821
40388254
35851313
40408377
35871255
40454582
44652911
40500847
35955294
40532369
35946848
40525851
36008829
40549483
36005215
40596003
36046044
40613026
36077828
40618904
44850565
40635215
36112654
40687658
36150061
40691817
44909201
40745270
36170618
40741586
44940160
40750622
44971962
40776181
45007763
40781150
36253411
40797748
45062223
40819778
36253196
40847326
36247656
40879271
36278714
40857405
36299846
40891875
36315865
40898675
36334543
40931703
36386862
40953545
36397833
40993973
36410812
41035311
36468343
41067174
35954961
40518398
35969682
40544770
36002747
40546890
35997667
40560699
36043175
40596955
36048580
40603328
44847778
40644205
44889768
40673664
36106983
40682210
36153290
40734398
35737132
40760141
44936559
40758291
36270798
40768883
36272373
40782151
36301577
40806554
36269563
40816450
36270057
40820079
36321206
40851282
36322814
40856765
36299160
40897311
36321240
40904844
36365159
40912674
36422864
50097127
65558951
60543829
66447317
51097199
46541684
41523487
36073700
41087897
36084272
41090661
36099194
41102222
45317546
41116749
36635638
41113373
45349829
41148857
36167579
41190947
36684642
41188124
36677876
41233485
45823255
41267569
36294311
41308673
45876414
41348792
36809132
41349808
36818027
41427195
36862322
41428240
36884184
41451541
36906364
41488843
37019298
41533965
37063546
41562715
37067404
41582786
37051360
41589775
37040595
41603958
37107425
41671045
37176010
41727938
37215519
41757147
37235514
41746568
37240853
41772194
36756214
41769270
37274412
41789925
37301519
41801444
37311887
41816015
37328320
41886268
37355855
41921598
36923074
41940660
36954202
41961711
46176690
41977964
37475042
42004428
37475605
42055140
37528252
42086141
37617090
42118818
37599426
42150970
37670012
42169823
37686617
42183445
37724263
42237709
37742573
42282012
37765508
42274480
37772401
42295412
37799384
42344371
37822153
42360930
47863540
52828871
57067270
42920948
37942577
42490654
37996693
42516586
38019524
42508593
37999417
42522515
38016120
42543343
38014483
42545030
37995634
42568011
37993214
42563820
38035821
42604359
38047065
42630419
37665002
42675512
38193821
42693777
38232615
42720112
38227314
42722746
37756282
42766812
38252997
42793309
38267828
42794863
38285580
42849603
37835745
42856849
38299716
42887356
37883578
42914564
38397963
42940836
37945106
42956518
38409943
42986987
37984000
43007312
38504333
43040199
38065971
43061759
38587416
43074264
38097384
43114579
38584627
43136156
38135035
43152886
47338205
43173607
38202989
43214447
47385292
43241615
38665100
43254413
38741627
43252666
38258071
43270709
47860414
43292392
47906885
43354829
47926708
43356748
47943345
43382140
47985531
43445666
48017744
43474216
48066949
43503872
48075400
43509728
48109711
43551132
48557711
53190200
48183585
43603402
48175445
43626051
48182236
43621463
48226327
43673893
48249808
43686728
48292547
43735467
48316582
43757627
48333894
43796318
48346739
43803317
48386127
53384406
48423375
43858610
48442290
43889097
48462642
43922929
48499702
43948530
48526356
43973359
48515577
43967569
48540404
43972134
48581091
44001124
48600916
44030528
48639563
44093383
48665164
44124304
48704753
44145450
48736109
44161330
48755056
44184014
48782124
44239033
48838674
44261769
48825925
44273217
48814962
44289013
48840184
44309004
48872267
44327931
48912043
44353061
48938387
44379204
48936556
44396373
68974689
54024638
49052755
54058013
49083634
44479292
49086439
44522676
49160982
44528713
59179695
45053445
49138276
44608711
49142303
44614257
49163277
44615643
49178502
44624418
49189566
44645612
49240922
44646829
49282998
44653066
49259444
44669590
49312822
44684351
49355314
44697688
49374156
44756402
49423553
44754837
49433419
44755170
49434290
44785861
49451261
44787715
49487064
44826793
49508352
44851713
60333150
64544589
60390404
54611579
49634140
44986649
49652189
44988827
49662938
45014875
49708221
45051978
49698909
45063076
49712518
45075081
49747295
45085932
49763433
45125076
49797900
45145545
49796095
45138541
49803524
45137640
49818796
45187154
49840431
45184757
49847894
45194029
49830086
45197270
49852393
45206793
49836000
45210938
49825858
45228543
49851013
45230098
49844739
45240058
49839160
45251268
49832788
45241462
49864410
45238968
49853014
45241777
49862957
45242612
49853081
45248405
49860023
45254049
59877925
55787693
49903889
44863841
40305245
44858341
40302414
44878411
40326574
44858277
40341555
44851026
40338852
44879988
40327012
44885548
40342366
44910386
40362153
44941448
40386239
44947065
40397461
44946321
40398567
44959088
40421724
44932473
40447625
44918118
40450428
44920642
40460297
44965148
40453898
44955447
40461396
44962827
40452506
44965558
40461254
44973787
40465542
44957284
40476515
44964925
40473786
44984929
40470160
44984157
40473460
44991348
40478746
44965889
40490697
44983373
40493420
44981736
40495049
44999038
40479257
45000010
40481191
45010145
40479375
45007282
40513355
44998403
40506971
45027367
40494664
45002979
40498995
44999453
40492396
45003120
40499861
45008866
40501741
45030006
40504735
45020948
40507201
45022590
40505301
45026769
40508511
45006724
40507804
45038135
40500967
45031447
40504391
45050500
40502609
45040887
40493887
45058163
40490052
45068886
40520666
45060256
40519097
45065837
40536903
45059553
40543765
45073721
40535808
45068313
40545305
45099766
40547710
45081365
40558904
36088599
40565238
36082085
40574876
45081422
40573243
35588148
40575858
35583957
40579853
36101842
40583652
36096347
40598095
35595826
40592739
45091123
40599431
45078030
40611161
45094014
40614782
45108389
40623018
45104444
40636242
45107142
40617811
45104595
40617066
45079531
40618381
45097933
40619298
45119003
40615243
45095071
40644300
45099382
40623118
45100844
40613019
45094409
40618127
45084880
40654046
45095733
40632969
45092516
40664888
45085295
40663992
45072944
40663268
45103420
40673223
45092622
40685192
45091941
40690820
45105469
40703725
45092107
40725569
45101473
40713188
45108474
40702761
45077483
40717773
45081678
40725414
45105075
40733405
45091532
40736041
45089866
40742349
45119114
40749439
45096956
40752742
45103533
40758325
45097905
40752119
45100545
40760437
45091687
40759380
45094702
40759957
45087957
40779001
45078715
40773975
45125528
40787815
45115615
40783095
45104445
40784406
45111082
40788021
45131132
40795989
45134288
40817200
45116991
40814909
45097321
40822085
45110864
40816740
45152390
40832321
45138231
40820307
45151233
40834198
45153575
40827386
45152238
40839757
45160580
40836823
45147993
40868237
45161955
40870135
45179738
40865315
45177958
40874128
45195239
40876369
45181395
40884335
45171710
40900268
45183145
40903829
45194663
40899969
45180155
40910779
45200179
40921065
45188189
40914372
45214721
40912518
45199861
40901408
45192711
40908302
45206415
40921888
45194619
40913239
45183806
40936274
45207249
40949000
45216842
40959726
35958092
40967456
36430411
40969514
45223476
40989994
45222100
41000047
36010313
41016770
45216659
41017104
45216150
41024010
45208575
41034936
45222383
41071574
45228944
41102217
45247830
41106247
45235518
41115013
45232507
41138169
45243221
41129323
45243015
41165965
45238006
41170751
45227382
41161328
45209145
41177308
45224887
41178082
45212481
41184364
45191389
41168332
45205256
41196969
45165904
41139678
45166740
41132589
45231237
41199697
45223677
41185429
45227309
41183218
36730775
41185223
36740356
41191535
41206315
45252199
41218496
45264712
41221261
45266887
41231949
45254555
41224340
45243267
41239023
45276243
41231063
45263011
41228856
45266928
41231687
45268302
41222490
45265725
41241942
45293071
41251609
45292261
41246679
45291401
41255097
45303666
41263885
45315267
41259099
45311797
41277291
45310783
41282848
45333271
41290419
45341501
41293706
45354317
41305231
45340175
41302908
45347669
41315688
45345831
41316500
45364885
41326334
45366854
41335006
45358460
41346420
45359254
41348122
45374209
41359328
45379792
41359693
45370436
41355175
45384132
41369040
45385392
41377639
45389815
41381891
45409727
41397296
45394019
41387888
45398866
41397237
45422555
41396203
45444333
41361074
45428782
41400492
45436068
41405813
45430913
41407776
45422022
41400095
45421543
41397526
45433709
41395368
45435704
41387255
45449389
41390758
45444849
41400025
45455513
41412340
45470992
41418469
45469439
41406880
45466060
41411183
36406184
41424746
36942438
41364363
44940298
41377524
45018282
41374829
45049869
41382418
45085867
41387336
36950615
41378401
45120648
41394143
36942435
41399988
45634893
41414918
45674130
41419286
45692342
41434699
36959176
50749236
45759036
41466432
36966212
41461443
45766629
41481255
45770412
41489533
45823511
41483173
45853925
41498340
45840439
41485430
45869623
41491318
45854039
41501947
45866212
41501472
45888020
41506706
45944212
41500673
45943403
41506111
45972089
41513087
37058295
41518232
46051092
41524910
46096068
41543002
46115790
41543700
46114779
41606762
46163037
41580160
46200408
41591644
46223833
41609231
45763782
41611505
46240813
41617521
45794578
41653198
46263460
41699535
56271453
51290293
46339417
41741569
57238451
51355259
46369569
41791012
46426066
41782982
46373300
41791507
46370900
41801016
46413693
41834562
46421439
41835918
46422095
41816271
46415788
41844475
46431632
41870137
46476521
41878982
46497085
41906843
46488588
41920063
46517203
41953844
46550608
42025885
46546910
41984737
46658120
42019705
46620169
42035992
46657902
42081139
46675552
42104439
46664638
42112017
46673364
42133043
46700351
42168819
46714040
42169832
46718339
42176218
46767976
42215211
46778935
42293018
46874625
42301473
46918758
42302753
46907457
42323986
46927463
42352902
46939185
42386544
46965963
42415845
46990783
42439507
47015721
42428705
37913747
42441036
37900732
42481897
37960474
42488701
47103813
42513307
47132816
42546187
47156810
42552905
47155032
42573270
47187238
42607745
47233751
42658279
47253491
42677897
47285326
42703795
47296584
42729699
47346255
42766116
47422294
42816630
47409276
42835750
47435741
42864259
47443782
42876728
47479790
42886297
47504198
42930981
47103829
42934043
47521216
42968539
47542601
42973404
47562049
42979889
47597082
43009984
47588460
43032391
47587505
43034810
47658304
43039570
47665046
43066682
57736939
52724150
47738846
43125453
47756832
43183524
47777193
43198920
47803072
43194513
47841129
43236154
47855712
43258033
47866726
43286719
47893921
43327108
47921603
43322216
57935132
52975694
47999913
43382774
48043734
43461911
47607113
43483471
48102644
43508089
48131957
43544226
48128154
43584078
48153786
43601238
47729252
43625395
48191735
43622064
48197922
43619435
48211787
43632887
47768173
43642031
47845716
43644572
48273087
43655181
48300370
43658377
48309758
43672442
48322345
43693886
48369319
43798361
48372964
43788072
48409729
43831770
48451473
43870871
48450197
43884912
48473032
43876923
48498231
43901486
48533458
43957003
48543680
43969782
48580217
43983269
48601347
44012553
48167659
44047162
48617445
44069030
48600065
44072846
48651431
44090603
48683643
44102798
48717246
44124556
48305307
44173909
48766030
44202233
48806455
44212471
48850489
44265314
48893173
44288251
48448754
44319792
48921444
44329820
48912904
44371006
48941538
44363505
48961126
44367865
48998315
44425384
49016618
44453946
49048250
44460240
49054963
44477400
49058904
44478296
49059405
44479965
49060678
44486655
49068455
44484063
49076039
44486007
49080174
44487155
49092167
44489912
49103348
44530114
49124034
44535479
49122394
44532371
49102624
44565962
49122080
44565441
49119293
44567805
49099527
44563530
49081357
44565798
48630806
44578166
49143156
44589561
49119828
44595705
49126288
44584625
49149047
44577920
49138901
44585229
59143145
54137578
49169456
44614428
49157631
44625131
49153780
44631548
49154944
44645899
49162217
44666350
49197277
44664145
49191793
44665118
49193772
44663331
49188067
44671620
49216575
44678480
49212740
44685312
49238030
44682779
49235046
44681562
49237544
44687551
49260101
44692860
49248143
44698681
49210242
44654528
49204107
44663088
49205932
44662517
49197727
44684278
49241992
44682289
49252613
44691972
49248521
44711919
49262804
44700187
49252968
44699228
49253840
44719488
49272902
44713432
49255476
44722001
49264470
44717979
49256968
44716242
49253518
44723500
49261111
44723345
49300658
44743279
49290059
44744297
49305532
44754301
49311084
44761693
49313727
44770468
49312298
44779436
49312489
44784641
59291069
54303260
49298454
44773277
49302163
44779139
49290715
44787111
49287393
44796174
49310702
44801148
49323719
44808984
49305070
44799814
49316402
44799063
49320412
44788292
49327923
44804533
49321192
44815203
49307497
44808988
49317652
44812628
49311478
44816797
49323143
44835804
49307532
44811605
49386375
44870847
49411110
44881781
49364484
44862567
49380650
44877638
49392947
44886970
49391808
44875860
49389755
44891365
49396744
44894789
48852834
44898778
49413904
44926347
49400965
44917356
49400597
44905525
49392155
44897195
49427518
44893966
49418234
44892528
49406636
44914086
49445913
44899299
49427157
44941951
49414334
44948062
49439075
44955925
49440299
44957350
49441977
44954288
49449309
44959893
49448281
44978101
49460586
44949026
49476831
44972413
49513555
44984356
49514260
44983377
49475996
44995054
49483314
45008908
49487443
45017530
49491313
45013829
49489178
45017390
49492485
45042504
49505894
45058956
49519684
45044804
49515007
45032778
49512599
45057915
49532634
45044683
49538412
45040663
49529385
45051469
49545083
45038547
49558900
45040767
49569969
45043062
49565036
45057725
49570401
45046388
49574358
45044042
49578299
45045381
49590847
45049145
49082223
45066521
49593848
45078552
49615688
45081155
49615123
45085754
49605334
45094190
49613557
45092895
49612857
45110147
49608420
45112442
49623489
45112122
49595120
45107045
49613755
45123570
49601810
45125549
49603929
45128356
49594613
45136024
49594817
45150941
49590171
45147365
49601277
45156443
49626993
45167180
49656855
45165133
49667396
45161147
49237185
45170442
49750972
45210607
49724853
45193287
49776064
45241959
49796500
44772794
40281527
44771063
40300636
44756176
40333772
44791712
40325939
44770936
40394842
44787929
40396450
44815446
40367494
44804541
40448174
44802732
40479649
44821734
40462536
44809394
40539261
44830103
40533314
44829520
40519719
44840338
40552402
44824280
40600027
44842540
40602058
44835664
40611182
44840411
40595129
54874232
49870264
44838822
40658429
44872752
40639511
44865089
40672438
44852845
40711655
44871322
40672866
44876604
40730518
44852385
40759394
44849867
40722828
44868161
40751748
44838792
40764381
44843170
40769241
44852984
40759998
44797789
40705072
44791831
40731415
44777325
40745953
44781369
40720751
44767193
40756299
44780390
40729043
44775080
40713720
44795521
40756496
44914861
40741518
44805423
40739803
44817145
40789512
44816667
40806334
44784912
40822956
44803384
40824174
35815913
40825126
44755234
40851401
35855286
40876188
44755628
40892956
44738779
40874794
44738219
40867436
44746435
40857692
44721527
40899618
44718467
40906490
44704063
40906350
44722059
40899379
44709953
40909859
44727150
40940595
44723140
40902867
44723796
40898003
44722124
40966486
35932766
40932094
44720310
43308696
35969835
40943032
44733102
40955614
44731703
40968581
44754969
40995810
35997226
40989942
44749391
41057639
35999859
41001328
44751105
41003252
44740273
41009752
44745578
40975530
44702373
41001136
44720990
41033819
44725724
41063615
44693188
41101312
44688560
41049653
44698352
41042267
44699202
41089299
44692805
41058214
44696846
41043026
44680126
41059432
44686524
41048014
44727894
41046892
44681362
41050223
44740554
41039528
44755710
41039184
44723809
41034485
36033485
41034809
44695093
41067975
44664892
41044740
44672917
41036901
44659751
41085092
44655064
41041957
44661883
41039331
44659323
41043272
44657210
41034906
44640547
41021165
44670035
41025207
44624544
41031616
44641338
41019930
44635582
41033106
44620763
41029978
44609419
41079118
44617025
41046521
44610938
41046556
44627346
41071928
44623261
41080795
36075115
41054939
44616795
41115724
44593977
41118921
44604364
41141573
44622199
41188029
44603925
41201820
44605622
41187405
44608082
41228006
44620799
41246263
44614825
41274719
44629721
41287000
44655889
41292323
44629050
41309217
44634540
41338224
44633648
41359091
44648099
41368191
44634734
41374496
44639323
41369116
44641932
41409045
44650497
41454969
44648832
41429256
44652185
41495096
44665777
41529212
44700174
41552186
44672293
41559038
44681863
41573303
44742366
41578542
44693786
41590064
44696539
41600038
44721800
41619222
44700278
41646070
44689773
41680771
44707972
41713933
44697789
41712090
44695527
41708522
44701971
41770839
44708708
41786668
44714437
41814860
44713723
41831576
44714357
41859213
44706202
41858130
44768983
41878524
44733123
41879362
44721320
41861550
44739226
41894755
44727202
41901019
44722913
41951306
44739285
41941666
44730535
41962859
44741538
41970967
44776157
41984505
44743342
42019854
44765254
42026411
44781190
42027259
44783042
42025092
44783162
42070157
44805712
42075153
44797476
42119255
44806681
42187390
44826085
42157465
44811611
42223965
44814424
42258484
44850573
42266278
44830703
42307994
44841468
42334898
44848595
42374533
44836549
42379412
44841489
42401878
44849030
42392045
44860481
42449259
44847319
42476256
44859588
42444776
44864596
42497330
44853907
42536695
44910131
42542437
44913628
42522729
44880705
42507228
44886630
42556140
44880701
42583115
44882794
42601217
44889065
42657048
44911316
42675240
44907150
42702283
44935419
42690920
44918293
42757422
44917771
42677262
44931891
42766233
44933738
42799924
44944131
42825103
44946991
42828064
44923505
42849948
44931104
42869185
44950877
42880292
44931398
42898736
44949985
42943384
44948572
42984134
44955423
42976023
44957559
42983966
44958973
42977930
44935313
42971052
44951573
43024921
44964067
43033353
38045320
43052212
44964617
43067974
44982549
43095304
44974156
43110229
44996797
43139014
45020609
43153946
45025399
43175627
45017638
43185284
45044336
43190487
45049954
43291907
45004901
43263707
45019238
43338894
45017155
43372821
45026968
43408202
45014990
43445164
45016242
43482576
44994382
43523411
44998953
43551454
45010245
43594052
44998241
43633650
45020369
43624178
44955471
43614248
44994859
43607549
44972500
43617889
44945133
43603107
44976895
43639090
44931269
43658997
44942684
43667264
44953436
43639595
44942555
43638679
44925469
43666765
44942066
43684725
44949229
43685697
44958171
43689025
44941071
43688098
44942013
43712777
44931662
43740351
44926169
43744320
44955306
43742737
44935111
43743090
44932707
43743423
44946281
43787018
44919341
43802546
44932553
43827678
44956448
43806637
44953652
43805429
44965097
43838645
44985560
43859439
44978113
43891441
44984196
43879928
44984440
43890628
44971618
43893133
44971041
43943718
44987241
43963660
44989164
43978806
44989247
43957787
45000942
43966494
44955555
44004251
44970833
44019481
44988958
44025769
44984860
44016291
44983325
43993534
44980834
44011387
45007343
44036577
44981905
44058778
44989130
44064425
44997482
44104077
44992579
44055711
45000535
44107405
44993523
44105226
44983091
44160491
44988263
44135887
45020975
44127060
44962226
44173939
44987812
44202362
44969763
44238881
45024331
44214954
44970271
44205110
44966115
44195221
44978354
44232475
44954501
44261952
44964100
44291419
44974675
44309768
44982180
44338264
44981463
44321466
44992139
44328399
44977740
44306946
44969496
44340326
44964012
44350794
44960407
44328922
44965942
44310389
44972944
44310878
44966401
44357316
45007935
44364211
44961587
44391179
44957327
44393861
44947443
44378610
44943779
44424323
44958012
44431970
44978822
44445800
44976384
44494937
44985352
44462974
45003176
44520311
44973623
44509019
44972871
44499670
44979943
44551484
44973832
44508111
44974089
44508304
44980813
44515619
44965536
44509739
44961648
44498748
44981398
44505449
44962010
44507946
44961101
44512388
45002406
44518324
44953892
44511400
44952844
44514015
44923643
44480308
44951604
44464185
44943420
44498172
44929579
44463519
44948305
44466818
44973802
44477759
44925179
44488350
44939247
44475881
44930091
44485336
47391493
44483758
44910609
44475556
44901439
44478763
44917991
44476376
44897410
44506975
44894691
44466265
44917078
44473167
44890057
44518020
44873807
44484812
44883030
44480642
44888223
44487584
44876074
44526343
44890673
44496618
44880070
44462463
44845705
44461218
44851314
44472618
44849990
44467542
44835721
44479881
44860891
44498494
44828912
44470685
44836049
44471313
44849758
44525861
44844448
44490572
44830375
44477228
44856280
44521669
44832640
44546857
44817507
44557673
44831580
44560395
44833389
44557745
44831549
44587148
40666747
44580449
44821764
44581141
44819651
44627317
44810825
44539810
44748919
44529445
44735911
44565991
44731664
44547115
44724457
44548562
44749158
44603801
44752659
44596953
44751843
44616783
44725793
44592518
44741969
44588026
44756695
44620010
44732947
44656930
44802179
44661253
44738403
44697572
44781524
44746264
44751310
44695597
44760782
44763746
44765057
44792154
44792729
44780738
44767890
44818580
44768033
44828412
44781543
44861664
44818038
44890380
44836825
44907661
44827633
44937499
44836390
44955110
44852592
44957056
44813999
45010527
44833742
45017483
44872042
45021177
44858895
45061507
44856320
45079343
44868745
45053086
44876205
45116066
44860153
45135802
44873545
45139043
44902335
45149927
44892975
45173706
44886526
45186373
44920980
45194097
44902516
45189934
44898533
45242651
44902693
45254894
44907169
39908581
40359679
39917104
40370990
39917003
40387113
39931626
40405503
39920300
40431325
39922664
40433212
39934926
40479790
39958827
40508444
39952008
40498098
39972376
40518848
39950846
40546710
39947444
40532188
39947229
40575905
39984721
40600808
39942217
40575807
39982072
40562277
39955559
40558642
39979342
40581977
39963526
40592642
39989270
40569639
39977384
40612064
39980914
40628768
39966487
40618848
39988921
40653440
39994014
40651225
40008781
40670042
39526872
40703523
40019417
40720483
39541897
40744617
40011421
40768470
39996539
40750132
40029546
40808184
40020922
40801939
40034736
40793632
40053097
40838263
40041840
40864745
39582300
40847669
40061939
40903609
39591481
40924228
40072789
40934374
39612824
40955693
40069744
40938176
39602390
40977534
40085473
41000755
39618307
40982920
40099204
41015147
39595069
41050818
40091854
41053198
39627622
41091240
40102966
41106647
39634217
41097222
40112373
41116738
40126546
41142551
40134800
41159808
40182257
41179804
40149936
41161689
40156027
41205898
40158432
41209140
40159028
41188352
40138200
41256492
40139693
41208337
40130376
41189130
39682618
41273961
40161330
41285170
40173419
41240615
40151219
41293158
40160095
41349821
40186177
41347282
40200131
41362866
40190998
41348782
40188727
41408042
40196911
41408723
40212774
41384036
40205618
41430674
40203943
41434795
40214970
41419246
40219781
41438699
40202121
41443995
39734455
41424943
40201812
41460336
39748041
41482039
40236991
41465330
39762204
41496011
40224053
41489753
40223124
41489543
40194452
41531473
39776097
41519713
40252416
41550469
40232632
41591523
40223216
41573008
40244140
41678252
40251644
41671143
40249282
41618526
40236015
41702361
40248217
41731556
40239582
41699684
40255760
41742440
40265056
41736852
40261848
41736930
40260884
41784982
40290044
41789295
40284974
41831056
40302401
41846904
40314882
41844237
40298550
41879375
40300038
41914696
40327958
41896923
40311650
41941515
40298594
41949129
40356141
41943975
40323350
41980249
40348086
41961076
40335961
41962121
40352118
42015368
40351130
42010050
40341071
42029522
40339613
42089352
40327936
42078867
39881062
42150817
40353732
42142773
40350343
42168944
40325204
42169557
39872344
42132192
40359301
42161941
39859006
42227171
40339575
42238422
39900677
42265482
40337904
42271994
40342149
42236146
40382524
42266758
40342592
42268343
40357626
42269599
40369822
42312261
40359587
42292889
40365926
42299433
40363976
42350279
39882816
42352120
40350482
42380020
39896235
42417983
40356614
42455548
39882678
42475924
40354022
42484254
39909309
42459405
40383052
42522326
40365715
42549718
40360594
42561458
40394024
42616511
40394366
42575471
40446957
42622264
40428435
42667663
40445708
42664079
40471804
42715171
39990753
42729719
40446201
42706721
38256121
42757630
40478476
42785022
40467692
42775514
40481048
42828160
40452508
42843991
40473649
42845012
40463289
42861553
40477398
42861327
40474976
42909955
40478823
42919668
40019734
42899814
40490130
42956920
40021904
42952528
40496656
42933393
40522401
42974666
40507815
42994669
40518523
42975387
40532990
43019077
40525432
43036970
40543831
43021323
40547011
43004524
40552181
43000048
40501282
42991089
40505870
43003351
40484810
42985503
40475068
43044716
40488904
43010414
40482477
43028396
40478109
43062104
40495850
43029201
40501789
43018596
40487330
43055694
40489914
43031105
40488779
43069496
40493334
43056403
40518731
43077482
40508626
43097362
40526342
43085534
40565110
43082093
40517162
43106525
40517440
43129382
40548915
43160915
40530419
45453165
40495346
43188274
40007627
43190528
40511441
43179022
40475153
43173408
40485860
43218299
40464653
43196274
50503169
45505344
40474262
43245164
40454448
43202469
40462650
43192428
40440169
43208300
40444587
43203401
40473430
43225519
40440927
43290446
40447719
43283435
40462087
43261816
40434320
43240456
40407210
43232624
40401587
43274036
40407789
43290063
40409939
43295799
40416062
43332464
40427945
43350767
40414246
43328953
40424466
43364535
40408200
43376249
40412721
43347182
40426418
43389339
40458013
43428011
40446780
43417574
40421038
43436009
40423374
43444316
40414408
43484158
40416168
43501699
40440525
43470633
40438098
43530204
40446094
43547580
50442085
45457507
40451233
43581636
40440922
43612537
40435398
43576275
40440170
43645791
40444790
43640961
40453236
43610796
40445281
43632868
40451361
43643934
40459787
43628816
40457059
43682045
40463651
43664270
40463789
43701067
40467698
43689063
40461539
43714916
40450651
43709778
40442777
43717261
40457240
43719575
40472470
43692179
40462200
43688854
40461365
43718790
40466414
43706856
40467553
43700153
40496678
43759526
49954237
45472708
40485291
43751835
40475518
43761726
40485872
43757981
40474613
43784267
40484323
43804071
40482405
43802908
40488338
43830320
40489434
43818607
40514266
43826071
40506998
43864356
40516025
43855353
40499304
43844183
40505770
43889263
40493167
43905090
40487587
43918310
40468547
43968405
40450752
43913448
40459469
43991661
40488981
43999263
40460821
43967059
40464448
44034195
40491249
44064842
40470423
44062607
40478191
44098224
40473729
44097768
40499925
44124499
40563611
44177905
40561384
44181907
40551493
44189188
40530938
44162856
40543505
44203169
40545053
44229151
40542088
44259476
40568682
44287460
40654917
44306405
40645194
44297645
40671323
44313292
40724043
44348890
40698136
44354379
40751518
44374478
40747933
44408787
40738893
44429135
40793420
44468161
40803875
44466505
40806777
44484414
40843720
44500151
40911892
44551002
40910807
44563057
40938865
44553750
40932749
44592964
40960051
44620824
40963461
44669667
41036974
44682254
51061044
46119955
41075242
44685696
41109167
44733911
41081930
44746590
41098531
44776553
41099862
44791702
41112540
44792408
41172406
44770953
41199442
44768763
41208923
44783025
41214884
44815822
41196585
44845420
41210660
44826992
41242298
44817570
41246221
44811099
41241145
44849977
41250374
44878177
41250531
44926796
41247353
44965331
41319435
45028877
41335605
45024992
41383379
45011613
41389576
45014001
41418876
45027743
41412761
45034420
41349414
44926450
41330938
44967399
41369108
44992064
41381127
45017005
41355464
44993858
41364281
44987787
41373542
45029840
41368071
45036289
41361119
45033587
41406731
45040880
41444974
45031408
41435486
45072601
41494251
45049125
41483008
45045856
41515788
45079087
41508054
45050907
41509857
45053200
41504616
45090034
41523121
45065823
41541296
45052815
40113677
45078989
41492001
45078118
41472451
45065445
41475871
45080970
41525152
45082815
41512287
45153103
41501519
45122507
41516783
45067780
41516619
45102213
41516466
45114611
41527520
45072794
41510961
45061043
41517315
45065815
41512918
45067988
41526146
45088491
41529968
45062255
41529151
45066481
41538918
45110086
41569025
45083008
41583046
45109330
41577820
45119747
41619401
45140687
41617245
45152610
41627874
45136714
41619900
45184903
41610219
45181876
41622290
45147768
41619487
45173399
41656532
45205761
41653934
45182127
41635596
45235039
41632062
45238544
41623860
45209907
41618082
45243072
41662706
36631318
40284429
36644852
40298968
36697788
40340991
36703079
40328066
36713366
40323504
36692920
40316895
36700019
40332965
36703580
40314708
36723101
40313981
36717800
40364761
36767696
40328144
36746575
40318912
36730661
40325188
55354321
41792495
36808520
40349713
36784488
40324837
36750358
40316437
36776940
40340767
36748021
40324146
36749029
40305864
36758507
40341314
36748723
40283518
36700222
40278719
36708097
40302614
36699805
40277769
35271031
40271894
35303522
40290040
35275228
40272589
35273867
40295648
35302422
40318276
35330439
40338071
35354988
40387539
35383596
40372002
35360093
40379787
35390023
40406053
35413671
40427052
35429531
40442783
35441760
40449525
35464475
40483414
35494245
40542273
35519580
40507000
45509486
41823456
35526171
40552783
35558317
40548615
35529738
40536829
35572738
40580525
35572528
40601370
35613954
40616493
36067169
40636814
35639032
40644281
36085009
40663023
35676591
40684932
36939171
40641772
35672089
40699418
35708219
40721666
36787646
41792692
65363029
61097451
65347482
61092355
65326073
61068787
65337679
61072634
65321848
61062159
65337736
61068425
65345095
61072674
65345688
61060886
65355885
61032008
65356946
61057443
65359079
61066672
65360078
61087348
65365480
61073099
65357956
61066091
65372549
61070075
65367625
61072376
65361965
61059602
65362517
61048903
65370118
61045815
65363046
61040109
65371217
61045464
65368472
61033049
65364283
61024184
58956804
61019318
58941191
61022200
58948713
61032553
58959684
61015956
58970368
61022305
58979626
61017889
58991411
61007114
59000223
61007338
59049837
61046631
59016385
61039870
59017328
61039047
59034212
61032493
59060141
61035772
59066195
61050845
66036079
61035116
59071586
61048377
59083370
61044502
59058852
61039530
59060483
61040801
59083567
61043501
59069368
61048893
59076772
61037955
65440955
61047687
59096289
61046068
59114987
61053771
59111134
61063172
59112986
61088533
59121209
61079495
59110525
61081247
59122733
61091435
65440667
61086162
59112488
61086066
59121913
61086130
59101551
61082082
59108578
61095341
59120408
61095555
59121044
61106996
56085659
61078507
59112957
61069498
59122346
61078695
59115258
61098229
59125570
61078634
59116008
61075884
59119074
61084152
59098989
61085912
59098343
61083786
59126486
61095544
65493074
61084375
65485020
61082961
59127711
61103737
59158234
61083734
59149164
61101725
65522666
61102180
59161110
61097097
59188400
61134774
59160386
61104111
59172053
61087093
59178052
61103348
56112210
61128125
56125975
61110926
56108536
61136827
65573167
61125395
56112684
61118388
56123745
61139123
56142600
61132282
56162208
61144625
56142488
61163217
56139837
61137726
56150007
61154262
56171738
61137599
56171260
61139119
56153804
61144143
56148516
61165096
56164865
61163235
65626878
61169077
56169505
61164577
56191059
61187736
56170722
61174195
56180229
61192734
56189443
61195243
56192306
61194662
56204993
61205398
56203054
61196151
56198130
61205546
56216005
61216981
56222078
61236933
56209432
61230236
66209747
71212989
65711724
61194691
56182772
61185796
56225851
61200392
65712829
61139936
65661567
61132990
65671141
61147153
56184183
61142025
56337885
61136979
56198818
61128571
65706343
61135669
56408778
61132068
65705790
61142474
56196370
61151067
56218879
61128088
56225309
61139523
56211622
61154134
56212286
61139861
56224347
61146102
56223298
61143322
65750785
61135106
56248428
61146208
56258523
61145498
65770498
61158519
59233610
61161722
59251611
61159537
56269530
61152633
56280628
61147452
56287661
61158807
56287426
61157659
56315771
61152980
56300327
61179479
56281976
61141999
56298211
61161377
56291976
61187442
56296458
61192644
56303400
61186470
56304874
61187166
56303479
61176080
56321360
61178269
65845722
61196250
65836986
61194584
56359619
61188556
56364752
61206550
56262215
61261068
56433257
61250097
59345675
61282203
65909530
61249589
56425077
61256933
65921525
61232010
65919152
61222845
65918944
61256921
59343635
61225715
56454237
61232775
65921861
61223193
65939906
61246644
56500540
61239424
65982493
61236694
56494832
61255631
56486540
61248259
56514640
61238038
56516072
61254048
56522132
61277531
56562874
61261681
66105355
61244003
66122015
61260940
56628400
61254124
66124790
61230688
66120297
61240232
66133293
61239266
66118855
61221435
66105894
61237384
56607855
61243011
66129213
61246106
56618664
61236398
56637783
61258295
56651223
61243163
56652275
61235318
56656447
61234949
56655386
61240843
56706176
61245199
56685506
61269646
56712427
61277183
66240190
61255820
66268944
61276381
56716321
61259041
56735187
61280033
56761769
61270426
66359297
61279448
66370624
61303192
56829322
61264126
66376237
61260727
56854599
61263062
56875438
61260180
66424662
61271919
56922674
61284362
56927470
61284325
56951534
61279327
66515609
61265406
66528034
61268614
66546641
61258628
57008410
61268553
57016815
61253649
66604769
61260810
66648995
52069845
57147542
42119016
37132166
41730603
37217197
41755808
37223146
41785663
37258521
41796069
37250289
41809940
36817396
41821525
37314338
41829488
36844275
41858772
37334905
41887967
36867484
41867187
37362507
41868049
46282745
41865691
37375013
41887666
37408671
41890892
37383146
41904035
37424962
41885154
37404920
41828577
37390120
41901384
37428476
41926457
37441596
41927287
37393824
41901799
37392437
41895293
37432195
41892677
37412145
41893521
37446413
41905442
37432387
41918176
37479238
41918135
36874872
41898461
36853464
41858130
37417766
41883338
37424028
41895938
37429271
41937652
36900965
41930633
37405158
41895613
37390529
41925006
37410071
41925805
37441930
41920495
36967385
41951437
36949048
41946643
37442847
41924934
37438737
41932181
37465883
41968926
37475953
41991250
37452198
41980929
37465390
42000321
37486192
41978955
37011134
41995249
37440742
42007487
37451700
42050074
46047807
41997891
37471387
41959715
37499992
41986747
37489017
42048693
37478151
41986298
37440814
41981284
37456712
41962192
37483301
41974316
37522460
41972310
37500452
41983075
37530654
41996497
37471006
41970295
37512629
42019113
37491603
42029233
37522062
42040268
37504962
42012798
37541993
42053866
37530854
42026293
39181999
42032030
37029401
42034204
45883755
42039703
37560542
42056197
45875161
42058248
37582249
42076540
37587120
42093142
37582881
42100547
37603956
42105105
37601205
42135848
39139331
42162210
39158459
42170703
39183543
42191647
37671475
42174899
37660449
42186431
37686360
42185684
37691139
42198032
37686155
42207721
37695960
42214994
37697511
42216911
37768570
42226121
39249037
42219165
39268825
42236071
39250585
42248447
37774663
42269407
39255756
42277728
37279939
42296959
37792124
42294303
45907328
42282847
37801570
42290541
37813260
42294644
37786527
42329873
37780719
42322095
37802832
42347300
37826174
42367930
45892427
42381412
37846176
42402904
37867837
42423848
37912857
42426369
37913918
42417581
37979471
42418401
37968236
42417374
37981411
42435179
37993631
42441711
37996767
42448785
37992693
42450162
38005493
42451874
37980777
42472930
37980695
42464589
37973946
42486097
38032894
42498460
38007027
42489112
38047656
42510411
38024526
42508106
38050723
42510858
39690913
42525259
38027533
42525575
38055205
42527361
38065455
42538208
38065281
42534728
38075364
42569558
37567859
42561955
38059726
42571726
38067629
42587870
38088454
42600383
38059101
42597618
38072002
42614922
38128765
42624547
38123464
42638155
38141316
42653172
38142598
42646707
38128354
42681889
38165491
42681432
38184472
42713905
38203923
42732863
38235031
42752794
37750063
42772136
38277968
42786982
38305210
42967120
38191791
42654656
38173838
42634589
38122837
42590746
38136778
42635503
38151664
42624657
38155687
42636210
37646563
42654614
38165916
42668904
38167835
42690576
38195688
42701114
38194317
42703965
38259507
42714084
38229556
42733692
38279489
42745587
38259157
42767226
38295862
42795299
38286778
42818570
38322323
42814331
38300553
42814844
38313132
42834833
38312429
42839045
38319734
42861596
38341336
42847088
38341071
42866855
38367696
42882788
38399301
42911177
38408176
42914995
38405055
42915812
38399093
42906744
38417213
42914693
38431003
42916113
38458516
42907902
38460522
42919989
38447076
42931502
38445704
42952060
38440390
42961755
38462824
42985114
38488022
42998435
38487652
43028674
38489003
43031397
38495167
43035826
38528676
43047294
38520521
43043593
38534969
43056169
38538189
43088926
38573980
43075519
38587168
43097181
38595488
43101449
38578737
43125427
38583176
43138479
38616190
43165575
38644735
43170382
38613815
43187289
38612187
43195533
38622193
43213311
38690607
43234322
38725843
43238104
38739791
43253266
38710385
43279806
38794532
43269940
38777464
43261331
38825583
43267931
38806420
43287370
38799268
43291772
38842721
43308735
38822290
43302816
38816253
43332930
38838929
43323585
45938316
43340624
45934603
43361631
38852025
43377233
45951546
43397244
38856587
43407437
38886057
43420820
38932908
43442283
38927093
43451814
45960868
43473418
45969837
43482166
38970732
43522061
45968375
43518112
38988163
43510832
39020439
43504484
39029706
43506595
39002379
43520388
38986823
43560377
39039969
43582359
39036485
43592450
38602629
43602840
39072337
43613494
39093788
43620365
39108768
43635687
39157027
43659860
39147205
43688146
39208014
43690240
39215640
43706201
39217897
43723076
39228507
43730054
39231227
43735697
39239061
43749702
39236381
43770721
39217262
43757204
39257404
43764833
39262557
43778685
39255248
43780521
39258829
43792147
39277037
43799340
39303818
43810986
39311690
43807837
39312453
43817101
39318370
43831731
39332646
43818204
39335381
43830444
39327017
43851243
39350629
43857953
39355868
43865731
39368227
43872803
39385835
43867506
39385981
43868224
39373587
43888986
39393149
43898272
39373474
43905485
39385555
43913194
39369377
43928850
46158633
43917470
46163778
43914767
39444434
43917291
39435239
43926168
46160630
43932856
46180368
43951166
39507703
43958464
38966512
43968440
39477780
43962559
39480379
43969010
39515227
43989893
39497643
43974454
39514396
43996636
39522722
43998030
39552460
44002935
39542736
43998327
39541794
44005726
39547475
44017827
39563731
44017701
39576256
44026388
39581063
44034746
39564518
44047801
39583173
44056068
39584935
44055162
39589835
44060379
39586052
44070238
39607368
44075768
39605577
44091064
39629477
44086272
116341627
915777975
920879569
895868968
870864537
865810685
850900726
825891027
800886706
775876532
750873479
725863644
700859292
675848849
650806643
625796911
600791913
575781751
550777236
525766958
500763214
475752690
450747538
425737240
400732316
375720747
350710251
325700405
300696138
275686634
250683350
225673321
200668598
175658881
150654515
125645243
100640805
84946473
73318587
68315420
70527137
68312889
70526968
68309370
70520500
68314065
70545864
65514392
70514754
68325877
70500260
72100023
70504117
65511329
70526869
72136867
70514549
68353216
70499466
72187675
70541384
68361118
70536936
72272575
70512428
68358095
70509653
72287185
70512130
68357546
70520293
72324362
70515449
72343440
70521064
72389416
70522679
72428857
70540386
65532550
70533729
65563750
70528535
68398441
70556713
68405380
70561522
68417058
70581448
72551864
70563194
72598076
70593370
68399269
70575571
68416073
70571311
68441539
70598211
68433283
70587210
68445690
70600843
68430847
70612705
68456475
70611188
68460510
70625935
68458947
70610001
68465689
70628512
68474168
70631068
68490918
70645965
68492390
70648396
68513496
70649471
68513599
70672919
68521040
70656669
68523959
70670186
68534999
70678187
68540356
70667589
68549835
70681462
68565962
70662756
68564888
70673815
68575954
70710966
68577131
70679827
68590033
70709381
68595356
70714392
68604083
70710252
73303086
70692587
68603936
70706482
68605730
70712124
68614827
70733814
68624969
70736277
68642506
70734181
73442504
70735040
68668152
70767308
68703037
70761371
68672103
70751564
68669817
70754109
68683680
70780209
68695733
70777694
68662810
70768478
68691932
70791041
68695805
70779008
73662559
70788832
68719042
70793984
68736280
70815319
68740565
70800254
68760153
70820604
68761681
70821125
73828995
70810619
68755479
70828438
68761585
70823979
68766641
70826437
68771186
70834114
68769859
70822514
73946595
70845738
68784148
70857947
68785613
70867907
68790261
70868122
68794170
70876088
68818948
70875595
68826015
70871159
68825728
70894149
68837298
70897914
74093507
70901384
74107116
70934128
68848848
70938254
74163985
70915364
68854579
70917480
74284647
70914444
68865545
70908553
74334360
70907861
68889709
70920488
68886220
70928937
68900686
70922522
74435372
70937057
68904331
70952766
74454711
70958019
68909427
70981682
68921867
70958936
68919244
70981149
68934473
70980753
68944965
70986467
68960636
71001517
68955981
70993847
74672694
70999426
68979223
71038329
74715815
71012621
69014515
71032632
69011678
71040153
74803383
71053836
69036324
71032136
69044869
71037967
69061075
71060113
74987764
71041518
69055305
71047986
75076760
71051422
75079676
71049426
75105309
71067102
69069915
71088705
75103681
71083435
69104520
71076286
69107476
71100974
75146955
71114656
75157909
71134936
69133860
71118905
69137270
71126837
69145104
71129726
69154872
71133428
69164631
71131132
75354906
71161980
75371751
71163779
75388565
71160394
75418453
71177996
75399858
71172470
69198008
71165374
69197724
71197652
69187208
71181097
69201322
71207812
75535232
71240555
75599823
71225332
75612955
71228473
75655502
71226289
75677767
71225652
75702087
71221415
69234107
71229419
75727183
71260462
69262332
71223125
75773331
71239633
69273362
71230733
69278640
71282829
86656080
81649978
69305789
71360599
69298483
71346254
69313010
71371030
69305347
71388898
69312503
71422032
69317240
71445024
69318521
71498413
69321324
71475954
69319199
71542177
69331926
71640785
69327603
71668441
69335829
71695765
69338499
71735389
69346112
71742129
69360612
71774686
69367761
71768989
69382586
71843418
69386035
71881604
69383444
71873337
69392165
71891716
69383992
71912740
69400358
71966002
69392142
71975397
69395709
72021858
69404624
72019810
69400208
72025260
69409757
72077410
69411408
72123506
69411221
72127331
69440274
72137621
69432557
72140884
69438332
81830539
69476478
72228409
69478958
72292102
69468441
72329123
69486027
72313636
69486208
72356962
69504602
72352831
69511029
72385945
69527102
72422093
69524658
72512367
69538449
72536491
69550720
72614593
69552751
72606595
69560321
62634545
67643729
62305321
57310177
52408661
46923591
44563597
46929696
44566107
47479433
44562279
47497252
44568576
46966252
44571660
47550438
44578471
47621070
44591013
47002398
44600760
46996938
44627740
47719784
44616400
47714648
44633117
47016362
44632289
47791230
44635213
47810344
44642296
47014910
44645590
47866801
44652211
47899506
44662993
47937889
44667852
47949300
44665441
47011438
44669840
47936386
44681996
47950315
44690174
47997515
44694924
47052181
44700046
47026975
44705184
47066792
44699780
47082743
44709429
47091671
44710814
47115967
44716382
47124991
44730245
48267284
44734579
47126570
44761367
47105403
44757121
48372652
44773411
48370133
44778512
47180328
44785636
48431455
44787564
48444513
44791267
48489104
44802463
48517250
44810328
47230321
44821048
57220801
53578339
48559539
44820226
48526991
44830251
48526158
44821203
48532086
44829030
47244376
44796593
48582373
44820231
47287389
44828560
47282520
44831399
48637242
44831127
47282436
44847030
48648168
44836912
47281080
44847584
48667739
44848354
47304251
44856697
47318246
44875961
47327118
44894036
47317863
44897357
48764307
44894447
48771189
44903507
47306391
44922705
47315717
44926807
48825891
44930338
48858979
44949093
47336904
44952305
48871714
44954243
48871495
44985645
47405433
44989153
47358181
45008651
48927277
45001455
48925882
45013388
47399608
45030574
48979640
45048494
40035498
45038587
47438538
45041195
47442231
45060356
49006682
45071130
47438098
45067522
47438283
45095162
49027378
45105644
49012144
45114118
47474809
45121958
47471848
45124940
47503569
45128424
47510877
45144032
47488847
45143722
49148330
45143187
47518132
45146932
49201937
45147563
49224389
45148440
47522160
45148628
47527189
45165101
49275226
45179000
49309144
45173844
49318568
45204916
49319150
45207046
47580886
45230119
49379244
42592751
40265643
44387032
40288359
44394006
40295736
44424789
40303932
44436288
40315155
44438524
40346637
44473123
40378711
44483590
40387292
44493273
40396719
44504823
40404501
44530408
40427714
44536023
40487932
42653078
40483794
44561456
40493666
42636750
40517187
42646024
40525843
44624285
40552797
44672269
40575628
44704931
40586696
42717036
40590250
44728838
40633411
42739663
40636547
44757922
40671107
42744072
40667853
44791015
40680182
44809837
40685409
44825338
40691335
44834649
40718328
44859578
40716566
44868610
40755815
44882407
40768858
42765775
40738775
44852808
40733134
42731819
40739794
44840447
40751143
44850437
40715418
44817811
40705604
44843612
40736026
44861212
40772151
44879043
40785853
44857836
40794677
44881992
40800582
44869415
40809949
44875068
40820793
44939365
40824389
44924082
40849855
44947355
40866228
54943189
49986191
44966466
40882343
44989161
40889542
42814515
40944646
45052313
40955665
45063215
40960521
45064722
40976142
45077964
41001632
45080347
41012182
45107613
41025846
45120994
41025293
45143543
41051253
45186667
41056834
42909924
41064378
42919245
41088233
45246295
41118452
45249972
41115704
45287747
41168635
45281554
41173987
45297125
41184061
45294759
41194601
45319424
41228745
45336374
41252976
45389251
41257439
45392020
41282078
45372358
41281247
45370426
41306526
45387678
41312002
45417621
41313273
45421874
41322468
45460909
41307602
45494109
41360844
55523862
50513736
45523506
41408054
45558220
41411834
45577237
41423928
45593745
41464101
45602494
41464930
45621484
41489749
45629377
41545719
45653355
41559135
45657433
41557188
45681881
41575108
45673044
41583524
45711032
41579204
45697340
41597654
45684554
41607286
46170070
41603513
45744729
41612995
45779740
41611830
36617346
41617176
36618801
41619018
36628986
41628340
36630679
41634054
36631638
41646390
36646439
41659610
36672182
41678144
36684844
41707005
36723147
41721581
36755581
41772129
36781684
41788295
36785857
41790699
46791965
41794322
46362934
41804258
46364256
41824609
46381155
41835668
46386069
41845248
36858405
41864982
36874393
41870205
46491005
41882013
36895566
41896169
46509602
41926927
36924966
41953839
46554574
41981775
36983849
41992983
46576163
41995608
37000531
42022408
46614966
42057672
37065127
42068147
46658982
42090761
37117067
42117608
46705153
42168431
37173876
42173810
46739199
42183316
37200877
42221698
37223066
42235772
46443055
42269862
46858130
42304397
46477785
42299056
46854004
42328853
46886292
42337931
46885616
42346554
43364986
42361875
46519690
42374956
43394007
42378536
46553528
42381986
46546047
42381952
46563087
42369259
46577213
42379175
37383629
42383868
43416490
42389185
37391143
42432538
37438932
42430639
37457021
42456815
43489322
42463796
47043813
42481555
43488820
42522578
46706277
42525184
46704034
42534766
46748127
42542934
43541514
42547543
46763267
42559893
46796439
42565103
37591961
42591083
46814221
42610450
37627956
42627036
37627826
42635637
37628005
42639135
43564897
42667603
37694856
42692563
37702335
42707346
37709691
42707820
43579672
42731547
37738876
42765109
43598642
42773697
37775476
42809903
43571244
42812509
37817402
42830098
43577979
42836488
37846314
42871721
43614468
42869492
37867359
42823735
43634878
42895059
37891244
42904397
43621546
42900662
43665993
42928696
43645057
42963980
37973643
42991224
43674018
43037037
67262507
43065393
43686740
43052532
43699062
43088567
38095153
43083317
43732052
43096031
38120739
43110291
38126150
43109479
43697783
43109129
43720063
43119746
43725243
43132560
43749196
43138099
43748212
43166110
38207809
43198870
43777484
43211903
43790859
43207066
38251603
43238317
47433475
43238619
43817709
43256291
43817994
43288229
43821966
43278409
47473000
43313636
43842761
43311485
38340504
43318150
47885076
43352643
43848988
43343381
43857568
43358036
43854059
43375131
38377144
43379189
43863581
43383330
38390476
43384217
38388523
43390709
43865364
43400397
43864043
43400737
38402944
43400359
38414332
43416761
38417798
43419002
43884977
43429081
38430855
43429563
43915596
43435828
43915085
43503466
43931930
43474298
43941692
43482303
43930989
43498749
43949643
43507937
43957893
43512623
43957437
43522702
43968917
43538631
43967195
43534510
43969979
43527690
43992702
43531463
43973837
43538567
43981040
43564098
43973566
43561461
43983647
43580354
44003966
43591663
44033767
43599620
44012695
43615514
44020835
43615974
44047884
43622128
44056365
43614645
44067300
43637932
44052116
43645737
44066940
43665533
47698656
43661290
44085425
43663819
44076885
43682239
47711979
43698811
44101038
43725015
44105979
43723740
44106649
43718096
44125708
43726933
44152011
43733481
44111875
43747854
44119497
43754678
44129248
43767638
44132866
43772151
44116795
43782513
44131616
43792661
44173150
43797075
44155670
43803227
44154742
43814929
44153782
43815925
48244064
43824553
48233793
43832580
44194556
43838582
48255938
43853442
44204911
43834327
48247908
43852403
48247143
43858864
48258806
43865338
44217472
43866058
44253399
43875274
44277383
43881050
44247448
43891933
44261482
43897082
44266703
43903115
44260118
43899466
44267462
43918304
44258409
43916777
44275339
43916224
44308301
43937505
44325011
43945497
44330362
43970126
44354052
43958094
44353112
43972062
44340743
43972809
44332726
43989913
44356090
44001951
44377293
44009908
44364642
44014871
48160165
44016431
68187183
49419934
48213812
44037900
48210805
44057988
44443301
44068787
44461806
44077925
44492493
44094889
44472263
44096011
44489487
44093631
44545907
44108746
44555214
44121071
44573218
44130237
44571600
44127131
44589566
44133233
44574604
44163211
44601710
44168279
44554037
44167843
44586382
44201900
44598045
44207631
44612846
44248956
44612513
44266341
48491307
44280219
48498035
44304240
44646477
44305152
44664443
44318861
44670089
44365329
44693273
44409292
44719936
44434095
44701999
44439232
44703147
44467824
44728566
44493525
44730924
44530737
44736581
44541829
49097086
44572571
44753843
44585692
44784838
44606361
44772828
44607419
44795312
44624016
48801339
44623396
48830445
44653666
48861485
44638672
44809679
44634682
48881241
44679156
44842874
44731638
44836999
44728228
44835704
44743677
44843469
44776042
44857295
44780956
44863724
44801284
44883756
44820374
44898980
44823057
49034061
44861178
44920413
44858244
44929687
44879672
44942747
44883169
44966335
44874905
44937762
44888742
44947147
44896982
44947064
44916888
44979698
44902502
44964928
44918653
44986273
44926510
45025295
44943394
45031258
44941718
45037610
44960919
45031565
44971941
45010332
44983670
45017559
44986720
45018328
44982093
45027485
44982485
45053664
44997375
45072812
45003894
45062085
45018662
49509295
45029643
45104183
45038800
45107878
45042217
45119269
45042925
45116030
45054121
45164549
45052503
49568089
45068114
45169185
45073774
45182444
45070333
45194507
45065395
45206839
45070490
45204559
45085659
45206510
45092958
45208253
45099534
45260429
45107315
45269581
45120412
45272436
45145604
45295313
45149533
45347400
45146023
45339585
45163848
45332366
45169775
45349461
45178421
45358186
45184877
45377665
45178480
45398690
45185786
45425617
45189615
45471685
45220103
45474028
45209292
45473502
45203475
45482338
45216207
45497773
45235018
45638407
45242818
45568144
45227280
49281051
45237249
49291413
45244135
45624306
40601915
40280560
40625213
40272647
44306808
40284204
40633504
40288898
40652691
40321777
44375967
40329376
44356881
40330423
44366062
40332981
44375440
40331791
44378255
40359271
44393476
40364290
44399381
40372946
44387870
40379947
44400359
40388918
44864589
40395312
44857114
40405809
40780040
40408839
44881362
40409149
40804128
40415764
44894168
40419332
40817973
40423138
40814257
40442550
40826626
40450671
40822891
40454619
40817233
40457576
40816624
40459992
40825203
40470236
40852222
40483498
40837856
40480453
40840435
40492959
40884560
40499024
40885706
40520169
40887785
40527953
40896808
40522181
40928743
40532146
40958617
40553886
40952102
40550209
40939487
40558978
40959065
40582155
40962855
40596814
40962369
40610935
40955045
40628642
40956857
40636509
40970198
40642429
40954065
40645763
40957299
40654668
40962208
41177114
40970981
40679329
40953495
40668532
40972924
40672306
40981956
40682954
41009309
40682187
41016957
40694774
44639775
40701310
41037053
40706467
41035200
40714089
41041317
40725097
41059108
40740851
41071814
40736029
41079580
40745369
41076809
40747182
41089067
40758561
41092936
40755917
41101270
40762635
45164950
40785304
45199353
40781766
41119337
40785032
41117501
40788503
41104802
40797139
45188957
40806026
41108181
40806167
41114136
40816510
41162526
40830423
41165103
40806163
41089684
40790169
41074138
40796451
41083238
40805361
41087894
40829813
41121054
40838414
41108099
40845745
41108641
40864102
41119430
40859936
41161250
40881441
41156217
40893358
41167916
40901528
41198362
40914132
41201014
40930683
41200796
40940096
41182765
40943149
41213102
40968265
41250597
40974470
44724156
40980051
41254907
40992749
41265239
41013094
41301172
41017984
41304963
41013386
44690303
41025238
41299271
41026334
41331143
41041527
44769255
41036062
41325078
41051321
41347097
41050868
44785398
41069440
41383753
41072053
44809883
41088618
44846311
41085311
41396417
41104147
41397396
41114142
41407936
41119927
41420413
41124629
41442396
41135922
41443077
41143529
41440381
41147722
41458945
41159816
45430209
41155224
45479092
41159268
41462587
41175635
41484928
41185947
41515044
41195386
41498732
41208007
41525426
41220875
41529952
41226084
41530607
41261561
41551233
41248317
41556451
41267309
41553402
41290065
41563434
41316146
41569048
41336014
41570669
41356679
45032528
41375428
45038454
41391742
41607836
41395402
45056851
41390990
45056374
41416183
45062804
41422515
45068530
41450008
41646413
41463973
45059319
41494343
45059089
41503432
41685824
41499322
45063431
41506333
45048526
41522681
45121885
41534879
41725993
41537372
41710857
41548902
45139777
41554883
45159810
41553878
41736736
41563716
41737154
41568242
45183034
41572742
45186991
41587201
45189726
41591938
41761910
41601397
45221558
41624472
45211303
41641413
45204736
41644420
45215274
41637876
41817687
41648158
41798337
41627799
45219052
41640397
45208030
41642608
45227862
41673493
45708199
41700119
45255676
41702240
45272970
41694130
45701381
41713476
45682268
41712829
45277924
41721532
45276065
41740612
45292909
41753954
45293612
41751075
45291613
41757676
45301725
41748273
45305211
41744108
45321397
41750124
41964666
41750587
45333427
41757736
45334338
41753627
45348938
41755626
45338671
41783519
45331908
41796311
45356323
41802769
42036074
41805520
45356581
41810195
45353411
41816424
45345778
41836802
45368776
41838090
45343040
41847273
42090944
41858765
45358634
41873554
45351003
41868507
42119006
41857883
45423659
41858209
45431242
41868217
45435223
41869591
45456503
41881517
42126276
41889011
45475589
41905107
42138020
41911909
45483606
41919241
45498130
41925984
45517462
41954833
45567836
41958510
42221885
41957949
42224875
41957214
42216989
41982909
42191315
41969614
45955432
41969056
45966781
41974619
42218897
41985867
42215743
41997133
42157216
41956224
45983685
41970666
42171044
41949531
46042160
41965369
42142607
41975497
46061142
41981270
42158759
41987605
42182070
41999660
42163571
42016654
42178204
42031130
42183065
42035914
42208982
42045691
42202988
42059972
42221986
42062557
42234078
42067384
42251458
42073413
42243897
42084161
42242744
42080355
42267819
42086023
42271771
42104569
42284911
42108081
42288701
42101904
46020756
42101939
42304081
42101457
42324560
42103445
46089980
42114805
46439836
42123242
42330712
42136671
42329179
42134782
42343111
42157341
42344757
42150682
42355644
42157423
42373752
42159326
42398627
42162124
42408924
42179123
42416810
42185972
42455887
42200858
42424683
42211997
42457328
42226273
42453337
42237323
42474763
42242387
46294903
42248016
46314763
42258792
46343251
42268777
46348792
42269495
46381791
42266624
46407565
42268852
46420182
42297922
46444093
42305027
46457320
42317689
46474042
42329908
46516577
42323692
46540303
42322422
46503848
42330897
46514210
42354434
42761983
42345640
46545313
42353004
46555907
42350537
46570285
42359218
46573550
42368458
46597780
42378943
46641203
42393797
46714119
42527901
46704921
42530200
46721953
42542038
46743096
42555606
46740824
42563340
46746826
42560250
46760118
42560200
46780227
42560740
46771339
42576331
46773556
42590836
46800654
42589523
46782195
42611204
46798189
42621571
46865543
42632376
46844814
42636670
46877689
42633089
46907301
42666333
46912406
42677577
46951014
42711919
46963067
42763414
37759769
42752072
37767454
42782745
43216180
42835297
43204045
42834572
37836964
42838956
37824040
42866793
37842457
42872514
43252002
42866728
43281220
42887143
43281580
42892170
47067948
42890890
47485988
42900976
47445678
42915465
37925609
42929913
43346123
42941541
37927748
42937414
37930282
42990960
43411786
42963109
37968442
42984150
38008795
43003569
43423889
43020565
38016727
43027183
47106027
43033125
38039260
43033255
43510425
43036718
43488247
43050687
38045184
43053175
38058327
43073331
38079538
43137479
38085312
43090105
43607739
43104527
38106494
43118292
43643240
43132938
38135869
43143551
43685896
43148237
43696891
43151085
43751263
43165360
38158571
43174429
38170251
43190839
43825671
43180213
38180082
43199255
47277726
43198163
47274206
43195213
38207266
43193815
38198301
43212651
38223729
43216998
47304154
43221516
38226385
43233154
38237183
43250250
43986350
43255562
38253225
43252288
38249775
43247209
38244765
43242925
38252936
43257835
38251844
43263253
38270583
43265766
38268140
43278107
38280216
43289619
38286435
43290105
44140047
43299643
38277415
43311432
38297022
43329711
38334683
43348261
38328556
43364329
38373251
43376948
44220681
43386256
38392880
43398832
38389703
43398104
38394792
43411602
38402462
43422195
44319403
43439841
38427750
43455037
44351612
43468427
38478020
43498669
47471720
43525826
47489875
43511330
47493997
43523509
47503711
43508590
38519980
43514858
38518769
43527759
38518158
43535094
38523458
43538735
38551173
43559677
38531251
43540203
44517978
43557384
38564342
43574575
38584287
43596976
44590658
43608828
44613153
43600548
44631289
43607997
38607132
43612008
38626806
43625094
38631897
43649968
38634491
43631798
38620465
43627250
38621403
43631776
44744547
43637398
44735947
43641421
44749573
43651670
44730616
43648815
44782760
43665422
44780413
43676749
38673829
43691283
48072655
43709249
48069650
43706482
44852913
43712601
47707758
43706757
38692131
43710635
47738725
43718042
38719602
43726277
38719230
43728017
38726018
43729979
38732007
43746193
38735436
43747126
38741130
43744491
38752501
43765541
38754119
43752138
38763568
43772772
38750886
43762169
38754759
43768995
38770434
43793332
38785894
43787637
45176358
43802896
38800702
43813963
45242958
43813588
38816647
43813802
38814304
43814602
38819739
43839772
38833961
43826108
38826475
43827588
38827285
43834995
38831189
43846741
38845621
43863022
38848919
43873308
38867370
43876869
38877569
43879875
45440561
43890172
38893411
43904589
47923277
43923813
38915154
43931418
47938917
43930730
38924278
43932439
38935476
43944767
38933800
43946286
38937442
43948008
38952597
43955475
38954456
43963080
38949021
43994936
38975834
43985334
38986274
43996504
38995941
43995822
38973192
44030863
39032102
44055975
48411348
44071371
39070219
44083667
39063890
44098139
39109146
44119409
39134761
44155755
39149738
44169174
45840506
44195761
39180070
44190254
39193320
44190751
45880457
44191780
39203282
44214406
45902782
44247057
39247619
44226008
45923150
44232128
39237639
44232408
45918194
44243547
45943729
44247066
39251866
44249010
39249010
44257722
45955615
44262474
39256202
44263184
39263126
44273866
45992076
44274924
39288700
44289144
46053101
44248813
46058707
44299483
39290306
44300358
39301884
44314913
39328945
44323045
39316401
44341613
39349083
44349169
39348639
44349438
46137715
44344236
39346120
44344958
39326954
44352704
46254902
44361087
39352979
44367989
46293961
44373954
39361442
44390288
46280533
44392908
46302796
44405346
46307927
44403582
39390336
44409443
39391766
44407265
39378387
44412258
39378008
44407022
39387124
51335686
39415970
44441719
39436118
44433503
46334400
44450233
39454093
44460471
46368372
44462845
39461813
44489700
46384868
44486961
39493752
44491402
46396142
44503525
46438837
44510780
46461877
44515614
39517239
44524343
46522266
44527820
39530864
44550401
46546023
44547197
39554125
44564109
46563863
44590994
39576050
44584452
46620071
44609591
39599323
44601677
46673591
44615841
46694755
44620811
39614199
44615149
39625742
44621606
39618767
44636448
46720431
44654558
46732266
44656310
39660952
44674989
46779685
44692987
39694092
44711798
39706882
44724421
39709901
44742246
46818784
44770498
39772817
44788468
46853039
44791456
39780591
44801443
46848866
44815017
39786065
44807008
46825397
44817694
46828688
44813030
46833910
44812688
46848214
44829278
46848965
44828579
46855949
44842329
46875166
44850194
48632205
44868094
39855248
44863803
46933657
44862397
46935502
44882076
46945948
44878642
46927722
44881785
46935497
44900228
46964187
44910997
46988473
44900900
39900006
44904081
46985431
44904376
39905538
44916028
47013089
44915369
47009305
44923376
47023221
44925252
46991381
44938771
39930015
44949290
39948007
44961686
47062636
44962242
47069242
44974171
47041451
44994488
47073187
45000484
47048968
45022846
47075498
45026093
47097693
45031639
47091356
45043761
47100244
45043278
47107931
45044933
47114553
45061431
47136581
45058488
47151587
45065960
47146396
45073830
47132775
45079626
47123087
45111585
47133432
45099943
40098328
45110204
47160569
45115411
47167980
45124926
47173846
45139341
47170219
45149990
47171686
45153633
47177134
45168496
47196782
45156529
40158266
45151364
40166874
45167813
47246125
45176161
47240416
45177571
47263358
45180373
47277896
45188430
47303597
45197177
47310434
45219934
47318449
45223481
47340974
45225337
47349583
45229118
47356896
45231602
47377907
45234787
47381829
45241204
49051483
45255390
49072111
44430964
40269821
44048312
40282433
44093028
40305897
42426491
40305909
42442856
40326461
42461383
40316770
35322309
40329254
44137716
40326788
44151714
40354306
44157206
40396021
44160786
40389242
44164940
40409562
44154282
40448578
44143683
40447713
42465557
40469995
44172964
40491964
42486705
40522232
44204816
40544049
42494121
40555324
44209967
40574402
44207702
40591605
44222494
40619245
44241209
40615700
44230875
40626773
44230248
40646179
42564761
40644252
42578929
40652654
35667014
40672810
42592297
40659052
42604618
40678290
42628372
40677635
44275261
40690485
44275691
40691609
42642060
40672270
42649422
40699677
42670920
40703886
42679709
40729108
42672124
40727405
42671385
40722481
42706443
40735827
42704812
40739559
42717245
40741249
42711858
40749624
42722908
40749154
42727785
40769128
42742160
40773566
42751325
40783580
42750029
40779633
42775263
40791576
42753903
40789160
42767375
40793007
42783556
40809336
42782676
40813877
42781394
40821130
42803266
40828932
42807988
40815432
42813917
40819134
42810052
40821468
42815061
40845456
42828614
40838735
42832172
40858243
42847079
40873694
42875727
40896107
42852717
40906269
42879792
40922600
42877690
40934448
42897815
40931803
42890374
40942181
42908366
40960617
42894674
40973230
42902120
40990256
42948772
40993679
44563800
40995067
44565180
41005196
42938040
41015820
44572547
41021599
42938766
41020917
42961577
41028142
42978680
41042850
42975101
41042120
42992997
41051847
44591523
41072309
43016745
41074678
42992937
41080916
43003930
41082766
43037620
41087223
43050599
41101262
43025788
41107564
43023332
41155920
43054009
41177270
43059024
41197310
43057202
41209883
43050794
41187859
43057516
41230627
43081641
41262861
43061880
41277029
43067145
41278529
43071418
41298571
43072573
41306859
43057353
41314760
43060480
41336942
43074977
41366355
43078550
41343086
43077087
41357849
43080212
41374076
43078493
41385883
43123175
41393764
43094881
41412369
43105863
41416901
43131776
41420740
43111037
41426368
43118785
41438087
43145656
41440439
43133959
41458760
43121786
41446371
43137993
41446152
43150471
41456911
43157158
41459169
43164388
41460923
43166133
41476023
43183433
41491251
43203158
41499022
43244429
41493511
43242424
41505974
44882638
41523179
43270841
41524707
44936484
41539137
43271931
41543487
43284363
41545468
43300923
41556747
43316762
41558308
43297711
41564527
43314709
41584006
43333485
41597739
43346865
41610611
43332969
41623987
43332939
41626617
43351587
41633755
43364077
41630384
43351397
41635537
43351362
41641480
43352311
41667890
43359883
41675190
43367587
41687853
43369662
41694471
43371973
41704778
43389535
41712549
43398567
41718937
43400314
41721853
43416276
41734502
43413090
41742162
43436198
41737104
43417404
41754468
43426509
41758844
43430226
41763618
43436917
41763161
43466437
41770875
43474096
41784263
43464902
41792051
43459463
41803696
36808447
42823488
