87572860
85709269
77472991
86804728
77362147
82282462
90456992
82167002
90361393
82045469
90244018
81949660
76906880
81854461
76806448
81759336
76715378
81649934
76585218
81543580
76484376
81418044
76373761
81316453
76278963
71223138
66169769
71094158
66054201
70998756
85946712
80876327
75834526
70776969
65717206
70675309
65620600
70551257
78720367
70450700
65395775
70331045
65266606
70204965
65158789
70095707
65050356
69992904
64938466
69890311
64855842
69790429
67825886
69695885
64608354
69551762
64472006
69408121
67450577
69289723
64237898
69192013
64144356
69089790
64032189
68972677
63917043
68853400
63817837
68747160
63703024
68666635
63605328
68561374
63501339
68449142
63405051
68346303
63287185
68216738
73177222
68121997
71002120
65939342
70882396
65822628
70765914
65720247
70660151
65597699
70558362
65484350
70406789
65341497
70297064
65240640
70195290
65137582
70097149
65020645
69987880
64921151
69879529
64814948
69777239
64700014
69657834
64570790
69517958
64457725
69409164
64338669
69280414
64243897
69189951
64131575
69083772
64021653
68980467
63920768
68867382
63803008
68764516
63692008
68664404
63608901
68550898
63493842
68445392
63382031
68333455
63286109
68227074
63162617
68110905
63059357
68008709
62935298
67920152
62853427
67809765
62737028
67719966
62665155
67631111
62566772
67496958
62438025
67379431
72312430
67282318
72241574
67182304
72138791
67097395
72051173
67019219
71938182
66890655
71847483
69721256
71795287
66776449
71717638
66679746
71635169
66592333
71540471
66488644
71417359
66360708
71338760
66334768
71276047
66215950
71167311
66114105
71073521
66036101
71035672
65977543
70933494
65878440
70820536
65767729
70700308
65655317
70620190
65570774
70525066
65477085
70444512
65372932
70339635
65308761
70243526
65208787
70181761
65126375
70053041
65002836
69941039
64878214
69835024
64776101
69756773
64712452
69672049
64618614
69572513
64533630
69468720
74388524
69326498
66742527
69214630
66636414
69143925
64098844
69079984
66411910
68995594
63937402
68897896
66216460
68853525
63798487
68752654
63689344
68630324
63580410
68535420
63479839
68425815
63370742
68356021
65590339
68247577
73213959
68154925
73108173
68050961
73066295
70201317
72929298
67861211
72803897
67752119
72735346
67677808
72666436
67595278
72563671
67494746
72476416
67416743
72364093
67295162
72244941
67139499
72089967
67059933
72011945
66945271
71905839
66835335
71820074
66765711
71716147
66708665
71678824
66665763
71629887
66540138
71481059
66414414
71407248
66339329
71285248
68204181
71196691
66142616
71133918
66058482
71014616
65943417
70899210
65833886
70802599
65729861
70700459
65645931
70589450
67374935
70513532
65471161
70428532
75333321
80293602
75281992
80211811
75154058
80078723
75030746
79967418
74929985
99914159
84797448
79750847
74708543
79659684
74592396
79570628
74512128
79494029
74426894
79354359
74260763
79189387
74160921
79081190
74020418
78984489
73920052
78872396
73806708
78741950
73718547
78670179
73606131
78545142
73503868
78482451
73413849
78386000
73319923
78312894
73264877
68205071
73129228
68067567
73006290
67951555
72924203
67849160
72816957
67767580
72704924
67655469
72644537
67585797
72505668
67463287
72396432
67347859
72289806
67228935
72199674
67158017
72089145
67053991
71995141
66943411
71904724
66853489
71800588
66758941
71796265
66736003
71681350
66616570
71552099
66515307
71456175
66472612
71392941
66382403
71306845
66252495
71202861
66141543
71083788
66024615
71009760
65954730
70896593
65838478
70782352
65760690
70718482
65670595
70637130
65576303
70531778
65477131
70435315
65387947
70340770
65297213
70255958
65216089
70153087
65106819
70058787
65018421
69977016
64980148
69927870
64868689
69802082
64741758
69705620
64618518
69584746
64516605
69494445
64471787
69420608
74365078
79281014
74196637
79170983
74140190
79098440
74055118
78994002
73948536
78853884
73826851
78784952
73732423
78691855
73656124
78593533
73543035
78507238
73462173
78430706
73387795
78302436
73272969
78229823
74404758
78158381
73109782
78030007
73002486
77936238
74092400
77823169
72791596
77709457
72670107
77642601
72593813
77534613
72519849
78576751
82443201
77374602
82357731
78357094
82230126
77163727
82117410
78151231
81996613
76951786
81917832
76849090
81816333
77818042
81707637
76644673
81620529
77761288
81558054
76479025
81429863
77529972
81349520
76281634
81256454
77333865
81181253
76136282
81093672
77121256
81007592
75918221
80879896
76919937
80822485
75775492
80732652
76688948
80668073
75603254
80575214
76538111
80468138
75454087
80372493
76351187
80327810
75324181
80249020
76256260
80191314
85122343
80093238
76149708
79979517
74925582
79861742
75936290
79810737
74784893
79716070
75772085
79596584
74534555
79488636
75620297
79383032
74334212
80423961
84229854
79176560
84121718
80221725
84031689
78998870
83931721
80020089
83881616
78854850
83781490
79865192
83667897
78620183
83596571
78554396
83502001
78465950
83429902
78383569
83352207
79485141
83210694
78172800
83136714
79280205
83047294
77990338
82951276
79034460
82893566
77841841
102844632
97800791
82714870
78860790
82606241
77551573
92507735
87461051
84833372
77375891
102331800
97340354
82243317
78278785
82128031
87161430
82102680
96578002
81984570
78026346
81830639
76836278
83050360
76732708
81671703
76624532
81583550
76534351
71530686
66457165
71402505
66360123
71290945
66240702
71216221
66147566
71111161
66058811
71025516
65989749
70931603
65889539
70836628
65802260
70711929
65705041
70688455
65651061
70605597
65541786
70479417
65417549
70358064
65313940
70236566
65190648
70126987
65084101
70052657
64983175
69907600
64842695
69795206
64740560
69688785
65904114
69556842
65783653
69439425
64391003
69337249
64277401
69212866
74172174
69098974
74063617
68998844
73966639
68896081
73851815
68782776
73718903
68659032
73616540
68538800
73471753
68403022
73356418
68297026
73238615
68177171
73128296
68054109
73010579
67967145
72904980
67839535
72777553
67740063
72661146
67600963
72534675
77470470
72446396
67363380
72317031
67258259
72208964
67140718
72098999
67032935
71987383
66916593
71883483
66820180
71782615
66726507
71664096
66602270
71550757
66491049
71443754
66396731
71349874
66288962
71243521
66190556
71120033
67486707
71010537
65969746
70915570
65848620
70810613
65749845
70691570
65635747
70608720
65551759
70501649
66836059
70389363
65333581
70291108
65230670
70178689
65129397
70056363
64995222
69939608
64873208
69819748
64758270
69738645
64665603
69585525
64516652
69464171
64396932
69348844
64290733
69252823
64188607
69138275
74083677
69029030
73934039
68910109
73866656
68793639
73740526
68685226
73634273
68567479
73500958
68449727
73391033
68340333
73266663
68223308
73159608
68107085
73080813
68015985
72959881
67924368
72865107
67814681
72744285
67703217
72643050
67582561
72514387
67479056
72410228
67388019
72309753
67287284
72201380
67186459
72102290
67066712
71975513
66951076
71895407
66849341
71776304
68109522
71652241
66600004
71515790
66513279
71474401
66441006
71372581
66340132
71265238
66198805
71148610
66092730
71035677
66000671
70931061
65879736
70870128
65831806
70758081
65690891
70638030
65577991
70529173
65448362
70401236
65349340
70287666
65243342
70167004
65099771
70019565
64978767
69917399
64868568
69805178
64746050
69646047
64613998
69557279
64485785
69426344
64365891
69319723
64280153
69222249
64159292
69109000
64079100
69001943
73971458
68904261
73849154
70200743
73734140
68661337
73617936
68539904
73478084
68418088
73358612
68305098
73248709
68194486
73136900
68076353
73017270
67950321
72904624
67844545
72795109
77728600
82666440
87653646
82574258
78992076
82453331
77400008
82359589
77297751
102248860
87186336
82118924
78533095
81985392
78449302
71899043
76855972
71816871
76719550
71672294
76626083
71599470
76523556
71481241
76426940
71377908
66289002
71243165
66181141
71138767
66065555
71020213
65956453
70922352
65837156
70797267
65720958
70706547
65641362
70588504
65529010
70471778
65411558
70353393
65288716
70234137
65178159
70132244
65067474
70029014
64957684
69913657
64840462
69795953
64714145
69663441
64601320
69560019
64495425
69455450
64397359
69343601
64294816
69257688
64203401
69162760
64091288
69032656
73986241
68924515
73881824
68830851
73772941
68713461
73650759
68604658
73539292
68470126
73418895
68385364
73320160
68283919
73213107
68192567
73118611
68063622
73007124
67959249
72909290
67855785
72792895
67754482
72694776
67642922
72564588
67510720
72467293
67417436
72361489
67304817
72238079
67195955
72139350
67085112
72022186
66989001
71932945
66898912
71854332
66777021
71733917
66676939
71616217
66557257
71496881
66441264
71376621
66340602
71271809
66231158
71174637
66124887
71107200
66157163
60978498
65948264
70856098
75817752
70782363
75690636
70650072
75618799
70567249
75470009
70456725
65463679
60425736
55290437
51657529
65289472
60196445
55139374
51471246
65107251
60053030
54976895
51299746
64894281
59828673
54754721
51070945
54732531
50938850
54666957
40782893
35691374
40632315
45621705
40547962
35486476
40428120
45376951
40306381
45264185
40200697
45154753
40096285
45031401
39975224
44919849
39857628
44814909
39751718
44692774
39620720
44573333
39514404
44452512
39400581
44336156
39274789
44219882
39155399
44084693
39055692
43996952
38935369
43886816
38819448
43769476
38700338
43666039
38595556
43539104
38483698
43442252
38380765
43330178
38264974
43222965
38151526
43098687
38032427
42984481
37928712
42883641
37814262
42760513
37699361
42641826
37580598
42538578
37480779
42437171
37372855
42319505
37262064
42210132
37147588
42092642
37035722
41990709
36928156
41867124
36808309
41761202
36693916
41644099
36586706
41490968
36483747
41433139
36369615
41293337
36243918
41197734
36131941
41080584
36009527
40959042
35887570
40836535
35769990
40707515
35626859
40581965
35548213
40473546
35423840
40384694
45336976
40268993
45216980
40171119
45127642
40047928
45000797
39948361
44884907
39841418
44777707
39732963
44660995
39603910
44544610
59615148
44515213
49437019
44370305
48269585
44266539
39146963
44061958
38994310
43952597
46573549
43814072
57756299
43754819
38686480
43612015
38566003
43501159
38449308
43380811
38334537
43269854
38221565
43155293
38091299
43031449
37986553
42921488
37866586
42797998
37735984
42681862
47636115
42564274
37511601
42448437
37396713
42319919
37267025
42210543
37153225
42085367
37029374
41970138
36913906
41852556
36788237
41736829
36685322
41622886
36555747
41487163
36449774
41379370
36319257
41260294
36205611
41152939
36105050
41037264
35976192
40903552
35827705
40785260
35687391
40644673
35558680
40508929
45453252
40398750
45339057
40248408
45223787
40166426
45112774
40027272
44974373
39929096
44883226
39816285
44769736
39704269
44635778
39569432
44528691
39482650
44466359
39374264
44330236
39260391
44188700
39139365
44111649
39054424
43978124
38938238
43883882
38810342
43759876
38722352
43669004
38629635
43544957
38485076
43454570
38371877
43329130
38275755
43208237
38162520
43117114
38030336
43014660
37953952
42909025
37852178
42801419
37731745
42677671
37602634
42578118
37514453
42469622
37394855
42380586
37314576
42277396
37215184
42164397
37098805
42052236
36983215
41933073
36872891
41823948
36756444
41718833
36648149
41601561
36539535
41503481
36437625
41389122
36325555
41284867
36228533
41196133
36126931
41083735
36021038
40993056
35920368
40878683
35795022
40748270
35707258
40662241
35595581
40523281
35474242
40433990
45379838
40323507
45263541
40194932
45154107
40129052
45035999
39983244
44924523
39880483
44838184
39789307
44727649
39670353
44615062
39562822
44499578
39450886
44396909
39355030
44296430
39239857
44182289
39136144
44078664
39037528
43976025
38927986
43871031
38813626
43749722
38694606
43641629
38587490
43527636
38468009
43410337
38359611
43301778
38252316
43194156
38135213
43081565
38027398
43003287
37961831
42909246
37848950
42791445
37748385
42694163
37647551
42581436
37529587
42473181
37423211
42382870
37337547
42284256
37235437
42172880
37134983
42070108
37023759
41966868
36922919
41868003
36822605
41767786
36717258
41660687
36608150
41551305
36492661
41421391
36373012
41309381
36258290
41201993
36152134
41090257
36037070
40981778
35903984
40864386
35809689
40769121
35711791
40649178
35620871
40561327
35575339
40514713
35461864
40400080
45349413
40281916
45240529
40178711
45128768
40072321
44989221
39944450
44886126
39818530
44779324
39710062
44661849
58509240
44556337
39492379
52131480
50801892
44349010
48179369
44234138
39177042
44117168
46739737
44007978
57924570
43905707
38780726
43778217
38709921
43670705
38605750
43549264
38494889
43441260
38379535
43339166
38274867
43224233
57114641
43185557
38105692
43045803
37987775
42952397
47890440
42844665
37781008
42731285
37665039
42608115
37546016
42504720
37418201
42384937
37325772
42260357
37212383
42159206
37081801
42046660
36983156
41932787
36878001
41835285
36772316
41725315
36644119
41622270
36604616
41556082
36492747
41454012
36397764
41345209
36289642
41238772
36178858
41130714
36079618
41023997
35960782
40946826
35859257
40820494
35736111
40687182
35652585
40606930
35574506
40532144
35466179
40420137
45366286
40305345
45246641
40197879
45139937
40089340
45045737
39983053
44918198
39870209
44810815
39766385
44707782
39668374
44615539
39570295
44506673
39458461
44404346
39355615
44295239
39223120
44199431
39140663
44089522
39038753
43978073
38932473
43875682
38852072
43780292
38730480
43675381
38616803
43563799
38506103
43457323
38406827
43348594
38303914
43248561
38199500
43139099
38088360
43032024
37989328
42918974
37865116
42806882
37757822
42707334
37638377
42599727
37534002
42489360
37441888
42385455
37317731
42273443
37226188
42162462
37097580
42062340
37020197
41966048
36893641
41851379
36805069
41741772
36690405
41635695
36572313
41521525
36485947
41410299
36356301
41300989
36251843
41196097
36136535
41095196
36033991
40983256
35907800
40853086
35762864
40699653
35647048
40587257
35553527
40494094
45445302
40389284
45338705
40283599
45252656
40184608
45135449
40077573
45026009
39956396
44914567
39852711
44811704
39754760
44709695
39647212
44602945
39545465
44494140
39444821
44392832
39335647
44287475
39225861
44168727
39109754
44072065
39009444
43963360
38899535
43856636
38798437
43760045
38700301
43689383
38621576
43590285
38511147
43427485
38328441
43279646
38222447
43174040
38108132
43059926
37997227
42950789
37893255
42837310
37777672
42727007
37663191
42617564
37563213
42526814
37453203
42411594
37356399
42306331
37229988
42203684
37144080
42080333
37043332
41998706
36927141
41879059
36822302
41771687
36700886
41655203
36575154
41546657
36482800
41428737
36361617
41312002
36253265
41180708
36113838
41081215
35990890
40948516
35890871
40827318
35749737
40701763
35655229
40597987
35544808
40517309
35549283
40505052
45456322
40406917
45351721
40305082
45235658
40182921
45104224
50055720
44993166
39923868
44907798
39832451
44762588
39704071
44628099
46957709
44514417
58107809
44447442
39376917
44299668
39236724
44167728
39123724
44049955
38988664
43937225
38889429
43832579
38788379
43727765
38677757
43621719
38575736
43522208
38458306
43378829
57040297
43316296
38254706
43184506
38152792
43091325
38038000
42976026
37915709
42864547
37818733
42760639
37713729
42648544
37596300
42528694
37483562
42417819
37373334
42314660
37273998
42219837
37203229
42109537
37020881
41992064
36939909
41886410
46854261
41785214
36726383
41654073
36607072
41526038
36464359
41424593
36378180
41322263
36246945
41203864
36144017
41092102
36021788
40968074
35917269
40863801
35779677
40722573
35652112
40600223
35550004
40489050
45451031
40402460
45337991
40278690
45227785
40167717
45122327
40062847
45005019
39942879
44897558
39843151
44796436
39730716
44688825
39625999
44584845
39513689
44469871
39410850
44365926
39309894
44256459
39190096
44145930
39086699
44037683
38982102
43938274
38881069
43834098
38772236
43712777
38666105
43622818
38563535
43520865
38461381
43412383
38345018
43304488
38245132
43194520
38142745
43093824
38023797
42983089
37914233
42869894
37803597
42754619
37682428
42647718
37586148
42545734
37467552
42422560
37350068
42302792
37228959
42178206
37104950
42052716
36988726
41933292
36870342
41817503
36751381
41687626
36619075
41566905
36489574
41434676
36356682
41279952
36219396
41168276
36091426
41035507
35951956
40884549
35818133
40756522
35685688
40627585
35549953
40498290
45431757
40371380
45310233
40255976
45190766
40130171
45052332
40007951
44937507
39874664
44808277
39741655
44681531
39633203
44571564
39502373
44475674
39425062
44366551
39308830
44251044
39183137
44155996
39097284
44030018
38990950
43920723
38870470
43809343
38745633
43682380
38628321
43566717
38511607
43437183
38378784
43312958
38267924
43207732
38156384
43091432
38039737
42977163
37928596
42865797
37817260
42758244
37714729
42639005
37580907
42518798
37469571
42404898
37343275
42283498
37220914
42146265
37088300
42030649
36977459
41930864
36879470
41832319
36783545
41723048
36682377
41637969
36581745
41511459
36455286
41387890
36326251
41267071
36216716
41147871
36095441
41037236
35979954
40922093
35865300
40797362
35732126
40670191
45611368
40541544
35549308
40488590
45441884
40370850
45332284
40270861
45227624
40156356
45125641
40052090
45004714
39943269
44900345
58536171
44788631
49708487
44647554
39575285
44518911
48152008
44418131
39342546
44284869
66568202
44156585
39072196
44018239
57642607
43936419
38842679
43784558
38722642
43677639
38607677
43571043
38514047
43459213
38403306
43352385
38296930
43247318
38185864
43127159
38058328
42963344
56607943
42885106
37794394
42748095
37619503
42632167
37555459
42504474
37411999
42381556
37313326
42262905
37180146
42149810
37081776
42031538
36947753
41917549
36848245
41793596
36709140
41680050
36604745
41555217
36463806
41448219
36360725
41307800
36208448
41185395
36110872
41062916
35972484
40929877
35859791
40819332
35720023
40683649
35609668
40561448
35514008
40478267
45407648
40335966
45299358
40239426
45180073
40141415
45072136
40019427
44961958
39911473
44859669
39807010
44744243
39692143
44633812
48213900
112874523
