35735471
40722074
35721085
40725752
43360987
40709824
43371335
40707462
43355577
40714071
43346052
40705932
35707052
40700093
43346178
40700279
43340279
40689784
43359650
40690145
43325032
40696062
43330886
40700071
43378012
40696757
43344806
40694268
43333810
40690630
43330791
40680956
43329508
40674084
43327776
40674846
43324300
40656011
41449414
40654496
43328630
40653358
43305202
40638793
43291530
40640214
43326440
40626334
43323399
40629132
41410885
40629131
43311616
40616168
43276821
40620996
43296536
40613507
43291707
40601855
43292356
40599029
43305749
40604788
43298586
40595109
43298683
40574553
43286192
40578832
43304202
40569828
43276330
40565255
43264880
40563512
43231358
40573720
43247216
40558433
43247410
40568970
41309456
40565185
43230383
40563112
43252656
40557851
43220984
40552636
41287295
40560095
43232528
40566445
35569570
40575469
43205441
40575633
35576802
40554698
35553260
40545192
35537311
40549121
35536339
40527316
35521667
40521486
35529314
40516440
43171579
40516528
43147708
40517112
43143295
40509824
43133671
40519514
43135932
40515349
43118819
40500290
43096226
40486405
43123221
40472626
43115645
40464339
43129884
40452706
43115233
40447125
35425065
40446153
43114661
40441538
43096630
40439067
43104637
40433375
43100522
40418279
35418533
40419889
43105559
40404316
43085032
40397400
43083219
40384189
43089966
40377278
43088496
40374249
43074608
40369632
43067170
40356843
43064283
40321998
35339329
40333720
35332790
40327094
43039694
40318728
43034067
40318758
43036050
40327970
43029011
40331146
43008607
40323509
43016695
40325925
43026660
40323409
43000410
40323331
43014701
40316945
42978370
40312653
42981866
40307822
43003729
40304903
43000534
40305984
42997893
40307366
43003711
40306767
42995342
40299415
43008492
40309353
42991758
40295074
42971198
40297691
42954571
40302097
42970905
40307559
35305453
40309864
35312175
40311602
35313651
40309581
35308102
40298415
42914446
40310810
42911655
40308913
42906612
40315032
42913755
40305987
42906706
40314543
42932840
40294233
42940877
40303167
42927529
40306235
42915338
40304339
42906145
40314249
42917626
40305782
42902548
40318544
42893771
40313896
42881502
40321815
42896636
40321117
42878429
40318122
42870028
40306659
42858349
40315533
42876826
40313777
42850475
40298071
42833546
40322544
42837846
40317610
35309775
40316196
42836662
40315865
42817828
40304773
42842271
40307458
42813264
40311131
42809793
40307513
42820649
40291575
42776786
40306464
42794188
40313948
42779997
40297288
42778512
40295627
42767146
40305966
42773661
40308293
42757676
40314998
42757093
40309275
42735828
40312299
42728915
40292531
42739370
40319474
42732382
40312342
45301915
47717138
42701725
40304201
42716045
40332085
42729452
40368574
35359000
40360448
35365330
40369372
35382481
40383992
42681094
40405547
42675631
40406273
40571827
40411646
42672458
40427078
42657810
40434507
35427490
40426218
35429067
40430613
42665985
40429205
35430648
40429078
35438579
40449228
35439153
40434968
43205119
40436993
35431801
40420981
40476933
40405942
35419087
40413360
35411929
40411342
35412983
40417109
35413744
40409328
35406642
40413351
35414144
40407498
35410278
40402310
35400425
40405224
35398482
40392319
40411210
40386319
42558941
40382194
42545222
40374014
40405058
40380732
35376738
40373705
35375109
40371146
35371405
40362124
35365091
40363618
35367539
40362696
35367835
40359557
35358952
40349100
35355370
40353543
35345157
40351563
35350508
40349556
35340132
40330673
42472151
40324979
35334941
40331926
42430771
40327785
40267890
40325994
35319166
40314717
35322992
40321195
35318058
40308611
35318363
40307865
35319596
40315635
35313439
40305101
35300936
40296053
42970395
40305115
35304418
40292607
35301658
40311951
42346737
40313036
42372144
40301107
35298634
40301131
35307243
40294060
35306464
40306903
35300883
40290378
35304577
40305083
35316163
40312108
42320322
40302783
35304494
40308397
42332242
40317384
35315092
40318338
42282917
40312876
35308489
40306184
42269603
40310183
42278421
40316355
42277420
40299950
35314445
40310821
35313646
40310868
35312259
40298553
35309657
40302796
35308207
40305016
42271348
40314897
35326788
40340576
35341318
40339868
42772319
40346011
35348146
40333407
35338458
40332891
35333948
40345458
35362649
40353995
35373343
40365598
35361075
40366864
42216662
40366929
42213686
40354265
42188294
40364186
42210803
40356443
42176231
40353871
35342516
40348943
42156506
40344035
35348715
40344528
35299844
40284326
35275396
40273752
35270948
40272015
35273631
40265353
35260998
40252351
35248096
40245482
35242217
40241579
42572753
40236976
41983123
40238347
41982984
40235212
35233036
40230108
41963057
40219641
35219689
40212218
35211961
42646381
45256998
40229172
45240646
40220260
45225119
40217240
45224590
40211531
45209656
44832534
45208877
40196580
45198225
40187067
45181861
40178057
45174462
40217384
45202238
40198058
45169854
40146394
45144104
46851394
45143139
40124767
45126852
44753371
45118505
40112500
45113425
40116684
45120866
40109184
45105210
46911005
45109344
40101720
45104359
40095004
45101749
47391581
45092624
40084719
45096882
40082820
45093638
46864725
45082746
40084111
45084095
46857279
45076014
46839187
45067578
40053836
45060642
40057007
45054253
44607346
45063858
40055684
45061607
46824772
45059111
40053388
45053515
40046425
45054353
40045177
45049317
40038303
45040738
40037504
45029226
40018574
45024200
46760649
45009754
39992960
44994774
39985806
44998202
39985587
44989670
39976002
44975663
39968713
44984979
46755070
44964259
39957990
44968570
46741569
44973116
39957556
44969233
46748571
44966692
46748005
44950057
39941820
44946278
46756142
44931786
46753177
44922378
39914788
44916109
39917288
44915041
39894732
44900219
39894279
44899227
39894714
44887779
39879239
44885685
39884158
44888189
44476429
44883887
46735956
44872438
39861274
44859185
39852367
44858815
39852816
44861033
39848050
44850338
39840287
44850085
39854392
44851852
39842005
44846483
39833674
44829545
46687179
44836550
39830135
44836991
39782241
44829317
39819065
44828788
46640954
44819898
39821642
44822061
46633422
44830992
39828054
44826161
39829192
44836948
39830843
44849828
46644771
44848019
46649814
44841917
46624392
44844315
46610068
44839319
39833687
44852141
39839519
44840866
39838531
44830339
44351664
44822251
39811503
44819417
39815622
44815627
46587958
44816175
46582419
44819717
46572978
44803345
39797431
44803719
46564944
44797024
46575029
44799920
39786718
44788606
39784323
44797903
46552319
44799768
46573435
44786613
39782332
44777007
39779537
44786818
39776940
44782858
39781172
44778785
39768433
44759219
46539422
44748504
46512219
44744319
46502613
44736757
46498849
44723412
46503626
44720208
46492525
44711655
39715016
44703786
46471136
44706115
46463667
44689405
46487298
44695222
39679359
44678589
46502733
44679654
44165700
44669575
39671544
44671266
39673998
44676172
39664661
44659410
44188588
44648835
46499899
44645703
44177245
44638815
46483162
44633229
39620180
44616772
39608772
44615590
44134286
44619737
39616977
44614586
44117640
44611680
46466227
44609300
46458466
44604236
46451244
44606710
46444414
44603680
46419081
44603253
46404274
44597912
46401007
44589579
46419425
44585123
44071647
44572749
46401539
44558398
44073543
44550846
39538982
44539210
46426792
44520347
39514486
44517788
46425345
44518530
46403790
44516918
46409794
44503899
46397228
44501539
39498935
44502875
46383378
44491484
43971874
44490868
46381165
44487603
43931593
44485882
46357731
44474478
46326991
44467447
39456856
44467328
39446837
44440226
39432516
44442875
39432072
44438538
46370831
44448519
39436198
44430230
46353080
44411524
46342226
44411395
46358058
44399365
46343406
44398458
46360834
44396407
43853579
44388142
39377324
44379907
46339256
44379598
39376509
44384941
46327091
44386534
46325091
44385116
46336460
44384480
46329198
44381323
39379667
44385887
43764261
44378619
46825289
44376060
39367109
44370126
39367685
44364788
43723668
44353153
39339612
44347287
43703808
44349238
39342497
44343910
39340649
44342710
46779877
44333610
39333000
44343591
39381104
44364206
39365842
44364473
39346451
44342071
46217300
44334476
39337742
44343784
39332395
44330686
49344058
44330547
39329722
44325510
39311915
44325159
39312012
44315136
39305304
44298705
39290448
44303552
39295913
44309152
46210871
44306273
39306946
44301314
43551271
44284797
43539726
44281338
39280329
44280647
39266480
44262051
39258977
44260739
39255159
44260275
46248928
44246055
39261329
44260163
46279540
44265609
39266923
44270209
46298437
44273152
39265550
44271463
46300544
44289950
39291944
44275492
46840117
44276791
39272673
44277917
39267152
44271462
39280813
44294730
46274518
44292128
46316460
44297584
39302170
44321339
43416408
44317696
46321838
44309846
39303770
44314749
46337688
44298092
46327973
44294471
39289538
44279846
46320440
44298807
46328962
44293787
39289170
44289405
39278535
44280829
39272375
44273967
39272717
44274327
39269576
44271813
46329939
44278121
43307011
44265963
43331444
44266297
39258279
44267070
46349986
44261954
56954490
51348165
39294178
44275226
43278040
44269637
43278679
44270286
39267185
44273618
39271579
44276337
39270465
44272958
46381666
44281070
39279869
44287040
46404576
44276070
39269249
44285261
46376731
44264630
46377728
44258836
46370874
44264394
39259352
44255859
39252515
44265668
39245377
44245587
39241383
44246479
46376119
44243349
46362909
44241876
39225623
44223438
46344589
44222294
43141888
44226639
39214419
44225166
46331282
44225931
43124957
44220947
39207028
44202590
39195285
44196987
39184851
44196118
46290144
44182925
39181241
44184535
46294712
44169382
56306176
51303221
46328873
44191455
43087605
44166489
46292204
44161982
39152355
44144375
46267952
44146681
39139151
44122869
49130263
44131871
39127044
44124763
46281288
44119124
46279805
44126212
39081535
44115192
39104858
44101722
39101686
44099387
43010297
44100683
39090851
44088515
43032296
44098748
39100467
44118936
46256578
44125625
39121803
44124964
39114762
44127937
39130556
44138319
46230571
44143474
39132458
44149162
46194004
44145936
46199075
44150283
39137169
44152955
42904636
44145631
46156095
44143938
46146271
44145524
42881119
44126329
42882548
44126744
39117706
44123141
46132805
44122997
46129736
44125301
39119257
44116624
39105062
44108436
46111732
44100532
39095401
44103161
39095695
44097225
39088549
44095069
42833346
44091600
39077005
44113155
39084552
44077690
39074353
44090240
39087801
44100850
39092812
44093733
39076551
44086855
42800927
44077555
39080513
44077314
42764506
44075396
39068636
44060599
39048612
44054669
39050132
44045153
39045329
44063782
39043641
44042397
49045998
51023057
39064309
44048997
39045022
44046628
39035007
44036457
39024608
44018937
39013817
44008236
46479801
44007418
39006787
44004751
38992687
44000583
38989898
43994266
38995610
44001064
38986228
43994289
42654518
43990737
45986822
43993312
38985604
43985987
38976970
43976326
42639561
43976933
45955457
43981097
38973061
43972469
38965922
43967763
38957067
43965086
42624609
43967326
38960416
43952065
38954300
43965144
45948120
43964832
38961811
43968061
38960621
43960443
38946677
43953858
38942505
43951802
38939028
43946269
42560033
43942006
38924126
43928825
42539214
43922839
42552717
43918639
42534453
43915391
38905960
43899373
52537557
47562705
38873233
43879426
38870916
43860614
38853646
43863515
38860149
43872052
38872534
43874804
38869988
43878468
42470789
43882320
38878454
43884118
38874035
43884925
38873267
43879198
38882113
43884402
38892158
43894437
42442127
43899766
38902768
43916429
38906672
43911381
38902501
43902556
38889605
43898585
56396192
50865304
45841971
43901585
45837148
43904692
45836031
43904115
42411493
43892980
42387084
43902539
42365351
43890711
42363600
43867494
42359956
43861639
38858722
43867446
42350257
43869564
38857427
43855686
45836260
43857913
38843564
43847096
45801899
43843202
42309933
43849502
38843657
43845084
42308685
43845277
42309838
43832005
38816271
43824447
38823670
43829682
45778731
43827987
55798720
50777617
38832401
43819535
45771082
43818840
38816606
43812012
45752855
43798281
38782614
43791486
45735544
43789195
45733110
43787810
45739930
43776309
38766130
43768343
45725720
43758717
42214318
43740624
45717141
43734030
38728352
43729780
45682923
43733648
38715474
43779820
45656846
43696739
38672988
43676543
45622629
43664442
46273240
43667390
45614223
43671792
45603267
43662775
45597603
43645663
42074619
43638320
45612677
43623542
38614376
43624848
45616685
43616034
38614252
43614826
45599196
43604259
38597383
43601262
45591740
43603139
38600051
43603823
45584911
43600352
45552762
43593619
45571034
43589385
45577064
43590511
45560853
43579921
45558545
43574334
45554281
43568825
45557698
43555659
45527453
43528550
56157194
50576369
45559099
43526185
45533666
43527827
45544039
43537787
45523178
43561422
41929145
43561777
45528354
43546259
45501755
43548963
45509179
43558622
45494872
43577679
45504449
43575976
45506368
43538617
45473619
43594753
56055612
51054202
45495138
43599008
38601282
43598631
45445026
43603505
45452165
43580235
45423237
43572186
45423356
43574400
45416822
43562902
45402175
43562187
45402470
43550934
45403170
43545584
45381221
43536128
45397844
43528099
38517049
43515524
45387574
43508638
45341578
43504476
38501503
43498717
45344312
43481242
45329130
43469203
45323525
43464779
45319275
43457101
45303150
43447163
55304946
50294233
45303988
43432913
45270240
43431973
45249001
43437060
45238871
43411814
45255643
43407764
38397249
43399570
38399351
43395923
45210619
43385975
45225477
43384847
45226331
43383309
45227134
43384789
45234579
43378577
45233655
43376907
45804366
43370705
45194151
43368361
45183540
43361214
48354994
50154161
38347281
43348131
38347704
43359437
38354862
43364547
41500810
43362767
41484626
43357574
41478761
43353071
38347626
43347347
55746073
43361615
38332364
43330351
45728833
43316338
48345356
50666380
45709912
43279847
45097790
43286635
45108240
50101057
55099133
50108838
38262695
43269082
38266281
43272602
45100809
43278097
45073629
43264125
48265427
46357265
45049976
43257138
38252054
43265129
45079977
43264162
45622373
43250312
38236746
43242170
45048394
43226257
45039274
43205728
55616199
43227168
45049922
43198996
38184369
43188452
45029808
43199770
45022787
43216073
45015309
43195518
55558343
50013548
45009397
43212012
41241484
43209146
44998526
43197850
38198863
43203947
45001264
43199638
41248201
43205733
55011875
43214967
38175012
43192891
38191519
43204352
41182236
43228376
41178215
43203921
38202748
43223864
41162488
43208053
38196956
43202911
44979298
43199337
55480479
50011154
41151409
43208221
41140797
43203467
38194229
43189478
45446581
43188985
44955606
43190990
38182890
43189885
38181893
43182755
38176839
43174916
54939330
49919750
38165977
43167147
44957179
43162425
38158379
43170136
44913717
43163622
44920693
43163190
44904023
43170560
44894940
43160509
44902843
49916037
44906169
43156867
38143749
43142883
44896345
43145530
38134200
43138492
38138528
43139804
38139766
43118632
55372599
43129295
38132417
43138879
38125071
43132835
38129745
43131563
38123992
43121774
38117191
43131836
44828318
43119342
44832053
43108339
44826893
43108973
38096868
43092692
44815207
43085635
38082406
43090532
38072696
43087799
38080406
43082046
38073084
43080271
38068931
43076625
44803777
43080195
38075723
43067137
38055996
43066807
38057893
43071465
44763012
43065547
64801168
49790316
40829745
43051502
38039161
43040156
38042729
43047320
40826130
43043764
44751565
43048671
38040104
43038848
44708741
43029248
44712200
43030793
38014935
43008047
44705634
43014333
44680144
43012554
44703617
43006074
38001145
43011241
44660229
42989677
37990357
42991887
37994096
43012383
44623246
43060134
44611353
43059418
48070477
43074542
38070887
43082171
38084436
43084461
38079439
43088136
38085693
43081949
38079168
43081971
38073475
43085269
38079936
43089807
38095314
43103920
38098797
43106024
38097976
43106326
38088794
43087356
38071662
43069297
38058883
43060622
40645643
43053261
38058759
43056760
38052140
43051700
38046412
43035347
38033681
43038980
38038173
43044152
44489291
43041975
38032969
43026073
38019111
43021597
38017493
43021256
40647532
43010344
38007197
43016165
40610246
43011572
37996684
43006181
37995665
42995605
37987138
43001157
37995803
43001222
37989640
42996096
37998925
42997935
44459464
49451390
44443834
43002891
44467757
43001670
45149042
42987281
44457411
42979759
44469575
42966421
37953238
42958661
37945875
42952731
44425594
42948944
37934513
42942794
37948132
42953414
55101728
49420189
44403446
42946489
44394720
42954184
44382457
42923730
44376634
42923909
44366391
42909373
44369230
42921301
44368014
42911057
44349159
42901717
44335419
42899841
44347226
42866054
44316368
42857984
44309899
42857081
44309024
42855127
44293549
42860742
54312217
49311970
44306536
42842921
44308313
42853846
44283600
42838126
44282407
42827026
44298818
42828522
44270713
42822642
44280609
42823841
44301639
42815340
44288358
42815340
44283250
42812710
44287278
42811734
44266199
42811289
44284214
42806510
44234410
42810149
44232277
42808033
44227838
42810069
44236169
42805964
37812601
42812400
44221861
42811509
44224942
42797493
44245772
42821358
44218488
42876629
44206237
42880228
44235046
42884043
44213845
42896688
44199983
42898891
44213628
42914548
44224331
42922748
44198039
42919908
44179757
42924281
44149844
42923273
44143086
42908937
44099199
42913075
44130158
42918277
44123614
42909151
44129862
42891080
44114532
42903751
44107008
42902585
44102002
42904493
44075142
42885532
44059282
42882308
44051484
42883510
44048140
42872862
44063221
42861501
44052120
42856219
44068701
42858855
44023381
42848818
44052220
42831569
44024763
42826768
44015741
42834841
44008261
42818842
44008001
42826331
44000839
42816247
43987456
42810663
43984779
42788628
43956654
42786579
43952431
42777293
43950175
42764752
43927078
42759730
43909474
42743223
43900848
42735979
43897003
42722226
43848988
42702100
43838522
42707355
43850272
42695216
43852481
42679160
43842172
42674483
44643619
