37480586
41932014
37475860
41924281
36919597
41935085
37454058
41930813
37427969
41943868
37463939
41946985
37473080
41939000
37446533
41932548
37455891
41942360
37452199
41921085
37451545
41911260
37443146
41897354
37452147
41898600
37441353
41890136
36882978
41890497
36882545
41882275
36877981
41888493
36883874
41896891
37428280
41889284
40460574
41885637
37431225
41876927
36870270
41871661
37406239
41862245
36863768
41858419
36844157
41830226
36821913
41815212
36809411
41816486
50437566
41828935
36830463
41831726
36826060
41828186
36818643
41830056
36815073
41818716
36820289
41820266
36804455
44074234
36801944
41812679
39949727
41812031
36804464
41811462
47341017
42357806
36842778
41820695
37322902
41765374
36754215
41747507
36734565
41727789
37312961
41722618
37306789
41715639
37259616
41705705
36706172
41707988
37304377
41709608
37286300
41703830
36698589
41704834
39894806
41654083
39863891
41683961
39902381
41686135
39870907
41691963
39900188
41704028
39885768
41708540
39866726
41700072
39881899
41707285
39884398
41711941
39904611
41708165
40463508
41720799
39893743
41715061
39889101
41713778
39834479
41665608
39838472
41671002
39830852
41676415
39830204
41680435
39853412
41678516
39852884
41680692
39846429
41690159
39844426
41701002
39871433
41695164
39859553
41685612
36681457
41695741
36691200
41696948
36691260
41699203
36694380
41701001
36699838
41696090
36693468
41699301
36692866
41695566
36688642
41685061
46677113
41676564
36662972
41671395
36667692
41676971
36669484
41683361
36673727
41686281
46696339
41696707
36693392
41697396
36690857
41705390
36697218
41706119
36696402
41704697
36692834
41689441
36685099
41697420
36687323
41701168
36699273
41712972
36700478
41711700
36699412
41711217
36703106
41710358
46700956
41695413
36691533
41700177
36696959
41702860
39938483
41701227
36686362
41690388
36676746
41681598
36671213
41678499
36666229
41673566
36667199
41674315
36665156
41674126
36667020
41670718
36657278
41662614
36655724
41662848
36663574
41667249
36655787
41665745
36661442
41667939
36655603
41672441
36656964
41666772
36658254
41664381
36663026
41658819
36648434
41653814
36646306
41653691
46662426
41665459
36653823
41657645
36648449
41650173
36639715
41652854
36650643
41652946
36643542
41653313
36653906
41664081
36654509
41659084
36653310
41669264
36668758
41668047
36659017
41662779
36651133
41661096
36652413
41668420
36661842
41666523
36652023
41656406
36648155
41658406
36649636
41664618
37179817
41666460
37155571
41667799
37176604
41663773
37157355
41671074
37180201
41666796
47191167
41670826
36663540
41667350
46666329
41675498
37197581
41673112
37179086
41672778
37212073
41684396
36674205
41685487
37247184
41683170
37215497
41691952
37264973
41696735
37230395
41690776
36676520
41682838
37262757
41675639
37237775
41672211
37233863
41674678
40522299
41671840
37215239
41682842
37224380
41688352
36681928
41694116
37256800
41689680
37241234
44020650
37255621
41696223
36678684
41689332
37223932
41687734
37215399
41681505
36685029
41686653
37199241
41681838
37231067
41673333
37193717
41672447
37210387
41663795
37195905
41661252
36648055
41654714
36651997
41700644
37254457
41710661
37242877
41712814
36699188
41705837
37268463
41707063
37276576
41724011
37254262
41720048
37297256
41730671
37287412
41730164
37281044
41734792
37280014
41747060
37273144
41735220
37277946
41737643
36727712
41739968
37279906
41759667
37277566
41736097
36727381
41728154
37282002
41722270
37261506
41727827
36714438
41726602
37257800
41730671
37256371
41737416
37251290
41733398
37286099
41729825
37267377
41720557
37262979
41715822
37231995
41709515
37236850
41702718
37262026
41704591
37272133
41711533
37274878
41726548
37257591
41737418
37244633
41739135
37238931
41740334
37251950
41738510
39988187
41732160
37264011
41731285
39958261
41729857
37260442
41732766
39946914
41716117
37270770
41712224
37258999
41713252
37245842
41713021
37248823
41707276
37237023
41702300
37235573
41706148
37222248
41705935
37231967
41711062
37228400
41703301
37239422
41702414
37235953
41703294
37243511
41714058
37234754
41710138
37228724
41692952
37232301
41696489
36688159
41694585
37199564
41693795
37167375
41682038
47167097
44902975
37178088
41703150
37157279
41707779
37178048
41693624
37154942
41705073
37178814
41694984
37141319
41695168
37200522
41690158
37185963
41684494
37202360
41691353
37190578
41694233
37195563
41702025
37185977
41702840
37233700
41710073
37217008
41723687
37225275
41719918
37251860
41730549
37236555
41724911
37239410
41723134
37248156
41720146
37256049
41711600
36706011
41710531
39944689
41725699
39908763
41719211
37237530
41725252
37275396
41743131
36725456
41739616
37284949
41748281
37292337
41758553
37286854
41769563
37287573
41769883
37287717
41790261
37300900
41782290
37311103
41792570
37286471
41780333
50558729
44941819
36787925
41794875
37284923
41793947
37263154
41790856
36792872
41793573
36785530
41788182
36775390
41778260
36772611
41781925
36783593
41789955
36777349
41783394
36772738
41792371
36784085
41787769
36787921
41790718
36797667
41790775
40486777
41791365
36779847
41783803
40452965
41787226
36788978
41797537
36791600
41783213
50461176
42298052
37342567
41811974
37313762
41813129
37314837
41802967
39924014
41794354
39912675
41797867
39888444
41803662
39895897
41816136
39910734
41808256
39899713
41804011
39903425
41801115
39891163
41800943
39879547
41797586
39875210
41793346
39891012
41792883
39860028
41792562
39851897
41801582
39846797
41792669
39836849
41799096
46770235
44836374
39849297
41763805
39850432
41768528
39835315
41769505
39846641
41774318
39847968
41777163
39812463
41773844
39857192
41775199
39851616
41780354
39868988
41774488
39914732
41792255
39894645
41787359
39896634
41790959
39929708
41796698
39886529
41795066
37315958
41793617
37318760
41792723
39894324
41786548
39903034
41791662
39883591
41790141
39893018
41808530
39895654
41792934
39915358
41789776
36791300
41789049
36785908
41786914
36786943
41796640
36780710
41789280
36782777
41787811
36787407
41787415
36772155
41782924
36774967
41798595
39927845
41803338
36786467
41793734
36780085
41784461
36786634
41805567
36797077
41800416
36801020
41782542
36775903
41774373
39917850
41779311
36768713
41776785
39901762
41773384
36767158
41774787
36759676
41769268
36756250
41771394
36759793
41765792
36759022
41765702
36766553
41757056
36755208
41757979
36752165
41741249
50416416
44930002
40413710
41769864
39893552
41772223
39863683
41781249
39882621
41792999
39891330
41782890
39885878
41788892
39897133
41786604
39895167
41790647
39903142
41783859
39885152
41779967
40431391
41792193
39906031
41785992
39929172
41782162
39916569
41771385
40444282
41767716
39923344
41771611
39924407
41781888
39921603
41765586
39910561
41770552
39946613
41779867
39953533
41764827
39941349
41773529
40434538
41797573
39946070
41788059
39953357
41794287
39973465
41792905
39967498
41802226
39967680
41791353
40440836
41791019
39957903
41790076
39972015
41795869
39976151
41801077
40464092
41809381
39975319
41816242
39969528
41814653
39959704
41814296
40452297
41809731
37338036
41816917
40432283
41824685
39905347
41832611
39907458
41833970
39915796
41851811
39932119
41842715
39917662
41837530
39909076
41841650
39932211
41844641
40411633
41847159
39930304
41848760
40401749
41844896
39943264
41846333
39919694
41850502
39962160
41854239
39947706
41847093
39934546
41850664
39963417
41855769
39963917
41859551
39959228
41857870
39959109
41869635
39957923
41872420
39949063
41869549
39953808
41888672
39981474
41877006
39963437
41887400
39960477
41893841
39960282
41887479
39948014
41897276
39932225
41898578
39949904
41904994
39954588
41899682
39948913
41906022
39949091
41907127
39933612
41919630
39940227
41916324
39962947
41921143
39953738
41925354
49962056
54967890
50467679
45000369
40478146
41934405
39973392
41933949
39993012
41928592
37462702
41925972
39980084
41935392
39981844
41930631
37441346
41924163
39978385
41952276
39982734
41906647
37438277
41925572
37422802
41893685
47423676
45460933
37433934
41893245
37394276
41897192
47422432
42450442
37445052
41894373
37419771
41893430
37412781
41901408
36897253
41916662
37417212
41918984
36905899
41905950
37426706
41903945
37440465
41904850
37451493
41897974
37448366
41896579
37452350
41904273
37462568
41903979
37458156
41914765
37443077
41900841
39969417
41918534
37439705
41931968
36915168
41928481
37428028
41919007
37432136
41918504
37417034
41923524
37437676
41911431
37433309
41914837
37419335
41915680
49997175
42451795
37439940
41916039
47465265
42454640
37450281
41907111
47463203
52480002
50451943
55009860
50468476
55001581
50477812
45027228
40000752
41891135
39995070
41902265
39987872
41903106
39997862
41896847
47462792
55002563
50471126
42492403
40005272
41904469
40016773
41903868
50053740
45047472
40035623
41912439
40045580
41912115
40040767
41917522
40032424
41926273
40039785
41925413
40028252
41910383
40063447
41913992
40060096
41922433
40062292
41926539
40057765
41925208
40050988
41917055
40086246
41925895
40081906
41919749
40077228
41932850
40085052
41933517
40072941
41941815
40051925
41954407
40053428
41958283
40062750
41960730
50085474
55035673
50501494
45070868
40049938
41958784
40053727
41973389
40053227
41985363
40028397
41987395
40057675
41983866
40047295
41977346
40040952
41991478
37516761
41982747
40046709
41982966
40058176
41985777
40046793
41985887
40048405
41994855
40060662
41988769
40040163
41970635
40047954
41961550
37487975
41958607
40030272
41960389
40033644
41947665
40042734
41949479
40019108
41938681
40018664
41940287
37510345
41956914
40030409
41938524
40065538
41942545
37493361
41941511
40055531
41942717
40071079
41951060
40077323
41937525
40049874
41944304
40089833
41944627
40102796
41953132
40110453
41946797
40113624
41955561
40103851
41969683
46969066
45114508
40116785
41973629
40101487
41984725
40103806
41992830
40083364
41994475
40093654
41992342
40110105
41988061
40086822
41970935
40108248
41968268
40127578
41982101
40148398
41967996
40133961
41966381
40106167
41979504
40088070
41972383
40095667
41973764
40083482
41965066
40115183
41975632
40111354
41975769
40123275
41976524
40138315
41983082
40129277
41969732
40140677
41974293
40137703
41979763
40141311
41979139
40128926
41962943
40120296
41972801
40139296
41969478
40122727
41964898
40127447
41967115
40099079
41964731
40096724
41975577
40118412
41980617
40118660
41974046
40139155
41972943
40150456
41983995
40141355
41983139
40137857
41978338
40149609
41983911
40140800
41986415
40145334
42005541
40154329
42010935
40142828
42026791
40161522
42021256
40170999
42019262
40179745
42020401
40180225
42029880
40175677
42024186
40195373
42031931
40183576
42047214
40177874
42052917
40186531
42066606
40172603
42073867
40186288
42071911
40176530
42081095
40208342
42080953
40190826
42078254
40205863
42074681
40191705
42089216
40189051
42091367
40181592
42093149
40187506
42094356
40204467
42077771
40181971
42084291
40181945
42080933
40174045
42088260
40182220
42080971
40181503
42084044
40178006
42083178
40174099
42083488
40175439
42088894
40161826
42084021
40168460
42076167
40180597
42073469
40169689
42090917
40164920
42089654
40181975
42079346
40179481
42084738
40171746
42083940
40197455
42089140
37085025
42098553
37096815
42100240
37089540
42099463
37618126
42099723
37640511
42100594
37646359
42114438
37656742
42124436
37660681
42139777
37099527
42146988
37671018
42127662
40234528
42132410
50237840
42158458
37649123
42133032
37668992
42135905
40704602
42128144
37130391
42137849
37697680
42152725
37683193
42165463
40219829
42171194
50235405
42173912
37671336
42158813
50721238
42732608
37127958
42128827
37127744
42135940
37132808
42130641
37120782
42122932
37688988
42144348
50714783
42725214
47708664
42713297
37704793
42162044
37701111
42190366
37686913
42185374
37712328
42178691
37709769
42175964
37729403
42173334
37729319
42178545
37176437
42184415
37733949
42185505
40019954
42196490
37189580
42208422
37198633
42208512
40167634
42208288
37736449
42202663
37208290
42206859
37210775
42213124
37200977
42202719
37195714
42203062
37198281
42193298
37188836
42188968
37185182
42192896
37189006
42188660
37726779
42205851
47711252
42204856
47710445
42212654
37705681
42210507
37724068
42210464
37731261
42214888
37693009
42212488
37723329
42223852
37215006
42222724
37730080
37825372
42289193
37735199
42252709
37255762
42257728
37757197
42249454
47728714
42775729
37746404
42272204
37722832
42267345
37719070
42254299
37744546
42257300
37701609
42257770
37253218
42252785
37735298
42243874
37720992
42255627
37751909
42259099
37761606
42254864
47758474
42254410
37746865
42260642
37765528
42234313
37228954
42231349
37224728
42231959
37739117
42235661
47239654
42235707
37743051
42235152
37231516
42237281
47737388
42237871
47235110
45267715
37782355
42230999
37761658
42237317
37786588
42233727
37779366
42206080
40290193
42222194
50298136
45342588
37773585
42213676
40295587
42213227
37784373
42217183
40268434
42220922
37782014
42229543
37785658
42224629
40317295
42222252
37763774
42216215
37762286
42219360
47781160
42220049
37213993
42215929
37215995
42219094
37750501
42224632
37223536
42247384
37249297
42255561
37257535
42270847
37268465
42273174
37276666
42286051
37297090
42296587
47300430
42312341
37307686
42334414
37840819
42344558
37341687
42355185
40311727
42360875
40328726
42377855
40320092
42370925
37360310
42379781
37898164
42386819
37876246
42388505
37869353
42385642
37891255
42374506
37890658
42376179
37888664
42376521
37903396
42377036
47891181
42903819
37903121
42384898
37899981
42387952
37883401
42393054
37886930
42379944
47891525
42918021
37900375
42389213
37933761
42383205
37913780
42380301
40321712
42381421
37905055
42387580
37933048
42382351
37932301
42381860
37927257
42391347
37912395
42391597
37922569
42385114
37923683
42387794
37906048
42375837
37923513
42381419
37924581
42372628
37903558
42379587
37905637
42381633
37373939
42382930
40390327
42393475
37917852
42396036
37920273
42408334
37959894
42421472
37925525
42413458
37942014
42413618
37921597
42404719
37930665
42422544
37928866
42405084
37949508
42401982
37939109
42407025
37911644
42397399
37906384
42398223
37904580
42401522
37912983
42399579
37897101
42401985
37887026
42369903
37895633
42427769
37896647
42421852
37903047
42424640
47902907
42948071
37938461
42432832
37966105
42415526
37940140
42405222
37974775
42409393
37401986
42407855
40879999
42423997
37417167
42419387
37416855
42419303
37409659
42411014
37394608
42417263
38011676
42409736
37987865
42412005
37999982
42416464
38009358
42426391
37999243
42436720
37989968
42452561
37975009
42456008
37970008
42479657
37485664
42484127
38012844
42512241
38046198
42515602
38017104
42523263
38049225
42528837
38036634
42521458
38049286
42542378
38096294
42534400
37527986
42522874
48103891
43092711
38086520
42542380
38108257
42533716
38103667
42524756
38101478
42521269
38074656
42524181
38084643
42521315
38077104
42522954
37532720
42527400
37527902
42536741
37530201
42547173
38113643
42549889
38107762
42551705
37544571
42556768
37545741
42562065
37559226
42560049
37550150
42559554
37545889
42557774
37555625
42558531
37560440
42571967
38094453
42562391
37561338
42552238
38183101
42518361
38167945
42564902
38166344
42547253
38152264
42561752
38147153
42565554
38142894
42573353
38157454
42583912
38165003
42581037
38128694
42591284
38127165
42578243
38144645
42576848
38171475
42575316
38163577
42564758
38142155
42568255
38132826
42564151
38143220
42552658
37553295
42555006
38132338
42546326
38101172
42543055
38099899
42533607
38109291
42537583
38109776
42545164
38091533
42549917
38088555
42557447
38095558
42556637
38096683
42558818
38097204
42562163
38115887
42552191
38098364
42553334
38097707
42549875
38089183
42549561
38087533
42561209
38095690
42562692
38107577
42559392
38095636
42560574
38104382
42561777
38090343
42571191
38079741
42564286
38113282
42538176
38126468
42565252
38113534
42573531
38106265
42556458
38099662
42536249
38121362
42563610
38113205
42567493
38120991
42568553
38111878
42575303
38133790
42578722
38133976
42582845
38117599
42567722
38108399
42563311
38111799
42569414
38097368
42572066
38120478
42572042
38131599
42562489
38119226
42555136
38130730
42551148
38123998
42535122
38113075
42523030
38067799
42527520
38094769
42527570
38068654
42526142
38078840
42517514
38057337
42523535
38065298
44819411
38070832
42519089
38041922
42528582
38078100
42524576
38036728
42534178
38031186
42543878
38066398
42547062
38042410
42549443
38033529
42544240
38034020
42527358
38019815
42525998
38007582
42525457
38004269
42516394
38009600
42508287
38008084
42499081
38044294
42493246
38017949
42481216
38046766
42467968
38058895
42475467
38035348
42485453
38042250
42484766
38055264
42494109
38056764
42484959
38026936
42481784
38034673
42470067
38055585
42477914
38057964
42464753
38043368
42456735
38044992
42451404
38003919
42452017
37991929
42455943
37981463
42447344
37965476
42445215
38007606
42449040
37978402
42436340
37970213
42441785
37922703
42453792
37965858
42451959
37982617
42454059
37960408
42450379
37956438
42452689
37935763
42456926
37990257
42450100
37454658
42453021
37948046
42455971
37953042
42445158
37932930
42441629
37943869
42448220
37928383
42450897
37958110
42456996
37950891
42450132
50754695
42963849
40198205
42464547
37470395
42464198
37955658
42479771
37980161
42470592
37969389
42460243
37948672
42460528
37991543
42457743
37457779
42455307
37994795
42463620
37974594
42464547
38002981
42474649
37462949
42467014
38013568
42460100
37987934
42462219
37981525
42461455
50737908
42998526
37990713
42457222
37982943
42448392
37967945
42436193
37425651
42429315
37970855
42431539
37968453
42426220
37964244
42417623
37948633
42418849
37948932
42424205
37409231
42412202
37408724
42408365
37398895
42403896
37394417
42397191
37393714
42394452
37384597
42398045
37978931
42388225
37386294
42395700
37387113
42396681
37385582
42392163
37976840
42399558
37967021
42395311
37953422
42392799
37377487
42391243
37921816
42422834
37411784
42399813
37391510
42394669
37892943
42397295
37891663
42396690
38002001
36775911
41784569
36771901
41779899
36775419
41783700
37680464
41804676
36794717
41809809
36806792
41825737
37697147
41820076
37702674
41827560
36837678
41859656
37733371
41870956
37744210
41882311
36876215
41881600
37758656
41903544
37751064
41906368
37748007
41900336
37746694
41905376
37744662
41903675
37745468
41912436
37731611
41926126
37742054
41942047
37750575
41946453
37783173
41956142
37749289
41948786
37764517
41946372
37805676
41960184
37805140
41975318
37818739
41995575
37777101
41979879
37806707
42000600
37824695
42007322
37806429
42009572
37829896
42020199
37824093
42002140
37841144
42011835
37841012
42012177
37831403
42005409
37843519
42020101
37855461
42035092
37899993
42073058
38684169
42074367
37083768
42091123
37931818
42095349
37091627
42101008
37945491
42104571
37100918
42098418
37099491
42107094
37098786
42099613
37103715
42103763
37970356
42120810
37127756
42130774
37125996
42133810
37992061
42131001
37131493
42148449
38017949
42156569
37147441
42158116
37165969
42178238
37182331
42194361
38041303
42197472
38019916
42203405
37196478
42202187
38033843
42204192
38048044
42212833
38069431
42217932
38077961
42228765
38830491
42222371
38840176
42224694
37221022
42231868
38103904
42252423
38126294
42252655
38124054
42255285
38881947
42253330
38894198
42254263
38890599
42249397
38910883
42263688
38886990
42270962
37269659
42277122
37268508
42284644
37291537
42306346
38196703
42310037
37305624
42311244
37313371
42318536
38210081
42320448
38241854
42329282
37317362
42332962
38239448
42337551
37341552
42352021
37350183
42353638
38282246
42368497
38979184
42353617
38976202
42372396
38996879
42378347
39007732
42389954
39037769
42385080
39029459
42390790
39051992
42396760
39062254
42404194
39050848
42421440
39043250
42431422
39057274
42433982
39065691
42434870
39071582
42425945
39073684
42444319
39074489
42444854
39093388
42444783
39102834
42449624
39090648
42459648
39082325
42455481
39081957
42470903
39085871
42478772
39090403
42492879
39120604
42501150
39113879
42503269
39102349
42507872
39092658
42495541
39073186
42495239
39083938
42505479
39099824
42512519
39105641
42515897
39113038
42514660
39081215
42522597
39116696
42548208
39140501
42546444
39162048
42551893
39154344
42544107
39171009
42552028
39189655
42557942
39231705
42559696
39227734
42564387
39246238
42577933
39245458
42591217
39254338
42573599
39256198
42606711
39253371
42601439
39246553
42610203
39254989
42606050
39260662
42613497
39266278
42611671
39275965
42604039
39299126
42613013
39262570
42611215
39271919
42619684
39309146
42626934
39325196
42642618
39299143
42647663
39331444
42658305
39357062
42684402
39374675
42679180
39354743
42684064
39359687
42683530
39374136
42693906
39378900
42699022
39358002
42699029
39362856
42700015
39366612
42701613
39387793
42704110
39390579
42706257
39390401
42717318
39415821
42730225
39406934
42733585
39415962
42741793
39427661
42748181
39419063
42737351
39449303
42731488
39469758
42740522
39468723
42737198
39450026
42741673
39473930
42737131
39512436
42751448
39472997
42767022
39488736
42778747
39519302
42784264
39510297
42794350
39512673
42806461
39522290
42807777
39544966
42820125
39534178
42827305
39520600
42840825
39514747
42846308
39501790
42851099
39521678
42858039
39512122
42850436
39534972
42845643
39525227
42856484
39526183
42859331
39541817
42863793
39548851
42863209
39566181
42874251
39557289
42868804
39588358
42883274
39585266
42885070
39589486
42897417
39595067
42900046
39580737
42909439
39568175
42919580
39570561
42926900
39596961
42938533
39571417
42927766
39605543
42942066
39577504
42950992
39587221
42951764
39572169
42990438
39591890
42877841
39539633
42929971
39538113
42937836
39573825
42946695
39560396
42967580
39556199
42985178
39562314
42988668
39075460
43007719
39105764
43024900
39110864
43038907
38026581
43037811
38032767
43027730
48040152
43045203
38042083
43051617
38057664
43074075
38074384
43084000
39210684
43088162
39212880
43092620
39196780
43100989
39202758
43088873
39213192
43096948
39262247
43100502
39268509
43106064
39250954
43111587
39282249
43137084
39284526
43146390
39313274
43167649
40158577
43187108
39272251
43199084
39295525
43222492
40195591
43219363
40142923
43227331
39328524
43240222
39350204
43256084
39349492
43272501
40217048
43276314
39350300
43259218
39348855
43290170
39354664
43283489
39369153
43316172
39368389
43327261
39369719
43334578
39371195
43331180
39394325
43346115
39387615
43355229
39394974
43365958
39410853
43368747
39440619
43372661
39436218
43385865
39452218
43401204
39468609
43400054
39459262
43401316
39445741
43410962
39455463
43417810
39464425
43421249
39476011
43430888
39505302
43431662
39544576
43455457
39517264
43450187
39514210
43458522
39521089
43468473
39533105
43472178
39548050
43482573
39529291
43492592
39548897
43496609
39540124
43498864
39592366
43496036
39593228
43508050
39585518
43513650
39603363
43516014
39611021
43522962
39622266
43524604
39617869
43536908
39613783
43543703
39618458
43550067
39582423
43558904
40531360
43574096
39663195
43590024
39664730
43606814
39676003
43609854
39662772
43626370
40544250
43640048
39684934
43651779
39704280
43651221
39705514
43650350
39704246
43665733
39703183
43662760
39717286
43654401
39724495
43677302
39706610
43662143
39719023
43673701
39729151
43688246
39724517
43691699
39744377
43672223
39747339
43700871
39765654
43712764
39784111
43720617
39781237
43731030
39797405
43717675
38735587
43743593
48738859
43731031
38727705
43744954
38732232
43740326
39841578
43738238
39847060
43746745
39860677
43782518
39854590
43781517
39847714
43810990
39870968
43832974
39875913
43853627
39887562
43878073
39876401
43900042
39914801
43923723
39905250
43944519
39905385
43958723
38961518
43975975
39920906
43987907
38994321
44008363
39929333
44020186
39944861
44018928
39904750
44026739
39933468
44035850
39027897
44033814
39961274
44043655
39972521
44054222
39963263
44066416
39975515
44061442
39984658
44065511
39995867
44082959
39069176
44089466
40006615
44075112
39998647
44096572
40011787
44109058
39108517
44122714
39121707
44115985
40025471
44126344
40055082
44139076
40074521
44151793
40071808
44153217
39149943
44158086
39149349
44174932
39172617
44173874
40073687
44188616
39191917
44193054
40101090
44195587
40122033
44229313
40140491
44251928
40135431
44269767
40155502
44297158
40169762
44314799
40182971
44324346
40163365
44319542
40182830
44336036
40201566
44374365
40212002
44388656
40236660
44397472
39397811
44406197
40223275
44430909
40241545
44414663
40244115
44417639
40251145
44427939
40244105
44422224
40254835
44424529
40269390
44419555
40285335
44421816
40291317
44427402
40305616
44436515
40309576
44437395
40314076
44447336
40311857
44454426
40336708
44462390
40316420
44478224
39450615
44470061
40335483
44478319
40338612
44487082
40334807
44489576
39495582
44493252
40361787
44497849
40359653
44495122
40341063
44523943
39514770
44525096
39523509
44530880
39530239
44542156
40378970
44559967
40382928
44561420
40387215
44577963
39568142
44568445
40407917
44575962
40419952
44578442
39574319
44573592
40437145
44575680
39576007
44578701
40435455
44603435
40451649
44603301
39602148
44614801
40472414
44624473
39623206
44633621
40503269
44634031
39634624
44641654
40476382
44661480
40487204
44656807
40486991
44671185
40497021
44676233
40489126
44675668
40511657
44674935
40518992
44677040
39671537
44682606
40539067
44681995
40541282
44674480
39673137
44672869
40550316
44671158
40562595
44679570
40560837
44692374
40563308
44706631
40586852
44701142
40593452
44700729
40617739
44733005
40612912
44750625
40605933
44765796
40604371
44761077
40617758
44775605
40642193
44782107
40629173
44782631
39783085
44792100
39786051
44791635
39797300
44810553
39801955
44807264
39801078
44811267
39806791
44809887
39799110
44805905
39802959
44814503
40707231
44821704
39819982
44838236
40708538
44846561
40712407
44860146
40740094
44868223
39865605
44870933
40727611
44879906
40759160
44875324
40734233
44881567
39880112
44892131
40770030
44893946
40772732
44913132
40775897
44910188
40777154
44908827
40783608
44914264
40791415
44918614
40811687
44918099
40817141
44922023
39925004
44925771
39917503
44926885
40851932
44938796
40841575
44942847
40843628
44962058
40851510
44960549
40859945
44971282
40876922
44977829
40890676
44996708
40904706
45011172
40915290
45007039
40017309
45015219
40013895
45009440
40009946
45012747
40907201
45010435
40929830
45018839
40911388
45028747
40021682
45043977
40034159
45043336
40916987
45032387
40053319
45070683
40968345
45075089
40964909
45088732
40091441
45111098
40104929
45114704
40973182
45112583
40965139
45118301
40969728
45124199
40974623
45132772
40981481
45132401
40128376
45136259
40990005
45145646
40142038
45151799
40157377
45164524
40160823
45180101
40999652
45194979
40184695
45189516
41027391
45195507
41043571
45208698
41049811
45213349
41046699
45222207
41048540
45246824
41049464
36037998
40269008
36032910
40288963
36031600
40289893
36035817
40292666
35292658
40293398
36052502
40303223
36056954
40310499
36075622
40314078
36073036
40323841
36082384
40317620
36071163
40323863
36070527
40327500
35329028
40324484
35329205
40327897
35332646
40333732
36090675
40344505
36088061
40348055
38535378
40361220
35360107
40363481
35352870
40372074
35380334
40389006
36078047
40388123
36072179
40397956
36076505
40400384
36097776
40403074
36131249
40414737
35423467
40428000
35426630
40438336
35432132
40441377
36170123
40445581
35453138
40453865
35455696
40468774
35468403
40468062
35476033
40479954
35488743
40502080
35509997
40518477
35524670
40525732
35528063
40533142
35544134
40550944
36205697
40550927
35547272
40553862
35558328
40567084
35574222
40579728
35581831
40574475
35582203
40597297
36247313
40594235
35596417
40595705
36222807
40614443
35622839
40633781
36260019
40634099
35637518
40654339
36261018
40665381
36249650
40665847
35663786
40667909
36270154
40678979
36261700
40684839
36286087
40695418
36273177
40688255
35697013
40702863
36274728
40697801
36294697
40718087
36280302
40724075
36296938
40731040
36312122
40731604
36306945
40729611
36316141
40743204
36323343
40744660
36308297
40759138
36326780
40774221
35777699
40783705
36359050
40783093
36376709
40790959
36382585
40795200
35798509
40797704
36377271
40809919
36406692
40820187
35830727
40836006
36430995
40840013
36408119
40849536
35856795
40860067
36452107
40871595
36444146
40878741
36431491
40885051
35883855
40892363
36473059
40910687
35898671
40895219
36440936
40908082
35918267
40921366
35933099
40933804
36441635
40943006
35945387
40943288
36477494
40943585
36439525
40938892
35939321
40931891
36458526
40946257
36467006
40940782
35939889
40952650
36481413
40962671
36495439
40982774
36523003
40981676
36530055
41002490
36535083
41010311
36005952
41006738
36013190
40987751
36568392
41009172
36592859
41026694
36564760
41026148
36559872
41031316
36561058
41032089
36578949
41032616
36581993
41053135
36572203
41049706
36051700
41055846
36051472
41058063
36069300
41061563
36638767
41070046
36662904
41079997
36681603
41090654
36694846
41098491
36099450
41107147
36678280
41094603
36685573
41093883
36683418
41099494
36696209
41101550
36711946
41112274
36116155
41124505
36134083
41138202
36146075
41131884
36132823
41134409
36139911
41142973
36136210
41142631
36149720
41147738
36150823
41144304
36166155
41162886
36173696
41170973
36178974
41181230
36190306
41197154
36198551
41211251
36204511
41214628
36912253
41243633
36913620
41248979
36929160
41280530
36284896
41297486
36917540
41317861
36908058
41345680
36356809
41360528
36887452
41370630
36890859
41369938
36897258
41373759
36891395
41379785
36919068
41377720
36354890
41380047
36940577
41374217
36376748
41373806
36377079
41383060
36379993
41396567
36393131
41404295
37009576
41407773
36415673
41419652
36428217
41431589
36441488
41443846
37014227
41451879
36449803
41447224
37053172
41456825
36451562
41454785
37049604
41451746
52513733
52016904
52546163
42083124
37042803
41498946
37062054
41504851
37064428
41519989
37056518
41522358
37090110
41520254
37087870
41539605
37093545
41535824
37104029
41527704
37097617
41539498
37113108
41533656
37125815
41536250
37129842
41532228
37114655
41535589
37145027
41546669
37131990
41546028
37147824
41558997
37181024
41556339
37202917
41561157
37170122
41544567
37172637
41566955
37188247
41576229
37219693
41596730
37191418
41590520
37215583
41602768
37219636
41562650
37207295
41609303
37224448
41618524
47226772
52200690
53255932
42266194
37242897
41618536
37257924
41624078
37259154
41627671
37247692
41641529
37254967
41638536
37273341
41648429
37292679
41652096
37289392
41657154
37309820
41659143
37305317
41667032
37307970
41629582
37262853
41629886
37269926
41645395
37281701
41648067
37293867
41648558
37272708
41654624
37281067
41653931
37275202
41662992
37284745
41667034
37287021
41678440
37292914
41689095
37298825
41704989
37312486
41698257
37294817
41701599
37306994
41705588
53819086
42338639
37307375
41723111
37309025
41723220
37325088
41726976
37306415
41724111
37313842
41719051
37326850
41728105
37337585
41743923
37317106
41745919
37318721
41746527
37322697
41762779
37362821
41768890
37346294
41760678
37354210
41769678
37349139
41829134
37379264
41793309
37358718
41801245
37383430
41814930
37382177
41809912
37381345
41825469
37378426
41826973
37389277
41838315
37412618
41845606
37418251
41841275
54467420
42419983
37414373
41858736
47433323
42447486
47433947
52427241
54539290
52440916
54589462
42471159
47495221
52477257
66932288
61914279
64239752
42561938
37471733
41918924
37534883
41919001
37490084
41924484
37510768
41942127
37510370
41937471
37527149
41924403
37540183
41927790
37566456
41934225
37553830
41938420
37575442
41946294
37581402
41952136
37598795
41953594
37576199
41956807
37608771
41971606
37608398
41990057
44593299
41992948
37630000
41996671
37652999
41992258
37673886
41993116
37697304
41994064
37690058
42002825
37704314
41999180
37718256
42012112
37010988
42016902
37736890
42023751
37016582
42018188
37759887
42022259
37774425
42030421
37767211
42037379
37083258
42081567
37037230
42034817
37813690
42034607
37039598
42037193
37042673
42052541
37816646
42055538
37836884
42060559
37843900
42068023
37833992
42080557
37082074
42087982
37092573
42102242
37830476
42107030
37111125
42115917
37118665
42118525
45298119
42131537
37866155
42122658
37869443
42129083
37131773
42132029
37897587
42139197
37904322
42150114
37900468
42155565
37915020
42164199
37925629
42154867
37154343
42156298
37919337
42168916
37926235
42162615
37924299
42181713
37900814
42182521
45687776
42190873
45713437
42198178
37920556
42205261
45771178
42216148
45788360
42228504
45784638
42239139
45837171
42247841
45857703
42255193
45881939
42261225
45899753
42268884
45925433
42283087
45956744
42285320
38008771
42286696
45990854
42296228
45998517
42304661
46029523
42310919
38045458
42319785
46096672
42324646
46096950
42346997
46838455
42330918
46174459
42336841
46165879
42338708
38091907
42343104
46238874
42344317
46268899
42338260
46266359
42349615
46310880
42352587
46305915
42361249
46322839
42371339
46354356
42387707
46407315
42392644
38166993
42410586
46439608
42404384
38185403
42414289
46470163
42420024
38204676
42429370
46528642
42437031
38212581
42439919
46557558
42450091
46587756
42446032
38286114
42462540
38301700
42466528
46694649
42504675
46711008
42563355
46766119
42583395
46774786
42582818
38371810
42600423
46823004
42650021
38387338
42678155
46910815
42713357
46936118
42746588
46983922
42771140
38400702
42831794
46995527
42825913
47018947
42839513
47063135
42877630
47078698
42891971
47091169
42901424
38440609
42918464
47144131
42949582
47167511
42975489
47183368
42983805
47176366
42997355
47213549
43014790
47240119
43068851
47284937
43111460
47326744
43139496
38643028
43163544
47387246
43184879
47394667
43190757
38702428
43219396
47445165
43274160
47555921
43275487
47483107
43325996
47532066
43355870
47561329
43364403
38870773
43371495
47615162
43383116
47616187
43409663
47657845
43446455
38914749
43503096
47723347
43510816
47732304
43546724
47758168
43543156
47774240
43567848
47788062
43569402
47790002
43591604
39184202
43637568
39183280
43668332
47888008
43680845
47894301
43711148
47928847
43724323
47972842
43761637
47976775
43789115
48010134
43803612
48066502
43852844
48079125
43815525
48133741
43819701
48159464
43846977
48209926
43860265
48223363
43866959
48284565
53297607
59491766
53312561
59494522
53330944
59515594
53381191
39544795
53394741
59568509
53404126
48409935
44630136
58813297
54642619
59630836
54633763
69202371
54649504
59641508
53500834
59721770
53541387
59711909
53529101
59739648
53571154
59773931
53579678
48618525
44326005
48594177
44333015
48641211
44341210
48676464
44372860
48700499
44428694
48714294
44423725
48778328
44466220
48812330
44497106
48832248
44498684
48864936
44545286
48897320
44590663
48931398
44604616
40071315
44645954
49336841
44672718
49366443
44672387
49011258
44710174
51455889
44774941
38795595
43803511
58830173
52626649
38847365
43329196
47627929
43336154
47668943
43375573
47691317
43404237
48083884
43403467
47719204
43404531
47748124
43433550
47757810
43465681
47813898
43502664
47819253
43535876
47836324
43567246
47883144
43593506
48290462
43600197
47930296
43642234
47973186
43673043
48003696
43678804
48032666
43732563
48065467
43743344
48064297
43763339
48100372
43827852
48151479
43852856
48556680
43927367
58970969
54373213
59404690
53223791
48245095
43966071
48239334
43978509
48251856
43983163
48289282
43989912
48295278
44031864
39511567
44022864
48323550
44021531
48373844
44057159
48425072
44124158
48442743
44122911
48525525
44179251
48538845
44215381
48564183
44259379
48574561
44274116
48609596
44309277
48662266
44307900
39811943
44377828
48666910
44392520
48700800
44398294
49102253
44451114
48732618
44462873
59925980
53778802
48797959
44510313
48798738
44537985
48812730
44525447
48839444
44564143
48886275
44568589
48896366
44579816
48883042
44584864
48908394
44604188
48923771
44642976
48959288
44659262
48975523
44658501
49032005
44694537
49014523
44730941
49079912
44752518
49095847
44796687
49131901
44819275
49181696
44871808
49206393
44915252
49207648
44921499
49241412
44920490
49242001
44941755
49266062
44971550
49291027
44981505
49315293
45036563
49321069
45141121
49352217
45166575
49398204
45143042
49413834
45156161
49377293
44416903
40203163
44420176
40231011
44435656
40249136
44421736
40254225
44453534
40271955
44467350
40280294
44481835
40295764
44511104
40326530
44575966
40390146
44635331
40363920
35801257
40414729
44715087
40434999
65518048
50874277
55921425
49773291
44755104
40570896
44768220
40517862
44784797
40504787
45197075
40547580
35543693
40563399
45237440
40583200
44877875
40600688
44891510
40637101
44900997
49995460
45378752
50024180
45009096
40749461
45021496
40755825
45037828
40786499
45049363
40846252
45056882
40852843
45096262
40861634
45107858
40912367
45163290
40928041
45200698
40964835
45235206
41001383
45312848
41067754
45330974
41125174
45322679
41137528
45346826
41158392
45354070
41147535
45391606
41181154
45416381
41215284
45428435
41252077
45422360
41260901
45468045
41267353
45467976
41266986
45469820
41310523
45500842
41332378
45527579
41392368
45547024
41414101
45582402
41415292
45620491
41460444
45634524
41464897
45688137
41491468
45729987
41516759
45730868
41553546
45776609
41595804
45831711
41599714
45865926
41663440
45841796
41649338
45907287
41681258
45932218
41723298
45950965
41738191
45974415
41812017
46006800
41848551
46049190
41893878
46092089
41922550
46489452
41941478
46097721
41969689
46526914
42002318
46130578
42000103
46554319
42018723
46189748
42023337
46242738
42042445
46277964
42074429
46300147
42134108
46300035
42125194
46311696
42130929
46363899
42135634
46399709
42225414
46450206
42260189
37681851
42304175
46518671
42294322
46547326
51590270
66595137
51626618
46600193
51602799
46635076
51656528
66668968
51669870
56676740
61710453
57113898
71754077
76752961
82864643
67834635
72246820
76850135
82880098
67868398
72336287
76855220
72330890
76904595
72349600
76926309
72372850
67883813
72361292
67868176
72403757
67862493
72441955
67873043
72467046
67868450
72495391
67908526
72547305
68013037
72563628
68015868
72555478
87915184
82923043
67939181
72671753
77289551
82950842
67909816
72739186
67978578
72734539
67945225
72788589
67949647
72816182
67965317
72862744
68322090
72899508
67974311
72915355
67990973
72931634
68381931
72933908
68026448
72963057
77582476
73011528
77591871
73032360
77619346
73051346
68038734
73055949
68052745
73087724
68095824
73121892
68088431
73136385
68126006
73135089
68196938
73207056
68204712
73232278
68252197
73292915
77913838
73415157
78032823
83043768
78839630
93082502
88067881
93095146
88083360
83089429
79025954
83104958
79028608
83080251
78177676
83097899
78173409
83107750
68694993
73670520
68676661
73711251
68741169
73783579
68825137
73839718
78432646
93169767
88156219
83454277
79400075
83180128
78502931
83183432
68943618
73934579
68941080
73928375
68959157
73935894
68929584
73945231
69236656
73945938
68971197
73968130
68969017
73974187
69020403
74089351
69071608
74098737
69592045
74110974
69131703
74136807
69118376
74159829
69149751
74149829
69174634
74185907
69170487
74211659
69242699
74238652
69235207
74280099
69259774
74291755
69287113
74301830
69307889
74329532
69337740
74362967
69384518
74390943
69389065
74392692
69406036
74406029
69404735
74433926
69444580
74446077
69458796
74489916
69496203
74493458
69500353
74511508
69509979
74538759
69543524
74548110
69558095
74580633
69573361
74586539
69588595
74611327
69635432
74710750
69669880
74691728
69711648
74728566
69728238
74758464
69766555
74826685
69804935
65337435
69848060
65354342
69882678
65384788
69914299
65430691
69933388
65452713
69959177
65463610
70011273
65512268
70005627
65498490
70046534
65555607
70058790
65595197
70085358
65601824
70080938
65614282
70161567
65640659
70175881
65673806
70187888
65671822
70230278
65740560
70495138
83578745
78573864
65768550
60612907
65761065
60651391
65776711
60670000
65816543
60738757
65850437
60731467
65859937
60759303
65860652
60808764
65920539
60813496
65937067
60818317
65947220
60864778
65969641
60873694
66001272
60895982
65979690
60958973
66001278
61029201
65998446
61022049
65993755
61049064
63652089
61080323
66006870
61081427
66015920
61125426
66013613
61124497
66027724
61136220
66024568
61154669
66022073
61161909
66033908
61184266
66038302
61203499
66041846
61239817
66055670
61260635
63726306
61265138
63736614
61304812
63740944
61308678
63745786
61338333
63754361
61397638
63732112
61398390
63799798
61441398
63787020
61431769
63803076
61434671
63809087
61504265
63834160
61526354
63838691
61591987
63822831
61619039
63845240
61648478
56645545
61675086
63855713
61728938
63850380
61762811
63854221
61755349
63874468
61783240
63869007
61796144
63879433
61831486
66203699
61863484
63878526
61869574
63904599
61904120
63894360
61938201
63900805
61957198
63909409
61986145
63912440
61983184
63927754
62009555
63920043
62034068
63938962
62071134
63937386
62086131
63936280
62106113
63954985
62137319
63991035
62133516
63955966
62158130
63942876
62218865
63961278
62225117
63945714
62287341
63949791
62325254
63948172
62353476
63952762
62381182
63961301
62437842
67012150
62419888
63964616
62453583
63958910
62477105
63948196
62492650
66371682
62527215
66376851
62563816
66386825
62560312
66395469
62559515
66395036
62621121
67229873
62642822
66420881
62644743
66429287
62671918
66442725
62732520
66460545
62750623
66450152
62763658
66462423
62769739
66489493
62799239
66500875
62804607
66507090
62924856
67470822
62895737
66534779
62944635
66541936
62967163
66563513
62979775
67559052
63020538
66565641
63046984
66562246
63033694
66587925
63062699
67674269
63083233
66603834
63133062
67699871
63133665
66619751
63146929
66613766
63177885
66624861
63213018
66623964
63232980
66632026
63277003
66627758
63293934
66643852
63318485
66646123
63329536
66660276
63402718
66670054
63360740
66682090
63371948
66682873
63387354
66685858
63411394
66699244
63401816
66707690
63429645
66711058
63475191
66720398
63471906
66719262
63507082
66728363
63546690
66745146
63563406
66741415
63602116
66754819
63600726
66751487
63637304
66771999
63658829
66776611
63699540
66792461
63694241
66789584
63741008
66803437
63765349
66796084
63826440
66805248
63823744
66822103
63842954
66832256
63887330
66833823
63907354
66845579
63960407
66849603
63992967
66859281
64005518
66875671
64037279
66880816
64085671
66884646
64125834
66893891
64153346
66897589
64200033
66908918
64237493
66899585
64274761
66922081
64307194
66913228
64340947
66913253
64340332
66930889
64363928
66929153
64369438
66947833
64397905
66964073
64399620
66964241
64412821
66975505
64468723
66983248
64495304
66983189
64561840
66996222
64566628
67011745
64576075
67023878
64604294
67040622
64628854
67047466
64667622
67056150
64680352
67048195
64686423
67051762
64729298
67054201
64777477
67074232
64852198
67067318
64883714
67078023
64896508
67072366
64919497
67068137
64943420
67065438
64952846
67076205
65003369
67086695
65002210
67089944
65003813
67096785
65041494
67113629
65087860
67113847
65084227
67107567
65099624
67111427
65139898
67118045
65153824
67115088
65214924
67138554
65229962
67119379
65232358
67136047
65232743
67136463
65276342
67136644
65326282
67151692
65330962
67139572
65363213
67139032
65348047
67137114
65388336
67134741
65421075
67130830
65440016
67128410
65453035
67134470
65520212
67129648
65528057
67126383
65526551
67126266
65557693
70111804
65541355
70143403
65566063
70150165
65589429
70171367
65635841
70199988
65637846
70226112
65638790
70230403
65644860
70264535
65673667
70293644
65700447
70276408
65696334
70314246
65736200
70329135
65754720
70357177
65755616
70392053
65807172
70399084
65824118
70433430
65853426
70487163
65881269
70507745
65913707
70508378
65935846
70476671
65968279
70534431
65947444
67216121
65980641
67215960
66025727
67215970
66055682
70633885
66057504
70661447
66074442
70681227
66085218
67233689
66119971
70742229
66172702
70769938
66196190
70793434
66205471
70843882
66237853
70855322
66249180
67267778
66289664
70899541
66294494
70914637
66333200
70942859
66335209
70958218
66369739
71007290
66417695
71006570
66433045
71032917
66461277
71067985
66469572
67292111
66510927
71112557
66553762
71139549
66580861
71187851
66609526
71184662
66602660
71175396
66624851
71220500
66630318
71231007
66672481
71238051
66700777
71293826
66696940
71310658
66753964
71351913
66790443
71361476
66802783
67293439
66797724
71419462
66794145
71436589
66841545
67317272
66849650
67310921
66871908
71458916
66881988
67327968
66863828
71502214
66911866
71504772
66936364
71538968
66946550
71573492
67005817
71607492
67071900
71669059
67078070
71671907
67126001
67383727
67150769
71717775
67171116
71754511
67123887
71768503
67177598
71804760
67203023
71814934
67202745
67457824
67207799
71796498
67211093
71824179
67250347
71854609
67261890
71878463
67290854
71900115
67297640
71918167
67302720
71916859
67321447
71972111
67386732
71994861
67398868
72010176
67419722
72037091
67449350
72037814
67466190
72069564
67491820
72087490
67487579
72111923
67534220
72140518
67584808
73576195
67586024
72167746
67632292
72198542
67620680
72190204
67631719
72221639
67671105
72262346
67679827
72277309
67736490
72335222
67751779
72356762
67791458
72376081
67794217
72437286
67841102
72458265
67889599
72514873
67941317
67503307
67945230
67515946
67965057
67529103
68008015
67546555
68046057
65200056
68034388
72648145
68087226
72677852
68063682
72679870
68090307
72659379
68155051
72715653
68160881
72745804
68176335
72789683
68245206
72817605
68253325
72843215
68280063
72885151
68292365
72893443
68340776
65184349
68374394
72959291
68396072
65196007
68444128
73051792
68458470
63459178
68456397
73076741
68485658
67608998
68489773
73117754
68511741
67611680
68516355
67608675
68531460
67617508
68575486
73179781
68594113
67604934
68654464
73237913
68646331
67615643
68668896
73273130
68724641
67621929
68790443
73386134
68826481
73419442
68824416
73405833
68831180
65207384
68843136
67635999
68861688
73458501
68853558
73487390
68918065
73503440
68955877
63960113
68956265
73582661
69003652
73607854
69023866
73651270
69068259
73680801
69082668
73668055
69114436
73699985
69123094
67711484
69180367
65255775
69171363
73788116
69185351
73818593
69197505
73800557
69207429
73804888
69226352
67756817
69264773
73864283
69313593
73854678
69304932
73871864
69335525
73888300
69354243
73903030
69350426
73949055
69384693
73946217
69400767
73975926
69409994
73985764
69419459
74007134
69468090
74041826
69472309
74061681
69472157
74055406
69490430
74088169
69517950
74100620
69511937
74138806
69533243
74158235
69556321
74156080
69562288
74194110
69599934
74228878
69610384
67797145
69637827
74241981
69655388
74261681
69662334
74302878
69740123
74296344
69741171
74316364
69743625
74346385
69798981
74369974
69827279
74406383
69822492
74439139
69841340
74421669
69872754
67790608
69873045
67797782
69898053
74496317
69894058
74499037
69901090
74511671
69943779
74548655
69964951
74587518
70020898
74637795
70046820
74643387
70036496
74637472
70045211
74666316
70062138
74668382
70088198
74690199
70119352
74729477
70148007
74757321
70175718
74812759
70217921
74822801
70235517
74826087
70288984
74859210
70305606
74977595
80485778
74992752
70411325
75045001
70474704
75038655
70517492
75094550
70514386
75109831
70515672
75109305
70566171
75108850
70569937
75157923
70622576
65611772
70633396
75264211
70692751
67832279
70717000
75310049
70757805
75322729
70780377
75359931
70784085
75378435
70810410
75405040
70836557
75457702
70879871
75443848
70888231
65882025
70946267
65898367
71007784
75533927
70995977
75632901
71096145
75722151
71186584
75754043
71206092
75792535
71255489
75818375
71312554
75891197
71326956
75942922
71420444
66446799
61524652
66137072
50641538
45677644
42963594
45644903
42963236
45642773
42979037
45664289
42985414
45693906
43005285
45682627
43015391
45678877
43020583
45697600
43024406
45703877
43032082
45698009
43039011
45692583
43051107
45722299
43054960
45748204
43058355
45740965
43044259
45719207
43065303
45734282
43081314
45740757
43076139
45763846
43085915
45759098
43090501
45771977
43097190
45781606
43112085
45796822
43115840
45800455
43130665
45819653
43118977
45804228
43119219
45812089
43135445
45826834
43145694
45827732
43155400
45847542
43169271
45865028
43173377
45856105
43179122
45890887
43181021
45875771
43178671
45874663
43192933
45888315
43212112
45881354
43223118
45865211
43222032
45873085
43226689
45871704
43236742
45916184
43245287
45867279
43249823
45906182
43268240
45928162
43274586
45925379
43286338
45953357
43291735
45960574
43312773
45955571
43311706
45986323
43325010
45981923
43331965
45993052
43338347
45973881
43335663
45984495
43351494
45992244
43353132
47869667
43368857
45994981
43365118
46006944
43391962
46003198
43401094
46027673
43420201
46011576
43450572
46024209
43468051
46025703
43493655
46031148
43535134
46056185
43535514
46052928
43549866
46066398
43580798
46069339
43607603
46047224
43643585
46074541
43662035
46067522
43701444
46074945
43699714
38725663
43735128
46078269
43784632
46084660
43785994
68025499
51092111
46105680
43836497
46105642
43837990
46113342
43863318
46109694
43891480
46110531
43900166
46147949
43897673
46106362
43897335
46119338
43925514
46105846
43929578
46134758
43974671
46150799
44004026
46138117
44053285
46138499
44057763
46143048
44129394
46154336
44137386
46129505
44152563
46146489
44175787
46152864
44195608
46102279
44210070
46147670
44248002
46163518
44318385
46174688
44346006
46164307
44364777
46154459
44401982
46149800
44458378
46172071
44470655
46185974
44501461
46179202
44513463
46166197
44504217
46182655
44529952
46177072
44585008
46171217
44632984
46186185
44663500
46178110
44670848
46204337
44703655
46190018
44717047
46213855
44724556
46203304
44778869
46208234
44794018
46201205
44790994
46216602
44823878
46204360
44865238
46224790
44879164
46215386
44905355
46210065
44936649
46217853
44964747
46223206
44969404
46212270
44978870
46203655
44988120
46198390
45007959
46234737
45031188
46222413
45051646
46227564
45092464
46232711
45103700
46233547
45127217
46231528
45159916
49790325
41261476
40251195
41250494
40279287
41277424
40324379
41286478
40330271
35329245
40354662
41245707
40387140
41281793
40392313
41287010
40401160
41283160
40412319
41290649
40432105
41296048
40454982
41310982
40469297
41299767
40497194
41301392
40495386
41297998
40516090
41297236
40540399
41294080
40585281
41293114
40592748
41296786
40619085
41291173
40646620
41289082
40701189
41282866
40728096
41306472
40750606
41311954
40801893
41301858
40804096
41311475
40831945
41295640
40858305
41345926
40882392
41308656
40906709
41327396
40936826
41334529
40978135
41373815
40968460
41380362
40983700
41385707
40993996
41395419
40993489
41385783
41028826
41377501
41037840
41390317
41059312
41388385
41067402
41398929
41092375
41387332
41129049
41401866
41152260
41404534
41177946
41420754
41195813
41422658
41286451
41417049
41298188
41437149
41301553
41428676
41305674
41441746
41308127
41450966
41321669
41467300
41353607
41464944
41362742
41477031
41359333
41471121
41387930
41477881
41430575
41466402
41492581
41473451
41538864
41478383
41564761
41488598
41565589
41497577
41566577
41499238
41604676
41484957
41635703
41500574
41639375
41537815
41668630
41528846
41683008
41515012
41741263
41534075
41746776
41583201
41763115
41559569
41788317
41574198
41830598
41594950
41832849
41612810
41870999
41613307
41938362
41602334
41944802
41605807
41960028
41628944
41999236
46685775
42043090
41606378
42049495
41612282
42052394
41614023
42064316
41638034
42096089
41616095
42132170
41623668
42176982
41644875
42172260
66522183
46667254
41643506
42242311
41636265
42253315
41664955
42304910
41634511
42318368
41669864
42311167
41643698
42337981
41669316
42362897
41647165
42383247
41685163
42417256
41679826
42456384
41700905
42477879
41716599
42485217
41726903
42528909
41721086
42543394
41722587
42583411
41714208
42597192
41718638
42603337
41703218
42594388
41711911
42648731
41716742
42655285
41723127
42664508
41739204
42688501
41736223
42729368
41723775
42725744
41750908
42766187
41754247
42803107
41744772
42815750
41773023
42840464
41783201
42850128
41765578
42883321
41772497
42879840
41789901
42893184
41812104
42911075
41796340
42910773
41796082
42956474
41804780
43004024
41809665
43018364
41828447
43045408
41820966
43068209
41835646
43087620
41843363
43089166
41819533
43136381
41834525
43155367
41804042
43154157
41828698
43223234
41842053
43253128
41829271
43248597
41839499
43282419
41847632
43302669
41885522
43326317
41887233
43363711
41891358
43410903
41888198
43422834
41883152
43455218
41888605
43463422
41882496
43444969
41883793
43476967
41887736
43517630
41906448
43555823
41901352
43581653
41918430
43616453
41868483
43624371
41899077
43684012
41937042
43732833
41920418
43733064
41931354
46937558
41923679
43796536
48460711
43819550
41935878
43849782
41943222
43838441
41919732
43856921
41938566
43893710
41968554
43899270
41944463
43910762
41955855
43955944
41952026
43969571
41967752
44011257
41968769
44048222
41967540
44061231
41989784
44057768
41997758
44071664
41997826
44126863
42005396
44146623
41982418
44162163
42018630
44180230
42028796
44237657
42010476
44291172
42021139
44310587
42016344
44340581
42032148
44361908
42009060
44395558
42008966
44411551
42017210
44430551
42039683
44432246
42044579
44486513
42047740
44518543
42022726
44520876
42048224
44549383
42035587
44574805
42071378
44613339
42069368
44627076
42060969
44662687
42058335
44659053
42063301
44673722
42049883
44708010
42044546
44737292
42053646
44762544
42082572
44804960
42068836
44820053
42064346
44861647
42070479
44884473
42069981
44915126
42100342
44918298
42107148
45006750
49696308
45052978
42115855
45089323
42126593
45100846
49745489
45080342
49749822
45143985
42156003
45146048
42140806
45161437
42123212
45165032
49893454
45233043
42141262
37118175
40263070
37125701
40293965
37141794
40320945
37149236
40339294
37136509
40358124
37157547
40368506
37152986
40426695
37155291
40430175
45128032
43760643
39303226
