101801664
111548510
121410135
141319338
151352695
161277270
171173448
181053940
201085139
200939044
200937220
200671364
200588962
200453502
210315308
200122495
219966584
209812721
199651861
189503251
209333592
199177437
208903339
208786059
218534044
208378834
198107596
197945610
197702838
197532662
197357776
207280323
217126649
206967576
196788041
196562064
216563574
206413469
196280716
196070897
195896105
195775662
205623661
195425365
205246826
205128241
205094020
194941042
194846265
194694670
194558295
194518891
204431001
204321563
194174572
204073733
203917277
193747762
203779062
203760796
193626532
203551599
203230163
193111067
202861520
192697923
192568391
192484023
202274031
192111209
202045063
191885036
191759619
191640177
191601669
181420949
181272989
191050047
190878062
180761891
180635146
180493261
200364017
190203004
180023746
189957262
179750053
189493719
189171689
188889764
198844878
218471317
208164784
197955832
197756420
217657296
207331147
197170702
187025175
206843965
196539233
186378562
206269287
196083768
185891914
205731476
195525439
185398059
195227647
185099373
184910693
184744533
184578757
174461647
184316040
184156524
173995647
183877447
183687048
173525128
183449360
183220228
173054130
183022620
182918641
172746548
182512595
182371348
172201039
182074520
181900344
171749520
181613102
181421321
171284623
181175704
180984976
170833203
180699315
180542996
170402965
180290732
180107537
169970215
179799391
179580367
169354470
179152764
178896655
188718881
178435665
178256760
188162302
177917606
177726151
187583390
177257848
177096834
186970214
176814258
176663560
186538730
176366827
176125587
185979531
175795332
175679063
185504489
175334939
175189612
185063133
174913665
174777131
184607040
174436801
174293390
184178545
174025941
173895689
183747501
173576059
173435373
183389812
173232658
172980878
182864860
172703048
172552260
182444005
172283629
172138473
182025476
171853689
171753271
181549585
171389264
171270190
181121075
180937420
180886197
170724605
170520703
180435115
170289252
170092435
179965759
169787261
169588033
179387229
169130249
168878047
178656652
178426652
178276457
178039731
177841311
177669623
177459096
177305038
177159833
176988886
176872091
186709749
196593801
186453650
206307267
196113388
195945076
215777528
205619655
195431508
185281835
195106177
204952933
194797623
184653514
184494298
174365101
184213223
184060005
173876456
183761133
183592041
173468130
183346007
173190534
173037346
182896200
172758622
172733138
182464969
172292584
172166740
172014504
171857418
171752127
171579509
171404689
171261250
171104686
170966766
170837207
170652421
170500901
170382767
170236290
170076098
169934942
169725408
169538623
169305645
169073056
168801854
168568593
168324860
168126543
177973095
177797689
177657128
177525812
177339948
177211272
177087377
176942990
176774219
176635270
176463237
176325850
176198969
176063411
175912899
175627731
175468142
175288079
175150160
174986310
174812127
174653884
174493895
174351088
174190854
174052841
173870162
173737323
173592061
173455622
173289592
173295213
173141753
172891845
172802400
172589834
172422292
172336738
172134490
171994134
171819121
171660808
171524726
171387246
171217108
171066999
170884094
170764369
170623883
170459985
170294293
170150471
169981323
169818564
169629210
169365044
169103960
168860904
168566054
168368242
168137650
177979446
177842350
177697596
177530145
177383341
177240275
177116182
176951401
176807231
176629752
176508377
176357993
176221957
176059361
175958348
175783595
175551966
175422829
175247013
185130127
184950286
184792044
174641735
184466183
194330637
184171439
204026276
193867963
183719401
173557674
183445631
173290147
183266670
173109984
173034596
182755314
172601794
172436769
172276651
172088064
171953359
171824637
171685665
171517987
171365836
171185826
171063353
170944200
170767527
170628291
170461402
170291068
170192458
169998149
169803283
169575204
169401019
169154280
168838284
168613319
168313492
168124244
167975086
167786085
177621487
177485440
177342939
177195422
177014093
176870778
176741180
176605950
176444599
176283520
176148179
175955269
175822036
175679335
175520200
175265293
175151676
174942040
174777062
174628603
174468572
174287439
174156664
173989329
173831429
173683649
173530090
173392971
173311066
173117391
173156936
172801068
172825115
172495198
172362408
172198064
172063904
171882228
171761702
171613453
171465385
171304169
171160741
171002886
170854972
170692663
170540482
170390593
170236390
170100432
169876390
169715627
169503411
169320865
169091266
168789367
168564453
178334197
168133242
167944470
167777661
167661840
177507670
177354380
177212328
177054131
176909598
176764720
176618425
176467853
176325579
176141238
176011699
175856397
175726542
175574365
175445106
175168510
175031496
174863435
174744622
174578682
174424033
174263497
174105775
173913636
173786430
173654869
173522682
173367241
183230301
183260228
182948865
172796859
182654473
192519327
182377839
192203191
192098966
181937884
171784117
171556696
171424621
181289022
171140790
170985122
170823750
170663433
170624835
170374783
170254921
170107927
169952405
169780333
169646223
169410126
169161311
168908482
168622554
168435469
168070377
167864431
167716592
167567082
177444168
177269226
177098682
176978687
176830347
176671586
176528195
176358669
176224248
176100123
175969363
175799340
175664559
175531589
175349175
175098799
174960858
174808409
174669861
174502784
174347983
174194785
174011668
173872993
173763992
173607299
173477033
173292627
173213029
173025105
173077861
172748033
172717720
172481252
172317178
172186785
172036152
171877978
171749581
171570596
171450113
171280320
171154311
170993272
170830301
170699812
170569771
170380806
170243677
170115222
169939116
169748654
169599785
169338600
169148091
168852607
168575359
168302711
168164486
167995566
167840385
167657901
177523728
177377411
177265807
177117104
176969571
176796917
176683136
176538520
176399230
176243577
176106369
175953743
175806485
175684896
175550247
175375471
175202517
175053655
174920740
174706044
174570751
174415496
174277080
174134080
173965297
173839514
173703265
173557704
173415047
173276763
173183542
173072432
173115879
172751742
172565434
172408287
182286224
172135359
182036326
171876326
181702441
181514840
171369062
181255082
181088881
180960016
190832444
190655220
180512588
170334474
170181400
170046838
179871765
169710347
169565459
169358680
169188639
169037479
168752106
168538254
168397092
168074297
167896632
167616989
167492156
177333255
177195122
177029746
176882517
176694653
176572848
176402437
176285690
176112151
175923466
175818865
175657662
175488601
175310234
175095549
174864306
174700802
174527232
174368699
174230765
174069633
173869956
173738066
173585494
173435534
173247970
173211087
172994347
172894443
172670118
172507430
182346456
172192215
172025906
171863418
171700831
171539938
171395982
171232700
171090816
170907493
170746833
170632925
170452087
170310831
170149059
169966156
169790882
169591884
169389317
169132132
168846468
168622471
168380434
168179300
168015538
167841016
167680352
167551531
167387275
177233664
177090465
176942477
176782350
176644318
176484380
176329777
176158975
176037686
175874277
175698001
175545419
175403200
175261477
185103966
174845959
175108058
174515897
174325892
174189820
174008545
173836767
173686596
173543318
173409039
173269138
173313378
172971556
172779611
172644902
172475226
172372006
172199153
172081570
171852359
171649405
171505334
171339467
171173397
171014615
170852770
170700053
170554476
170364514
170216745
170054200
179928652
169734845
179468172
169154279
178886334
178563578
168258863
178055467
177831241
177632980
177416739
167250195
177116666
176931273
176720255
176540191
176364706
176202004
176072478
175921137
175722695
175570607
175400688
175285791
175116548
174964782
174814550
174633310
174403277
174286918
174115703
173966662
173802873
173653325
173457639
173288859
173268519
172971736
172887433
172599251
172442861
172286253
172162820
171965748
171810356
171652625
171517245
171349865
171202133
171036583
170871063
170741727
170586503
170436500
170270800
170132548
169919085
169725192
169529934
169338575
169075528
168834300
168511471
168261590
168055730
167929765
167751516
167595096
167422776
167286680
167144369
177003658
176847353
176695133
176533077
176399801
176234091
176081187
175900046
175766188
175587537
175474327
175301247
175158688
174999385
174866160
175608247
174499178
174332760
174174871
174011769
173834100
173664034
173500114
173504001
173324100
173002569
173074817
172693199
172548647
172387848
172240861
172041761
171932534
171737787
171583158
171414497
171282562
171108603
170914626
170759800
170586225
170401684
170213838
170056460
169824218
169645185
169424836
169142663
168886915
168584343
168332137
168119488
167946522
167790266
167623403
167477641
167337249
167179499
167083806
166893906
166775614
166611116
176498906
176337754
186200417
176045337
185899585
175733723
185625764
185485701
175344500
185174823
195023735
184850822
184731081
204615732
194459736
184207253
204075524
193919184
183763174
183698490
183428530
173297921
183257684
183044097
172908170
182691492
182587537
172433341
182244926
182077736
171924274
181736474
181571335
171396339
181271502
181067249
170883607
180718554
180538462
170377151
180242018
180024873
169829116
179652416
169429359
169168074
178856518
168585029
168416474
168150433
167989097
167848910
167505677
167362804
167237506
166920813
166786673
166642066
166486798
166333166
176212899
176035098
175926583
175775980
175608514
175455491
175314795
175146947
175001676
174877913
174726262
174559076
174419389
174280072
174151989
173991195
173814279
173670460
173522150
173352751
173216294
173037118
173013270
172761154
172751000
172421574
172309809
172161829
172020890
171852116
171705959
171554478
171440437
171312453
171159858
170988530
170854921
170696436
170554882
170414495
170274687
170104677
169912207
169760287
169563002
169329083
169085129
168825943
168607776
168343173
168150195
167977411
167820596
167681433
167545290
167379210
167230652
167091085
166960245
166829273
166677006
166537420
166382291
166235490
166077629
175948370
175817220
175653027
175500464
175346762
175206658
175026226
174931188
174797824
174653840
174510280
174353392
184225214
174091392
183966681
173817795
183617863
173446577
173284579
183259550
203011658
192859009
182683844
172542151
182381295
182229678
182110361
181945462
171798990
181651288
171488106
171373484
181209505
171087690
170923720
180780068
170645576
170498430
180312282
170163979
170021829
169891067
169678706
169527179
169323617
169055293
168830143
168564232
168416082
168149313
167861529
167722369
167528932
167333022
167166649
166969621
176814216
166650146
166441774
166284724
166095339
175934145
175734740
175567152
175393878
175229013
175044065
174872831
174696243
174503283
174336829
174166694
174037917
173842781
173797017
173488175
173114475
172964890
172758509
172558639
172339009
172160621
171982346
171840235
171659738
171484038
171269535
171098243
170924770
170747019
170552258
170382272
170216652
170009154
169809071
169606551
169362432
169133314
168784167
168517574
168264330
168042801
167815914
167672176
167460293
167295379
167119467
166940770
166744279
166589992
166370553
166186645
166026889
165840004
175641862
175468065
185292541
175102414
174893784
174729634
174533219
174362962
174157901
174004809
173881049
173744614
173729796
173447322
173048160
172870241
172688106
172505937
172322481
172139992
171919447
171742275
171549665
171395507
171200871
171044328
170854638
170664050
170483714
170313012
170155166
169922043
169715859
169469059
179234339
168925149
168589862
188318888
178092671
167886423
177709977
187532352
177321291
177158069
176974685
186828135
176636135
176458857
166266134
166077210
165897282
165713084
165538469
175356370
175189640
175006143
174816736
174634558
174428445
174319496
174124284
173946029
173873192
173784560
173400826
173198385
172999040
172748862
172555344
172399996
172195526
172013362
171788258
171629535
171451894
171288272
171112176
170935189
170751089
170599551
170417223
170243982
170036055
169826482
169594495
169354377
169001275
168689099
168431805
168212350
168038364
167885738
167744388
167561695
167406876
167263188
167120982
166959240
166798063
166646156
166495635
166357218
166207515
166067181
165916533
165761081
165632274
165458568
165312585
165154600
165017838
164846976
174708647
174562462
174421841
174299211
174125442
173996157
173844912
173704163
173563690
173422760
173397047
173241130
172947554
172953946
172622139
172403036
172240192
172104145
171919393
171765392
171591736
171430016
171273004
171126566
170967884
170822708
170668749
170528934
170408952
170247193
170101003
169922700
169745301
169545028
169312335
169091554
168857391
168649186
168417602
168157708
167948084
167798329
167633273
167482482
167345547
167178040
167043472
166912695
166756786
166602615
166450674
166260834
166061254
165833014
165608312
165423800
165228462
175070574
174900376
174704300
184562223
184389755
184209886
193985941
183786972
173606155
173452358
173281040
183392678
182986271
172819668
172572403
182398875
182245763
172076539
171945298
181737021
171604160
171443656
171289779
171117892
180989049
170801481
170642597
170493185
170339773
170214055
170064018
169910157
169729112
169555904
169325137
169136368
168839372
168608141
168455689
168177509
168033494
167786249
167647915
167505936
167374428
167227110
167062583
166925124
166798912
166630354
166493776
166348242
166198584
166066437
165937157
165788495
165633117
165482400
175386390
165243241
165088664
164932993
164799389
164674753
164536214
164348833
164205975
164078372
173922936
173790150
173633622
173492781
173377529
173288790
173078280
173105621
172812725
172781724
172560045
172409728
172258851
172093009
171963388
171820898
171650075
171477296
171317339
171162823
171035829
170892916
170714654
170564334
170402222
170276037
170136640
169964177
169792909
169637727
169412490
169203460
168903272
168638182
168420919
168213276
168063078
167874932
167738124
167592556
167466568
167322496
167196081
167000406
166895863
166748151
166612547
166467812
166346798
166203021
166064810
165935576
165796708
165639945
165527174
165392685
165251607
165095176
164951347
164796992
164660819
164519192
164369658
174247339
164109987
173949324
183811543
173664967
173519509
183345596
183281007
173131607
182988332
182812643
172675138
182548069
182407259
172262337
182226730
181996271
171847115
181700130
181448778
171290640
171153860
171034150
180863256
170697987
170509060
170382285
170248394
170068130
169917708
169738400
169573944
169412624
169171555
168960664
168617536
168315563
168144419
167953406
167841930
167580985
167457072
167313125
167154053
166983299
166882596
166699489
166593980
166423271
166314755
166159194
166036148
165878833
165745619
165564704
165455349
165279874
165129470
165012741
164856225
164697659
164584466
164452972
164314256
164169293
163995481
173883402
173718933
173563393
173419985
173294667
173297670
173114336
172856547
172775694
172585389
172421225
172290861
172123761
171994490
171843341
171703807
171541283
171367949
171230274
171063069
170904444
170776684
170584304
170432208
170298595
170186282
170004394
169778638
169580857
169363541
169130207
168839514
168556959
168329977
168177160
167997956
167834615
167676487
167539306
167380749
167215455
167072321
166895371
166747922
166596575
166470549
166297576
166122710
165976646
165797811
165632439
165476460
165341255
165171439
165027530
164881967
164725559
164565069
164428555
164277528
164094696
163931587
173780517
173622337
173512233
173431631
173371689
173056238
172877043
172716416
182712787
172558852
182410881
172267116
182119453
171971310
171786704
181517498
181365672
171202126
171025516
170880891
170696536
170555892
180409239
170233566
190078337
179933361
169760164
169581730
169355328
169167909
178888324
168704807
168448527
168084995
167914357
167744217
167594868
167473612
167321546
167160881
167000527
166850425
166665117
166542465
166377366
166175283
166045835
165909527
165771293
165596017
165438334
165259239
165110417
164989030
164817020
164674108
164529383
164368727
164175327
174014466
173807163
173655590
173495457
173357579
173320707
173053382
173004072
172724353
172567110
172424239
172256416
172120135
171957739
171819446
171605875
171443463
171280681
171106441
170931343
170776756
170574219
170428560
170260773
170112769
169926997
169742596
169514462
169322201
169064782
168759296
168509254
168286888
168137552
167935774
167724007
167604893
167437037
167299313
167106254
166979488
166814631
166670154
166509755
166354103
166198949
166049509
165858155
165643970
165445917
165282620
165091896
164918690
164711667
164534357
164338653
164194677
174045434
173868336
173698806
173693636
173474529
173241516
173109550
172868061
172688794
172496606
172330290
172183738
172013255
171888023
171745007
171455175
171265620
171107747
170948373
170790207
170617490
170451382
170301642
170171630
169995549
169769118
179734829
169492859
179103454
168835777
178567390
168304798
168125474
177973660
177822337
167668523
167495445
167357258
167199821
177102123
166946589
166703214
166590889
176355558
166205040
166059006
165895699
165761376
165628896
175475961
165311696
165125239
164961980
164814580
164665884
164485578
164326400
164187204
174038728
173894555
173692777
173554137
173408804
173445608
173102440
172951188
172773413
172625225
172453222
172278620
172118002
171977106
171834979
171613091
171445426
171265873
171106965
170942691
170770315
170566567
170383631
170221603
170025000
169858939
167167220
167011833
166830591
166663843
166513868
166372885
166199288
166020574
165878669
165685892
165526414
165405273
165217733
165076079
164898665
164750910
164582769
164421051
164245717
164094259
163916856
173775502
173645375
173556866
173421063
173166464
173102588
172858388
172678704
172541124
172375095
172246487
172066504
171918538
171749211
171507052
171290838
171174220
170992791
170808129
170639637
170482379
170329222
170168807
169967965
169727728
169536183
169298478
178963083
168654997
168334592
168150169
167980900
167808818
167655481
167496532
167323128
167168061
167023117
166820139
166699418
166536342
166363945
166183907
166027658
165878829
165706708
165587713
165424820
165272066
165104227
164960257
164770281
164592243
164391078
164221074
164038256
163886032
173732880
173702377
183569981
173421530
173380702
183255601
192931121
182770634
172599103
172437883
172253194
172105864
181981090
181795677
171631119
171400621
181245624
171089219
170920078
170785477
170615804
170443969
180276146
170122808
169899508
169689264
169439607
169253498
168923530
168599610
168394094
167969852
167746530
167487195
167330465
167176075
166981264
166838720
166704644
166542631
166370861
166185434
166055806
165904897
165731918
165586911
165421006
165284131
165111594
164970910
164801135
164652861
164491629
164335267
164145400
163982834
163850481
163658945
173588497
173426413
173426193
173120687
172924670
172748206
172588269
172433389
172272014
172101730
171916512
171792153
171629093
171478195
171308879
171031294
170893312
170726214
170556051
170400609
170211345
169996329
169841760
169605158
169363442
169113658
168808293
168523587
168225286
168031735
167871247
167702192
167539036
167382800
167217358
167073462
166908671
166750247
166557762
166399375
166249469
166063664
165872481
165699333
165501555
165339143
165174017
165015587
164859425
164704825
164508843
164344135
164189931
164041318
163872437
163712466
163549136
173473179
173273788
173321676
172979880
172767033
172649546
172498675
172344531
172166369
172012103
171871053
171703627
171554625
171364328
171235929
171044058
170908961
170793299
170647056
170481377
180277859
190216144
180034051
169826022
179581481
179319721
199168225
188889456
178602940
168335358
178110976
167938310
177903206
177614351
167475127
177400978
177128027
166939551
186793106
176896158
186562507
206368263
206237678
216060232
245717199
255531800
265429416
275268619
285130453
