125043705
115025021
124992239
114976534
124991153
114975124
124954485
114936986
124918262
114902417
124882110
114864997
124844707
114828992
124864906
114848265
124829580
114813187
124807954
114792930
124772799
114757162
124752477
114735465
124715526
114699157
124683401
114666544
124654062
114638791
124640549
114623924
124592922
114576295
124564227
114546887
124539378
114523532
124523061
114507599
124483262
114466658
124452343
114435431
124427687
114410920
124411964
114396163
124375663
114359301
124341532
114324498
124297133
114280762
124272645
114255930
124239224
114222850
124211682
114195991
124172212
114156471
124157433
114141284
124117522
114100520
124084174
114068048
124045759
114029576
124032363
114016516
123985155
113968987
123957768
113941760
123916220
113899797
123882774
113867107
123845967
113827673
123808168
113792764
123789019
113773482
123761323
113744387
123693826
113678273
123698684
113682100
123676101
113659612
123659439
113641775
123619513
113603409
123572666
113554214
123544935
113527901
123521114
113504740
123486808
113468390
123433062
113417049
123423322
113407924
123395771
113379150
123356710
113340537
123327502
113310730
123272358
113255662
123263781
113246173
123238235
113221736
123203404
113187280
123164652
113147842
123149821
113133333
123107019
113091293
123074030
113056892
123035684
113019620
123011931
112994760
122975650
112959364
122941044
112924893
122918123
112899529
122893261
112875290
122893833
112876221
122797928
112780037
122848843
112831622
122809909
112791711
122823986
112805469
122887532
112868477
122832416
112814142
122835507
112818559
122823301
112805117
122816956
112798277
122839896
112821495
122802427
112784118
122775961
112758626
122796604
112778603
122803415
112785493
122834666
112815952
122824970
112806433
122823786
112806416
122777589
112759957
122787869
112770229
122813225
112795792
122837922
112820384
122838509
112821616
122825567
112807938
122788935
112767684
122819483
112801158
122792293
112774493
122801087
112784469
122779716
112761004
122844861
112826682
122857545
112839230
122831715
112813860
122800609
112783802
122837991
112819809
122796476
112778348
122782552
112764375
122752175
112731445
122794064
112776307
122741365
112722006
122729780
112711687
122743859
112725846
122742135
112723443
122779704
112762252
122826598
112808578
122772694
112754556
122749996
112732310
122828769
112807292
122793205
112776486
122814545
112796590
122805270
112787214
122783748
112766313
122753734
112735012
122765353
112748895
122739258
112721004
122704192
112686407
122732645
112714183
122714634
112695996
122705220
112687765
122732404
112714494
122785093
122817761
132749063
122731644
132741372
122723600
122726241
112708824
122772044
112754014
132870753
122852801
122842566
112824153
122844947
112827060
122834399
112819122
122798388
112781336
122775188
112744530
122777780
112761338
122859273
112841880
122778254
112762601
122805751
112788997
122837416
112821558
122842634
112825790
122800292
112783559
122830324
112814598
122803106
112785988
122815978
112798961
122793595
112777005
122785777
112768932
122834707
112819620
122805219
112787918
122883770
112866853
122838480
112821563
122805931
112789388
122851151
112835769
122827035
112810499
122795799
112778854
122843191
112825319
122841288
112825108
122855084
112839090
122860635
112841048
122907919
112891795
122891453
112874711
122921544
112905700
122891153
112875047
122913659
112896889
122922066
112906154
122970611
112950214
122933476
112917847
122925463
112910091
122897069
112878965
122869063
112852216
122851925
112834901
122858165
112841605
122854334
112838657
122876187
112859618
122846449
112829565
122874042
112857311
122893332
112876348
122927456
112911668
122902885
112886573
122884762
112867846
122901267
112884128
122862588
112846140
122896046
112880360
122884322
112867633
122870721
112854750
122905360
112888905
122933688
112916490
132888338
122872259
122964260
112947394
122854204
112837333
122959564
112943399
122944100
112927170
122937243
112920989
122904535
112888141
122872180
112855399
122896583
112879560
122888954
112871134
122912096
112896455
122875906
112859148
122900632
112884177
122899958
112882044
122890173
112873479
122910442
112895189
122933447
112917193
122904260
112887787
122960523
112944362
122934899
112918815
122961010
112944960
122911164
112894197
122916169
112899626
122906073
112887641
122901491
112883934
122868051
112850533
122851415
112833466
122941597
112924092
122912448
112895690
122933108
112916434
122890564
112873962
122894773
112878287
122870113
112853982
122919269
112902551
122933304
112917034
132893096
122877001
122917076
112900192
122892520
112876379
122871848
112856022
122897262
112880941
122868081
112852551
122914744
112898611
133011803
122994419
122910139
112892652
122942955
112926565
122947967
112930849
122883430
112864170
122870094
112853472
122878688
112861583
122851563
112834549
122869111
112853243
122841993
112825470
122787204
112770015
122822812
112806187
122792974
112776269
122734064
112718802
122731910
112715064
122704231
112687728
122680537
112663765
122729297
112712282
122732128
112716339
122729390
112713211
122750215
112733623
122754809
112737403
122739295
112722968
122728623
112712430
122792179
112775519
122771324
112754450
122824421
112807997
122800071
112783717
122788423
112772187
122819122
112802353
122774293
112757699
122749081
112725935
122722899
132716284
122694534
132679065
122657393
132661636
122640038
132643847
122620942
132640697
122618661
132655074
122629500
132619654
122598621
132642898
122619305
132628179
122606298
132607066
122585103
132564379
122542804
132546232
122523782
132494124
122472627
132467598
122446378
132428153
122406859
132410438
122388597
132370225
122348461
132342198
122320568
132304446
122276410
132260108
122238614
132243263
122222465
132204728
122180195
132179801
122157803
132159652
122138881
132122850
122101122
132095433
122073384
132080148
122058934
132076081
122054478
132058130
122037088
132111418
122089756
132008112
121986457
131986356
121964867
131986610
121964753
131978880
121958335
131951152
121929782
131917696
121895075
131885073
121852653
131912776
121881629
131843023
121814946
131809075
121777993
131764590
121739374
131739096
121715536
132745344
122714289
131661460
121630204
131588701
121556932
131567781
121537082
131532885
121501033
131476095
121452183
131445276
121415105
131396118
121361791
131356908
121325352
131299464
121267564
131274794
121244204
131214036
121184217
131183076
121150927
131200207
121169404
131147937
121115946
131080411
121049322
131040504
121010599
130982065
120950298
140979798
130948623
130955608
120930250
130956625
120919846
130870453
120841672
130837084
120806667
130807161
120776922
130754508
120724234
130718285
120687511
130672284
120649392
130674042
120643997
130617274
120587715
130575663
120544925
130578497
120547832
130491245
120461730
130481526
120450854
130456550
120433507
130457122
120427175
130375028
120344863
130341500
120313126
130290447
120258950
130271289
120240567
130221908
120094075
130086086
120062213
130047427
120012891
129989037
119954653
129959167
119923881
129905112
119867005
129851675
119818181
129837898
119807769
129807632
119784308
129749488
119709956
129707016
119672162
129655993
119622323
129606138
119574713
129633621
119598235
129572268
119541532
129535277
119511291
129507401
119470855
129439445
119406332
129400812
119369230
129359147
119328525
129335195
119303560
129296274
119264758
129307602
119281834
129263061
119230696
129209746
119179182
129169540
119138429
129140216
119109200
129087700
119057707
129053376
119023321
129031769
119008452
129010488
118978755
128950054
118920011
128920099
118891212
128849847
118817800
128839080
118807399
128801068
118759378
128743923
118716676
128712590
118682269
128677466
118646602
128617722
118586201
128593345
118562403
128537505
118507360
128504407
118474898
128482348
118454910
128468187
118436048
128417911
118387820
128397348
118365870
128345715
118315750
128292802
118262294
128290503
118260176
128243199
118215026
128190933
118159604
128151815
118119864
128084092
118052246
128050354
118017743
128008029
117976228
127995518
117964785
127950822
117928677
127904480
117882915
127877423
117855343
127843155
117821329
127819363
117795829
127786515
117765760
127800555
117779116
127762668
117738567
127725220
117702625
127691029
117665157
127679455
117659322
127662628
117641887
127624843
117603298
127628491
117606779
127600921
117578908
127556531
117535418
127543387
117521600
127561957
117540559
127521995
117500063
127491678
117469779
127468285
117445532
127436764
117416015
127428167
117392663
127384885
117359289
127349941
117329096
127319524
117298677
127264222
117242673
127251677
117211874
127197141
117174511
127182302
117160776
127164912
117143677
127141642
117120044
127087455
117066115
137103180
127079486
127087640
117064736
127055323
117033888
127032138
117010144
127010252
116987992
126975702
116953285
126930645
116908744
126899197
116878245
126869733
116846828
126845774
116823499
126838655
116816773
126802636
116780999
126758740
116737782
126726885
116703606
126695127
116674076
126682387
116660290
126630734
116609160
126590033
116569018
126570425
116548622
126605705
116583875
126578123
116556686
126547939
116526336
126511971
116490657
126485275
116463815
126454332
116432549
126412054
116390602
126409208
116387918
126359272
116337799
126333565
116312042
126317246
116295893
126359780
116338490
136259299
126237945
126218193
116196556
126201585
116180355
126152680
116130401
126131877
116110040
126123653
116100091
126062446
116041230
126040831
116017535
126005497
115984387
125975771
115953977
125934637
115911888
125893449
115872804
125855094
115833589
125836404
115814222
125798073
115777580
125767640
115746569
125730034
115708564
125693347
115671858
125655291
115634174
125618872
115596438
125598720
115578033
125573281
115552464
125590875
115570141
125526074
115505090
125491248
115469340
125496907
115475156
125465204
115444421
135438795
125417598
125400766
115379083
125382134
115360687
125351809
115327534
125345741
115317782
125322417
115299394
125324516
115303772
125297205
115275199
125281481
115257564
125265624
115245576
125268772
115247783
125209070
115187869
125194349
115173047
125164848
115141457
125137562
115116399
125146204
115124150
125120936
115100477
125086449
115064541
125119228
115096794
125050509
115027853
124994920
114974177
124987962
114966056
124948762
114926666
124919076
114895744
124889431
114866819
124853394
114831736
124893965
114872082
124840664
114818082
124812816
114789545
124764899
114744494
124753955
114731112
124721187
114698250
124685961
114662259
124652340
114631148
124687007
114666173
124649551
114627692
124643931
114621058
124603486
114582433
124578050
114556670
124555323
114533883
124525274
114503296
124514816
114493254
124468691
114446001
124427538
114406227
124409310
114388770
124365041
114343285
124361965
114340185
124353690
114331148
124346835
114325526
124304134
114283377
124260632
114238875
124223756
114202462
124247500
114224672
124153286
114129670
124118447
114098737
124114505
114092967
124078917
114057355
124091301
114070139
124049484
114027739
124015233
113994765
123983775
113961572
123954261
113932710
123943561
113922340
123914942
113893142
123900136
113878890
123892084
113870340
123844407
113823310
123881030
113859544
123912807
113890989
123886254
113865140
123833166
113809858
123830176
113809496
123798819
113777105
123759421
113738297
123742540
113721575
123699993
113677657
123658459
113636299
123649585
113627641
123623739
113602337
123597543
113577358
123559491
113537367
123511157
113489385
123488431
113466582
123468767
113447970
123412632
113392131
123393965
113372025
123354986
113333808
123358357
113336120
123327399
113306301
123297063
113276677
123256431
113230511
123190468
113168611
123191032
113170321
123292807
113270384
123186447
113165813
123149684
113127280
123132359
113110555
123142581
113119663
123118673
113096996
123109737
113088786
123070718
113048357
123073501
113051740
123043914
113019635
123077481
113056235
122989907
112967087
122956926
112935772
122945148
112923197
122992887
112971414
122952498
112930691
122919821
112898469
122928582
112906085
122937900
112916137
122911880
112889670
122945017
112923163
122982053
112961607
122956436
112934175
122933898
112912478
122971813
112950010
122936582
112915006
122898272
112877295
122866584
112844438
122915383
112893687
122930526
112908977
122956398
112934804
122957983
112937643
122976905
112954751
122962463
112941540
122960021
112938361
122977846
112955333
122962701
112938403
122913722
112891762
122947883
112924828
122972500
112948689
123026607
113005470
123039131
113018400
123058413
113036699
123013642
112990382
123009273
112987929
122981949
112960301
122975395
112954437
122942634
112913135
122919793
112895674
123003305
112981592
122987295
112965501
122974650
112952852
123037910
113009396
122975748
112954535
122982190
112959946
123027810
113005763
123023871
113003005
123024448
112999367
123013899
112992372
122983142
112957954
123057337
113035299
122891537
112870457
123050628
113020298
123033868
113012379
122999412
112976770
122946330
112924575
122927291
112906290
122883316
132871086
122853545
132871664
122853653
132866988
122849806
132868436
122852371
132806941
122790569
132804774
122787949
132823305
122807687
132734787
122717363
132706655
122688440
132700666
122684249
132649075
122632449
132615004
122598789
132684775
122667875
132574337
122557548
132553436
122536562
132504189
122487720
132485130
122468909
132462219
122443436
132430687
122414264
132397681
122380634
132452747
122436074
132367180
122351984
132404044
122387314
132403129
122386422
132361616
122344946
132396800
122380563
132294808
122279091
132282241
122265876
132274826
122258520
132214351
122197297
132162429
122145939
132157175
122141468
132122462
122105664
132103192
122086695
132127060
122109975
132005686
121988717
131992662
121976184
131963520
121947278
132001897
121985611
131949888
121932924
131950836
121934705
131921510
121905421
131984123
121965480
131871421
121853681
131911231
121894634
131793315
121776781
131763909
121747385
131728806
121712403
131691489
121674813
131686282
121670032
131636681
121619607
131619249
121601663
131587555
121570759
131579787
121563263
131533438
121516375
131592209
121575954
131474103
121458343
131473140
121457241
131440534
121423677
131452595
121435650
131373358
121356222
131333348
121316784
131313515
121296690
131269772
121253635
131289819
121273026
131198472
121182212
131166907
121151034
131146030
121129920
131117093
121100471
131148623
121131592
131089204
121072088
131078583
121063180
131070869
121053561
131022047
121001622
130986024
120969874
130971146
120954735
131097613
121082313
131056476
121039117
130918713
120901421
130898759
120882528
130865604
120849112
130859099
120843064
130828979
120811839
130798166
120781464
130777357
120761151
130746225
120729733
130757241
120741055
130694153
120676525
130659854
120643222
130636152
120619807
130596986
120580029
130572430
120557418
130539279
120522677
130531366
120514359
130415771
120398848
130518881
120502283
130403794
120387810
140423906
130407046
130427803
120410922
130428234
120411354
130644034
120626651
130398956
120383143
130506168
120490321
130316875
120300329
130286216
120269498
130273265
120257258
130248415
120227364
130207671
120177889
130131108
120098917
130069817
120048686
130048371
120026309
129996325
119968235
129939626
119914475
129878548
119849930
129823390
119795850
129739568
119710888
129683868
119664403
129642814
119624742
139634602
129617260
129615586
119599163
129581390
119563164
139548333
129531297
129504126
119486468
129477721
119460462
129440427
119422961
129432937
119415236
139423113
129408051
129388137
119370605
129349218
119331980
129319647
119302707
129292823
119274317
129250173
119233031
129222252
119199063
129195713
119178674
129175729
119158925
129224678
119207302
129215854
119199059
129173605
119156465
129150676
119133301
129136075
119118610
129077803
119059165
129049095
119033516
129023228
119005840
128983065
118966247
128970546
118954468
128976140
118959253
128942832
118927390
128945226
118928689
128906986
118890259
128878511
118861566
128850890
118834318
128804388
118786973
128775051
118757708
128763109
118746576
128751133
118734010
128713300
118696912
128626682
118611484
128595447
118579104
128612660
118594274
128558287
118536895
128502603
118481501
128454154
118434136
128430434
118410514
128394173
118377210
128344264
118327911
128330887
118314364
128304702
118288812
128273493
118256348
128270208
118253186
128231054
118212997
128184728
118166953
128158056
118142269
128122461
118105764
128080769
118064134
138086967
128070528
128045552
118027713
128011875
117995477
127963757
117945053
127944514
117929351
127923492
117908283
127897551
117881816
127870088
117851576
127834580
117818313
127802525
117786401
127777198
117760069
127749319
117733006
127707314
117691743
127674020
117657036
127642487
117626213
127620620
117603932
127585739
117569424
127549602
117533501
127522167
117505611
127488908
117471103
127455895
117438930
127425113
117408982
127389230
117374131
127365254
117348966
127326199
117309780
127303906
117287364
127273234
117257021
127237762
117221948
127200129
117183173
127222716
117205814
127188972
117172936
127160448
117143766
127121486
117105646
127089915
117073465
127060123
117043366
127033822
117017139
137004373
126988724
126988254
116973057
126945731
116929202
126922245
116905885
126892846
116876562
126867258
116850857
126822503
116807079
126811663
116794628
126822436
116805812
126750362
116733852
126713580
116697463
126684239
116668959
126654861
116638637
126624373
116607124
126591529
116575317
126552758
116535660
126534430
116517956
126495908
116479086
126468682
116451705
126452295
116436393
126418419
116401812
126393087
116377575
126352047
116336146
126327492
116310887
126295925
116279517
126260824
116245041
126234718
116219146
126221767
116206139
136185860
126169842
126138858
116122456
126121979
116105287
126116563
116100265
126051397
116033840
126014144
115997906
126011172
115993839
125995944
115979512
125979653
115956132
135923592
125906648
125898760
115882026
125886303
115868685
125849007
115832549
125817521
115798900
125778308
115761386
125744682
115728520
125710726
115693515
125676675
115659423
125679560
115663685
125639470
115622329
125604215
115587411
125570566
115553925
135526331
125509535
125512187
115495858
125503366
115485535
125460453
115443855
125411302
115394535
125401399
115384513
125338541
115322168
125307970
115290877
125282609
115266115
125246804
115229145
125220890
115203425
125209482
115193791
125231777
115215281
125145443
115128502
125118163
115099945
125084988
115067898
125055156
115038754
125026370
115009644
124998561
114981908
124963820
114946701
124944700
114927273
124903441
114887840
124871778
114855049
124851982
114836088
124826749
114810290
124806952
114790396
124770078
114754178
124736705
114720353
124712175
114695893
124681129
114665016
124655602
114639353
124597078
114581302
124593103
114576913
124563181
114546827
124539758
114523777
124474790
114458639
124457870
114442355
124438829
114422507
124450055
114433696
134382735
124360455
134347711
124329081
144356796
134341464
134317913
124302004
134294658
124277754
134237457
124209750
144208089
134192297
134198348
124183052
134164575
124147940
134133978
124116844
134107059
124090235
134076665
124060600
134045238
124028278
134018454
124001678
133988827
123972136
133955509
123938148
133920662
123903646
133893513
123877521
133882021
123865056
133839345
123822742
133801260
123784981
133774386
123757735
133750891
123734461
133709680
123692822
133673197
123656006
133645026
123627355
133614742
123597214
133587636
123571616
133552481
123535763
133521423
123505345
133494428
123477376
133467091
123449892
133430355
123414518
133403870
123386834
133372436
123355351
133338330
123321174
133300356
123283292
133263646
123247627
143224456
133208466
143215580
133198158
133166583
133154249
143151617
133135141
143104447
133088161
