110579129
120570964
110559729
120550399
110540301
120549223
110537478
120516973
110505945
120525059
120057594
120533236
120081886
120500885
110490233
120498015
110486753
120489177
110476957
120468710
110458137
120464522
110454122
120451360
110440510
120457779
110447243
120441577
110430380
120433361
120009058
120431156
110419845
120410835
110400445
120403776
119978406
120390896
119979594
120371730
110360488
120382203
119943971
120384581
110373865
120375281
110363798
120361951
120350942
120349040
119879822
120334693
110322836
120320013
110309581
120341001
110329794
120320564
119872551
120237801
110225766
120229025
110218504
120224544
110214088
120225503
119816908
120225691
119803123
120224817
119769628
130203759
120193225
120188837
119762325
120192930
119785196
120204949
110194124
120199189
110188351
120183566
119753394
120175343
120183562
120191678
119719572
120167713
110156007
120139941
110126749
120128171
110116868
130106874
120096659
120128617
119668217
120123175
110112464
130130597
120119206
130130177
120118524
120084442
110074111
120092925
110081871
120094359
120085685
120099245
120102811
120104171
120095121
120093767
110083550
120091723
110081124
120020593
110009413
120048594
110037383
120046758
119563371
120029246
110018890
120030896
110019967
120012734
110001818
120001185
119526006
119997408
109986705
119997799
119506430
119973536
119961698
119962023
119951060
119992470
119457227
119964065
119461982
119961428
119443470
119924561
119439203
119914469
119417799
119910246
109898879
119907574
119399862
119890930
119893406
129886954
119876277
119901899
119382386
119909656
109898346
119863526
119862049
119853032
109842573
119842884
109831216
119836385
119835088
119824788
119299673
119831136
109819676
119803071
109793010
119795636
109784675
119780309
109769125
119778950
119295788
119762465
119278759
119753218
119247855
119745755
119255540
119747356
109736283
119720080
119216898
119714539
119225925
119695037
109684385
119688256
119190785
119665936
119174876
119667868
119159755
119656775
109645628
119643327
119145799
119647772
109635902
119638532
119110882
119614889
119102273
119611511
109599281
119604050
109594370
119591675
109581336
119588600
109577260
119568453
109557298
119565964
109555446
119542227
109485265
119474963
109458864
119461693
109447238
129455766
119442465
119423708
109409990
119387299
109374534
119409848
109345873
119351324
109340078
119335310
109326139
119327449
109317637
119326121
109317162
119303373
109294082
119307645
109298273
119303351
109293863
119317186
109307574
119305731
118757616
119308498
109299255
119300051
109290246
119295296
109285944
119286873
109277280
119296224
109287570
119275145
109265179
119270207
109260718
119263132
109252817
119250969
109241793
119239572
109230744
119248182
109238645
119244744
109235979
119238626
109229958
119217058
109208132
119221521
109212825
119198924
109189650
119214509
109204295
119201965
109192821
119198495
109183851
119209204
109201126
119184045
109174684
119163409
109150264
119158996
109148358
119132769
109123614
119140339
109130203
119142308
109133071
119102787
109093789
119125879
109116628
119118978
109108862
119112864
109103902
119089205
109079561
119093367
109082525
119085505
109075083
119099112
109089893
119079332
109070033
119047574
109038272
119082342
109072306
119072320
109062475
119044883
109035243
119051262
109042741
119040913
109029495
119042159
109032131
119030365
109021003
119016383
109006423
119018385
109009475
119013296
109003497
119003775
108994271
119001615
108992779
118994603
108985076
118987797
108979390
118983407
108973534
118969553
108959889
118962658
108953096
118947304
108937801
118937523
108928754
118904549
108895301
118925904
108916559
118913890
108904036
118935469
108926021
118899995
108891185
118876361
108866834
128919955
118910753
118891406
108881627
118899710
108890593
128884942
118875844
118849541
108836005
118861211
108851856
118859146
108849786
118852924
108843245
118851532
108842741
118821397
108811626
118844759
108835608
118826763
108817620
118818401
108808328
118816651
108807871
118780417
108770705
118798895
108789482
118782360
108772930
118785685
108776065
118778964
108770374
118774475
108765044
118771217
108761639
118771494
108762102
118770436
108760893
118752003
108743497
118730211
108720632
118740295
108730533
118731927
108722282
118728098
108719211
118720064
108711292
118678330
108668720
118692313
108682317
118690389
108680698
118707959
108698278
118677563
108668590
118639265
108630081
118663002
108653516
118648893
108639184
118654381
108644914
118636182
108627028
118631173
108621717
118632719
108623774
118620656
108610781
128621517
118612238
118595257
108585913
118557096
108546621
118572555
108559217
128563706
118554137
118543066
108527985
118525996
108517222
118497849
108488536
118517520
108508914
118516052
108506469
118462965
108453263
118491478
108481797
118479741
108470429
118496764
108487557
118484592
108475044
118477835
117888006
118450442
108441756
118441537
108431954
118455420
108445742
118446211
108436345
118444616
108434734
118434815
108426235
118400349
108390980
118413601
108404375
118408417
108398606
118366348
108356681
118394187
108385518
118366968
108357402
118385159
108376008
118393031
117789702
118416493
108407020
118366823
108358238
118336534
117779399
118347890
108338762
118340754
108330597
118329881
108320589
118325790
108316813
118309879
108300430
118329369
108318966
118348748
108339607
118331039
108320948
118326158
108318083
118276790
108266547
118287841
108278272
118288239
108278871
118267925
108258492
118253247
108244161
118245246
108235692
118254870
108245848
118239825
108229989
118252853
108243587
118228891
108219945
118190257
108180150
118200356
108191345
118191382
108180012
118192039
118184392
118188507
108178729
118151822
108141740
128166509
118156246
118148654
108138815
118166689
108157249
118153252
108144532
118107363
108097965
128131468
118122013
118125973
108115810
118112906
108103285
118106254
108097209
118075826
108065694
118091203
108081956
118093567
108083880
118081665
108071962
118075878
108066783
118063161
108053576
118059897
108050722
118041152
108031428
118045019
108033293
118038124
108029994
118014331
108005186
118011678
108002280
117992022
107981875
117963252
107953287
118003817
107995474
118003732
107994689
117984052
107975045
118007776
107998356
117994369
107984639
117979909
107971583
117976210
107959274
117966249
107954986
117970428
107959543
117957161
107946706
117959785
107950765
117944403
107935327
117938742
107928812
117922187
107912620
117924588
107914775
117909636
107900469
117906405
107896879
117884343
107874432
117885666
107875928
117862793
107853135
117856073
107846814
117860482
107849659
127845782
117835926
117837222
107827363
117847903
107838036
117798896
107789743
117819538
107810015
117817202
107807536
117834193
107825051
117819149
107809471
117830791
107821689
117887218
107877377
117859518
107850451
117846270
107837023
117802284
107792678
127804568
117796618
117778637
107768803
127782607
117765854
117762426
107748135
117745437
107735369
117732892
107723762
117723700
107714028
117724712
107715382
117710759
107701273
117714113
107704984
117690137
107681032
117693270
107682650
117693995
107683931
117689271
107679591
117677958
107668194
117677208
107668442
117661730
107652116
117663073
107653428
117640600
107630282
117637066
107627220
117640141
107630790
117617788
107608424
117627228
107617887
117619980
107610080
117586999
107576504
117621953
107612873
117597886
107588135
117578352
107569083
117580733
107571672
117574810
107565251
117559820
107549998
117575257
107565359
117567282
107557595
117550033
107539686
117552896
107542988
117554290
107545492
117536079
107526375
117506767
107497333
117499175
107489846
117485406
107475780
117478247
116918016
117474514
107464349
117457062
116947897
117446999
107437475
117435865
107426698
117418492
107409681
117440397
107431651
117430330
107419645
117376110
107365540
117360837
107351361
117405657
107396394
117394123
107385039
117386566
107376992
117392053
107382122
117380962
107372148
117346678
107337271
117341626
107332376
117362627
107353081
127371970
117362476
117325687
107314020
117337415
107329187
117332976
107323460
117322277
107312508
117315394
107306062
117319362
107310179
117288444
107279390
117240190
107231308
117295869
107286781
117286945
107275876
117260342
107250531
127230554
117221432
117267271
107257471
117249793
107238119
117230769
107221190
127226444
117217174
117194574
107185942
117202440
107192857
117200476
107190680
117183742
107173910
117192229
116675725
117176633
116647953
117190080
107180401
117192612
116659405
117176546
116639289
117172709
116641511
117147515
107137998
117172376
107162560
117163991
116625007
117173615
116613652
117166655
116635188
117145386
116585215
117154494
116588301
117151558
116586485
117135461
116604338
117135332
116592624
117109926
107100797
117106794
116576472
117105513
116579771
117092082
116557181
117088653
116549919
117066119
107056932
117069132
107059266
117061041
107051444
117062016
116540127
117059974
107049669
117033213
116515136
117037868
107027751
117035744
116525757
117041940
107032354
117027086
116521761
117001242
106991935
117022027
116496531
117016037
116490484
117004598
116474963
117000105
116501995
116978617
116482357
116987701
116473637
116978490
106969013
116971773
116462089
116962570
106953381
116933282
116429080
116943454
116443380
116937886
116445562
116944339
116415573
116938747
106929260
116912528
116428385
116926284
116433313
116920331
116421018
116914901
106905726
116905557
116408259
126873570
116861671
116878873
116350386
126866791
116856125
116843053
116345652
116833220
106823592
116827197
106818314
116822632
106812915
116840426
106830502
116789978
106780504
116790462
116326961
116785391
106776688
116774031
116290563
116753172
106743576
116757608
106747929
116762120
116291579
116757816
106749190
116742633
116272626
116743466
106733658
116728499
116251088
116730483
116236366
116856993
116238050
116811860
116227519
116815979
116223344
116785280
116205518
116767114
106757385
116795986
106787053
116737879
106728007
116786515
106776517
116775187
106765897
116789973
116169429
116760220
116157861
116756825
106747224
116740812
106730983
116731707
106721449
116730257
106721173
116723302
106714270
116715481
106705988
116690020
106680221
116703936
116107182
116695540
106685667
116692222
106683687
116687051
106677291
116688292
106678937
126680835
116671503
116670423
116089530
116659606
116085115
116655681
116080617
116654514
106645524
116638259
106628591
116609715
106600331
116615176
106605864
116627299
106617870
116595152
106584974
116598523
106582671
116587805
115972182
116589366
106581211
126583541
116574083
116565655
106555749
116552985
106543394
116545342
106535984
116525798
106516756
116525437
106515529
116499385
115914365
116504597
106495039
116485281
106475333
116474299
106465627
116471134
106461935
116471471
106462510
116470168
106460512
116478208
106468605
116454607
106445280
116448472
106438476
116448766
116451304
116444076
106434085
116432405
106423429
116419573
106410506
116415450
116417824
116408384
106398806
116399337
106390321
116399206
106388781
116394796
106385694
116387832
106378415
116380879
106370842
116378251
106369128
116349780
106340457
116340440
106331475
116333248
106323566
116326967
106316996
116318959
116328571
116310392
106300339
116302198
116302828
116308059
106298649
116284605
106274396
116279834
106270531
116271802
115751238
116274745
106265540
116252369
106242674
116247359
106238208
116241640
106232028
126243884
116234560
116231277
106221547
116223182
106213626
116212318
116220483
116217514
106207890
116208090
106198561
116193585
106184870
116190682
106181077
116187150
106178001
116180795
115647907
116167424
106157790
116157675
106149353
116157601
106146610
116146447
115618603
116138397
106129115
126144096
116134522
116130037
106121755
116116612
106106814
116108222
106098631
116106165
106096358
116091525
106082179
116082220
115578966
116088228
115572460
116067543
106058741
116050976
115565303
116049098
106039511
116039345
115540554
116025320
106015736
116032784
106023134
116024556
106015470
116016834
106007145
116010828
106001717
116002230
115540052
116032107
106022187
116053750
106044190
116052970
106043634
116048701
115541125
116099758
106090539
116045844
115535778
116070809
106061447
116100048
106090273
116084221
106074812
116079762
106069907
116061454
106011964
116057058
106023984
116006088
105992057
115998133
105989785
116015182
106006111
115996041
105961238
115954451
105944044
115957190
105946976
115945419
105936426
115941599
105932466
125951561
115941939
115943381
105929772
115936551
105927668
115931628
105923502
115925200
105916044
115902730
105892983
115904351
105894846
115930716
105920734
115908113
105899394
115940642
105931307
115964437
105954962
115949092
105939780
115960209
105951033
115973764
105965176
115973202
105964215
115947811
105938549
115962584
105951190
115952966
105941387
115949999
105940570
115974208
105964991
115938787
105928318
115945892
105936295
115962541
105952889
115944830
105935773
115951367
105941158
115906880
105897649
115949463
105939156
115985127
105975977
115979953
105971798
115975373
105965527
115943066
105933201
115973403
105964010
125966186
115956844
115957659
105948842
115952466
105943098
115972213
105963050
115959970
105949922
115952676
105943296
115974103
105965400
115974392
105964952
115959209
115453725
115981935
105972828
115969891
105958035
115954291
105945045
115962860
115430234
115949149
115427877
115957983
105947869
115956740
105947622
115963555
105954649
115988027
105978444
115993156
105983507
115995264
105985206
115980064
105970784
116016948
106008275
115989335
105979779
115957260
115483942
116008097
105998310
115993379
115476946
115991450
115484040
115997278
115489606
116019560
115480172
116033527
115477357
116029389
115487975
116026899
115466513
116031729
115468193
116009791
115464930
116013840
115450924
116003372
115484235
116011581
115489177
115994449
115469206
115970911
115486995
116031371
115488616
116014384
115488715
116021160
115512840
116031154
115530562
116023339
115545093
116006942
115534452
116063914
115546884
116037406
115530093
116061239
115527107
116044470
106035218
126063679
116054433
116061859
115557294
116059479
115574629
116061672
115535151
116060249
106050610
116076402
115577457
116109979
115588323
116087763
115585385
116078573
115552403
126074330
116063997
116066179
106056539
116068975
106059552
116052154
106043304
116051730
106042018
116083070
106073640
116069717
115594038
116107932
106098392
116106965
115616831
116100598
106091270
116074239
106064772
116075859
106066094
116099370
106089916
116090583
106081950
116109229
106099269
116062742
115552139
116087172
106077628
116074548
106065000
116067439
106058920
116051481
115540205
116018041
106008905
116028855
115530491
116035055
106025606
116023456
115544891
116058407
106049087
116024514
115495159
116016804
106005967
116005443
115489905
116009373
115489569
115994344
105984969
115954931
115460992
115957330
105947811
115972311
105962892
115982336
105973575
115953830
105944309
115936871
115413043
115956445
105946937
115947488
105938207
115943536
115404164
115943013
105933428
115981650
115394028
115990407
105981094
115976668
115378445
115964330
115387788
116027817
115374867
116019106
106009128
116039699
106029629
116047652
115335340
115982064
115317849
116033538
115309383
115990729
115287320
115996593
105986864
116003615
105994234
115967857
115279096
115979308
105968503
115974426
105964341
115960113
105948805
115936196
105927209
125978672
115969328
115948431
115181971
115919232
105910215
115938103
105927942
115923435
115236392
115903404
105894137
115913351
105902991
115881842
115206606
115912488
105903196
115906514
105897705
115848105
105839782
115838702
105829850
115821503
115182669
115812446
115189630
115791187
115800944
115778314
115135221
115766193
115118461
115748047
105732249
115717313
105700381
115689505
115125156
115704317
105686779
115677988
115096048
115660090
115031647
115633079
115040609
115607573
115032087
115602440
105590606
115594315
114983394
115575019
114992383
115575820
105565665
115565291
105555637
115551359
105542402
115536364
114963085
115534332
114951129
115527406
105517603
115524818
105515464
115522557
105513767
115508004
114939049
115504903
105495501
115503320
105493446
115495247
105486207
115490157
105481570
115478133
105468554
115480526
114901814
115456342
105446704
115469760
125455435
115447916
114869745
115423564
114858568
115431404
114872902
115427548
105418438
115407210
105397694
115407531
114846118
115411141
114862897
115408400
114843729
115395268
114850626
115397327
114847345
115384540
114835722
115369157
114823929
115363858
114826268
125374882
115365324
115356733
114826431
115364806
114821494
115334093
114815785
115351765
114810851
115346153
114797935
115344642
114798959
115327501
114794702
115326071
114788588
115326967
114778705
115313395
114778494
115315640
114768029
115298913
114756348
115300141
114742215
115287333
114726210
115290097
114727035
115289476
114715091
115274250
114725222
115275166
114730964
115256157
114722772
115247122
114686866
115236958
114673709
115230442
114666123
115225942
114658047
115217688
114668373
115210557
114645996
115203846
114664670
115193896
114678274
115194475
105184868
115177888
105168384
115163408
114622511
115155230
114627570
115153424
114624191
115158448
114615487
115136917
114598557
115117471
114602577
115103754
114588045
115091964
114605156
115094211
114567993
115081920
114560142
115097449
105087977
115076249
114539918
115082799
105073347
115088272
105078568
115063710
105054134
115058806
105049467
115052863
105043706
115046425
105037430
115030343
105020674
115023980
105014200
115012892
105003571
115011454
105001775
114998886
104990147
114990317
104981224
114979843
104970485
114971446
104962278
114965345
104955705
114967068
114963400
114953181
104943644
114952955
104943712
114953136
104943321
114925979
104916319
114927227
104918387
114920385
104910980
114908578
104899112
114899437
104889825
114896244
114394050
114888157
104879351
114873152
104863188
114869919
104860558
114860855
104851586
114847332
104837000
114844514
104835165
114835586
104826075
114828163
104818857
114828588
104819067
114814663
104805400
114818036
114332709
114878448
104868705
114887218
104877895
114988379
114315947
114901487
104891909
114894057
104885531
114886476
114890780
114872301
104861831
114884454
114319275
124903277
114892516
114885899
104877247
114856396
114859729
114837514
114256060
114868571
114285359
114876419
114292035
114826054
104817344
124844175
114832323
114810552
104800832
114821706
104812006
114813843
114244173
114776803
104767886
114796597
104786324
114790290
104781199
114795397
104785838
114797433
104787976
114789147
104779928
114788764
104778837
114781757
104772231
114776842
104767337
114790626
104781123
114739027
104729918
114741317
104731785
114733763
104723616
114723764
104714180
114763577
104753925
114744645
104735882
114705961
104696411
114700386
114711772
114703412
104693079
114696455
104687666
114685113
104676333
114677820
104668668
114691115
104681755
114670698
104660871
114712817
104703518
114658386
114672230
114647615
104638100
114674050
104664650
114648673
104639307
114637658
104628047
114629203
104620209
124641380
114631797
114603203
104594163
114590118
104580611
114606323
104597044
114593542
104584777
114585129
104575499
114566223
104556898
114567545
104558001
114557217
104548074
114555531
104546721
114582161
104572801
114548766
104539246
114538230
113984855
114524723
104515347
114521487
104511997
114513736
104504442
114494283
104484484
114496089
104487068
124500403
114491051
114479227
104470915
114465524
104455687
114468535
104459219
114461130
104451615
114449025
104439911
114438034
104429653
114426384
104416909
114424299
104414866
114431740
104422105
114420220
104410471
114401392
104392800
114401306
104391972
114388621
104379004
114383598
104374321
114369503
104357932
114363475
104354620
114357278
104347266
114351830
104342537
114336074
