12644130221,
36546627,
21855405,
16546292,
14549275,
12780757,
15710533,
16752731,
15850652,
16791724,
15919057,
22017893,
21785346,
21705806,
21447150,
21035535,
20970535,
21253683,
19894213,
19421769,
17364548,
18757411,
20101616,
17771038,
18367702,
22558778,
21087302,
22259661,
21408780,
22485213,
22158838,
21952028,
21450897,
21236989,
18052894,
21083495,
19576543,
22216554,
22003739,
22032566,
21724872,
21589424,
21400486,
21198177,
20838924,
21315004,
22350337,
21008235,
19816087,
20251221,
19639394,
19496303,
22346073,
20995840,
19911667,
18193283,
21566261,
18894270,
17633451,
21868006,
19758588,
21444937,
22746878,
21563404,
19402985,
19275459,
21034203,
19155272,
19273756,
17846052,
20982304,
19428608,
22228391,
21874595,
21790086,
21549930,
21346529,
21182235,
21123307,
19665007,
19399860,
19603939,
18163947,
20861175,
19314194,
21984021,
21725379,
21407072,
21221705,
20881646,
20751985,
19394460,
22050230,
21776683,
21657851,
21506051,
21359716,
21244836,
21143186,
20977677,
21198752,
22288801,
21115252,
19574828,
18828477,
17600599,
18374857,
22959544,
20524026,
19207908,
20800174,
21287118,
19771282,
18909561,
20290197,
17975985,
22074741,
19708829,
18111676,
20944929,
19558079,
22146424,
21873983,
21613788,
21710510,
20310980,
20445618,
20968593,
20293087,
20800439,
19366375,
21796952,
21824606,
21744652,
21646839,
21576231,
21457212,
21392723,
21307167,
21105003,
20973697,
19690423,
17867401,
19144013,
22034628,
19671527,
18089293,
20792169,
19414284,
26657142,
28766040,
17898456,
20643807,
20825050,
21875819,
19547192,
18821275,
20313110,
19113622,
17886222,
22044766,
20863030,
21046423,
21893734,
19668434,
17726136,
16643915,
18924058,
23070150,
20580604,
22284707,
19851896,
19524182,
20756527,
19628555,
20003331,
21291249,
19857053,
21487252,
20598693,
21541585,
19667380,
19006109,
22048356,
21760873,
21529804,
21281199,
21141321,
20906154,
20696346,
20885965,
20753705,
21057016,
22070520,
20726136,
19483902,
17951604,
20757770,
20398147,
18079916,
18987644,
17812919,
20509972,
19390596,
17750531,
20786318,
20822153,
21877648,
21785554,
20524041,
18677585,
19914457,
18074021,
17961304,
23212706,
20827797,
19381182,
20600544,
19368052,
22347268,
21026934,
20845096,
20698943,
20745635,
20720395,
21675316,
19269429,
18603205,
18914336,
19053471,
17717458,
21739931,
20628895,
19145197,
21816244,
21740893,
21438338,
21448752,
21238952,
21422241,
21190727,
21004220,
21098336,
20800287,
20732854,
19555802,
19036841,
21997844,
19727796,
18906174,
19078399,
17441909,
17913345,
18587291,
17349694,
17817496,
22391100,
20207857,
21452222,
19067883,
22361782,
21964319,
19724382,
17768250,
21028621,
18824675,
18852063,
26282535,
21145571,
19799283,
19055489,
20217712,
23022064,
20835305,
20716790,
20410188,
19327195,
17736955,
20879259,
19712729,
17679279,
20787350,
18837017,
17867063,
20837841,
20006909,
20255744,
18847491,
20501355,
19197329,
22131562,
20011931,
21142406,
21068578,
20809903,
20650015,
20553451,
20763239,
22002286,
20588279,
19503058,
17821478,
21097646,
20614927,
17767140,
21852017,
19446305,
19364518,
17655201,
21988032,
20688115,
21742987,
20459623,
20771544,
20784573,
18829844,
20109389,
17560677,
19590825,
17643731,
20768729,
19291183,
21743689,
19291903,
18397181,
17806762,
19924549,
17980112,
17633716,
16940674,
16930806,
20461477,
20644160,
21454347,
21247673,
21172734,
21017189,
20912124,
20801502,
20587162,
20641928,
20672548,
19375092,
18792094,
16621758,
19323188,
17207530,
18157223,
22266684,
20405134,
21579993,
20163050,
21658040,
21588933,
21467593,
21376372,
21409547,
21427585,
21379369,
21308971,
21045422,
21151970,
21112733,
20958558,
19777675,
17812454,
20784308,
19452594,
17773597,
17862353,
20551496,
17889871,
20597991,
19348671,
21908296,
21590183,
19676684,
20053775,
20066137,
20270305,
20593819,
18647494,
19083030,
17798770,
22026432,
21706755,
21505378,
21187427,
20963896,
20856363,
20698516,
20465130,
20260592,
20611690,
21762281,
20963743,
21254733,
20183486,
21486150,
20517773,
20628835,
20860820,
20508247,
17952992,
16440498,
20629116,
19321518,
21827871,
18964075,
19080575,
16737891,
20905337,
18443131,
17196202,
21334495,
21625634,
21149920,
20836489,
20871039,
20723285,
20542804,
20335596,
20618256,
21816556,
20248667,
22988891,
21010262,
21925999,
20750407,
19263267,
17256843,
19248738,
20607087,
19418488,
17381734,
19472618,
17665157,
20703163,
20753489,
22083401,
19492798,
22440071,
21196931,
21144418,
21185710,
21054034,
20960783,
20903717,
20980757,
20884339,
20723622,
19607361,
17764272,
18197418,
18860597,
17950768,
20783988,
19634664,
17771888,
21086856,
18830814,
17843714,
20575267,
20894297,
21860189,
20893365,
19236889,
19563044,
17667642,
21778014,
19428856,
19294088,
17465778,
18930942,
21788931,
21417759,
21415820,
21244994,
21026391,
20757777,
20608494,
20391197,
20727697,
21993524,
20643164,
19277986,
19490017,
21803557,
21060081,
18955416,
17641641,
20876830,
19385809,
21537686,
19218477,
17785729,
20445528,
19272241,
19638216,
19324406,
19381299,
22202928,
19795876,
18562400,
20096017,
20255554,
21493466,
20348781,
21634162,
20671816,
21764035,
20674126,
20478361,
21362101,
21239146,
21260070,
21111648,
20997360,
20575457,
20627818,
20448133,
20707610,
21825164,
20573509,
20470941,
20435334,
18934185,
21716611,
21427661,
20312243,
18871615,
21780864,
20509974,
19245490,
21672444,
20189728,
18917881,
17348678,
21406976,
21417812,
21308060,
21208714,
21056821,
21095204,
21033221,
20705493,
20772361,
20607555,
20602906,
19382184,
17793076,
18184727,
18779696,
17860629,
19297510,
19315384,
17666709,
20807661,
20459785,
17504588,
20690278,
18624982,
18663531,
20439502,
19140223,
21699630,
20557810,
19225305,
17437630,
20754409,
21923689,
20759779,
19313519,
20795787,
19434450,
20876432,
18763562,
20059615,
21713459,
19485979,
17714926,
18150503,
18951218,
18910136,
21696645,
21661010,
20534868,
20729824,
21917705,
20664494,
19372884,
20811391,
19637208,
20892470,
18877871,
18142290,
18836601,
17470531,
21712004,
21634799,
20439619,
20764249,
21892837,
20737888,
19016492,
17415256,
17173726,
21380682,
19305136,
17744643,
20787360,
18207423,
16801901,
19167334,
17234894,
18159465,
18883433,
18667651,
21505066,
21397047,
21249246,
21228165,
21231939,
21230850,
21100331,
21140408,
21194372,
21194984,
21191590,
21092892,
21120450,
21188958,
20995883,
20970143,
20897215,
20904841,
20839952,
20993163,
19895429,
25059057,
20567203,
19237489,
16169665,
19901883,
18142264,
17737294,
18720554,
20080468,
22960431,
20684779,
20551711,
20637968,
20546899,
20444703,
19723206,
19976773,
17579442,
21636282,
19470903,
17745229,
18002650,
18789873,
17517180,
20628518,
19392992,
20908124,
18118421,
18727241,
17593959,
20671453,
19359630,
19221542,
17536465,
20631173,
18639725,
17521319,
17562221,
20451221,
19742261,
21997717,
19595224,
17715171,
18957191,
17193895,
17610778,
17541328,
20767414,
19720820,
21071833,
20275597,
21584006,
20630076,
18925580,
17359603,
17642780,
20760609,
19593297,
19914398,
20173291,
20673623,
18494885,
19421751,
22205318,
20260671,
20380851,
19797100,
22534958,
21425106,
21195027,
21029644,
20973790,
20925407,
20886093,
20775911,
20725370,
20644060,
20677665,
20544022,
20459912,
20375238,
19777137,
21050687,
20167850,
20322569,
20564830,
21701370,
20450961,
18979469,
17665422,
22094095,
19763198,
22744869,
21286703,
20300300,
20333291,
18589908,
19956394,
17536498,
21764058,
20434392,
19048734,
21756905,
20270741,
19310851,
17555934,
19798860,
16896042,
18066862,
19463446,
17000015,
19013849,
17567211,
21714099,
19434268,
17472645,
17863664,
19351806,
16884547,
17472805,
20523013,
18568005,
17663579,
20411451,
19018676,
21725538,
20452718,
19168033,
21689473,
21550795,
19185355,
19778923,
20028706,
18618896,
19016539,
17522962,
20420013,
19945558,
22638828,
20596238,
21661158,
20442886,
19244574,
20439764,
22902125,
20696431,
18770618,
17712591,
19344562,
19457482,
17563254,
19183912,
18771071,
17450517,
20767304,
20582484,
18463067,
17070548,
20513043,
19226600,
17675148,
19928527,
19022516,
21973361,
19781239,
17820949,
17588324,
21070725,
20076121,
22790877,
20806717,
19778267,
18522881,
21460391,
21369635,
21287266,
21306737,
21295390,
21253575,
21362161,
21420624,
21387193,
21713566,
21706731,
21653563,
21574736,
21639168,
21680156,
21676592,
21721398,
20599761,
18553141,
19128916,
17465918,
22108542,
19661552,
19865091,
19071258,
17610417,
21075488,
19883602,
20210554,
18422924,
20157678,
21655153,
19519548,
21082860,
19842337,
19089154,
16426149,
14539162,
20635153,
22054003,
20515748,
19040005,
21936321,
20680970,
19533031,
18843881,
17645134,
22274078,
19951065,
18153043,
17429133,
15641376,
15273573,
13660644,
17632779,
19376019,
18773408,
16043675,
15368609,
21939669,
21840095,
22095196,
20779180,
20814790,
20732892,
20580302,
20559681,
19353701,
20014025,
18514453,
20222184,
20809331,
19357153,
20778658,
20915206,
20921920,
20789159,
20746065,
20600475,
20383925,
20159708,
19036722,
18686560,
21669012,
20672768,
17944900,
15988052,
18248732,
22295974,
21315813,
21163102,
20953256,
19764487,
20782088,
20961496,
20669450,
17807347,
21594147,
19524327,
18381399,
18058187,
18763726,
20612240,
21088284,
21636476,
20339065,
21188193,
20080429,
17147350,
21665305,
19842135,
21382769,
18656281,
21701463,
20411303,
20902289,
20960941,
20730046,
20680657,
20217622,
20499850,
19481135,
22444411,
20403014,
21725676,
21475640,
20305553,
19199452,
17499290,
17681178,
17736994,
16471979,
20722062,
19239188,
22113674,
19838897,
22765706,
20545759,
21659111,
22811576,
20729242,
20704881,
20453988,
18969515,
22068589,
21760623,
20179447,
20516886,
20191759,
20776363,
18855632,
17342032,
21655868,
19412594,
17667594,
17926108,
18679072,
18645682,
21451195,
20128690,
20384665,
21379342,
21233415,
20381276,
21863069,
20896935,
21287131,
20110231,
21396201,
21480724,
20454533,
22043226,
20089776,
22795167,
20768147,
22203470,
19895181,
22923451,
20943067,
22009421,
19796410,
18838914,
17710185,
20813920,
19334895,
22322517,
20195438,
18687575,
21731390,
21810868,
21621602,
21614469,
21603331,
21674898,
21661363,
21619751,
21446817,
21309265,
19987330,
18860354,
17568071,
18214839,
20919220,
18553354,
20118816,
18080934,
16823605,
18686971,
20153493,
18881213,
18959078,
21385571,
20005056,
18992216,
17723781,
20308690,
19104301,
17809172,
20543974,
17731845,
15757045,
17046039,
21201567,
20219494,
21639359,
20620451,
21701707,
20592178,
19129939,
20446233,
19290833,
17721128,
21111310,
20732919,
21556162,
21754983,
19452002,
21036758,
20627928,
21606897,
19256080,
17677923,
20726002,
19434188,
23023169,
20811341,
19804312,
19149950,
20663271,
19109305,
20600771,
18924163,
20150170,
18813128,
21674313,
20786330,
19441138,
22106096,
19684947,
20230303,
18798876,
21462598,
21260660,
21028981,
20023750,
18552691,
21395536,
20370882,
21597406,
20573997,
21590230,
19341774,
19297727,
21064178,
19508752,
16979376,
15982272,
18244713,
22812150,
20589676,
22621524,
20341855,
19025666,
17566251,
21020324,
20789862,
21805880,
20834787,
19279281,
20597191,
19505266,
17536561,
21020879,
18273350,
21311586,
19226063,
17536788,
20826388,
17768097,
21698813,
19762330,
17991035,
17079950,
20592063,
19346216,
21091147,
18021567,
22050338,
19713909,
18088403,
18331986,
18725932,
17478895,
22066947,
20696492,
20512316,
21690385,
20799126,
19761360,
20263848,
20563745,
19258686,
21667784,
20590436,
19385876,
20992290,
18830340,
18261496,
18803769,
17547260,
21712891,
20616527,
19310314,
20934345,
20780080,
20597983,
19701332,
17662597,
20454376,
18710530,
16983123,
21750396,
21627737,
21639989,
21466863,
21313451,
21225987,
20491338,
20764872,
18858110,
17003448,
16109058,
21587995,
20496035,
19345196,
20801147,
18135997,
17145622,
17923622,
18462149,
17121958,
21438176,
21579228,
21624693,
20547436,
19360615,
17587065,
20294554,
18684427,
16720347,
21349125,
21186425,
21128414,
21120915,
21095321,
20334117,
21666377,
20267958,
19048462,
21694477,
21262483,
21312163,
21197445,
21179094,
21213596,
21217955,
21147085,
20959925,
20946281,
21030141,
20883420,
20823584,
20830669,
20805429,
20631141,
19465836,
20895340,
19716023,
21039545,
20015673,
18985262,
19340909,
17452259,
18926845,
21716576,
21689548,
21688618,
21690038,
21689876,
21483389,
20704415,
19990427,
19093309,
17686926,
20489658,
20543870,
24028247,
21754415,
21636704,
21611096,
20431611,
18516986,
18753745,
21712587,
16524588,
20518263,
17483947,
20970017,
19315689,
22070615,
20904169,
20814133,
19751931,
19022896,
19276334,
17767753,
21003791,
19599906,
22622161,
21404525,
21481700,
21397405,
21320503,
21323565,
21290270,
20600363,
21599514,
21654255,
19635136,
20483641,
20644802,
17756466,
21166561,
18901682,
21660947,
21695228,
21729785,
21692302,
21742529,
21712837,
19084791,
17914070,
16553806,
20608517,
22134260,
19733008,
17911925,
18793181,
18696264,
21689518,
21713534,
20792427,
19186647,
19188830,
17650802,
20672003,
20760252,
17641434,
20632318,
19823135,
17839749,
21191347,
18920758,
20656739,
21652886,
22028037,
19734033,
21345387,
18923723,
21721261,
21713661,
19515055,
20685110,
17723206,
18148303,
18749890,
17353731,
21863326,
20934470,
20036297,
20168432,
20930525,
18750525,
18704478,
21464409,
20304151,
20601070,
21737085,
20683497,
19258827,
20534982,
17726962,
18104917,
16135235,
15283173,
16273212,
17742412,
16710101,
19086639,
16068789,
15204443,
21250586,
20218696,
18747450,
21489562,
20330074,
19311457,
17707065,
20947399,
20417226,
21586900,
20711718,
19074095,
20529887,
18942877,
20565095,
19004564,
21383447,
21557579,
21563559,
21442742,
21356473,
21322478,
21318889,
21188275,
20243519,
19051954,
17490671,
19819906,
19003735,
17341694,
16416778,
17815137,
22106594,
19802453,
18480272,
21143410,
21025564,
21000298,
20916916,
20883696,
20846296,
20698098,
20825897,
20684867,
20613342,
20487805,
20700933,
20647887,
20403511,
20363169,
19116595,
20745022,
19600404,
18280910,
21070803,
19871510,
18457478,
21216963,
21200918,
21151725,
21071606,
20965370,
20940241,
20862405,
20825833,
20638570,
20749341,
20554459,
20706801,
19382839,
17589444,
20824439,
19625147,
18360380,
21274573,
21044589,
20976909,
20790063,
20899453,
20732754,
20589751,
20532973,
20498197,
20343505,
20184009,
19414229,
16706808,
14849378,
21663995,
20678760,
20720937,
20582692,
19239759,
18930505,
17162069,
21543928,
20266398,
21778451,
20703218,
22375583,
20172682,
21707457,
20552601,
21625680,
21915915,
19621007,
21323310,
20077988,
19186130,
18448708,
17626017,
19205602,
16175658,
15376907,
19258995,
16342872,
14661901,
16083827,
21678066,
20627484,
20522570,
20354617,
18351950,
22684560,
19717706,
20068255,
18744328,
21377042,
21312731,
21572201,
20213529,
19719243,
16706367,
16070298,
21592100,
21322313,
21361415,
21367945,
21426158,
21392973,
21363711,
21285608,
21335774,
21168883,
21171689,
21102225,
21045460,
20968460,
20890323,
20826755,
20876396,
20566375,
20695186,
20597975,
20723281,
20542621,
20380793,
19444552,
19143895,
22116851,
19962395,
17056939,
16369081,
19526044,
18951136,
16703347,
19179613,
16148657,
15493194,
21687124,
20610289,
19350401,
21085002,
20951893,
21161839,
20932397,
21003851,
20701721,
19921877,
17079620,
21620886,
21452835,
21536016,
21294928,
21320798,
21168484,
21306205,
21211212,
21230388,
21081243,
21169734,
21135653,
20978180,
20843954,
20861515,
20813136,
20947521,
20865602,
20560565,
20371393,
20518811,
19706139,
21361371,
20435664,
21713409,
20568293,
18941714,
22402681,
20193189,
21716865,
20506154,
20618637,
19752456,
17438754,
20412547,
19013796,
20791650,
20801396,
20836740,
20739700,
20852291,
20949940,
20823196,
20811673,
20932007,
20976611,
21260887,
21270873,
21336320,
20032709,
18717998,
18500709,
16465666,
17806043,
22376819,
19429472,
19979591,
18977736,
17165369,
21416895,
20322118,
20454718,
20393683,
20399858,
20379753,
20390573,
20392873,
20242218,
20439284,
20471084,
20393974,
20429783,
20527148,
20469458,
20511383,
20558034,
20599058,
20485798,
20458324,
20367076,
20395157,
20405250,
20212404,
20323558,
20208285,
21965047,
20620839,
23682812,
21642734,
21298890,
20027912,
19063254,
17659359,
20502520,
19439450,
17451187,
20724091,
18689204,
21610163,
21349963,
21305254,
21368257,
21263763,
21305320,
21298105,
21281165,
21270419,
21098261,
21178735,
21090654,
21010564,
20808196,
20704216,
20598768,
20506857,
20394127,
20376721,
19282206,
17498549,
19788511,
16809975,
21395263,
21356418,
21248466,
21249589,
21156382,
21214388,
21178738,
20953123,
20962214,
20861685,
20914656,
20689706,
20660708,
20626338,
20428290,
20386895,
20492643,
21657368,
19315238,
17587320,
19249618,
19595994,
17554895,
19123907,
17057481,
20062447,
22531565,
20151866,
20276585,
22697736,
20355527,
19022909,
20460230,
19045885,
17609936,
20234632,
20257039,
21378715,
20281290,
23514868,
21157670,
20824059,
20725544,
20778240,
20657762,
20548666,
20610422,
19267397,
20256449,
19035128,
17590627,
20815528,
19262360,
20583457,
17501513,
20757114,
17644246,
20106557,
18826849,
21437173,
21380769,
21383424,
21063501,
21042373,
20965493,
20910277,
20806331,
20745133,
20632289,
20493797,
20433719,
20348882,
20142391,
20313950,
19048605,
17171839,
16074681,
21632064,
19449676,
19374669,
19873367,
17016444,
19876880,
20181216,
18814080,
21689708,
21423417,
21368914,
21358779,
21280933,
21290436,
21173488,
21167047,
21150925,
21068683,
20977055,
20848733,
20818197,
20834409,
20690726,
20691647,
20795507,
20574140,
20553836,
19446349,
17552697,
17973360,
18767771,
18607979,
21701105,
19316939,
18950946,
21507587,
19183587,
17572745,
20428574,
19064233,
21670295,
20751244,
20648179,
20638135,
20564557,
20512064,
19329335,
19076715,
22073459,
19689970,
17287307,
17461201,
20797442,
20343368,
21471225,
21313747,
21301919,
21247481,
21273367,
21162492,
21196512,
21130721,
21029173,
21124262,
21067695,
20903489,
20998010,
20966200,
20975070,
20848174,
20682777,
20609085,
20470999,
19217182,
17597169,
20213651,
19150518,
17330748,
19800789,
17944616,
16942214,
17281116,
19106340,
22032976,
20832057,
20816141,
20817225,
20685189,
20637592,
20582632,
20581061,
19476588,
18183887,
20977205,
21032971,
21108035,
21059539,
21091989,
21125112,
21118949,
21060173,
21095201,
21071368,
20981659,
21006728,
20999407,
21056429,
20870797,
21012625,
19870635,
19020787,
19592697,
20039901,
18864835,
17379987,
20718922,
20122376,
18630474,
21551085,
21642597,
20605885,
19420868,
18708258,
15635473,
21103961,
21059431,
20959465,
20965835,
20914743,
20993286,
21053709,
20977122,
21001198,
20941467,
20856368,
20758942,
20812206,
20814353,
20639600,
20696354,
20708678,
20640805,
20544574,
20588971,
20588424,
20682490,
20794322,
20327157,
20337581,
20463542,
21379752,
21259603,
20234103,
19056081,
21642401,
20597490,
19040480,
19638754,
19015067,
17382434,
20107074,
18596508,
18706445,
20694909,
20828557,
19807804,
18557044,
19478283,
19242456,
19591243,
17478780,
15597934,
19637814,
18705391,
20449798,
19245343,
21061924,
20349130,
21764226,
19634062,
16963755,
16055212,
16382703,
15707576,
18647657,
20382453,
21794219,
19676402,
19937401,
20270370,
22107082,
19754029,
18605000,
20521663,
21882395,
19592742,
16440815,
13849387,
18895725,
18084083,
19798930,
16900187,
18573427,
22243213,
21133891,
19729063,
16837589,
18177642,
20743013,
20117965,
21786391,
20640020,
21390580,
20148767,
21801361,
19689540,
18139779,
12988893,
14476393,
16484033,
21914123,
19397836,
18153193,
19910703,
18702986,
18386982,
19198182,
18640792,
17606568,
21950895,
19768088,
18808510,
17526667,
20738228,
19653823,
20561625,
21287998,
18831609,
18717892,
18185626,
17409924,
19689302,
18685732,
21643416,
19725570,
18045353,
18497877,
16368806,
20161485,
21680289,
19848064,
20263861,
18231716,
20695973,
17841709,
18489453,
17284765,
21628315,
20832891,
19192432,
19691238,
17792656,
21386516,
18635813,
21601221,
21658300,
21549385,
21691206,
21634135,
21650203,
20542088,
19243228,
20733451,
20324311,
22195950,
19707902,
18357942,
13154729,
16021242,
15291860,
18452188,
20277799,
21962947,
19992877,
18292659,
20062065,
21672207,
19605093,
20134407,
18755562,
21829831,
21654978,
21847957,
20766524,
20980272,
21060186,
21045102,
21154482,
21255291,
21326977,
21169230,
18588956,
21628377,
21632092,
20526143,
20670185,
19331100,
17608591,
20829492,
21026456,
21313215,
21173330,
18994105,
17473840,
20007571,
17270111,
21650516,
21617056,
20656631,
19080589,
20733004,
19478235,
23060169,
20420760,
19120160,
18495659,
17299545,
21697848,
20218587,
20101532,
21686661,
20548007,
22701686,
20421925,
19352865,
17665974,
21067648,
20674427,
23657183,
21236049,
21578209,
19104121,
18641792,
15780711,
14985979,
18902584,
16045614,
18048983,
20564585,
19552302,
20931987,
19836100,
18463385,
20328941,
19149580,
22507860,
21164826,
21311594,
21638298,
21601476,
21698818,
20699863,
20665641,
20791397,
20704303,
20722105,
21027353,
21072290,
19949002,
17576250,
20483298,
19085887,
20802502,
19414372,
22380613,
21222863,
20091180,
21707949,
20527120,
22062025,
21705145,
20146754,
21985425,
20534489,
22663141,
21683048,
19795120,
19221047,
19797618,
18543139,
20140696,
21674022,
20458042,
22133336,
20569030,
21532071,
20454006,
19075449,
17673874,
21068054,
18504399,
16378425,
20292148,
18821522,
21967399,
20562342,
21624788,
20670553,
19073160,
19854746,
18544552,
16366703,
21688440,
21619855,
20127648,
21874553,
20267334,
22050826,
20494965,
21670140,
20913011,
19410142,
20369569,
17485604,
16369766,
20078288,
19535936,
19112037,
21574523,
20155321,
22721519,
20524718,
20806411,
18566494,
21694785,
21901616,
21215463,
18935644,
17414219,
21871875,
19860393,
20303066,
22141232,
20614092,
21705965,
19831170,
19319486,
18781635,
17630439,
22245645,
20712200,
20893296,
19080487,
17488461,
18680705,
16064714,
21646648,
19352011,
17619117,
20126356,
20709816,
21213413,
19730715,
19260425,
18616004,
15703544,
19395328,
19127164,
18657416,
16975690,
17146743,
20349528,
22000065,
20751957,
21898999,
21891998,
20741148,
19026913,
19241506,
17675771,
20780773,
19270162,
21237731,
21142440,
21235975,
21425171,
21354649,
20228289,
18652031,
19270682,
20462285,
18561475,
17449909,
20603722,
19595954,
20766837,
18723882,
18592521,
21951600,
19695097,
20272795,
21778258,
20793677,
22941567,
21943708,
20842246,
20954039,
21173773,
20031089,
18152773,
17658538,
20014268,
17310564,
17522966,
21877608,
20642215,
19484499,
20712378,
19699897,
18538869,
19567886,
19179268,
20885113,
18668756,
19550900,
19213758,
18734321,
17511300,
22367024,
20599026,
21604287,
20646949,
19061846,
20777271,
19149095,
18446783,
22675803,
20464777,
18988769,
20840871,
19449782,
21244406,
21168961,
21283724,
20166718,
19168773,
17581033,
19996457,
17680709,
19990832,
17055388,
22152362,
20388150,
20312740,
19300142,
22766824,
20326154,
22605147,
20604058,
20483016,
21899316,
20512841,
21624137,
19089719,
18988323,
17822158,
16616769,
21229146,
18579082,
21248971,
20171727,
18627660,
21746001,
21282381,
19233559,
17567609,
20422598,
18676465,
16937724,
21433581,
20419581,
19248023,
17428541,
21470051,
19223690,
17698452,
19316619,
19753998,
19305117,
16045021,
21936684,
21662527,
19929199,
21531649,
20114641,
21796453,
20421010,
21414824,
20519468,
19014616,
20138634,
19197931,
19152855,
17258945,
21008932,
21415309,
20254584,
21329615,
21635254,
19419794,
20210935,
19054436,
17584863,
20617189,
18851832,
16778578,
19022116,
17415772,
22031989,
20462324,
21631431,
19608720,
19028451,
19845467,
17643623,
16453556,
20047661,
18568782,
21313934,
21236331,
21104098,
21018554,
20002111,
18594693,
21348974,
20116719,
19088984,
19616605,
16766136,
21607773,
19253900,
17516927,
19129454,
16155505,
21678349,
20619514,
18574782,
17445107,
21375649,
20191851,
18719450,
21681518,
21678139,
20373844,
21522890,
19375022,
19077137,
17342354,
21648033,
19595582,
19148353,
19774517,
16782520,
17120604,
16451060,
22004302,
19742574,
21423441,
20371821,
19454726,
18821098,
17445047,
18673575,
20225928,
21952020,
19977601,
17110003,
16537555,
21773647,
21689245,
20614230,
20612974,
20380700,
19425794,
16448952,
19966070,
19124922,
18801626,
21660545,
20172890,
19461838,
17472252,
19150490,
19323371,
19308839,
19625828,
19096781,
17473358,
18575512,
16425335,
20559520,
20402631,
20534299,
17436602,
14376848,
16853863,
16887250,
16374980,
21351961,
20458672,
20427980,
21643341,
19376923,
19341885,
19953069,
18533195,
21402430,
21276688,
20313227,
21858843,
20639543,
21648853,
19753868,
19445437,
19951192,
16965360,
21208126,
20276230,
18631638,
16784803,
21356004,
20368841,
21915432,
20589136,
17595822,
18533622,
20215697,
21917915,
19998614,
16942323,
20570308,
19588567,
20649287,
18429909,
18638630,
21381419,
20496620,
18868559,
21184321,
19139507,
18994561,
18323734,
22414971,
20131905,
19198167,
17492406,
20098615,
18947604,
17588380,
21114065,
20684137,
19101441,
20582205,
18559093,
20071254,
20560540,
17530634,
20542429,
19449387,
17918860,
20930136,
18648740,
17566638,
16328494,
20532260,
18535908,
18531552,
21581545,
21536611,
20471807,
19019079,
17651148,
20722262,
19795438,
21357299,
20188186,
21408555,
20320715,
19063550,
17580858,
20694496,
18623523,
18552173,
21305728,
21077697,
20141937,
18487408,
21185882,
20090341,
19211263,
17565234,
20480191,
19755439,
18016210,
16952500,
17888831,
15221622,
14623279,
14964880,
21680653,
20240740,
20566978,
21653726,
19718786,
17862915,
18663648,
17559846,
20182382,
19599886,
16396099,
14815512,
12877636,
13476872,
12994692,
15057286,
16320300,
15621385,
20593978,
19496166,
18598298,
18671345,
20245637,
21672952,
20480138,
21710674,
21683168,
20270471,
19112697,
17611781,
20465444,
18474166,
18521748,
21482810,
21128094,
21225238,
21155683,
21010538,
20952359,
21011235,
20996821,
21053084,
19734518,
21422136,
20151236,
21731818,
20541164,
21650828,
21422249,
20387682,
18953554,
21710744,
19565418,
18608697,
17525681,
19440285,
19231759,
17680979,
20402724,
18748688,
15915225,
21655415,
19449107,
16423134,
15337735,
16390855,
21630194,
20714172,
19078262,
20687337,
19173874,
20699026,
18587376,
20257602,
21703518,
20764260,
20194513,
19220352,
19760825,
21347187,
19422978,
18696818,
22581482,
20751442,
20358395,
21453967,
21516415,
20396567,
20097934,
21631762,
20328319,
21624617,
20687857,
19024948,
20523896,
19047402,
20846328,
19260228,
18582866,
16905243,
13857171,
12124912,
14943228,
17262239,
16271509,
17169842,
19357714,
19325560,
19141960,
17274706,
21421963,
20452275,
19104420,
22422865,
20226061,
20947097,
20580417,
21612691,
19438297,
18989041,
20552474,
19311671,
22381898,
20294354,
20358392,
19229966,
22827155,
21662043,
20645920,
19290560,
20961395,
20571627,
21019109,
21721756,
20141302,
22029987,
20351213,
20538075,
19478122,
19090654,
20490473,
19088477,
19529376,
19112107,
20816903,
18294141,
21166921,
21146598,
20967057,
19929569,
19964771,
18020877,
17660077,
20113146,
16930157,
16371538,
21816929,
20534942,
20540927,
18615122,
18600668,
21582786,
20602667,
19449029,
20486001,
18626894,
18661592,
21818541,
20451763,
19226812,
20536944,
19640919,
17974856,
20533030,
19724503,
18059649,
20811698,
19819038,
16824807,
16290394,
21961527,
20245352,
21510521,
20497797,
19273936,
21052312,
20895770,
22112489,
19542434,
18526928,
16664110,
21531321,
20319187,
22626378,
20527553,
19501216,
19168322,
20833072,
18607620,
20145707,
21857614,
20688397,
21645886,
19676411,
18122280,
21656807,
20353215,
21669932,
20571202,
19111773,
20515888,
19177484,
17624069,
20030920,
19379544,
16128727,
21659050,
20252094,
18950123,
21681329,
20155155,
18994265,
17596867,
21070933,
18691184,
21598246,
21635007,
20568833,
20600396,
20492220,
19130676,
21618388,
19277308,
17595366,
20648922,
19453041,
22415031,
20346678,
19207188,
16129416,
16377888,
21964117,
20773191,
20009218,
18796879,
19498011,
18662671,
20747988,
19200214,
20850160,
18503015,
21643611,
20550024,
21664759,
20672265,
19510050,
20256866,
18579019,
21675464,
21557507,
21644888,
21568799,
20367173,
19408707,
21144058,
20544431,
18358416,
22725899,
19859931,
20154361,
17534961,
20581929,
19243196,
21602427,
19203893,
17576925,
19291035,
19716799,
18167254,
21041220,
21000732,
20976982,
20776426,
20806276,
20923026,
20759524,
20921538,
20789550,
20831557,
20708736,
20627719,
20694164,
20486970,
20522208,
19194312,
21358439,
18880163,
18120578,
20046501,
21413265,
18948100,
17447546,
20796452,
19621921,
20781503,
22492635,
21045755,
21171730,
20141595,
19333750,
18885929,
19114990,
23981026,
21669477,
21605968,
20310360,
21834173,
20659559,
21618606,
19532858,
18970353,
20682597,
19326257,
18860987,
16893132,
19246378,
18202812,
17193749,
17056857,
21248330,
21585110,
21214127,
20233260,
21600567,
20661538,
20894623,
19020499,
19096226,
17537643,
19388838,
17585880,
19533256,
20082913,
18718842,
19447307,
19285939,
20775283,
18643642,
20478813,
21826224,
19600119,
17927944,
20258191,
18622311,
21935891,
20679387,
20560061,
20576997,
20511224,
20552001,
20490613,
20524801,
19250283,
21615538,
19253928,
17649998,
20584544,
19375956,
23884282,
21567436,
21613741,
20437557,
20314660,
20662511,
22064292,
21633564,
19654965,
21275399,
20555070,
21929597,
20541258,
19119932,
18332506,
22817514,
19731687,
22752378,
20572385,
20457583,
20388844,
20499167,
20467064,
20411231,
20757944,
21169530,
21144104,
21255845,
21243042,
21496559,
21307604,
21201996,
21279735,
21218127,
21287280,
21497348,
21604494,
21670120,
21666757,
22029240,
19765438,
19168291,
21005379,
20008218,
18751005,
21748357,
21663930,
20601475,
19575838,
21216594,
19993185,
20939812,
18494852,
18718874,
19914635,
18603550,
19708642,
19970601,
21205286,
19966618,
20089842,
20291961,
21348051,
18842304,
17295617,
19899051,
18430804,
22364744,
20147941,
20265340,
22303058,
20073154,
20585500,
21037565,
18603057,
18372991,
20823425,
20553461,
20357679,
20168013,
20236928,
22809241,
20686814,
20224686,
18598840,
21210613,
19997440,
20801499,
19567603,
19940015,
21025161,
20388925,
21370912,
18806206,
17879997,
18574949,
17300682,
17490254,
20186434,
20419138,
21252399,
18765804,
17398290,
16438108,
19995155,
21022486,
20009798,
19912995,
20348000,
21247649,
19730497,
18246169,
20578352,
20432597,
20515451,
19110547,
21580298,
21537834,
19284525,
17099063,
20378480,
19503711,
17317974,
21558055,
19333044,
17762975,
20598907,
19323898,
21898886,
21687115,
19312224,
20688542,
19529696,
20759485,
19478138,
19249901,
17617775,
20891180,
17750919,
20388814,
18995256,
21847878,
21562987,
19238857,
19912667,
20206390,
18833026,
21555417,
21367040,
21213963,
21167888,
21057301,
20976328,
20980544,
20934255,
20822338,
20724777,
20960816,
21735485,
21542047,
21210493,
21170964,
21143201,
21079130,
20970377,
20871759,
20941904,
20729491,
20730472,
20587718,
20547594,
20398519,
19151798,
19624530,
17661537,
18057199,
18775403,
17749888,
19429588,
19123307,
17463125,
20467761,
19401193,
18020955,
20608268,
19825309,
18263456,
20902007,
19773880,
18182816,
20983227,
19888906,
18387825,
21180985,
21105295,
21105303,
20954169,
21004347,
20792829,
20702288,
20616964,
20525468,
18523660,
21377953,
21501446,
21411773,
21341740,
21216073,
21127224,
21109912,
21128812,
20947707,
21023377,
20994146,
21040358,
20907809,
20843521,
20895682,
20733076,
20739551,
20746821,
20729849,
20533375,
20425255,
20363594,
20670731,
21363745,
21373153,
21377138,
21321627,
21397293,
21296338,
21226687,
21231576,
21120564,
21036771,
21111220,
20986101,
20932198,
20977122,
20849628,
20869407,
20796534,
20781853,
20739983,
20545183,
20553856,
20565818,
20566415,
20522623,
20466237,
20392719,
18489562,
17754963,
21636447,
19568451,
19384836,
20920708,
19463053,
21142738,
21066429,
20847924,
20918149,
20795362,
20430799,
20473346,
19543843,
16737526,
20838674,
18789352,
20498819,
19097993,
21920044,
20722845,
20586747,
19508123,
16377666,
18867502,
17169038,
16063836,
21565131,
21339120,
21142675,
21031103,
21062808,
20788830,
20692687,
20633295,
20526733,
19432108,
18971400,
21162079,
20414274,
21632659,
20353478,
18990418,
20289983,
19298669,
17578812,
19927779,
16760354,
19897333,
20035222,
20289609,
18924483,
21568354,
21648135,
21464436,
19226582,
17739165,
20747633,
20610030,
17779816,
19413512,
19249906,
17727601,
20812776,
20293367,
17564696,
20369312,
20522273,
21720616,
20496465,
19431430,
19552515,
22320315,
21075935,
21016956,
20791727,
20759954,
20459286,
20750051,
19761685,
18149019,
19436523,
17006541,
19087649,
17696723,
20342098,
20705793,
21619320,
19228225,
17703696,
20434400,
19063411,
21371329,
18993311,
22056333,
19675994,
17699132,
17551677,
16353129,
17568892,
20779435,
18684549,
21421749,
21248363,
21267814,
21141731,
20872762,
20889535,
20613037,
20558678,
20544857,
20294048,
20309450,
19144758,
21850667,
21664007,
19415971,
17467188,
21653173,
19300960,
20421841,
19291847,
20913844,
20963990,
20837184,
20889550,
20781657,
20796136,
20771771,
20717912,
20699436,
20617442,
20518646,
19376390,
17413262,
19640566,
16590250,
21246997,
21037761,
20988421,
20863672,
20733387,
20662870,
20717277,
20649591,
19473190,
18652977,
19892031,
17447767,
17499360,
20533034,
19967457,
20149704,
17184887,
16108449,
21370748,
21262706,
21170196,
21196908,
21023034,
20935897,
20820773,
20687845,
20624481,
20532162,
20355362,
20253884,
18366683,
17289092,
17772955,
20537394,
19695497,
18848194,
20027421,
22037272,
19565872,
17632192,
21534718,
19045157,
17862163,
19296090,
17776877,
20571850,
19891387,
20112399,
17606096,
20318217,
20551831,
21512143,
21512829,
19205624,
17647298,
20808654,
19466028,
21071748,
21052383,
20922232,
20795260,
20660196,
20454850,
20234013,
19138449,
21690823,
21417348,
19346762,
18505056,
18800954,
18611522,
21436058,
21263894,
21096656,
20942352,
20741495,
20558316,
20371134,
20205704,
20466024,
21645393,
21551520,
18728539,
18118171,
18726471,
17518085,
17762330,
20910736,
19360823,
20736938,
18335508,
20216857,
18727849,
21329873,
21197570,
20973756,
20736528,
20614216,
20459904,
20383530,
19598519,
18828399,
18786276,
21186959,
21008752,
20703171,
20211789,
19031139,
19390382,
21108110,
19062363,
19943583,
22585166,
20406297,
21754606,
20192988,
19229907,
17756173,
20736316,
19559369,
17583558,
17445282,
19347749,
20939632,
19722358,
17769519,
20225324,
18380945,
19633814,
17301494,
18576907,
21648264,
21324033,
21178056,
20025730,
20279802,
18890997,
21597620,
21620128,
20180889,
18790702,
21609058,
21610066,
21546485,
21350428,
21233669,
21108781,
20973154,
20700261,
20472758,
18509970,
20145991,
17591599,
19004295,
20541484,
19347549,
18811703,
21539946,
20401734,
20092747,
18804213,
21677614,
21363843,
21070856,
21037230,
20840843,
20673486,
19399347,
18156149,
20705323,
20401977,
17616140,
20456988,
19091794,
17676396,
20290249,
19984185,
22790897,
20415483,
19194713,
17412174,
21913420,
19644506,
19555282,
19423179,
22466500,
20195368,
20292084,
18949846,
20235725,
18810214,
18810998,
21560264,
21562463,
20278972,
20055537,
20331094,
19521419,
17422739,
16838254,
20240490,
19714901,
19920657,
19465791,
21133903,
21050625,
20893415,
20707258,
20672471,
20523496,
20435664,
20352730,
19729072,
19960386,
18671663,
21371832,
21265904,
21124553,
21100169,
20943521,
20964985,
20742010,
20718285,
20692704,
20385606,
19292967,
19387091,
22095393,
21094040,
21078939,
20953359,
20780413,
20701418,
20602461,
20599587,
20634718,
20619909,
20710248,
20803070,
20817421,
20912846,
20965306,
21052812,
21332580,
21447363,
21442095,
21409267,
21068723,
20236222,
21428884,
20245940,
19372513,
21042501,
22632486,
21413069,
20352628,
20187950,
20070800,
17238616,
21754981,
20494525,
20476581,
20366756,
17285302,
20246178,
18510051,
18502264,
21320533,
21417554,
20333828,
19283401,
19440508,
22281402,
21032770,
21145606,
21332538,
21385431,
21394418,
21468876,
20453221,
20538572,
20529238,
20644350,
19211586,
20639330,
20211120,
21484107,
21439357,
21512938,
21428813,
21513960,
21480757,
21196659,
20185181,
20250487,
20509379,
21370100,
21687603,
19222807,
20956981,
20050926,
21071325,
20081764,
19002508,
17435940,
20594503,
19482937,
17957769,
20800819,
20876784,
19683175,
17886147,
20666208,
17802910,
16794194,
18934187,
18193111,
17511433,
19674956,
17063506,
19062804,
18467840,
18617139,
21537425,
21367666,
21186965,
21058488,
20995676,
20766116,
19637074,
18508087,
21265509,
21102385,
21070308,
18542856,
21428566,
21232105,
21067834,
21011603,
20905450,
18985832,
17541418,
20821700,
19069591,
19154582,
18979170,
17459241,
20161775,
20231648,
20304613,
18909929,
22908292,
20479169,
19355051,
16296746,
20642649,
18952003,
18507766,
21715491,
20459708,
21518708,
19094632,
17511918,
21238986,
19013610,
18620656,
21438705,
19217438,
18902769,
21581668,
19307946,
19109250,
17469476,
20694101,
18198042,
18715295,
17504018,
17818214,
18524737,
16343713,
20902570,
19271792,
17443527,
20629633,
19483175,
19705305,
20185104,
21638154,
20989647,
19850234,
18579581,
21565652,
21284875,
21230587,
21161839,
21085259,
20993738,
20843343,
20916720,
20856735,
20760560,
20675057,
19594416,
18086237,
16917513,
19036850,
20688367,
21795150,
21013605,
22318425,
20118044,
20492928,
19351206,
22514247,
20386645,
21493697,
20185781,
18261283,
20959874,
18724145,
21431962,
20537547,
20405965,
19754533,
19895044,
19964484,
20384718,
21583166,
20320217,
19219885,
19395736,
22269338,
21119340,
21010817,
21120190,
21093534,
21108947,
21120758,
21124311,
21237352,
21202968,
21178142,
21373753,
21295301,
21645738,
21587603,
21687576,
20484514,
18595551,
17409927,
17581187,
20979994,
18824078,
20600498,
21905810,
21659235,
19011105,
19007559,
16099377,
17625842,
21092137,
19421827,
22332982,
21087252,
18464741,
20241115,
21298570,
18968462,
16999273,
19199951,
17442720,
20869752,
19372207,
17600469,
21053852,
18701853,
21579935,
20406529,
20788686,
21617461,
19394578,
19512875,
19311391,
20717709,
19695632,
18846905,
17506993,
21654430,
19287230,
19311754,
19800280,
17852306,
16827349,
19054614,
16273660,
17622180,
22231887,
20043122,
19258280,
19151987,
17474550,
22501175,
19657790,
17847134,
16800862,
21638336,
21620422,
19089746,
20714453,
19593909,
18329686,
20128103,
20453093,
21775297,
19237159,
17728725,
18264116,
18498640,
18665746,
21679256,
21278226,
21089139,
19867029,
20264509,
20252689,
19598733,
21884007,
20463932,
20473529,
19695330,
20885808,
19868338,
19983953,
20312268,
20313973,
19691075,
19921317,
18049278,
17426113,
20727234,
18530575,
21545135,
21662565,
19242426,
22216274,
21913730,
21446425,
20405246,
20604997,
17794593,
17451584,
20584934,
20331339,
19285043,
22473237,
19945677,
18672937,
21549135,
21472191,
21408588,
20055870,
20369874,
19077927,
20392148,
19938768,
20323124,
20418793,
20369838,
19070678,
20436581,
19149707,
21026675,
19474505,
22329939,
19305889,
18755222,
17463698,
19969813,
16982774,
18187581,
22478062,
20229019,
22718823,
20568925,
20354217,
21542503,
21302177,
20037374,
18623671,
21247418,
21048692,
20914177,
20733071,
20730454,
20632152,
20566262,
20507037,
20409396,
20680222,
21547615,
19353905,
17571486,
20620095,
19453437,
17662762,
18294883,
17625397,
19926522,
18840546,
21555094,
21602489,
20141042,
20370454,
21658462,
21325320,
21243252,
21299465,
21229639,
19080214,
17586075,
20791132,
20519091,
20511254,
21509035,
20332608,
19143430,
17649825,
20802254,
20539717,
17516123,
18750337,
21578063,
21364692,
20581014,
20710270,
21986820,
21136312,
20169777,
20271658,
21153319,
20946925,
21092532,
20884301,
20844842,
20868623,
20985137,
21209918,
21508844,
21555747,
21346124,
21267339,
21182675,
21213280,
21403555,
21463664,
21459074,
21406540,
21318728,
21271697,
21168324,
21264760,
21475875,
21482512,
21384492,
21459678,
21448642,
21581470,
21501296,
21541848,
21506228,
21347141,
21547027,
21562419,
21527979,
21503621,
20242670,
18970900,
21480657,
20594983,
19137933,
20724309,
19240194,
20946452,
18160516,
18636800,
17581180,
21768587,
19576938,
19158444,
20859107,
19362803,
20632290,
17654378,
20804846,
19852488,
20504570,
19084347,
23953057,
21586445,
21552798,
20480501,
20461270,
19168558,
20976334,
20854822,
20960620,
19849647,
18520831,
21248367,
20330666,
18909137,
21491979,
20517994,
20506167,
19359113,
19860988,
20170878,
21528497,
21246271,
20163775,
18701341,
18347595,
