12651147009,
40938628,
26232696,
21728104,
22977225,
21443830,
22385437,
20975647,
18936017,
21074418,
18344123,
21095534,
19597609,
22212032,
21718911,
19661443,
21139039,
21870799,
20464507,
19365922,
17354331,
19083855,
21683214,
21346014,
20933795,
20734728,
19307001,
21530169,
21269782,
21022609,
19418776,
21871648,
21521736,
21302419,
20973325,
20513451,
19311919,
19340093,
19252558,
21835303,
21456718,
20969232,
19634934,
18271695,
17465738,
16255444,
21415127,
21115740,
20820385,
20600795,
18944161,
21659230,
21280103,
21129559,
20968168,
20601008,
20345450,
19224041,
17363391,
18164848,
19170379,
17771067,
18070382,
20687887,
19234544,
21608125,
21452754,
21169709,
20982174,
20742647,
20484936,
19055422,
21539170,
21409102,
21288531,
21187780,
20949417,
20571922,
20584589,
20533745,
20853368,
21756416,
20330929,
19171158,
18115746,
18130707,
20933295,
19397481,
22026160,
21709904,
21478142,
21246681,
20989081,
20578814,
17889929,
17951769,
20506064,
19196332,
21612951,
21378507,
21086019,
20810888,
20479104,
19132994,
21699993,
21516215,
21141575,
21258682,
20886185,
20556803,
20603536,
21850794,
21295400,
21090500,
20748937,
20564723,
19230262,
21692785,
21476468,
21235789,
20882573,
20692391,
19230364,
21647509,
21523786,
21375494,
20865093,
20869130,
20372414,
18933729,
21357058,
21283938,
21052914,
19584448,
17769227,
20637790,
19129019,
21815484,
21615438,
20375678,
18931968,
21513900,
21282435,
21089989,
20968835,
20758791,
20651756,
19272634,
17908680,
28188276,
26239255,
21649285,
21464359,
21473596,
21263820,
20973372,
20801473,
20543281,
19258664,
17930196,
17779404,
17542341,
17908207,
20547442,
19200496,
21809133,
21475627,
21321435,
21225555,
21058637,
19893911,
18482581,
19984447,
16858212,
17740194,
17853267,
20461560,
18896027,
21558354,
21394645,
21024336,
20915901,
20627911,
17667793,
17945533,
17788936,
16336533,
17425245,
21569691,
21434243,
21305857,
21146200,
20838148,
20679792,
20495472,
19285828,
19560799,
19257337,
17476106,
16603505,
21589753,
21476108,
21329740,
21263440,
21105518,
20758530,
19025426,
16711476,
21741477,
20604051,
21811774,
20355739,
18767448,
21363064,
20368086,
21559027,
20324257,
21487631,
20259976,
18693462,
21062526,
19643886,
18687444,
19085347,
19058997,
21678366,
20428650,
18872429,
21486462,
21361631,
19967231,
18513861,
19940376,
18735673,
21466361,
20365112,
18924838,
17002295,
18880066,
21736737,
20236632,
18500737,
21140424,
21091371,
20925655,
19602791,
17855381,
20446478,
18955231,
21823468,
20466142,
20379314,
20434319,
19173811,
19598450,
19270133,
20566562,
19176718,
20770606,
18748792,
20415261,
22064287,
20615355,
21471868,
19340442,
18824904,
20520991,
19418928,
20041579,
20373656,
18870347,
21782089,
21462133,
21478955,
21931004,
21870536,
20629201,
19543355,
17687653,
17058573,
21833370,
21651546,
22807681,
20567510,
19286110,
17893188,
20817708,
19846132,
18350015,
20969614,
19738647,
18763302,
21290917,
21246116,
21193705,
21327185,
21371002,
21269554,
18605364,
17550303,
21931191,
19798643,
20604413,
18826504,
18786253,
21707475,
21807737,
21452638,
21408432,
21299307,
21381064,
20110756,
18646543,
21509181,
21559742,
21580018,
21588103,
21583078,
21580953,
21510611,
21252233,
21207761,
21107193,
21164152,
21165965,
21042780,
20977354,
20792066,
20811429,
20766662,
19407407,
17695929,
17864150,
17366954,
16662716,
21802015,
21825906,
21479134,
21516627,
21475938,
21358785,
21140358,
21035330,
18146008,
16995492,
19378362,
16307574,
13443637,
13618682,
15266409,
16541716,
15867745,
21742404,
21847013,
21457209,
20367034,
21616763,
21506791,
20439233,
20780153,
20653054,
20685722,
20757707,
21036510,
19723973,
21159795,
20690077,
21381539,
19173151,
17776469,
19393361,
20940442,
19350536,
20815837,
19263232,
19419036,
17532774,
16630660,
16002571,
15256454,
21550207,
21664670,
21692043,
21775292,
20510146,
21440705,
20153211,
17438180,
19399368,
19095583,
17064616,
19284918,
16127330,
15213773,
21393661,
21307782,
21734820,
20187593,
21666290,
20388243,
21665562,
21535926,
21404522,
20391060,
21761043,
20204408,
18772543,
21338641,
21288245,
21255871,
21060729,
21037333,
20783333,
20725785,
19561171,
19480697,
19219120,
17798408,
20811279,
18769398,
16418850,
21286893,
21301414,
21294252,
21211565,
21159511,
21187659,
20940866,
20898215,
20903250,
20752625,
20746070,
19520274,
19485967,
19539504,
19755978,
20921818,
20820393,
20805173,
19444590,
19717106,
19926413,
21295510,
20194758,
21571089,
21579003,
21318913,
21294615,
21256096,
21162577,
19930207,
20033085,
19829346,
20167746,
21613213,
20361883,
22085301,
20539572,
20447584,
19465193,
17541175,
20799074,
18461585,
21298572,
21061011,
19779194,
18386442,
21144848,
21129168,
20016402,
19941201,
19936680,
19986255,
20323352,
20653511,
20453235,
22051038,
20418228,
21734770,
20773001,
21563719,
19286831,
18904385,
18198923,
17093936,
17661527,
20741554,
19629362,
21019333,
19386276,
20582594,
20747365,
19637580,
19803942,
19377167,
20437776,
19467481,
17662285,
20762714,
19464071,
19204854,
20753325,
19014154,
17435778,
16293279,
17836267,
18713842,
18703233,
21381532,
21340342,
20940335,
21244588,
19895248,
21181611,
20564695,
21657528,
21478924,
19339912,
19838455,
19327930,
17675999,
20647735,
20620659,
20607695,
20848106,
18623694,
21326841,
21282926,
20674338,
20395035,
17364517,
16115203,
16560497,
17772580,
18539372,
20183652,
19205371,
19548067,
16780308,
16054167,
21264004,
21168639,
20051771,
19995427,
20004926,
20091983,
19188997,
17707782,
20545502,
19520365,
17708711,
20627111,
19326503,
17692300,
20553053,
18743527,
20024890,
20052750,
18102157,
17010855,
20072731,
17240951,
20321862,
20714069,
19379145,
22008643,
19784421,
17679586,
15314811,
17437427,
19559784,
21402645,
22110714,
21380656,
20253339,
20574334,
20493452,
19127608,
21426993,
20241595,
19059903,
17279708,
19391512,
18627316,
21530216,
21223022,
21365588,
21239759,
21076735,
21102663,
20940183,
20952531,
20976241,
21122234,
21126084,
21016391,
21032746,
21032186,
20974047,
21051276,
21034115,
21121234,
20954250,
20912079,
20614994,
19493435,
18251434,
21124708,
21000530,
21043915,
20980689,
20980264,
20965480,
21001722,
21086429,
21032193,
21106303,
21065188,
21135234,
21434255,
21264520,
21226262,
21302255,
21275106,
21022513,
21014057,
20937037,
20867718,
20947302,
20880652,
20905181,
21083714,
21019854,
21073603,
20999772,
21016207,
21091780,
21125569,
20012923,
24366262,
19236353,
17133286,
17060183,
21558698,
21251514,
21214567,
21272666,
21005222,
21052824,
21034628,
20946546,
20950711,
20868434,
20815136,
20794122,
20625326,
20574275,
20253222,
18976821,
18801504,
19828808,
19160049,
17249811,
16728861,
20335779,
20430799,
20753397,
20804099,
20094756,
20194878,
20607355,
21657908,
19087232,
17583703,
20306618,
18993378,
21665282,
20431512,
20165633,
20096858,
19076716,
17517404,
20544107,
19409622,
20668450,
20342688,
20820670,
19844970,
17658563,
20843539,
18532182,
21256498,
21122593,
20964600,
20901857,
20759268,
19825316,
21055546,
20661101,
20014631,
21290678,
20167207,
20411571,
20824982,
21109973,
20534997,
21467981,
21202535,
19195418,
18531847,
18789804,
18679605,
21500949,
21352841,
21210951,
21309284,
20968318,
20833080,
20712297,
20554964,
20431465,
20304928,
18908454,
21575446,
21266127,
19137458,
17698382,
20843528,
18861409,
20240624,
21504663,
20654524,
20889536,
18902965,
17648123,
20449786,
19145923,
21608493,
19260020,
17693492,
19160441,
16200180,
16389362,
21705391,
21511968,
20299485,
18942062,
21585026,
21330225,
20128628,
18719022,
21318344,
20374298,
21895199,
21262487,
19235544,
20959258,
19907556,
18627161,
21286311,
21157722,
21196387,
21018575,
19822821,
18350207,
21241753,
20965211,
21029864,
20652347,
20682405,
20522973,
20394009,
20215677,
18998908,
21592267,
20369046,
18990179,
21423866,
20127642,
18914711,
18369673,
17350453,
15070246,
20425710,
19114810,
21651386,
21608434,
21296667,
21244244,
21074326,
20881632,
20745323,
20660351,
20581641,
20518285,
20523726,
19278572,
17707102,
19386943,
19547050,
19220212,
20381306,
18915401,
18681755,
17290077,
21462654,
21343389,
21241228,
21098251,
20937589,
20796481,
20806097,
20783829,
20829257,
20737463,
20801931,
20584476,
20219719,
20071509,
20109647,
18823075,
21534267,
20712040,
18622596,
20064242,
21247936,
20317552,
21612680,
20233670,
18918256,
21614258,
20424485,
19053111,
17347219,
20313770,
21594437,
20687970,
21656485,
20524386,
18887928,
16004711,
15937113,
18050561,
22307643,
20133157,
21437220,
20468619,
21480247,
20249209,
17316551,
16033157,
18328607,
22311307,
20181034,
20255373,
20447518,
21647729,
20202648,
18969557,
21706475,
20445723,
19091081,
17288618,
20164460,
20387175,
20694774,
21727630,
21373538,
20048208,
20237748,
20614159,
21716346,
20169088,
19066451,
18706182,
21688131,
20319835,
18759519,
21684416,
21410462,
21230047,
21087472,
20930615,
20786982,
20600044,
20326329,
20216539,
18906006,
21470997,
20649396,
21983513,
21688403,
20368569,
21690850,
19769245,
16720320,
14592453,
21659412,
21382074,
21532522,
21386629,
21454864,
21372947,
21338349,
21335955,
21313684,
21161807,
21176264,
21140815,
21095318,
20987466,
21018833,
20841556,
20753563,
20683363,
20485786,
19072692,
17677259,
18079251,
16806683,
18658664,
21420736,
21235857,
21189914,
21057261,
20935790,
20822003,
20648872,
20717207,
20620399,
20502664,
19155305,
17612573,
18078891,
19303050,
16817183,
20563776,
19151934,
21614258,
19201361,
17660762,
20549986,
19069485,
21632615,
21609126,
20285302,
20245457,
19284251,
17698195,
20820300,
18637240,
21645958,
21316478,
21307642,
21304537,
21185030,
21136079,
20934909,
20910376,
20690459,
20491966,
20428165,
18889400,
17576806,
15717203,
16028055,
21363353,
21212773,
21076612,
20953246,
20769889,
20643167,
20445431,
20385787,
20306705,
20188036,
18927628,
21480202,
21182072,
19066131,
17394000,
20121514,
17386021,
20394582,
19068066,
21525472,
20282357,
19165694,
17541330,
20583766,
18378621,
21160592,
21123559,
21075998,
20968957,
20842531,
20862679,
20649591,
20770661,
20821366,
20824858,
20816638,
20681927,
20721977,
20522378,
20379058,
20331542,
18884018,
21574866,
20316079,
19297802,
17542408,
20599305,
18618489,
21226055,
21018993,
20959853,
20701433,
20670540,
20666499,
20624536,
20590216,
20525403,
20421598,
19075340,
17497233,
17890118,
18659194,
16690774,
21342712,
21254932,
21304134,
21171591,
21094076,
21007350,
20745880,
19590695,
18225004,
21147012,
20901310,
20770583,
20630516,
20395713,
20295862,
19013100,
21528251,
20311594,
18904869,
17467053,
20534317,
18116172,
17564859,
20661337,
18523836,
19974138,
20303973,
19056591,
21551998,
21516725,
19215418,
19566388,
17727362,
16549887,
17166761,
19952537,
18938650,
19530612,
18372581,
21258835,
21243618,
20971709,
20814706,
20528920,
20594834,
20446604,
20173287,
18904273,
21708169,
21654628,
21221728,
21075511,
21065948,
20892295,
20826230,
20824877,
20814183,
20636482,
20538372,
20784857,
19438988,
17645428,
19845307,
18763446,
21689343,
21684960,
21693160,
21700937,
21633914,
21626147,
21385907,
21328416,
21367693,
21310970,
21374597,
21221163,
21074713,
20942674,
20858563,
20813277,
20822032,
20701123,
20646702,
20621929,
19439027,
17570246,
19414051,
20632478,
17579222,
20264078,
19181048,
17683110,
20626159,
19712869,
18630308,
21210506,
21085819,
20952719,
20851113,
20731434,
20797747,
20725919,
20614954,
20445124,
19628220,
18104989,
20692407,
19525337,
19031506,
20568542,
18983312,
20402177,
21689629,
21633169,
21262785,
21102321,
20977066,
20777528,
20736039,
20406276,
19437355,
17637486,
21716038,
19491584,
19088914,
17630917,
21612383,
20515351,
22028530,
20489783,
21726930,
19179493,
17698839,
19179565,
16934492,
18105792,
16925582,
18933969,
17551119,
21729940,
20308953,
21758308,
20603042,
21265689,
18995665,
17761000,
15957409,
16412150,
21613293,
21327615,
21272972,
21237969,
21161399,
19793293,
20006566,
18885636,
17552852,
20372801,
19033291,
20373598,
20200242,
21619471,
20526748,
21667337,
19029338,
17562336,
21692598,
20455605,
21672040,
20558133,
21992837,
20346377,
20543129,
19435280,
20059387,
17701117,
16532712,
20761760,
20455725,
21798256,
19070571,
17820079,
17055966,
18079069,
16824975,
17946397,
16928621,
19147630,
16087693,
13527363,
21560222,
21608328,
21329773,
21169529,
21014179,
20776221,
20661316,
20371938,
17592024,
20514191,
19149902,
21508691,
20439444,
18910446,
17766125,
21582920,
19147405,
17712554,
16985626,
17993182,
16803300,
19100216,
17137593,
17400980,
21503089,
21310757,
21272647,
21037651,
21066076,
20946358,
20815988,
20743273,
20672903,
20401463,
17660390,
19099351,
19044825,
17841915,
19085116,
18796129,
17495811,
21620136,
21748984,
19406545,
20799896,
21175093,
20137199,
21528178,
18779407,
17617499,
21670595,
20433474,
22183019,
19325650,
17370806,
16447013,
21622507,
21387761,
21314734,
21156029,
21151940,
19847942,
21348159,
19997529,
18804421,
21688756,
21327001,
21219861,
21541583,
21238646,
20151322,
20484988,
20415418,
19381212,
20314685,
17594152,
16333379,
20610309,
20463180,
21712816,
20532202,
21512142,
19237229,
18969352,
19225010,
19223059,
19279598,
19136460,
19333155,
18945153,
17317494,
20084133,
21659893,
20351565,
21597094,
20450479,
18959155,
18852081,
18706465,
21630069,
21578673,
21426258,
21325343,
21249021,
21127217,
21055814,
20883193,
20905141,
20589343,
20093263,
21627660,
20291582,
21734328,
20548621,
21723243,
20642040,
20367887,
17728678,
16428691,
20912944,
20341613,
21565404,
18993396,
17457203,
21599124,
20088265,
21548475,
20311746,
21642784,
20555873,
21862624,
20619761,
21275404,
19022121,
17497314,
21652339,
20430920,
21445967,
20227866,
21553530,
20500557,
21433073,
19025568,
18841559,
21663665,
21600336,
21165398,
20946352,
20712075,
17788828,
19149397,
19463929,
17784349,
17627042,
20436316,
19295890,
18692893,
16371198,
19237884,
16102771,
16379330,
21188233,
19970816,
20391822,
20551393,
19440408,
18680342,
16453048,
17091452,
16164433,
21324593,
21020486,
20966057,
19927644,
20056658,
18741753,
21431861,
21115830,
20146392,
21639791,
20645407,
21402605,
21154281,
19068038,
18561018,
16404281,
14612654,
21608324,
21282866,
21220123,
21022639,
20718768,
20474164,
17435732,
18486737,
16329026,
18725129,
19011056,
18999230,
21653705,
21260046,
19201409,
17506123,
20455557,
18638642,
21320588,
20006471,
18687620,
16344613,
21495054,
20444958,
19168881,
17585615,
16368681,
19291540,
16144866,
14112684,
18697708,
18801959,
16404991,
20215302,
18982541,
21562376,
20700911,
21643037,
19402630,
17723713,
18123460,
17400742,
15519759,
19090246,
16082715,
16201053,
21119237,
19769605,
18367191,
20068531,
20290294,
21554512,
20275680,
19189937,
19508473,
19339367,
20855485,
20316285,
21591265,
21283201,
19733092,
19576804,
19898181,
19111265,
16188918,
13602819,
19208376,
16433404,
15346048,
21138535,
20297603,
19129144,
19615703,
19089642,
18788905,
21575496,
20348165,
19109666,
21954960,
20820155,
21042280,
20952746,
20774678,
20944562,
19456233,
17657420,
19045994,
17235821,
16267341,
21315537,
21337837,
21154669,
20954236,
19826256,
18178329,
17675116,
20492902,
18831044,
16596863,
20520781,
20367544,
17470323,
20597165,
20534445,
21017219,
20899892,
20560466,
18692789,
21336335,
20397322,
21592459,
19465031,
19043809,
20465784,
19158552,
20389897,
18991480,
21610888,
20577282,
20527953,
20013143,
16997701,
21309094,
20027238,
18786045,
16887006,
21572836,
21607719,
21373790,
21086464,
18567289,
21175393,
20106931,
21530895,
20304933,
21623609,
20220837,
21557622,
20626876,
21574338,
19434838,
19159099,
17536489,
20573624,
19258720,
20365891,
17565984,
17463904,
20221701,
21654036,
20338641,
21504531,
20546712,
21536163,
20135448,
19138481,
19382632,
19258802,
20569748,
18620531,
20353239,
21532474,
20732086,
18585531,
18578124,
21317891,
21205500,
21298559,
21127464,
19899946,
18590810,
21505916,
21325306,
21287903,
20040709,
18712043,
20064377,
20004379,
18869344,
21521867,
21269274,
20259308,
19228817,
17438352,
17511853,
20296221,
19392290,
19980341,
20185661,
17168136,
17311041,
21546833,
21697650,
21413817,
19156400,
18548029,
17356208,
17541010,
20713203,
20517446,
21516778,
19252220,
17656467,
18703813,
20499022,
21509865,
20175837,
18698759,
18878071,
17452511,
20198433,
19007132,
20799792,
20915064,
20856863,
20694208,
20854766,
19713294,
16571805,
21009808,
18786003,
20543225,
19244366,
22053934,
20902909,
21091764,
21028394,
20959118,
20912673,
20909118,
20988057,
21021760,
20904118,
20968403,
20659974,
19525034,
19768883,
19891194,
21223243,
20054871,
21356501,
20075606,
18918416,
19232432,
18955553,
17106488,
21441035,
21316041,
20182666,
18793942,
21515800,
21327540,
21387276,
21325865,
21171039,
21109748,
20878492,
20703703,
20704773,
20567355,
20438026,
20260379,
20102747,
18869522,
21300580,
21165314,
20976549,
20846628,
20663616,
20391954,
20222566,
20339973,
21450859,
19153495,
17550578,
18003213,
19074822,
16795839,
21348254,
18976050,
18675393,
21285633,
21121324,
21002401,
20789707,
20729126,
20536495,
20500903,
20234918,
20140349,
19052801,
20258753,
20039982,
19019697,
17499234,
20232593,
19963362,
17372440,
20186857,
19132558,
17583732,
20208607,
19787699,
17495231,
20390780,
17596172,
17220002,
20215867,
20354167,
20579837,
21762603,
19922222,
18115913,
16874329,
17895888,
18674512,
16588595,
21179398,
20913589,
20545484,
20527813,
20295834,
20183174,
18849043,
21570176,
21354778,
21228109,
21071790,
20821983,
20498708,
20273443,
20115701,
19932454,
17075825,
18083256,
16340406,
16083300,
19330092,
21686061,
21354673,
19165367,
17592257,
20419640,
17455769,
17861600,
18672656,
16820772,
21128254,
21001055,
20857283,
20670078,
20615285,
20390397,
20279315,
20030707,
18866732,
21582313,
21342992,
20140375,
18906844,
21292140,
20479933,
21543425,
20092063,
19176611,
17612148,
20322169,
17455143,
20407984,
19168586,
21709336,
19485304,
19652128,
18417585,
20936990,
20850435,
20613037,
20540710,
20511821,
20377255,
20247719,
18964738,
21569157,
21280359,
20118868,
18741951,
21321553,
21201114,
20970262,
20793472,
20552688,
20399592,
20296681,
20036171,
18794827,
21540063,
21203117,
19049687,
17593812,
20634085,
20215542,
21525714,
19032238,
18775830,
21676754,
21358201,
21228847,
21049089,
20919728,
20727169,
20628948,
20497906,
20250855,
20175297,
19930362,
18766606,
21470143,
20519953,
21625532,
21328395,
19049356,
17523561,
20418673,
17616640,
17532156,
20472564,
19317916,
17570769,
20479141,
17456893,
19361830,
17496424,
18958398,
17568618,
20343010,
19141561,
21481867,
19026499,
17487407,
19211356,
19565662,
17510402,
19081204,
17076295,
18608637,
21182752,
20252021,
20477519,
18984711,
21589145,
19427759,
20709420,
19475096,
20741635,
19484917,
18719381,
20290502,
21622652,
20409138,
21563664,
18898745,
18702569,
21559917,
21358893,
21118425,
21076933,
21048622,
20732426,
19692537,
20905755,
18361204,
17201164,
21558427,
20402331,
21328943,
19135696,
18782593,
18049878,
17207491,
18079906,
21135950,
20185283,
20204586,
20625113,
18585438,
17434751,
20280967,
19261840,
17586342,
20481449,
17496389,
20441769,
19318938,
20589879,
18561973,
20136034,
21409859,
20111456,
18820350,
17598094,
20170952,
18900139,
20261694,
19337519,
19965554,
18895243,
20347328,
21518503,
21267742,
21202169,
21084947,
19670509,
18606624,
15709322,
21259451,
21271642,
21251427,
21097651,
20833819,
20808806,
20607369,
20444311,
20081899,
20051923,
20160528,
18979706,
21497471,
21262893,
20041671,
20221646,
20219361,
19143103,
20513526,
19513498,
20603547,
18399864,
21057298,
20878801,
20651797,
20474677,
20267789,
20147324,
19246720,
19339502,
20774984,
18627496,
20010461,
20230208,
18807046,
21552085,
21133329,
18074799,
20889149,
20733356,
20603763,
19410499,
19771137,
18625629,
21650963,
21073147,
19947617,
21306122,
20298394,
21533184,
21208014,
21095461,
20910360,
20610705,
20447145,
20447968,
20257436,
20108826,
19985640,
18936607,
17431527,
20328918,
19359015,
17558972,
20435396,
17589782,
20690837,
20271253,
17483519,
20353493,
19049947,
17443837,
20442620,
17597174,
20323402,
20063255,
17480677,
20210172,
20179479,
20269992,
18919248,
21479041,
21177106,
19010382,
20802432,
18835969,
18301368,
18484253,
18491760,
21115415,
20973562,
20822921,
20513254,
20541627,
20357178,
20320597,
20253293,
18242585,
19922142,
21018741,
20928738,
20881199,
20745798,
20651777,
20571480,
20528285,
20438604,
20262009,
19142101,
18226269,
20855333,
20825062,
20510744,
20355484,
20235830,
20042636,
20050429,
18893169,
17309986,
20274633,
17215371,
20278683,
19069410,
17323063,
20328270,
17386046,
20279490,
19875352,
17365565,
20079764,
18985106,
17323562,
20204046,
17341182,
20221866,
19149169,
20032749,
17331703,
17116509,
20121776,
21391441,
19698109,
17723036,
16671802,
17805248,
18567372,
17546097,
16864671,
14608467,
21548483,
21101048,
21067218,
20909384,
20706661,
20588251,
20510840,
20256651,
19059776,
17497111,
20436694,
19155542,
21304464,
18987064,
18776103,
21505638,
20307875,
20054898,
20191259,
18996666,
17189152,
19994427,
20074994,
18692296,
21550510,
21247933,
21058114,
20955944,
20783357,
20645264,
20522443,
20488448,
20429255,
20129677,
18778128,
21578933,
21201055,
21145491,
20939473,
20796054,
20640393,
20390270,
20360854,
20025584,
18852335,
17610603,
20492003,
20055688,
17488979,
20073431,
18726723,
21500983,
21309091,
19981030,
18602892,
21174536,
21055360,
20900052,
20801793,
20603753,
20395127,
20238568,
20153776,
18816472,
21568196,
21306002,
21254371,
21146928,
20869747,
19548325,
17745148,
20497713,
20238190,
17162536,
20182094,
20329634,
20537572,
21498424,
20067292,
18943822,
17788211,
20534129,
19251858,
21617666,
19399447,
18518188,
17647640,
20334554,
17670986,
20593351,
20261146,
19086514,
17623467,
20593314,
19642423,
20698231,
20206149,
17597972,
20438974,
17547515,
17992602,
18556713,
16657336,
17677030,
20509452,
19193817,
21517242,
21175823,
19077596,
18793987,
19223087,
17535881,
16987969,
14713653,
17549910,
20566126,
19430638,
21604609,
20014180,
21616263,
20663766,
20387797,
18559091,
17436995,
20455435,
19267040,
20475926,
18955838,
20391292,
20202300,
18915541,
18618756,
16342127,
14881275,
16334603,
21679847,
21652721,
20389952,
20143515,
18765682,
21566134,
20404404,
19001412,
20205625,
20133950,
21655713,
20706038,
22206200,
19980632,
21539473,
20429897,
21572928,
19289425,
18913689,
17133268,
20079066,
21515322,
20559583,
21458885,
19278516,
18964368,
17535966,
20478023,
19261273,
17695745,
20969200,
20745733,
22162975,
21600836,
21627701,
21676756,
21625002,
21388604,
21269558,
21300443,
21271274,
21162907,
20176695,
21938325,
20641998,
21855653,
19394312,
18064875,
22073392,
20694899,
20289056,
21552052,
20262263,
21517462,
21594140,
20341290,
18861627,
21585751,
20367927,
18921641,
17278629,
16331543,
17945768,
16008936,
15368385,
20277148,
17549360,
20366306,
18930200,
21563534,
20339538,
18724959,
17494406,
21845892,
20629518,
21627125,
21648448,
19392280,
18582261,
18634790,
21521477,
21540095,
21314219,
21302033,
21272494,
21184967,
21321773,
21088682,
20889981,
20989483,
20803313,
20847994,
20741553,
20852027,
20923276,
19536976,
17860979,
18337163,
16674572,
15949397,
18619051,
17646023,
20312223,
20902542,
22114352,
21890579,
19182996,
17566373,
19397118,
18654842,
16814790,
16010455,
21627339,
21796116,
21576103,
20986878,
19523099,
22587409,
21262379,
21410526,
21609981,
21611643,
21579441,
21655503,
21641854,
21662704,
21668857,
20292523,
20076134,
19880972,
17022656,
19209538,
16400279,
20122895,
17510402,
20546434,
19482590,
20750490,
19400526,
19840748,
20278655,
21559000,
19773912,
20266788,
18941339,
21588112,
20700221,
19427068,
20979700,
18651816,
20442776,
20483903,
19554782,
18761401,
17619088,
20681187,
19267242,
21239289,
20203449,
21878770,
20770506,
20975574,
20075469,
21506368,
20439666,
21639489,
20287777,
19280601,
17437437,
19696077,
16795636,
21318581,
21236859,
21048459,
19958757,
18007944,
17171083,
17957503,
18722409,
18696339,
21592142,
21618083,
21491596,
20401239,
19356683,
17672321,
20779219,
18537241,
21824276,
20462357,
21540838,
20689699,
17717803,
18725507,
18742888,
21316054,
20052718,
19136864,
17592720,
20354683,
20190264,
19121399,
17511970,
20634721,
18320241,
21079790,
19978669,
21556047,
18600327,
19895438,
18824042,
18986034,
17443964,
18968599,
16985734,
20126722,
18878316,
20251599,
21100441,
19945835,
18261666,
19928619,
19009332,
17753001,
20538868,
19006082,
19531904,
18911954,
17078945,
15773290,
20963886,
19958191,
18365491,
20087532,
20139532,
20029977,
21144745,
21021344,
18175887,
21561362,
19144355,
17607809,
21282910,
19267904,
18920944,
21778105,
21300638,
20272958,
19026188,
19405227,
19036572,
19530008,
19065893,
20578535,
19016034,
20494702,
18931883,
20476489,
17743199,
18697156,
16824565,
21176024,
21073990,
20999091,
19476770,
19712880,
19809352,
21517043,
20028680,
21492412,
20207045,
21451609,
20148506,
21410717,
20127205,
21727280,
20131487,
21565117,
20097770,
21514390,
20406628,
21193389,
19148462,
18668338,
20254311,
21541917,
20134825,
21542698,
20032177,
21452232,
20162877,
21248843,
19648065,
20397126,
18062012,
16420917,
20158218,
18848186,
17191242,
21073973,
18295904,
19528019,
19210101,
20332183,
20054617,
18588646,
17830628,
16284570,
17615905,
16882957,
17400107,
18448523,
19650963,
20473782,
19252816,
16325971,
19808167,
18762027,
17349681,
21518762,
20123976,
21513797,
18436209,
19547537,
17977735,
20346478,
19173623,
16361996,
20347975,
17432438,
17992747,
18800164,
18751863,
21441755,
21560249,
20342808,
20215869,
20380940,
20462382,
19405590,
17575153,
17843492,
17660780,
20446273,
20460729,
20559733,
19491069,
19119719,
20429269,
20361852,
20264961,
17533643,
20204198,
19180520,
17409820,
20551788,
18955163,
18785722,
21715292,
18842189,
20192855,
19024421,
18358459,
18584611,
17547480,
21530459,
19356990,
18900014,
20381063,
19211923,
19612275,
21376625,
20214874,
21514161,
20696186,
21032930,
20040011,
21578378,
20496390,
21791596,
19510800,
18875114,
19216338,
19047060,
20826222,
21619716,
20815776,
17901794,
16483085,
20786405,
18566110,
18643325,
21595524,
21589400,
21536238,
21073040,
19871778,
20266301,
20406087,
20473642,
20153911,
20581747,
18585454,
21374954,
21353951,
20258747,
19094273,
17533278,
20696754,
18557780,
20038204,
20337960,
20435092,
20545117,
19444292,
18996175,
17242124,
17593035,
21921807,
20203948,
20686754,
19466494,
19877413,
17935661,
16026204,
19395978,
19464453,
16651452,
20234481,
21872540,
20774459,
21071377,
21368292,
20097330,
17676354,
19221385,
17122959,
18695024,
21608534,
20341785,
18526652,
16300418,
18752472,
17047199,
21348036,
21114340,
20956740,
20850883,
20843066,
20773352,
20818095,
20677875,
19564887,
20981241,
19092161,
17437140,
20692354,
18376713,
21240583,
21109810,
21165077,
21097909,
20983413,
20896563,
20835989,
20747830,
20568532,
20168963,
18971785,
17422419,
21865486,
19409454,
18590629,
16624708,
18307830,
17161404,
17536348,
20527643,
20663418,
19721466,
21162519,
18894115,
20323367,
21480160,
20246972,
19029564,
17384899,
21651071,
19250116,
17535606,
21644124,
19470915,
19001952,
17728160,
20673478,
20464108,
21563455,
21022144,
18994973,
17371817,
21282201,
19158432,
18829599,
17523209,
21541018,
19210246,
19029998,
17468210,
20523093,
18738330,
17486204,
20364574,
21528262,
21114112,
18105714,
16892817,
17236467,
16959868,
15807405,
21056609,
20907446,
20860662,
20868327,
20633188,
20588427,
20411278,
20128867,
18321354,
17071219,
16713368,
21378157,
20979215,
18970407,
17467298,
20447733,
19545294,
17797643,
20714695,
18667663,
20214050,
21540401,
20309917,
21614263,
20077811,
18956658,
17181510,
17489391,
21825007,
21756593,
21695655,
18877999,
17530048,
21662433,
20218504,
21199367,
21084069,
18787075,
17050344,
16348526,
21241009,
19993656,
18974509,
17592535,
20556929,
18669820,
17396663,
18018128,
16841673,
20145374,
17495841,
21678699,
21284863,
19274417,
17630119,
20471799,
20295781,
17503259,
20760457,
20317610,
21720379,
20297211,
18971637,
17634551,
20496850,
19478957,
20226888,
17672046,
16403844,
20366986,
17922227,
16697281,
21268008,
20063997,
21291310,
21254820,
20085854,
21351326,
21395956,
21316341,
20173692,
21703799,
20292939,
19232189,
17609076,
20747530,
18551221,
21597950,
21372945,
21392123,
21367853,
20119473,
21651621,
20511940,
21318993,
19067063,
18849575,
17634404,
20454840,
19313463,
17748181,
20675080,
18775776,
17556897,
20328864,
21664782,
20665413,
21057124,
21561862,
20325964,
19167878,
17549357,
21310247,
19240444,
19063636,
17606546,
19814972,
17809989,
20656769,
20508254,
21008050,
19239954,
16566347,
18726265,
18645793,
21382571,
21337902,
21497334,
19997720,
21543388,
20340048,
21540693,
18866392,
18668748,
21513980,
21599424,
21306379,
21275162,
20068869,
20425259,
19114117,
21531729,
19084671,
17650048,
18886606,
17001385,
21714664,
21216903,
20942332,
20726881,
18655769,
21532724,
21231097,
21038830,
20869912,
20656894,
19042604,
20453791,
18734673,
20294232,
21524837,
21576653,
20209070,
20203757,
21451125,
20237575,
20055223,
21442558,
20107012,
21304714,
21061466,
18537422,
17571121,
21883070,
19569156,
19830603,
17206933,
21568492,
21245221,
21216938,
20950658,
20732137,
20664381,
20429037,
19277913,
18706856,
20031487,
18855520,
20273265,
21591683,
20396635,
19871825,
18964086,
17377222,
20177717,
21228862,
20311630,
20077443,
21326947,
20119663,
17175248,
17532999,
21261013,
19967936,
18388560,
20020715,
20016855,
19055012,
17337600,
20404079,
20051763,
21413619,
19940978,
20226338,
18908551,
20357669,
21454312,
21437965,
19176656,
17663537,
20336548,
19357373,
17556877,
20528765,
20361684,
21520314,
20054173,
17453722,
21358705,
20036426,
18767324,
20036874,
21252431,
20166883,
21310359,
18823945,
17475262,
21543864,
20223152,
21757262,
18937037,
20340016,
18825652,
20195240,
21500891,
21073086,
19047607,
17240069,
20209765,
21239936,
20043448,
18935507,
17037088,
19990085,
21530552,
20494975,
21554007,
21561652,
19161184,
16545094,
20169122,
21482977,
20393555,
21470588,
19139987,
18593486,
20253607,
21428914,
20226916,
18740388,
17430795,
21555575,
19220065,
18946352,
20414283,
18996750,
20660154,
19022591,
20659529,
19190299,
20644717,
18545941,
15884547,
21562882,
21657248,
21904186,
19624870,
21113695,
18806999,
21623397,
21490719,
19258702,
19284883,
22470149,
21734248,
20518016,
19032528,
20595503,
17870553,
16738335,
19081327,
16215942,
15328232,
21596206,
20270318,
21929339,
20656997,
20986916,
21119613,
19794803,
21172925,
21251013,
21216061,
21289811,
18500730,
21533116,
21188415,
19957412,
18784379,
17596744,
20794000,
20474787,
20870624,
21004268,
20986066,
20856407,
19814285,
21482927,
20295164,
21565620,
20301551,
18983601,
17196999,
17387651,
16879984,
16904369,
21594370,
21599039,
21327638,
18804713,
21615638,
21520860,
20120594,
19014077,
17165086,
16373593,
20151466,
20221444,
20423197,
20390935,
20438994,
19737674,
16679630,
21274384,
20043328,
18659324,
21477705,
20114644,
21599984,
20339129,
18853652,
20134710,
21531511,
20508719,
21251891,
18933757,
18551936,
21535436,
21524862,
20290202,
21859424,
20262296,
21760083,
21203294,
21160849,
19670259,
21256783,
20078096,
21574453,
20249219,
21098689,
18779367,
17528259,
21823657,
20475912,
21492077,
19111710,
18752045,
21497181,
20156145,
19100956,
17490458,
20583554,
20127996,
21702020,
20333646,
21135289,
18751667,
18577067,
17550862,
21577586,
19274276,
18993686,
17704899,
19144750,
17107665,
14268265,
18576439,
20064952,
20388130,
20351319,
19451370,
16683359,
21361770,
21244026,
19862726,
18682107,
21356799,
20336548,
21604752,
20338021,
19063448,
18572262,
18696991,
15881686,
21337387,
20289104,
18835759,
21639786,
20457705,
21797040,
20350545,
21220533,
19063059,
18897000,
17125376,
15480836,
19058259,
17332232,
16278162,
20411553,
20382366,
21220981,
19155327,
18954823,
17504045,
19820016,
18577052,
18489356,
21277992,
21647379,
18672978,
21388289,
21291896,
18711900,
21553210,
20349432,
20781893,
17982359,
17126839,
16683336,
21718373,
21642809,
18775598,
21626800,
20505897,
18902789,
20516458,
18861360,
20561502,
17459513,
20258646,
18654788,
21563409,
20573734,
20039374,
20033109,
17474380,
19166127,
15957655,
14344017,
17535526,
20050096,
21581406,
20195800,
21546655,
19215568,
19003767,
17632344,
20792187,
19504991,
18573635,
15931318,
21207579,
21240232,
21209514,
21217703,
21091589,
18552966,
21586652,
20434719,
20564817,
19482449,
19619792,
18546898,
17723176,
20611775,
19441103,
20533370,
19340409,
17463640,
20610097,
19269094,
19826099,
18429664,
16806401,
21310679,
21273685,
18582856,
21523759,
20273963,
21597079,
20221451,
19084557,
17587978,
20720293,
20503045,
21391969,
19205021,
18994901,
21950183,
20848281,
20428878,
20044558,
21586805,
20352080,
21823341,
19129526,
17568968,
19217595,
17157567,
17654691,
21659185,
20376355,
19562442,
21114035,
19156392,
16269698,
18675771,
19078268,
19167939,
19384102,
19143868,
17776689,
19942471,
20666800,
19042728,
20426874,
18974512,
20521146,
19394293,
20399029,
19388354,
16831475,
21198370,
20181377,
21763557,
20529062,
21572361,
19205714,
17710637,
19260140,
16016797,
16701811,
19164131,
16997932,
19107405,
15994351,
13558536,
21530844,
20300939,
19213578,
17649012,
20440091,
18654117,
16398377,
20601970,
19419712,
20869066,
20447963,
21744574,
19421899,
19296077,
20839022,
20471016,
21562284,
19146568,
19215698,
17630064,
17943970,
17007840,
20304956,
18768144,
19080308,
18367364,
20094178,
21804453,
20543401,
20021250,
19018541,
17515574,
19630339,
16825250,
16022048,
21143425,
21177178,
21012135,
20923635,
20980189,
20987242,
20994731,
21000401,
20011043,
21511803,
20085556,
18902786,
18570969,
17253878,
21403462,
21195423,
18908259,
18538894,
18340539,
21306134,
21141287,
21222935,
18471643,
21154015,
20388046,
21436090,
20466549,
19258593,
18805266,
18725617,
18763942,
21565069,
20389907,
17702535,
20722862,
19350537,
20290914,
18621967,
16453868,
19924172,
18595788,
17856054,
19258780,
19496716,
19116017,
17139301,
21623898,
21574751,
21578620,
20520496,
19128549,
20695459,
20615264,
22067183,
21557222,
21554955,
20747193,
17945078,
16299824,
14398197,
15116740,
16395297,
20480551,
20259006,
20646930,
18495638,
20173002,
21997527,
20698921,
19047289,
16341020,
15492981,
19056491,
17485474,
18728284,
16781843,
18062180,
22642205,
20331466,
21594532,
20651062,
19131534,
20769938,
18069969,
18582424,
17589512,
21972679,
19949472,
21535454,
19341199,
17619028,
20432032,
18687999,
17231784,
21553457,
21575044,
20467949,
19228305,
17561564,
19892079,
17168671,
21609178,
21566962,
21636052,
20416085,
19118805,
17475180,
20535589,
20288469,
21547747,
19069618,
17489904,
17940972,
19499496,
17573923,
20693504,
18446791,
21365348,
21193769,
18497525,
21266297,
21294677,
21023472,
20987687,
20990573,
19776575,
19981720,
18928916,
18141079,
17269756,
17534218,
21609839,
20362299,
18941067,
19096449,
19005337,
18276355,
19815787,
17946940,
18554613,
18260951,
21201582,
21018682,
18286314,
20959328,
19763333,
18910294,
17382439,
20463107,
20211612,
21510945,
19989660,
21507563,
20268318,
21524622,
21108775,
19043462,
19360078,
17435067,
17793610,
18596555,
16690739,
21260168,
21036610,
19891484,
19794795,
18435144,
21189432,
21131008,
20007301,
20136400,
19991777,
21426734,
20982532,
20097985,
21087376,
19992710,
19088782,
17279841,
16312010,
17868015,
18731443,
18505159,
19940098,
20258892,
21468730,
20209378,
20228856,
18807221,
21544718,
21226754,
19198859,
19403508,
16325406,
17790141,
19272046,
17553809,
20522600,
18739574,
16945188,
19823734,
21002435,
19903569,
18631031,
18899987,
18963616,
17570288,
20130760,
18948461,
17525629,
20561022,
20045401,
21435266,
20139699,
21481979,
20211684,
21562322,
20153145,
21232527,
20082796,
18990889,
17761821,
20593286,
17704586,
18126290,
16773550,
17887500,
19228645,
17576955,
20495137,
19342308,
20560780,
18427974,
18883863,
20114494,
17666811,
19567296,
16594300,
20985868,
20895705,
19750876,
21177081,
20756248,
19751568,
20960378,
19671767,
18242502,
20971742,
19673536,
19739125,
18674038,
17533523,
20507091,
19047635,
20282890,
19155623,
19041428,
21493894,
20431485,
21215251,
18929222,
17485694,
17940058,
19233494,
17864241,
20360669,
21531616,
20373741,
18851075,
16967530,
19967662,
21036655,
19897351,
18889660,
18155138,
18722839,
18435869,
21182942,
20948001,
19776344,
20852815,
19597949,
19867487,
20936947,
19851864,
18411643,
21077435,
20954281,
20688725,
19495394,
17650364,
16916028,
17051609,
21168988,
20989704,
19860049,
20989084,
19890709,
18228083,
21058624,
20944259,
21017024,
20768469,
20739761,
20496262,
19432501,
17957972,
20582674,
19410812,
20594281,
19382306,
20497320,
18661766,
16068147,
20307768,
18830369,
21343824,
21158944,
19995894,
19192755,
17337844,
20488201,
17640729,
16512498,
20739458,
18823850,
18602460,
21238864,
21081798,
19899611,
20008313,
19958367,
19942761,
18557968,
21278944,
21040267,
19755948,
21104488,
19650941,
18187005,
20902380,
20892065,
20914874,
19658720,
18649040,
17627325,
20420700,
17562821,
20177627,
21298260,
20237635,
20237791,
19274139,
19601096,
16717679,
15731555,
21259323,
21122025,
19935558,
19911321,
18685242,
16834789,
21181708,
20110621,
20073034,
20121517,
19030708,
17221969,
17460443,
20306373,
19130812,
17633162,
20418680,
17653771,
20376008,
19436911,
17525054,
20744747,
18689439,
20029779,
21269728,
20191663,
21069306,
20196723,
18956373,
16998415,
19902306,
21424423,
20337104,
21416971,
20193825,
18875019,
20057090,
20396904,
20553821,
21871913,
21468686,
21281586,
21550710,
21534876,
21549231,
21287798,
21297215,
21277724,
21101618,
21073898,
20872667,
19784556,
18324119,
21223302,
21205507,
21285785,
21261398,
21203929,
20252452,
18974814,
18346590,
16272856,
19054511,
21628682,
20629610,
21269809,
18983251,
19177836,
17596154,
20732421,
18515089,
20210844,
20320151,
19167803,
19490921,
17594837,
15321645,
15931313,
21195370,
21093206,
20254534,
20304523,
21226972,
20476284,
19019474,
20433679,
20309813,
21196155,
18953016,
17467253,
17956037,
18763254,
18489900,
21359034,
21143275,
21046590,
20787158,
20666516,
20527970,
20415787,
20307084,
20141529,
18838026,
21570821,
20232791,
19007765,
19220512,
19074985,
18435496,
19708779,
18282495,
20933095,
20583538,
19545712,
18153861,
20827975,
20629038,
20591744,
20467237,
20373108,
18973973,
17454449,
17864208,
16698298,
16718919,
14645189,
19086702,
16868177,
18686102,
21419041,
20116006,
18706622,
21392139,
20080578,
21159576,
20217186,
19198487,
17550260,
20985227,
20082661,
19213785,
17308511,
15555424,
14929075,
21022350,
21117047,
21200337,
21075217,
21147031,
21028292,
21004405,
21037253,
21029863,
20996754,
21073462,
21026100,
21161874,
20966910,
19782172,
18838506,
17583163,
20966675,
20700969,
22067122,
21553618,
21435550,
21296160,
20168088,
19188390,
17585992,
16424332,
17880522,
20425080,
19323713,
17599554,
16409203,
17963174,
16086250,
16297825,
17878087,
18660413,
18704660,
21616258,
21435281,
21272664,
21310676,
21283381,
21226152,
21209691,
21150022,
19961095,
18907377,
17450645,
20773596,
20391380,
17373430,
21863221,
19215175,
20525188,
19131361,
19251458,
17656900,
19549535,
20776488,
20844483,
20812263,
20775430,
20711840,
20785320,
20715545,
20776068,
20749438,
20622407,
20656141,
20553569,
20652407,
20508824,
19422659,
18600733,
17907650,
19258155,
17648211,
20506679,
19589800,
19962157,
18967055,
17244636,
17859471,
18635860,
18532828,
21462289,
21458897,
21155562,
21125877,
21162059,
20171670,
19166776,
17316371,
18838886,
20375216,
21511947,
19129916,
17682583,
18176054,
17134431,
18219596,
18818462,
18698383,
21542956,
21533797,
20459120,
20457578,
19097726,
20515761,
19351811,
20481191,
19307374,
17349821,
20792000,
19264414,
18439027,
19863865,
21355133,
20420955,
21426156,
20294429,
18802779,
20227190,
17402029,
17833351,
17126029,
14093024,
18323914,
21220530,
21320926,
21321271,
21150448,
21001478,
19775362,
18686594,
16964757,
16238091,
21369055,
20375481,
21494242,
20313318,
18911324,
20348860,
20312652,
21279766,
20371741,
19849239,
18990648,
18365664,
15479786,
14624806,
17102341,
16342080,
21545080,
20537679,
21596962,
19277711,
19035065,
19543848,
18749550,
17930211,
20193316,
