12663019457,
40478749,
25679296,
21441200,
22454943,
19485101,
19369469,
16434046,
17799727,
15539742,
21654013,
21515923,
21168074,
21193564,
18200363,
21352849,
20881483,
22017707,
20445476,
21766005,
20839946,
21988755,
21083137,
21950903,
20625699,
19596669,
18182344,
20889430,
19447592,
22268413,
21127175,
21086665,
19675736,
22411306,
21137208,
20969665,
20849898,
20765533,
20660191,
20607017,
20558243,
20555171,
20432015,
20388823,
20365364,
19320148,
17987600,
19283850,
21874468,
21537778,
20169783,
19271266,
16129240,
16367384,
21791281,
21516466,
21553255,
21574188,
21317971,
21284370,
21243792,
21109637,
21049509,
20909331,
20901819,
20681861,
19439768,
17986110,
20641550,
18678562,
18934212,
19266072,
18018628,
22195866,
19592335,
18033562,
17300874,
18273955,
19722746,
18052263,
20739640,
19698140,
17800775,
17828029,
17490596,
18172116,
22121725,
19529829,
18087935,
20644612,
21043298,
21911938,
21473355,
19483037,
17448146,
20462800,
21456894,
20696441,
21666208,
20876146,
21771832,
20518936,
19224765,
19466803,
18458480,
19173953,
18838287,
21740462,
21434111,
21246331,
21136236,
20795447,
18245179,
17869264,
20839784,
18001719,
19666685,
21013262,
19551762,
19695932,
18220789,
20899687,
19415872,
21903191,
21062404,
22050129,
20799449,
18620384,
17728502,
19134109,
18929280,
21734603,
21600989,
21426124,
21388724,
21076925,
20879326,
20908727,
19652256,
19168731,
20439792,
20392472,
20648707,
21575553,
20399778,
19372052,
19606749,
18096965,
17425733,
25186917,
28163306,
21879165,
21703779,
21403420,
21291401,
21178724,
20730973,
19680513,
19384046,
17799189,
20644408,
20942427,
21677186,
20408646,
19300242,
17949747,
21023546,
20524823,
21698932,
19081777,
17608050,
21605966,
21581276,
21297955,
21030754,
20847833,
20598468,
20288296,
17436985,
19290778,
19554185,
17970833,
18216311,
19043692,
18976941,
21538046,
21502314,
21424491,
21147258,
21147683,
21001532,
20583800,
19014537,
17613453,
20721210,
21704020,
20311965,
19344230,
17757916,
20680758,
19143038,
21992174,
20325864,
21542100,
20599038,
21593922,
20422025,
20573922,
21873948,
21112557,
19138678,
17147223,
16958008,
21328035,
21206721,
20831135,
20763647,
20457008,
19097961,
20629538,
20608597,
21613126,
21107405,
18059647,
16185063,
15211121,
15533906,
15693757,
15892601,
21503891,
21126964,
21128206,
20858013,
20547046,
19301894,
17765249,
19254046,
17704630,
15839954,
16233182,
21351203,
21084514,
21079475,
20766894,
20576495,
20453935,
17627780,
20771958,
18380683,
20992296,
20290904,
21399511,
20130315,
18049042,
19027448,
19026096,
21446310,
21375942,
21193725,
21165836,
21071066,
20966176,
20813411,
20667480,
20497502,
18101265,
16855830,
17840895,
21964214,
19221742,
17775612,
20465672,
18936119,
21618736,
20277503,
18952721,
21562294,
21392918,
21311803,
21292438,
20679046,
17797136,
20632331,
19411060,
17732239,
20351069,
17810194,
16319415,
17311784,
20290764,
21633779,
20360247,
21444727,
20172150,
18870454,
20323347,
18779673,
21462382,
21172333,
21004443,
20591103,
20483543,
19086726,
17673316,
18798581,
16981526,
21605124,
21404625,
21278699,
21020729,
20884638,
20794054,
21032720,
20698363,
20595300,
19402147,
19093634,
20805779,
18798632,
21432243,
21310229,
21232432,
21102841,
21080347,
20975644,
21048865,
21007277,
20548846,
20572687,
19310364,
17751701,
19433283,
19473955,
17836748,
18853328,
16251851,
19035487,
16568992,
19604369,
17823366,
16621889,
19336650,
17198823,
14121565,
17500506,
17112003,
18178434,
21122285,
19297700,
16002987,
16031769,
21447319,
21209335,
21108143,
20925490,
20969945,
20868025,
20727244,
20688889,
19436751,
17734097,
20613705,
20673258,
22358230,
20822200,
21584778,
19270437,
17626690,
17049692,
18033749,
21877195,
19526112,
17757605,
19450496,
17287400,
14102031,
15624044,
17172228,
14892293,
16125397,
16287986,
21539235,
21543464,
21440072,
21251662,
21048414,
20870481,
20673680,
20631553,
19380549,
17577287,
20388728,
19142083,
20507719,
20747533,
20444373,
19287391,
17603959,
20489250,
20267388,
20519758,
20574894,
20620391,
19537963,
19154209,
20501904,
19272837,
17455577,
16424283,
16593033,
17967664,
18851230,
16863314,
21272627,
20034364,
20053745,
20055019,
20109977,
20027090,
20195235,
21442739,
20331583,
21485737,
20407689,
20409856,
20405859,
20577342,
20542604,
20707027,
21951744,
21289995,
21094369,
20033432,
19969794,
20093577,
21418244,
20223126,
21345481,
20294234,
21371267,
20260523,
18871986,
16782110,
20068810,
20238208,
21631390,
20470205,
21470951,
20351560,
19189055,
17671504,
17900774,
20330874,
19016197,
19321933,
17723246,
17255855,
18944461,
15999117,
12661803,
17928569,
19207625,
16557525,
17973093,
19296609,
17691390,
20438101,
20307068,
20129330,
21546400,
20224319,
21341434,
20325224,
21397045,
21270404,
21237498,
20950384,
19686968,
19786554,
21121989,
20138815,
21321920,
20122443,
21547725,
20850638,
20789261,
20673471,
20546963,
19308563,
17453726,
20597551,
19095286,
20583059,
19244713,
17300806,
16515540,
20317795,
20402584,
18392540,
18708530,
17479073,
21241639,
20105984,
18457737,
21242016,
20332276,
20850677,
20759382,
19500081,
20367741,
19363953,
16515501,
18048674,
19335430,
17534346,
20307140,
19041410,
19550715,
16463205,
15871195,
20817328,
19728828,
18238130,
19738953,
19097631,
19048712,
18534694,
16447286,
20110613,
20420938,
20981293,
19854304,
18465207,
21312966,
21266157,
18486618,
20801821,
19813212,
17205011,
21183346,
20206787,
18647172,
21333917,
21214546,
19992367,
21018956,
20060130,
18544674,
21289810,
20373691,
21223633,
20238078,
17582810,
20703956,
18633186,
20287362,
21644126,
21194224,
18674610,
21400548,
20342642,
19006247,
19347866,
17680686,
17995802,
19322196,
17569598,
20296480,
17704959,
20807789,
20404967,
21380127,
20254480,
18855692,
17043644,
21417317,
21189852,
18442321,
19837688,
18638575,
21293950,
20102420,
18900462,
19249198,
18928327,
19379374,
17745292,
17891919,
20543495,
20446143,
20503380,
21732525,
20016838,
19127722,
19481440,
19114475,
19502006,
19094391,
19479690,
19023251,
19365753,
19012105,
19246238,
17670289,
19201776,
16033531,
16221036,
21180241,
19857374,
20083201,
21221895,
20036177,
20012316,
21275206,
20071789,
21176359,
18886710,
17665774,
21258455,
18798499,
17325218,
21637639,
21304272,
20130782,
19024781,
18236230,
16881666,
21163054,
20141919,
21263200,
20490430,
21408362,
20050918,
19131526,
17288651,
20272530,
21484465,
20666853,
19630397,
23532435,
15380518,
20378765,
20220371,
20412423,
21544051,
21325521,
20217964,
18892037,
21579580,
20559021,
19449885,
18654424,
15743402,
17006152,
13996551,
16438811,
15276253,
15945021,
21517230,
21292775,
21239891,
21186492,
21254196,
21209801,
21033359,
19804700,
20004673,
21213813,
20246419,
21482984,
20550584,
21428289,
19094856,
18973339,
17716858,
19124507,
17777972,
20491461,
20575570,
21642839,
21214825,
19118879,
19395361,
19297705,
19570025,
17098903,
18658053,
21268962,
19888299,
20035487,
20281435,
18190225,
19650143,
18162825,
20898203,
20804834,
20525538,
17782928,
15251713,
17918550,
19450809,
17786518,
20723394,
19617420,
19310592,
20416813,
20378101,
20281775,
20381053,
20313152,
20327878,
21338564,
20056793,
18893555,
17063600,
20100382,
21283476,
20017131,
19914690,
20003546,
19868603,
20081551,
21403923,
20151407,
21427969,
20371524,
21640157,
20122416,
18794812,
17371822,
21333722,
19114150,
18961690,
18632820,
16423792,
21397705,
21265977,
21181485,
21027304,
20896572,
20751876,
20809314,
20503247,
20455686,
19405677,
18958696,
16661006,
17846172,
20468886,
18989310,
19294327,
17702707,
17929134,
20423425,
19255460,
19462694,
19207568,
19514654,
17721148,
18102279,
18891985,
18681524,
21217194,
20122355,
20104617,
20423757,
21372649,
20386052,
20206677,
21349447,
20153165,
20299156,
20406846,
20393597,
20379033,
20657600,
21406710,
19121836,
18299166,
18899144,
17659630,
21922527,
19722746,
19939988,
18674661,
21364763,
21363755,
18405221,
21002433,
19982655,
18578801,
21233129,
20128517,
20382075,
21678159,
20500490,
20816573,
20007706,
19185912,
19199777,
18518358,
18763649,
16826782,
13788821,
17125922,
16645757,
21426286,
21454179,
21228992,
21075750,
19772255,
19985750,
21358605,
20387087,
21433568,
21140713,
19549920,
16315773,
20272633,
20352905,
17481382,
20508001,
21643718,
20318354,
19026236,
17718346,
20341656,
20532925,
21666847,
20348058,
19115359,
19382509,
19292005,
19536378,
16397792,
18092702,
18863134,
18557476,
21394199,
21274909,
21135866,
19969207,
18951601,
19284966,
18991171,
19392345,
19156967,
19478623,
19188077,
17668799,
20962390,
20429864,
21583978,
20391187,
19178455,
19535355,
19219033,
20475752,
19059476,
21659023,
20521681,
19522160,
19797080,
16733255,
18088978,
19368143,
17811390,
20700301,
19382949,
21701474,
19195377,
17838653,
19222987,
17777557,
18141112,
18818540,
18703651,
21116817,
20052883,
21281459,
20202327,
21464165,
21332518,
21259492,
21150196,
20009446,
19106355,
19469168,
17610723,
20788567,
18695873,
20171410,
21307042,
20581059,
21294003,
19116002,
18955608,
17032428,
21576313,
21155904,
19698270,
19869703,
17924302,
19312741,
17622930,
20542596,
20178097,
21688498,
20272891,
20466304,
19254576,
21823778,
21664667,
21228422,
21054241,
19727110,
19973011,
21198471,
21066826,
20919028,
20579807,
18698853,
21325915,
21180693,
20013243,
21276764,
21014597,
19898839,
18350013,
21129567,
20979939,
20796592,
19528862,
18590256,
19085969,
19100156,
19463973,
18903210,
17336045,
20164068,
21323141,
20267529,
21282146,
21263098,
19923897,
20134152,
21273969,
20227961,
21190795,
18858930,
17644233,
21655890,
21684856,
20160796,
21424839,
20254994,
21402028,
20320607,
21648923,
20546344,
21438492,
19129781,
17656985,
20246272,
19088352,
18767271,
17422073,
21595344,
21396978,
21130532,
19900536,
18580971,
21093447,
20210175,
21280003,
20299966,
21344657,
19838930,
18875144,
19223040,
18879466,
16883726,
17837883,
21370702,
18892093,
17447639,
17681566,
20094588,
18973002,
17619365,
20268898,
20492585,
21219292,
18894840,
17571568,
20151876,
20320595,
21302122,
19843647,
18908132,
19149023,
17758383,
20221841,
19005504,
17668247,
20174224,
18827190,
21393207,
20286310,
20370160,
21306767,
20125103,
20255851,
21442772,
20337655,
21671141,
20187981,
19144998,
19409857,
17538923,
16139235,
17961292,
18658089,
18399149,
21031848,
19880405,
18517711,
21155702,
21029146,
20916599,
20639526,
19372010,
19478783,
20616469,
17710644,
20448441,
18792192,
17339162,
20072331,
21249735,
20026692,
21262507,
19984460,
21212063,
20015135,
21251916,
20210050,
21319843,
19965144,
18806881,
17606031,
20220239,
20188036,
21427189,
20225706,
21405563,
20312903,
21277181,
20202385,
20324317,
21142383,
19829421,
18769855,
18453972,
15909337,
21108393,
20953989,
19659682,
19826981,
20025808,
20142411,
21285842,
20193655,
21479252,
21312946,
21214126,
21076325,
19793635,
18348772,
21033763,
20853241,
19516700,
16902999,
18652379,
21167364,
19900606,
18381780,
21355711,
20890430,
20901457,
20253159,
17660598,
16370821,
20336611,
18810205,
21607263,
21590131,
19974784,
17294655,
20212774,
21438077,
20245897,
21579435,
20037783,
21284134,
20080331,
21358981,
20205678,
21656100,
20357078,
21687481,
20373914,
21356698,
20229811,
18848761,
21645869,
21277431,
20163122,
18810726,
21352946,
20225868,
18974910,
18723854,
16199854,
21265342,
19970136,
18537836,
21237734,
21067763,
20908657,
20764881,
20652444,
20408191,
19240169,
16338311,
17390516,
18775386,
17397958,
21671387,
21228342,
20125673,
18545726,
21065165,
20963923,
20998682,
20738991,
17919646,
15925045,
15839532,
20782452,
20763494,
18382248,
21031078,
19974546,
21121524,
20020203,
18742568,
21339657,
21135611,
19946580,
18577740,
21303035,
21184946,
21134226,
20994500,
20959390,
20830282,
20526533,
19178993,
17338459,
16337351,
20648195,
20656431,
19617416,
19736600,
20869671,
20967626,
20671640,
20521166,
20382353,
20071952,
18775668,
19977431,
18580656,
21015272,
20861721,
20672067,
20386610,
17354850,
18841979,
16910411,
19867409,
19714633,
19868470,
21008017,
19660067,
18664158,
17376422,
20191070,
21149645,
20027072,
18555644,
21020077,
20843746,
20546551,
19314371,
17603434,
18850475,
20101606,
21175900,
20938104,
19659595,
18498081,
16458864,
16885968,
17717151,
18990336,
18095285,
17071025,
20026682,
20900557,
19798347,
18544511,
19727255,
20039784,
21163776,
19914515,
20967192,
19639599,
18123520,
20771663,
20452557,
19401050,
18772186,
18052423,
16729751,
17359948,
20042838,
20018562,
18611015,
21105616,
20039382,
19843332,
20044961,
21155704,
20838109,
20538817,
18525158,
18572302,
17657920,
16863670,
15706926,
20937931,
19794196,
19717111,
19585342,
19802495,
20861341,
19541495,
19790141,
21119653,
20174175,
21274600,
20330887,
21453324,
21321529,
21153072,
20894542,
20730686,
20211229,
18938914,
18739323,
16996482,
21386496,
19906976,
18571574,
21214841,
21032623,
19667846,
19908408,
19906608,
19973748,
20159415,
20249664,
20501579,
20553386,
20662144,
20909874,
20671409,
20367047,
20150244,
18888133,
18674764,
17235079,
21231234,
20975375,
19797713,
19791768,
20126685,
21322908,
20192250,
21521050,
20345556,
21655972,
20540987,
21608278,
20353303,
21297366,
20094317,
19085099,
17702402,
20567427,
20418317,
20376591,
20567964,
20741273,
19692350,
18912609,
15919949,
15907945,
21366868,
21082890,
20186921,
20142082,
20184069,
19960234,
20068347,
21305750,
20390165,
21439040,
20072999,
18988408,
19001313,
17780507,
20240617,
20216354,
20324670,
21476755,
20630741,
21464401,
19032158,
19208761,
17400762,
17339889,
20287605,
21660398,
20521109,
21307083,
20148091,
20271410,
20346357,
20629103,
21580003,
18998069,
18986519,
19045327,
18938769,
18100154,
19245431,
16783147,
21673006,
19374999,
19073875,
17299048,
16266426,
21322496,
21203816,
21029936,
20808041,
20604703,
20496260,
20777291,
21621520,
19041684,
18981481,
18906617,
18803149,
18801086,
18885857,
17007231,
17822909,
18673788,
17483407,
20023345,
20030272,
21293478,
20100982,
21447765,
20257248,
21424903,
21170953,
21013014,
20817758,
20688899,
20481681,
20407498,
20174067,
20359044,
20369976,
20459695,
20458200,
20603620,
21558905,
19024819,
19001185,
19289913,
17546565,
20455558,
17381802,
20272796,
21618363,
20326975,
21592174,
20528580,
21276154,
19036468,
19008847,
19078745,
17385316,
16389976,
20614492,
18941097,
20113686,
19209768,
17532050,
20425817,
17596609,
19972306,
18954515,
17052721,
17146745,
21400748,
19789378,
16840329,
20977627,
19713387,
19696487,
19761550,
19800843,
19835128,
20021729,
21175818,
21021244,
20878327,
20661922,
19089154,
16476721,
18837266,
20271807,
21360640,
21130516,
19717606,
19623458,
19596247,
19677803,
16808938,
15650453,
17332230,
17060796,
16010003,
21264254,
19988497,
20251896,
20240262,
20398326,
21606098,
20076402,
19889407,
19999084,
20196376,
19096941,
19181042,
19084316,
19242901,
17382439,
16407493,
20271775,
20326294,
18924203,
21595867,
21344481,
21178852,
21102604,
20959290,
20790978,
20640363,
20418720,
20108899,
20225161,
20348840,
21577520,
20082236,
20221116,
21569082,
20372343,
21683104,
20562723,
21601133,
20599485,
21612468,
18991368,
18985336,
19250443,
17568724,
20448716,
17505900,
18174431,
17162851,
17580553,
20236428,
20393767,
21375194,
20044528,
17142238,
21239624,
21098381,
20094928,
21625203,
21266905,
19935629,
18537569,
21118504,
20995136,
20873027,
20632956,
20384113,
19329778,
17524704,
18384522,
17556057,
20436277,
17521544,
20148484,
20512803,
21564639,
20147044,
19217746,
17497143,
18213771,
17551112,
19494289,
16624228,
20762534,
20543084,
20324947,
19959612,
18719767,
21572989,
21362611,
21172526,
20982809,
20711766,
19248093,
17574078,
17853744,
18933964,
16611262,
18679300,
18673040,
21435238,
21252325,
21100321,
20779731,
20532022,
20447130,
18933455,
18113353,
16880838,
17597354,
20340653,
19112085,
17259230,
17539260,
17557431,
20578649,
19560469,
17628782,
21632747,
19359588,
18759609,
16806599,
21423853,
20889725,
18162490,
20765973,
19362913,
19599206,
17581963,
18739526,
16360462,
20523993,
19452447,
18443193,
21210893,
20919066,
19493252,
17627852,
17848386,
18017150,
17592172,
20661086,
17567095,
17121279,
20185574,
18243627,
19437960,
17197444,
15848508,
21219374,
21056211,
20791877,
19424166,
19393225,
18473372,
18325319,
21226440,
20842411,
20608717,
20428740,
18968694,
17549460,
17961349,
16135811,
16243492,
21132286,
19686660,
18725349,
18638153,
21225902,
19865399,
18843353,
18675273,
17054096,
21350651,
21173858,
20144396,
20190978,
19236287,
17650526,
20740581,
18712113,
21590745,
20031932,
20243670,
20351862,
19443225,
17571033,
21223995,
18990890,
17574598,
18011784,
19026006,
16636735,
21347419,
19114847,
17640266,
18972377,
17653890,
21582930,
20256547,
19106486,
17572628,
21335702,
19021786,
17602191,
17951454,
18821372,
17734247,
20216741,
20399212,
20337051,
20645162,
21279617,
19021434,
19288493,
17699449,
21595959,
19163194,
19429256,
17663429,
20478096,
17541640,
20467397,
19426631,
20542884,
18852085,
17495254,
20476334,
20540089,
20652062,
20649440,
17662152,
20366509,
18328324,
18771749,
18716722,
21164467,
19738632,
19856696,
19972126,
20241697,
21158150,
20024832,
19161769,
17638114,
20479418,
19179698,
17572978,
20604168,
20250429,
19306939,
17685883,
20704315,
17688710,
20088665,
18865707,
16965665,
20523352,
21625375,
20039844,
18073909,
16846965,
19548697,
17670764,
20176180,
20187008,
21599152,
20277860,
20256256,
20480579,
21556159,
20148561,
20338719,
21585422,
20394342,
20433137,
19350104,
21659733,
21332288,
21279666,
20864007,
20717827,
20466631,
20217577,
19994827,
18964091,
17730290,
20275545,
19048269,
18692969,
17216648,
21438863,
21237392,
20913461,
20694684,
20464640,
20111212,
20140593,
21317918,
20593988,
21578831,
20115209,
18909839,
17647266,
20391464,
17666759,
17000125,
20660451,
21691384,
20694681,
21556837,
20456187,
20344358,
18982107,
17628952,
17922347,
19243439,
17378776,
18436402,
17121879,
17599671,
18358417,
18737428,
18597106,
21314741,
20998256,
20844402,
20548009,
20503942,
20338819,
20379701,
19999604,
20089349,
18927096,
18308580,
19413159,
16940095,
14453627,
21150268,
20802809,
20629343,
20607745,
20414706,
20242583,
18833987,
18974674,
17148168,
17077065,
21246944,
21054846,
20875586,
20698232,
20487543,
20365229,
19911180,
17329683,
18918280,
17012989,
16976112,
21018084,
20920181,
20719400,
20529300,
20407556,
20145599,
20462777,
21228070,
18781494,
17313309,
16632943,
20263766,
20287296,
20468542,
21663795,
20179570,
20452456,
21371892,
20077853,
20330371,
21572229,
20095942,
19857576,
18612012,
21158024,
19506253,
19645846,
20796052,
17671059,
20170387,
18966455,
17525897,
20228811,
19105593,
17183149,
20081893,
20031247,
18730368,
21234177,
20992963,
20786932,
20619941,
20409333,
20218274,
20540400,
21171037,
19783168,
18567217,
16787782,
16657288,
16721559,
18571517,
21150582,
20927215,
20766096,
20421323,
19173951,
17623490,
17848282,
16438838,
18848488,
17989150,
16813376,
17822469,
16513778,
20502556,
20354405,
20624861,
19379926,
17557435,
20449918,
17581133,
20533335,
18931282,
17520059,
20528625,
19410559,
20707903,
19571631,
20304751,
18709638,
17486179,
17515170,
20366114,
17430788,
17928091,
16677702,
20324289,
21292567,
20072119,
20355507,
20216592,
20469805,
21594905,
21230315,
18593373,
18768646,
16381100,
21314434,
21250281,
21068966,
20738031,
20673988,
20447958,
20476436,
18898142,
17126426,
18837831,
21386944,
20107554,
18332039,
18728946,
17591292,
20308786,
19350661,
17559287,
20421266,
17539638,
17867948,
18694158,
17305681,
17564994,
20386356,
18939517,
17549380,
20108679,
20329261,
20306710,
20507872,
21499351,
19934011,
18029092,
19165568,
17051909,
17919102,
16024032,
15884994,
21162241,
20870282,
20771279,
20092993,
17584610,
17893669,
18902969,
16403318,
21322578,
19933641,
20028344,
19917730,
20086683,
19939093,
18753727,
21080048,
19669926,
19806339,
19991234,
20214244,
20181414,
20404816,
21587205,
18753932,
18731851,
21223095,
20916467,
20608622,
20390990,
20033712,
19094909,
17678719,
20354783,
18682077,
17272426,
17537705,
20301176,
18934877,
21402067,
20068115,
18815876,
21402203,
21085592,
20887239,
20473047,
19073716,
18977559,
17526187,
20271257,
18873944,
21391348,
21190979,
20833302,
20563050,
20255734,
18788179,
19045612,
17443757,
20274421,
18846054,
21597792,
21286693,
18810753,
17616140,
21643573,
20403976,
21613516,
20304863,
21616891,
20104665,
18953966,
17098871,
16026114,
21213726,
21100611,
20949041,
20824290,
20507567,
20457800,
18897737,
20194978,
18904089,
17510843,
20457570,
19082743,
21607019,
21141798,
18795369,
20393542,
21296880,
20083540,
18896949,
17531581,
21536024,
20269590,
21531562,
21228351,
21011267,
20763407,
17659959,
20221373,
19089979,
17195566,
16095175,
21162459,
20913327,
20785430,
20629781,
20279802,
18902782,
17562868,
17842230,
16413043,
18699458,
18594635,
21073728,
20807711,
20490305,
20302773,
19072717,
17574893,
21382564,
18923268,
17632697,
17914293,
16726986,
18569952,
18567027,
20979727,
20891833,
17665659,
20229418,
19416641,
17653795,
20678895,
19155307,
20491862,
18994391,
17609933,
20319304,
20395412,
20192723,
21272564,
21103614,
20975169,
20831212,
20590014,
19107865,
20359987,
17237886,
18579309,
21318017,
21161775,
21021332,
19864511,
19969686,
18604837,
21262790,
20111304,
21495151,
20446366,
21525693,
20127150,
19253198,
17637254,
20535060,
17659057,
16373128,
18592286,
18622223,
21164787,
19837550,
18326279,
20908929,
20766217,
20639080,
20376569,
19213306,
20762434,
20153856,
21521192,
20041401,
21341699,
21136451,
20119359,
21328506,
19995695,
21444278,
20250044,
21226948,
19975605,
17026766,
21226831,
19998299,
17619530,
17353943,
20130673,
21413365,
19995255,
21274689,
21147410,
20829049,
19540691,
19677052,
17749429,
16761571,
18594304,
18625234,
21205833,
21160979,
20751677,
19463343,
20512376,
17790134,
16664364,
18629258,
18449860,
20969907,
19593381,
16755947,
19830856,
18496217,
21122732,
20855796,
19633787,
20784995,
18663716,
17261590,
20127353,
21384699,
20188876,
21600961,
20279664,
21561646,
20149031,
19944757,
21234699,
19953747,
21260025,
20090005,
21338795,
21158323,
19861041,
21274429,
20058745,
21283818,
20095497,
21359559,
20165410,
21596869,
20400539,
21642112,
20463120,
21184155,
18944434,
18594770,
21306916,
21067058,
20059560,
21524812,
20240077,
21625202,
20372951,
21314336,
19020669,
17562639,
20129228,
20370417,
21588223,
20050616,
18575639,
21112771,
19791235,
18645982,
16740150,
19705949,
18266380,
20847431,
19462306,
16525645,
18711235,
18315545,
20992024,
20739170,
17829970,
19015450,
17441047,
20314705,
17559949,
18795321,
19044475,
20483618,
21015712,
18680442,
18567677,
21278977,
20962898,
18280232,
19864934,
18464244,
21035782,
19621941,
16733919,
20891238,
19508735,
16416117,
20978058,
18181736,
17521607,
20375744,
17483572,
19772057,
16943451,
21181248,
21005278,
20820063,
20567845,
20267106,
20033794,
19997447,
19995972,
21379354,
20219326,
20357114,
20399617,
20437269,
20574802,
19112977,
21357111,
20490376,
17500656,
18842679,
16970492,
15835193,
21136799,
20894363,
20637990,
20390711,
18776561,
17155272,
21572003,
21285175,
21110418,
20908767,
20789283,
20541201,
20360177,
20051955,
20058897,
20121701,
20195161,
20352015,
20275045,
20517994,
20634785,
19291358,
20768016,
20623488,
20334856,
18910274,
21504558,
20209404,
20167585,
18849531,
21390319,
21177948,
20818577,
19860796,
20061712,
20266591,
21427616,
21245335,
21204072,
20950551,
19667817,
19957949,
20119899,
21293080,
20180929,
21313352,
19879670,
19202624,
18705910,
16975844,
15907658,
21073298,
20971095,
20682262,
19343872,
19463161,
16653176,
15705822,
20853915,
19589104,
19433700,
19453257,
19963846,
18881211,
18774984,
21367323,
20374469,
21613771,
21260127,
21018001,
19800105,
19825706,
18656769,
17497388,
20198143,
21437598,
21162444,
21000263,
19710864,
18578429,
17299337,
20174684,
21148898,
20841871,
19665185,
19929562,
20874839,
19671707,
19550793,
19735105,
20910559,
20656561,
20496462,
18936753,
18923686,
18740759,
21253405,
21018382,
20764536,
20636958,
20435037,
18989211,
19003372,
18841423,
21554315,
21343604,
21217946,
21148963,
21003189,
19918252,
21513905,
21315732,
21100958,
20267196,
21620155,
21598834,
21318489,
21229563,
19960132,
18087968,
16029639,
19559069,
18206997,
20914779,
20758399,
19248038,
20553141,
18564183,
20340708,
21640456,
21400848,
21180453,
20889595,
18526913,
18526838,
21624907,
21206393,
20413723,
21465125,
20315620,
19183762,
17661562,
20585203,
20725956,
20473297,
19041390,
17375790,
20611074,
18550684,
20231203,
21660542,
20555201,
21676771,
18883618,
18643712,
21416254,
21201569,
21116365,
20925055,
19545385,
17710971,
18181809,
17045502,
19358678,
17661597,
20509029,
17686761,
20245694,
20588301,
21618778,
19186316,
19369123,
17637518,
20632878,
17572316,
20614677,
20392350,
19263222,
18357805,
22772217,
20469959,
21646126,
20456078,
19126649,
17717611,
21273217,
20090178,
19062726,
17030828,
21445358,
20444466,
21833628,
21578760,
20343788,
20444451,
19058928,
19508715,
18995715,
19604842,
19021494,
16125227,
14749905,
21060133,
19844162,
17086467,
21372408,
20361250,
21594052,
19296729,
17544190,
19216105,
17243413,
21560327,
19469373,
20854855,
19379366,
17614852,
20563903,
20393269,
20411633,
20385323,
20363394,
20407543,
19325693,
20517318,
20255259,
21722578,
19180020,
17648800,
21976468,
20523248,
21623070,
20485380,
19032085,
20534350,
19184032,
20717435,
18489748,
19967999,
21620319,
20340496,
21292285,
19029196,
17429018,
19076825,
16996541,
17245288,
21502453,
21288121,
20595806,
21804190,
19680248,
20059815,
20158841,
20390327,
19430009,
18302558,
21304404,
21168362,
20237325,
21646171,
20387817,
21560024,
21045474,
19904011,
17175356,
21642849,
20664194,
22015730,
21408535,
21326178,
21283483,
21349049,
21206025,
21224372,
21170903,
21211519,
21109208,
21017939,
21099423,
21018277,
21099518,
20978790,
20821253,
20919288,
20923641,
20985927,
20805841,
20916496,
20911797,
19678599,
21159465,
20129308,
21637784,
20611270,
21429078,
19175810,
19133709,
19065491,
19039573,
19094941,
19246124,
19160132,
17355168,
17904920,
18709768,
18579064,
21284778,
20215582,
20433257,
20438111,
20468529,
20077626,
19010554,
17545288,
21147653,
18803032,
17374785,
21395581,
19094058,
19365030,
17688287,
17568176,
16567712,
20261409,
20717989,
19171526,
20788940,
18523993,
20097657,
21641017,
20453038,
21857601,
20327080,
21642094,
21649448,
20470421,
19094574,
22050036,
19740612,
21176711,
19074050,
17265782,
17758688,
16569049,
20174400,
21588581,
20380950,
19012749,
20710288,
19480484,
22360695,
19997687,
18597023,
21533811,
21516882,
21380522,
20301478,
18935825,
19346558,
19277067,
18502179,
17358983,
19190857,
19113950,
18367356,
18839346,
17529209,
19349751,
17469593,
17652088,
17478352,
20909032,
20559909,
20764274,
18686295,
20135546,
21381632,
20740665,
21711267,
20544663,
19429298,
18542224,
19874392,
18554171,
21360590,
21196566,
19943163,
21268707,
20358387,
21572608,
20331533,
19172673,
19522434,
17635704,
18075379,
18888670,
18461226,
21320116,
21229515,
21176311,
21118178,
21147161,
20049218,
21581742,
20432521,
21248671,
18991646,
17507838,
20430005,
19116035,
18577082,
16873262,
15886776,
17165993,
17123692,
19121102,
17617825,
20561453,
17615148,
19317801,
20741981,
19368960,
20771166,
18764306,
19351484,
17595591,
20669755,
19475560,
20930393,
20747535,
18615427,
20224956,
21460431,
20358134,
19516103,
17509755,
16155802,
17090164,
18118933,
19310247,
17633946,
20311965,
20426490,
21900868,
20380366,
21263705,
19000797,
17377114,
17876237,
19256875,
17697815,
20305953,
19018164,
18602365,
16072864,
16903646,
15922258,
20818430,
19609246,
19821951,
20731328,
19810440,
17762255,
19619202,
18866310,
19020459,
19108343,
17391413,
17759231,
19322970,
17385403,
20226618,
18496737,
16037351,
18489953,
20295657,
19710107,
19143383,
17484225,
18521738,
20053765,
21327080,
19420471,
17104328,
16345355,
20751860,
19694028,
18001919,
19621345,
16722622,
15909912,
20626846,
19450305,
17663312,
19848842,
16592423,
20559613,
19339169,
17465453,
20457553,
19132501,
20346045,
19516953,
17549210,
19155737,
17565011,
20152428,
17456102,
19925186,
17498049,
16053707,
18544032,
20265576,
21532227,
19263382,
19670619,
20006051,
17047961,
16180219,
17770543,
16422395,
19265865,
20510896,
20535414,
20374023,
17378202,
15882353,
17736294,
18581302,
18244024,
19844242,
16729439,
17059193,
21464811,
20950566,
17976948,
18746475,
18311770,
21130474,
20140547,
21149698,
18814453,
17462573,
20289204,
17439925,
18592258,
20218422,
21238533,
20158063,
18378000,
20110122,
19028375,
18538875,
16388838,
19254383,
19151038,
19262275,
18691837,
17709377,
16393612,
18722459,
21613546,
20395621,
18613222,
19048429,
19080600,
17489944,
17808330,
18926361,
18414195,
21163612,
20174162,
21123324,
18845656,
17256375,
20252816,
21687568,
20103245,
20442141,
20527680,
20112367,
19383704,
16559698,
20887336,
21145150,
18376653,
21219096,
20156251,
19496141,
18932485,
17500538,
20163223,
17186568,
19309786,
19077188,
20539134,
20327047,
21090901,
19003413,
18920206,
18870617,
18111136,
18590078,
17225822,
17933424,
19535211,
17416762,
20225534,
17616425,
16145876,
17952634,
19580583,
17980575,
20631758,
20601840,
20609089,
17636952,
19702275,
16946971,
21086834,
21115825,
18388959,
20839596,
20192175,
21626819,
20001111,
21020204,
19949930,
19104221,
19165741,
18660569,
15699554,
21119759,
20213794,
18513813,
16807571,
20833377,
19738790,
16973920,
20681353,
19777874,
18201883,
20858110,
20059247,
21309757,
21204139,
18358939,
21072306,
20061329,
21126291,
21369839,
18623550,
17942518,
19332454,
17536285,
20486478,
18793367,
20287450,
21644279,
20324484,
21639317,
20223184,
21562677,
20484086,
21253911,
18893823,
18885538,
18001646,
18698146,
17100398,
19011529,
15927783,
15197359,
17440740,
15166143,
14611021,
19044075,
16540347,
21120459,
20068026,
21160259,
20052070,
17219458,
21601799,
21114060,
19766665,
17426143,
15990129,
16549512,
18886478,
18478111,
16976437,
16720356,
18896580,
15879897,
12833292,
16358842,
19891874,
20048990,
20413018,
20832209,
20860895,
20668931,
20386400,
17551275,
20191184,
17311570,
15925469,
17815624,
20428292,
17518835,
19527641,
16710879,
21048690,
18656288,
18537177,
17058981,
18164732,
18755922,
17055892,
17103521,
15940152,
18552075,
20136097,
20980332,
19983033,
18361379,
21008367,
20163448,
21045512,
20103447,
18606710,
21019035,
20248704,
21519517,
21149297,
19127259,
17152320,
21133853,
18977667,
18568312,
21003942,
20162790,
17139998,
21607654,
19851329,
17995217,
18661566,
17257490,
18040752,
19862276,
18961400,
17154075,
19937274,
20215299,
21052544,
19886547,
18143137,
20696179,
19664692,
17962061,
19619052,
16518440,
20661349,
19651395,
18363796,
21339432,
19093857,
20790792,
21031121,
20114641,
21042894,
21154090,
19096381,
19727766,
19996384,
20070546,
20330862,
17172083,
15371892,
17890249,
16814503,
17258264,
19552478,
16743368,
21159344,
20230345,
18623446,
17227534,
20219694,
20335216,
20358713,
20595230,
19649618,
17684723,
19312254,
17408612,
19606501,
16678210,
20804966,
19823628,
18226349,
20875167,
19821063,
18374910,
21038750,
20311588,
21495086,
20255339,
21558175,
21191710,
20280490,
20503345,
19510160,
20588446,
20609592,
18365371,
21175810,
20161428,
21280238,
20106954,
19094629,
19476692,
19147043,
20366614,
19335369,
17455334,
21726213,
18778915,
19956889,
20185818,
20477416,
21293866,
19257485,
17635831,
18080059,
18643085,
17118764,
17898506,
19343822,
17605841,
20237545,
19381554,
18735461,
17404228,
18034744,
19482737,
17757031,
20753830,
18767669,
18495422,
21354163,
20426003,
21546340,
20515958,
19123472,
20475599,
19584107,
17757505,
19403563,
17475742,
20586043,
19412777,
20895212,
20663994,
21633327,
20416648,
19218818,
20568177,
19237383,
17658707,
20512884,
18949269,
21537693,
19182221,
19346186,
19191921,
19445750,
17739775,
16410268,
20830129,
17787793,
16924043,
18029822,
19377854,
17661355,
20336716,
20646847,
21789079,
21066917,
21106853,
18971634,
18262574,
17060593,
21461532,
20361247,
21356036,
20076726,
19182340,
19453096,
19536921,
20268058,
17512451,
16323799,
20493418,
18835416,
17382908,
18067389,
19465384,
17550400,
20631040,
17533891,
16735914,
17930561,
19395983,
17686235,
20342623,
20577082,
21669425,
20294861,
19348077,
18662389,
16763251,
14361212,
18650474,
21253908,
20211732,
21598189,
20375314,
19295525,
18705521,
16727014,
14972217,
17383809,
16907243,
21289548,
20211165,
20237902,
21616571,
20354490,
19357771,
17521147,
20624326,
18594233,
20076491,
21343324,
21140711,
19963709,
18361554,
21112305,
20024975,
18893978,
19177800,
19197089,
17557865,
20440019,
17556119,
16232403,
20466402,
20194008,
21584515,
20298166,
21704045,
21575983,
20366144,
18887273,
21581838,
20707753,
21608161,
19199686,
17648503,
18165185,
18779773,
17426016,
29357079,
24470597,
19299853,
18813198,
16378968,
21128561,
19965731,
18215486,
21095496,
20054870,
21082077,
20095502,
18661778,
21614204,
20484010,
21538568,
19146970,
17624520,
19267235,
19347259,
16760705,
14512476,
18723147,
16042215,
15875066,
16260968,
17218315,
17465585,
21896204,
20276000,
21502883,
20120910,
19165204,
19446622,
16646239,
14736513,
14777553,
17177716,
21300627,
21551480,
21460583,
19867496,
20960748,
19883932,
18170865,
20353687,
18623793,
16649404,
21222053,
21044998,
18559138,
21354881,
20198788,
21602304,
20533467,
21424166,
19160886,
19420026,
18638163,
18693631,
15711791,
18126575,
16071834,
18724539,
20532270,
20967555,
21050680,
20231287,
17423159,
21573131,
19173298,
17604216,
17982530,
16919443,
17990809,
21007960,
19130631,
19411102,
18727914,
16880483,
14790989,
19148828,
17483656,
16322414,
20159658,
19353931,
21110865,
19703269,
16822051,
15996522,
21006008,
20829705,
20746346,
18774471,
17397866,
19446930,
19358270,
19617563,
17340029,
14986161,
17396063,
16447121,
20092301,
19031368,
19448049,
19411821,
20916474,
20457915,
21572361,
20293612,
18750622,
21257423,
20322767,
21906276,
20224594,
18765354,
21649221,
20350355,
21780899,
20667886,
21654755,
19270241,
17336242,
16409021,
20220634,
18775141,
20523358,
18454792,
22717430,
20536627,
21117615,
20058420,
20201795,
20342638,
20598449,
20690542,
20663281,
17525157,
16308760,
18947806,
16281002,
21172814,
20086243,
18675086,
21311293,
20449868,
21966206,
19732227,
20937512,
19962552,
18326466,
21295425,
19276716,
18647387,
18471992,
16341648,
19157824,
19573876,
19239526,
20709176,
20391922,
21840325,
20147733,
20378296,
20473372,
20529215,
19687810,
16960000,
20303761,
18714212,
21602519,
20331977,
21840955,
20925376,
20135695,
20426423,
18454738,
22898793,
20578532,
19666472,
19400705,
19257822,
19967319,
18813978,
16216719,
21378876,
20562253,
17568423,
21857739,
19669309,
20153251,
18201512,
18737246,
17649593,
20546671,
19286249,
19821392,
18758736,
17079487,
21148409,
20245282,
17572776,
20215862,
18707131,
21559137,
20501950,
21498079,
20533385,
17608168,
20746947,
20513311,
21349739,
19115353,
17491346,
21369400,
19217539,
19020974,
21604386,
20510014,
19245743,
20539050,
18735296,
17655251,
20489853,
19184930,
18747875,
18777806,
15975051,
18198605,
17185147,
18691208,
16411670,
21378280,
21073287,
18466230,
20094605,
19338254,
18748287,
18647506,
21594807,
20555981,
21043590,
18161968,
17153042,
18788716,
16134050,
18891891,
16584651,
20552523,
19205516,
20673545,
17627445,
16469017,
17999354,
18750485,
18482546,
21246356,
20093735,
21603344,
20385905,
21725286,
20892837,
21924604,
20765201,
19101918,
20544859,
19443589,
20958948,
20338096,
19506230,
18896020,
16890602,
14685457,
17124467,
19154195,
19513617,
19402765,
17642546,
18050706,
18706500,
18657011,
21364385,
20396916,
21873706,
20585977,
21463054,
19061493,
17793676,
20863460,
19638079,
19944975,
17985815,
18766448,
18532300,
21288972,
20213517,
21949968,
20676075,
20295384,
19206976,
19311034,
19349358,
17717548,
19267524,
17244918,
17709087,
21583831,
19355873,
17656747,
19153677,
18806446,
18692809,
21288955,
20656674,
22063667,
20323995,
19263270,
18872584,
15886509,
18193145,
15089996,
13331025,
15740537,
14836174,
18808601,
16621361,
21556049,
21364871,
18601273,
21360538,
20432750,
21581101,
20520068,
17715981,
21543703,
19238814,
17682946,
19225107,
17557614,
16342882,
18075556,
17218793,
16535849,
16212652,
16963850,
19176573,
18719527,
18565680,
21420537,
20454245,
21343896,
20204969,
17523824,
21633720,
20319865,
19370455,
18663348,
17804610,
19191067,
16165465,
17686023,
15707991,
17103935,
21323894,
21234913,
18579009,
21275153,
20368706,
20630863,
20708938,
19933628,
17803567,
16646047,
20571155,
18541249,
18736521,
21622905,
20250845,
22061060,
20578522,
21635994,
19326607,
17657977,
20440146,
19161121,
19676782,
19382748,
20696887,
20825360,
20897567,
18791317,
15879502,
21585938,
20235877,
18837584,
21440671,
20664281,
21693708,
20655741,
19382594,
17240946,
21372810,
19127476,
18709073,
21608838,
20346098,
21585855,
20448558,
19024971,
20731991,
20788590,
20742370,
18744232,
16963975,
21203887,
21131779,
20792019,
20086281,
18767631,
17592489,
20310837,
19072601,
17204031,
21249935,
20156244,
18632511,
21272966,
20398504,
21281841,
20175772,
18701721,
21604064,
20153396,
21607796,
21309869,
18635387,
21420309,
19353588,
18854897,
21598677,
19132868,
17510513,
19204161,
16306990,
13254385,
14886067,
21345990,
21289101,
20300433,
21560399,
20347880,
20636950,
21513960,
20322277,
18390425,
20209713,
20631748,
19192545,
20711565,
19239466,
17402602,
20435576,
21647468,
19802128,
18047388,
18817910,
18531060,
21241181,
20148416,
19183700,
17438995,
21581710,
19253713,
18418377,
17640193,
16397156,
18870672,
16799884,
21188935,
19966536,
18455297,
19880677,
18264996,
18698846,
17342342,
18022425,
18388947,
17093206,
19003232,
17318847,
17707744,
19301839,
17424141,
19617124,
16618289,
21188929,
20843451,
19685455,
18377990,
20981700,
19956855,
21365673,
21208336,
18540349,
21394180,
20137687,
21370515,
20129703,
18829475,
21550527,
20706303,
20987016,
18531010,
17449384,
18782300,
18396244,
20986106,
19847404,
18293323,
19906567,
17700942,
15359657,
17476728,
18152411,
19755671,
18092960,
20857792,
18812528,
20395037,
21611113,
21243734,
19017631,
17211396,
20318620,
21601309,
21556140,
20316722,
21624473,
20607459,
21653386,
19390736,
19361821,
17290885,
21995023,
19581803,
19797138,
17281326,
16708107,
21120557,
21323147,
18709858,
21212161,
20405029,
21273048,
20197365,
17338782,
21592697,
19295780,
19756041,
17871443,
16148233,
16302041,
18820680,
17105390,
21468768,
20450591,
18709740,
18219267,
19884185,
16936670,
15054576,
20974289,
20069829,
18482471,
21527499,
20248532,
21245211,
20274800,
19158822,
19310789,
18580447,
15759395,
20850638,
19931619,
18270650,
20075462,
18110079,
19660298,
17889754,
20787392,
18743822,
20237553,
21202082,
21510303,
18886575,
19145555,
19188935,
19222520,
17431858,
19692792,
18803186,
17666334,
21331715,
19350273,
19005809,
17165483,
21163514,
20268238,
18470771,
21295950,
20212475,
21281779,
20270863,
18527790,
21815774,
20551386,
21418117,
19226771,
19460346,
19232980,
17349689,
21537712,
20081875,
19244165,
19736700,
18851275,
20430357,
21919720,
21585405,
20294366,
21384514,
20352257,
19276174,
18709477,
15721155,
18071939,
15035279,
19187752,
16306448,
13567628,
21334177,
20297266,
20380105,
20520760,
21573098,
19323475,
19522842,
19101393,
17445955,
21533811,
19352026,
17767802,
18053117,
16399049,
14669533,
18079516,
15106326,
18115833,
18796164,
17353876,
19428195,
19197094,
19544400,
19355510,
20840711,
20514798,
20930837,
20127848,
20078764,
20262561,
20431785,
20439462,
20427340,
20506317,
19564598,
20221382,
20246017,
20439673,
20500629,
20273720,
20661146,
17502461,
20546849,
17603984,
20322599,
18915018,
18696394,
16297823,
18632241,
21240460,
20288497,
21341709,
19039880,
18634950,
21287314,
20179329,
21368257,
21091984,
18576704,
21094062,
19981885,
20985542,
19892332,
18287786,
20608640,
18718404,
18304468,
19723111,
16679799,
20953437,
18625269,
17184245,
17902493,
19340845,
17669624,
20525828,
18812628,
18704096,
16311870,
20247367,
19030630,
16929479,
21540443,
19791633,
17427673,
20224171,
21261988,
20036566,
17491301,
17392996,
19301367,
16349977,
15164633,
22168842,
18096277,
