12660114184,
39916824,
25065218,
22445557,
21759963,
20286480,
20978304,
22475917,
21088522,
22497110,
21241864,
22545283,
20181338,
19832318,
19432553,
21178126,
22623164,
21197677,
22610979,
20852523,
22271868,
21135894,
22138720,
21001198,
19731258,
20280455,
21882402,
20517122,
21748514,
20735671,
20665996,
20728914,
22163245,
20907642,
22245069,
20906877,
22184659,
19226394,
19434727,
19054941,
21797825,
20409214,
19246958,
18095185,
17425001,
20674287,
19488982,
18123580,
21878749,
19486942,
19315406,
21935471,
21588332,
21324996,
21042095,
20679440,
20836160,
21749914,
20431507,
18949976,
21404652,
21097316,
20776351,
21086130,
21758233,
19233414,
17848149,
18065260,
20715717,
18666446,
18926133,
19065748,
18962550,
21432363,
21116960,
20749242,
20935292,
21627597,
20405851,
19415619,
17779069,
20917473,
20558203,
21577533,
20593354,
21651780,
21539542,
21169294,
20957703,
20549411,
21003818,
21836177,
19128721,
19027390,
21276437,
20985107,
20642240,
20881668,
21848242,
20423888,
18572055,
17312976,
19088637,
21624587,
21369243,
21049892,
20735228,
19300780,
19275147,
17926834,
20559279,
19623097,
17883725,
20695952,
17776857,
18018940,
20674901,
18050151,
17339631,
19074745,
21482333,
21184625,
20799135,
19306629,
16231447,
17850467,
20907004,
20614714,
21496206,
21291631,
21009192,
20825193,
19471320,
17999259,
17046670,
20424700,
20448608,
18580274,
18954236,
18751075,
21328960,
20992644,
20930630,
20788732,
20260928,
17532980,
19129269,
21557339,
20068977,
25496080,
25547671,
18167512,
17066523,
18908422,
21414942,
21232787,
20993348,
20681514,
20516844,
20616456,
21429197,
20155701,
17048332,
20234274,
20342975,
20754845,
21690818,
20741606,
21463300,
19070558,
17561672,
18971188,
21490174,
21188362,
20926593,
20807086,
19389911,
17565411,
16289451,
16638124,
16903774,
20558296,
21526657,
20887580,
21641756,
19207401,
18389157,
17240254,
19099743,
21724403,
21404280,
21261914,
21091884,
20779646,
19483439,
16495157,
17248850,
19220718,
18267566,
16876294,
20497209,
21447107,
20115176,
20325484,
21321575,
21191327,
21070765,
20578467,
20466509,
20663755,
21919517,
20379568,
19189945,
18031391,
17531646,
18401891,
19223212,
17706094,
18949491,
21415320,
21134901,
20825165,
20728357,
21041765,
21803500,
19397018,
19383011,
19111230,
21977964,
19229487,
17168406,
18209090,
19254235,
16980938,
20590211,
21658682,
21415147,
21270822,
20923080,
20883501,
20426690,
19236095,
17850503,
18167352,
19099193,
17481067,
18805316,
20331364,
21782212,
18908804,
17840693,
20919610,
19227927,
20396542,
19377472,
17713044,
20625397,
18714255,
20074713,
21363962,
20451778,
21569391,
18995460,
19018344,
18835788,
20626576,
21451962,
20160573,
20496199,
20513411,
20716775,
21570416,
19210457,
19128789,
17648266,
20552039,
19364643,
17708361,
20458111,
20667888,
21532176,
20485795,
19119987,
18750222,
15627345,
17213281,
15071629,
19008374,
21877131,
20738579,
17955909,
14728788,
14900686,
19135941,
16292279,
15379344,
21323298,
20162583,
18738916,
21719269,
21523734,
18806763,
21426377,
20400952,
19393741,
18709938,
16646499,
18113419,
17208275,
16321427,
21445963,
21508276,
21513010,
18621509,
21186740,
20041443,
18965052,
18732419,
16378035,
21595342,
20300000,
19263739,
19649955,
16848700,
15021453,
16321346,
19352843,
20625237,
17737544,
20361492,
18761197,
21635817,
20347180,
20781790,
19631849,
20455144,
17599344,
16589470,
19912483,
21527644,
20161955,
21828736,
20491160,
21939981,
20857245,
21655038,
19466338,
19241036,
19600672,
17836693,
20643162,
19604614,
17213865,
18903124,
21422971,
21363493,
21294995,
18753870,
21540021,
20088984,
18545271,
21211078,
20070442,
19067246,
18812561,
17336810,
21615496,
20312287,
18907674,
16568414,
21358571,
20164240,
18906906,
21594417,
20530210,
18426172,
17598730,
17904268,
20726592,
20520521,
21937298,
20346050,
20706048,
19659528,
18909736,
15952334,
14869306,
16047634,
17446534,
17051899,
19434988,
16599472,
15300906,
16035949,
16170737,
21417756,
21313063,
21271307,
21130903,
21046056,
21049335,
20956003,
20926303,
20917695,
20810081,
20634511,
20442776,
18889182,
21824943,
21434111,
20114064,
18919486,
17218367,
19745614,
19696170,
16860441,
18996883,
17832108,
21830300,
20590211,
19127141,
17739751,
20949321,
20553049,
21719004,
20408521,
19547320,
17588844,
18918344,
17656735,
20314742,
20543681,
21628650,
20305211,
19368367,
18713967,
18800584,
17388121,
21486512,
20311585,
18920753,
17740352,
20455288,
20838941,
22183569,
19936351,
21249363,
20220961,
21524389,
20540600,
21900884,
19649013,
20600640,
19426326,
17546617,
20351102,
19099029,
17758401,
17048093,
14812381,
16114659,
16478428,
21220822,
21284693,
20304936,
21720323,
20537813,
20834956,
18677113,
20221321,
21759581,
20817081,
21070536,
18292676,
17071965,
17412029,
17655160,
20705014,
19323096,
21889634,
19332414,
19168456,
19776505,
19916904,
17972218,
18546024,
18398064,
20956147,
20881726,
19601614,
19767853,
21178678,
20377489,
21597372,
20863002,
20981702,
20991451,
20795310,
20635675,
20533082,
20388972,
19033813,
18235745,
17536553,
16858957,
19968414,
18762379,
21695505,
21413312,
21230918,
21013918,
19944361,
20052074,
21175554,
20190830,
21267907,
21199594,
21075408,
20959536,
20883601,
20816178,
20593258,
20459583,
20276157,
20442376,
21637769,
20430419,
20681718,
19820584,
20118494,
21388185,
20543209,
21715406,
20857020,
21919452,
21372759,
21300855,
21197159,
21061764,
20945387,
20868827,
20678630,
20510686,
20420493,
20280624,
20403046,
21747316,
19071023,
18127438,
16229726,
16424397,
17698422,
18756247,
17591724,
17638411,
20553561,
17760944,
17478490,
17578117,
19774652,
18582169,
16253259,
21296077,
21125074,
20953823,
20746543,
19603276,
17674711,
21711568,
19689556,
21107051,
20148348,
21475878,
20414993,
21740577,
21138225,
19078595,
17648001,
20879974,
18757822,
20255892,
21686916,
20542455,
21698441,
20316350,
18843611,
19332070,
19107565,
17628955,
20788749,
18955993,
20135377,
18822847,
21313867,
20222859,
20265711,
21585552,
20569840,
21706170,
20462280,
19099621,
20488666,
20317650,
21701170,
20773531,
21522344,
19146742,
18322962,
17249863,
16880968,
18048668,
18857062,
16856222,
21417105,
21150580,
20924218,
20764881,
19503035,
17892521,
18218702,
18619465,
16824067,
21163254,
19953744,
18593733,
21221647,
21166782,
20978676,
20867927,
20719367,
20578911,
19463269,
18553816,
20155224,
21454249,
20574215,
21556254,
20363466,
19050706,
23674316,
14272066,
17507500,
19051514,
16982641,
15948463,
21186931,
21020699,
20009546,
21300965,
20281194,
21695455,
18852290,
18656639,
21673907,
21312279,
21062039,
21033513,
19630547,
18206851,
20973297,
20845668,
20667188,
20654025,
20532387,
19132589,
19077035,
17514560,
19339475,
19880592,
18784072,
21426349,
21285258,
20316108,
21470848,
20274360,
19200431,
17561726,
19797278,
16736185,
18944079,
15993317,
16183654,
21558245,
21691651,
19317636,
21129354,
21332355,
20234985,
21298340,
18993675,
19076439,
17569463,
19088704,
17211498,
16451815,
21633489,
20404392,
17330890,
14314369,
13252665,
15659736,
21300802,
21174239,
21176371,
20019848,
18555358,
21384542,
21158465,
20107797,
18538900,
21353349,
21370620,
21197147,
21154532,
19986175,
21407687,
20278827,
21663292,
20361671,
21663208,
19037813,
19261317,
19359265,
22137947,
21008705,
20908452,
20887458,
20802781,
20888163,
20740991,
20604140,
20589216,
18859325,
20370537,
18945104,
17574755,
20682652,
17574328,
20373616,
20595653,
21134408,
21075577,
20917581,
21034904,
21065913,
21052874,
21025001,
21030975,
20892493,
20827777,
20809111,
20758474,
20796082,
20587704,
20421954,
19444662,
19220157,
20926910,
21269485,
21643896,
21570742,
21459647,
21439712,
21694700,
21620287,
21648649,
21400795,
20524813,
20743346,
19538405,
17613031,
19429208,
17083281,
18627296,
21482795,
21293280,
20295586,
21675317,
20873989,
20260136,
19479095,
17333922,
17622288,
21824811,
20647243,
22011928,
20811973,
21115782,
21168501,
20991848,
20880418,
20687249,
19791349,
21201238,
19866891,
18582044,
20277867,
20414379,
19458952,
19609421,
22594311,
21242631,
20213335,
21681806,
20598533,
21543438,
19185230,
19091119,
19256453,
17654435,
19246770,
16458267,
15526259,
20418878,
21710442,
20587658,
19262190,
19714547,
17984490,
19560839,
18896247,
17511812,
21676806,
19357369,
17654980,
18031487,
18521208,
18588016,
21607836,
21588958,
21373345,
20373211,
21673011,
20509049,
20517901,
20409729,
20425520,
20543394,
19650741,
19120552,
18555346,
16749584,
15949945,
21257323,
21383223,
21183634,
18475674,
21327767,
21161677,
20131188,
21619043,
20501285,
21650498,
20552909,
19309579,
20575560,
20726399,
20395859,
20384040,
20268809,
20286407,
20279847,
20402004,
20559055,
20589411,
19403360,
17578313,
20499002,
18809811,
16495025,
20572060,
19402608,
17611238,
20379110,
20570722,
21445996,
19436635,
19249866,
18766481,
16497410,
19032573,
16063564,
13990357,
17275911,
18701893,
16030704,
21315511,
20108959,
18933429,
18711205,
17152553,
21257410,
21064976,
20915423,
20810513,
19677261,
21035723,
20936020,
20753830,
20652551,
20483566,
20324626,
20468406,
21303775,
18990773,
17461933,
18949282,
17580342,
20294014,
19158285,
17529311,
20794537,
17577453,
20244097,
19000547,
17555611,
20698553,
18537779,
20022488,
21575926,
20131520,
21661727,
20424659,
21749519,
19726616,
20739346,
18609568,
21217070,
21148257,
20946522,
20668493,
20710420,
20469032,
20235428,
20295664,
21404627,
20327592,
21373978,
21283348,
21132812,
20875891,
20683732,
20666403,
20512662,
19108135,
17514837,
17908215,
16001430,
15925334,
21161417,
20938862,
20711357,
20538265,
20364359,
20148396,
18776536,
21258277,
21062473,
20960763,
20709872,
20510242,
20328812,
20162190,
18936940,
18676393,
18623812,
21198722,
20068685,
21251356,
19913942,
20188644,
19473138,
16430074,
15312046,
16543001,
20618457,
19063246,
20351908,
19012999,
17604443,
20518791,
20563730,
20047581,
20076259,
20119953,
18212404,
17212183,
19260337,
17682583,
20391043,
20410336,
20591708,
19719885,
18915721,
18601707,
21651415,
21219512,
20181522,
17264260,
19205361,
19147458,
17614358,
18020237,
17576608,
19222617,
19531789,
19130169,
20509391,
19042357,
20408716,
19258082,
17392345,
20438294,
21686361,
19267542,
17718408,
20280173,
20657509,
21367215,
18986946,
19144455,
17200059,
18259898,
19581108,
17611540,
20421050,
20691922,
21672537,
19608536,
20831141,
19215678,
20427150,
19168389,
17677561,
20554906,
18015021,
17660007,
20291104,
20385240,
21293935,
20138728,
20438504,
21730586,
20102020,
18311820,
18666115,
18953353,
18116058,
16984929,
17477120,
16889335,
19038152,
16057497,
16091222,
21261317,
21041893,
19965762,
18613359,
21220741,
21063719,
19589818,
19743919,
20970902,
19860903,
21042454,
19982510,
20053435,
21363478,
20319794,
21612058,
20411463,
21474168,
19943474,
19073105,
19018244,
21749719,
20230285,
20329862,
21486137,
21210498,
21071503,
19989337,
20065431,
21250206,
20314667,
21455789,
19033288,
17778796,
20616680,
20284339,
21660004,
20224806,
21351669,
20405821,
21113318,
18694129,
18470969,
20974209,
20123371,
21168156,
21114517,
19664164,
19834348,
19995005,
20297478,
21687000,
20711865,
20747918,
18895680,
15927021,
16094499,
15912480,
17193204,
20083861,
20373056,
21438142,
20129950,
19132941,
17727678,
21662165,
19274204,
17679989,
18900942,
17624082,
21678794,
20334328,
21720881,
20366291,
21622468,
20537597,
21363798,
19076734,
17410248,
17755308,
18600532,
16553048,
21294333,
21086359,
20936119,
20640658,
19403575,
18502942,
19772525,
17314429,
17499593,
20475226,
20327797,
21665858,
20451601,
21657290,
20433447,
19235879,
20340732,
19340827,
18598940,
19023351,
18182501,
18614104,
17609545,
21697585,
19647883,
19955720,
18024512,
17369805,
19139746,
20451936,
18308253,
19991764,
20156531,
20542284,
21917310,
21386581,
20250574,
21433623,
20183494,
19048332,
17244204,
20216976,
21274477,
21133234,
21019959,
20111234,
21444940,
19714683,
21001720,
19973106,
21451547,
20577737,
21678019,
20355876,
20075261,
18956276,
17030945,
20119283,
21264592,
21140139,
21099069,
20969225,
20852730,
20845250,
20697913,
20650684,
19292390,
16473551,
18052046,
15859033,
18324767,
22747785,
20399641,
21844582,
20313250,
21617401,
20386572,
20282559,
21804122,
20772648,
21733565,
20584688,
19105095,
20360737,
19176236,
17608928,
19871472,
16933157,
21566012,
21211956,
21044482,
20836526,
20687297,
20487620,
20230229,
20124190,
18865054,
21442248,
21382544,
21292470,
21133584,
20816837,
20684372,
20598263,
20436419,
20279344,
19372557,
17522399,
20585099,
17572478,
20278752,
18760569,
21394123,
21276509,
21072018,
20857170,
20629894,
20554338,
20536062,
19269014,
20470594,
19335405,
17482357,
20702410,
20571167,
21594350,
19434422,
19143048,
20601185,
19001235,
20486378,
19064938,
17428850,
16413530,
17949570,
18760691,
17181892,
20234121,
18949799,
17535976,
17929917,
18714974,
16730343,
21343535,
21112967,
21244484,
20918161,
19785861,
21272572,
20146161,
21193074,
21243139,
21162621,
19904038,
18445759,
21038275,
20911584,
20804624,
20803871,
20768504,
20670523,
20611824,
20355492,
20253436,
18995331,
21591980,
20436854,
19132269,
20638970,
18955770,
20371101,
19028534,
18612682,
16336261,
16622201,
20120953,
21235241,
20275963,
21393378,
18948919,
19133259,
17346261,
16419610,
17943412,
19094671,
17557834,
20405294,
21655995,
20429057,
18826268,
18439908,
16279270,
16968774,
14003698,
13302966,
15823941,
19253510,
17243033,
18856832,
21603377,
20293909,
21532549,
20362449,
18939310,
21624403,
19879517,
21294576,
20182819,
18683057,
16785155,
21221053,
20909989,
19614573,
19862229,
18903654,
17679336,
21712269,
19451205,
20411450,
19198359,
16420650,
17757693,
20252247,
19096819,
17285668,
16345897,
16010788,
18154694,
21380239,
20421040,
21483442,
20246427,
19079717,
17332584,
20397937,
21680916,
20424509,
19169656,
17358940,
17587497,
20270818,
20589849,
21371770,
19072281,
17590202,
20254229,
20514891,
21712694,
20168320,
18766752,
19320258,
18919553,
18605815,
16092957,
21228462,
21148245,
20917551,
20807141,
20620961,
20531510,
19251323,
18979384,
20645805,
21700608,
19332057,
18934990,
20365226,
19186753,
17436525,
16464325,
19020371,
16100857,
14938787,
17567506,
20412236,
19004055,
16218167,
17544220,
20548052,
20297042,
21671230,
20248642,
21695453,
20196228,
20075574,
20376050,
21508595,
19035538,
17718041,
21594339,
19182996,
17533301,
16969223,
14647070,
21297055,
21191317,
21069693,
20854038,
19533223,
19772857,
21043048,
19883127,
21269420,
20216230,
21376155,
20444344,
21597174,
19532566,
20407464,
18660339,
16751652,
21153382,
19880817,
19011792,
17160999,
20417425,
21712508,
20327296,
19293880,
18542507,
19936156,
17366837,
16832242,
17907015,
18661644,
16847967,
21199831,
21177651,
20937660,
20649878,
20525835,
20372071,
20235505,
20212765,
20465872,
21402143,
18934670,
18091615,
16373591,
16453348,
19191807,
20496408,
17592634,
19142778,
18533175,
18571070,
21195859,
20981122,
19917885,
20143664,
21458026,
20425352,
21667574,
20378848,
19187172,
17511478,
16407218,
17909507,
16889235,
17988368,
17102756,
19678781,
20013846,
18551435,
21237521,
20072826,
20230426,
17255847,
17360993,
21613618,
21682286,
19180651,
19345417,
17656843,
19276974,
20722102,
18463037,
20190929,
21707447,
20323432,
21743920,
20873429,
20896418,
20192625,
21666502,
20429287,
21760933,
20394924,
21367977,
19239266,
19315691,
19557347,
21205046,
22744276,
20467887,
21632274,
20323292,
19052931,
19005874,
21638044,
20646449,
18997080,
20388830,
19088527,
17570937,
20606063,
18922458,
20394002,
19223975,
17324236,
20496869,
17486949,
19908448,
18671573,
17484954,
20116486,
20215332,
19261273,
17488844,
21201297,
18835919,
18567860,
21393886,
21560196,
20224931,
21852062,
20579804,
20860225,
19966819,
18029457,
17608096,
19703115,
19258427,
17605270,
20757910,
20545562,
21633608,
19313351,
19057599,
20429229,
19231697,
19081472,
21969319,
18989253,
16915911,
16971305,
21121388,
21047189,
18747225,
21694933,
20340781,
21562324,
19043209,
19167237,
19068803,
18884093,
19152570,
17522846,
19719443,
18663562,
20184809,
21730540,
20429549,
21688803,
20627376,
21366016,
19098784,
18929793,
18999470,
19210856,
17578028,
18031769,
17530111,
20743781,
18978269,
15984147,
15043204,
15914709,
15188699,
21321186,
18326271,
21223417,
21148335,
20961373,
20137726,
21734024,
20624854,
21710236,
19446999,
19059509,
20580257,
18946339,
20461055,
19279751,
19296427,
22130290,
20821247,
21179181,
21162981,
19656422,
21036538,
19987110,
21167377,
19779574,
19784826,
20151059,
21518571,
20577629,
22087810,
20814008,
17703806,
20477221,
18961023,
21684338,
21702089,
20407826,
17605571,
19883272,
16886720,
21495692,
21278878,
20471301,
21653710,
20317645,
19117450,
17469383,
16380777,
18018900,
17018679,
19154872,
16403603,
14318367,
17580570,
18618664,
21681621,
20522591,
20105409,
21280493,
21190222,
20955879,
20956981,
20708401,
19776994,
21212413,
20195058,
21551008,
20460512,
21910387,
20154761,
19017225,
17152075,
20305248,
21417124,
20715717,
21682964,
20357252,
19265874,
19849040,
21162057,
18762561,
21387359,
20150798,
18709863,
21494891,
21270651,
21178005,
21025746,
20857147,
20695358,
20561281,
19557952,
17674763,
18153026,
18855675,
17027660,
21679153,
21353313,
21259222,
19798655,
20026953,
21313444,
20182554,
21398646,
20319304,
19258785,
20644055,
19225739,
21084515,
20250231,
21288340,
20433347,
21405410,
20180607,
19194951,
20548283,
19060656,
21673410,
20620184,
20464579,
18934108,
21710054,
20531457,
18974575,
21701492,
21587017,
19368343,
20902727,
21651096,
19488992,
19298605,
17768227,
20957223,
18742348,
20143894,
21407226,
20315932,
21074758,
19695492,
20179389,
20466815,
18901872,
21248825,
20017418,
18713625,
17617232,
21720636,
20027429,
19111255,
17675736,
20140460,
16976404,
18851348,
21716046,
20417473,
21644083,
20677485,
22097400,
19854157,
20316002,
19289963,
17664917,
20759607,
18751675,
18657773,
21317157,
21232255,
21044420,
19947510,
18662728,
21520882,
21314613,
21278078,
21106228,
20810889,
20186993,
21402649,
20280867,
20502596,
17332255,
22777916,
20515514,
20643850,
19816816,
19142660,
18569980,
16361649,
18764129,
17479680,
22044691,
20345362,
21705075,
20743987,
21013697,
19170576,
16713052,
16740071,
16148094,
15113785,
20362899,
20499089,
21702560,
20485506,
19306505,
18587059,
18980324,
19217752,
17742089,
20697428,
19191628,
17518884,
20290548,
20767101,
20973258,
20852248,
20837514,
20623592,
19433560,
16384278,
15960381,
17213443,
20545079,
19144408,
17656792,
20886186,
17830095,
20480814,
18681968,
18719677,
21320821,
20261589,
20665076,
21587095,
20333304,
19362477,
19296785,
21832183,
20682750,
17921969,
16460607,
19594409,
19994527,
18433051,
21026776,
19891372,
17041634,
21647218,
20454015,
21641911,
20591433,
19505020,
20853477,
20369492,
17765495,
20034160,
16982711,
21270412,
20146851,
19244984,
20043833,
19341579,
17423201,
20340321,
20262011,
20439647,
21387819,
20433789,
19313737,
20749147,
20218514,
18012933,
19673536,
17675159,
20960168,
18912143,
17492006,
21607557,
20504157,
17485967,
21946523,
21612426,
20385680,
21824524,
20273170,
20373549,
19223900,
19559737,
19246541,
20579962,
20460535,
20556008,
20577125,
20560678,
20619334,
19936989,
16920728,
16419355,
21772604,
20882664,
21413480,
20578634,
21289326,
21574625,
18603702,
17018101,
16344545,
21703245,
19891988,
16975761,
19342570,
20648925,
18633128,
16133999,
21311034,
20372301,
20470797,
17349426,
17416526,
15986197,
17263365,
17516637,
19269757,
19544752,
17279106,
18776443,
21391171,
21255420,
20059179,
20370079,
21659485,
20619581,
21342796,
18989800,
17519109,
19152359,
19443557,
16661678,
15900895,
21452806,
20389522,
20651601,
21529741,
20492778,
19383617,
18886533,
20627064,
21698907,
20532480,
19288021,
20755177,
20313043,
21631312,
20626576,
21542710,
19212393,
19114570,
19176108,
17238344,
17355678,
21677656,
21427122,
21310232,
20165388,
20335184,
21652007,
20467499,
19353311,
19905821,
18067699,
17023448,
17929746,
18709807,
16935787,
21595065,
21434368,
21517112,
21677053,
21563211,
20579086,
19885902,
21264433,
20332382,
21683146,
19781767,
20232008,
20460313,
21731670,
20479739,
19342621,
20721324,
20618234,
20807718,
19506711,
17526776,
20661889,
20377848,
21689291,
20646105,
21553660,
19215253,
19063278,
19114559,
17376727,
16462052,
18110894,
18579956,
17386886,
19409824,
17649268,
19308844,
20685577,
18728201,
20585934,
21732169,
19368922,
19334157,
19750244,
18844351,
17616023,
20429542,
17504015,
15476920,
20364157,
20632898,
21112555,
21017834,
20054878,
18725357,
20429002,
20327077,
20492188,
20538694,
20589127,
19393408,
19304107,
20655163,
20422405,
21888340,
20652275,
21551615,
19344325,
17607323,
19317083,
16350625,
15328748,
15917487,
21556599,
20277338,
20367041,
18324617,
17255690,
18812359,
20384473,
21626062,
19592572,
19202772,
20776281,
19305851,
18691236,
17068243,
16344315,
21380646,
20180129,
18216436,
17640841,
16398406,
19298049,
18593581,
15817931,
16334231,
21536641,
20477898,
20607882,
19680008,
18938042,
18907689,
21698559,
20668175,
19233652,
20725237,
20514252,
21705449,
20464169,
19136806,
18634362,
16828080,
16185284,
20561777,
19254020,
21709197,
20650132,
18729836,
17671972,
20461543,
20382346,
21633812,
20398812,
19258812,
21020254,
18645762,
17730614,
16735693,
20236600,
21727603,
20659679,
21610943,
19470176,
17494368,
19269811,
19822679,
18326691,
20024380,
18107961,
18742058,
20510034,
21957950,
21368700,
20489460,
19415872,
20858567,
20451300,
21636980,
19247598,
19382929,
17710163,
19211303,
16455867,
15558659,
17097309,
21473320,
21375707,
21292485,
21207099,
21132736,
20875537,
20749463,
20758914,
19702709,
18584786,
18719637,
15936010,
21627863,
21384493,
21261472,
21313551,
21106678,
19970916,
18535834,
21177878,
19935851,
18952496,
18636573,
16430791,
20479496,
18722212,
16805066,
21520792,
20499838,
19498601,
19002433,
19539966,
19260132,
20734474,
19340950,
18618992,
16974949,
16339203,
21367140,
20478821,
20395485,
20609799,
20521496,
20364292,
20364104,
20662501,
21593455,
19357593,
19167826,
19677449,
18884403,
17566351,
21905910,
20540594,
21353326,
19147522,
19312992,
17567998,
20847143,
18751012,
21459056,
20221367,
20662041,
21338057,
19123162,
17821908,
20441538,
19886504,
21226068,
18477034,
20106837,
20469167,
19465371,
20650080,
18635825,
18525705,
21380254,
21359863,
21244469,
21197767,
21264789,
21255525,
21166611,
21123815,
21212823,
21184605,
21074390,
21127849,
21143154,
21159734,
21130447,
21154640,
21127979,
21004025,
20903762,
20957528,
21029340,
20864890,
20706520,
20639383,
18678522,
16356359,
21563016,
21361657,
21297328,
21250030,
21211930,
21361950,
21269609,
21197694,
21201754,
21190624,
21252168,
21219102,
21195607,
21268020,
21145693,
21225810,
21270994,
19849712,
18511276,
21129427,
21150457,
19797098,
16968754,
20145104,
17394453,
16178198,
18546371,
22770416,
20574542,
21687315,
19180895,
18317887,
17653345,
20772856,
18561783,
21657888,
20323574,
20888375,
21698495,
20350368,
19271866,
17552505,
20713115,
18655639,
21745009,
20539265,
20261096,
20609227,
21667165,
20393967,
18907019,
17651470,
21670115,
19287645,
18762569,
21674294,
19115399,
18349875,
19539231,
16982626,
18884290,
18637428,
21363238,
21214163,
21112271,
20978224,
20815678,
20647579,
20667500,
20703964,
19373992,
18949056,
19590084,
19806822,
16843519,
14824367,
21680123,
20593276,
19552519,
18715162,
19357199,
19255822,
18544881,
18941424,
15874087,
21645321,
21537559,
20598141,
19258525,
21658683,
21619125,
19143126,
18448683,
20185576,
19265269,
19170618,
18401087,
19091089,
20883518,
21604942,
20697331,
18925725,
17652105,
20386752,
20843226,
21787617,
19495978,
19385514,
20859645,
20601493,
21684006,
20458750,
19048864,
17658190,
20536649,
18748877,
16408351,
17629559,
20566097,
19432678,
20745410,
18730233,
16879414,
21142645,
19900706,
20239247,
20349633,
20700143,
21703437,
19459842,
17704646,
19427843,
20883653,
18652544,
20306518,
20513429,
19863606,
18925458,
15914677,
16183411,
21681229,
21688226,
21404442,
20690405,
21603584,
20540799,
19385914,
20004277,
20467507,
19185695,
19832913,
16771408,
17754704,
20409486,
19093019,
17576413,
20391185,
20311795,
20465367,
21670584,
19806328,
21035603,
20392550,
21693100,
19821856,
20882489,
19401623,
17753831,
20715123,
19501766,
17765667,
19945127,
17709267,
15212898,
19949143,
20082905,
20485148,
21640734,
21013750,
22056646,
19849187,
16695601,
20573004,
21700448,
20568855,
19631531,
20028197,
21563529,
20805643,
21670354,
20733731,
20371361,
21646093,
20930186,
21202730,
18580787,
17080644,
20529595,
19049607,
20442124,
19199211,
18624811,
19598107,
19987293,
18689247,
21568809,
21391671,
21295615,
21334036,
21241822,
21119917,
20043721,
20654341,
21638889,
20835599,
19491604,
20453688,
18653259,
17804922,
19444060,
17662649,
19350896,
18701233,
17251191,
21618718,
21596282,
20486556,
19888232,
21362443,
20605212,
21686560,
20723492,
19659152,
20083026,
20520041,
19473136,
19875617,
19341554,
19142765,
18255606,
18887865,
20795000,
22190234,
19936471,
17122981,
16435717,
20852073,
17939583,
16806498,
20254607,
19225870,
17688800,
20688357,
19430798,
17654115,
20688952,
17612058,
19310919,
18651171,
19216243,
19619302,
19321456,
20581026,
20899208,
21149685,
19346361,
16417955,
15624402,
17495268,
20470104,
21317236,
20437918,
18876308,
17475993,
21805540,
20670845,
21261850,
19163276,
19128729,
19171913,
19412347,
19240627,
17532058,
20575981,
17615170,
20459820,
20470752,
19352959,
17329368,
19302037,
19491674,
18981854,
17636401,
20749013,
20407204,
21621255,
20560766,
20675170,
20279695,
21675512,
20177671,
21650426,
20603053,
21335885,
19129991,
19070587,
19162364,
19379492,
19151067,
19263297,
21108455,
20682489,
17641799,
20456100,
20412361,
20569465,
20661021,
21129824,
21129126,
18988223,
18623771,
21711491,
20359549,
20290334,
20524193,
18988652,
21491604,
20549667,
18776675,
20524625,
17447775,
20651349,
20407866,
21465341,
20581171,
17535011,
20669638,
20558130,
20567497,
19011662,
17582043,
20863582,
19115252,
17550245,
20549748,
19163967,
20905297,
19105848,
17074315,
18746423,
20256526,
20660326,
21646486,
21635589,
19519027,
21181915,
19126635,
17611221,
22082341,
20881308,
21168756,
21349258,
21293593,
21250689,
20075261,
18872494,
19295528,
19133388,
17687680,
20706874,
20665454,
17812727,
20016718,
18779150,
21260277,
21212584,
21126819,
20955216,
19876383,
18833292,
17575881,
21923456,
20765726,
22189333,
21398075,
20811616,
21837656,
20576712,
19254253,
17748071,
20603428,
19400522,
16383914,
17655083,
20532040,
18672197,
21611391,
20423821,
20738760,
21549011,
19332637,
17742379,
18628481,
16391749,
21125019,
20040911,
20225376,
20537431,
19279511,
18799072,
16628698,
18048646,
18750975,
17063801,
17339161,
21589650,
20494139,
21682794,
19510253,
18180637,
18778622,
18569653,
21410760,
19964136,
18663401,
21073693,
19652076,
19817642,
19782134,
20060227,
21059044,
20034700,
21176255,
20189588,
21116449,
20109334,
18819037,
19679157,
19460198,
20554991,
18493513,
17173049,
20539555,
19287336,
21657745,
19415662,
18914911,
21886365,
20703131,
19164247,
20653776,
18586908,
20263513,
21652341,
19725522,
20102797,
18577417,
18758872,
20395412,
19267007,
18699351,
16968459,
16123023,
21657076,
21524057,
21205229,
21056984,
21045150,
19923299,
18559186,
20184957,
18890728,
19640364,
19432083,
19801403,
17481687,
17619372,
20512947,
20690102,
21360964,
19011530,
18170532,
18653959,
18891498,
20343425,
19259308,
17444470,
17413089,
17673213,
20576042,
19507300,
17620840,
20695626,
19707286,
20816941,
18851883,
16412892,
16354797,
15315083,
20532692,
20867954,
22138775,
21558785,
19474676,
17680841,
20946594,
18724022,
21375630,
20232226,
20548246,
20697291,
21110555,
19090831,
18773258,
20337859,
20528080,
19816082,
20047596,
20490340,
21627565,
20905484,
21814874,
20584994,
19349189,
20699606,
19757826,
20758135,
18697971,
18805626,
21462189,
21309024,
20050754,
20408441,
18818505,
20571280,
21674544,
19752298,
20119793,
20169667,
20506885,
19383474,
18937587,
19510978,
18818640,
18618227,
21668032,
21389101,
20141369,
20592246,
21675379,
19576705,
17574496,
20348515,
18668475,
17446589,
17350191,
17466519,
21668404,
19379329,
19134518,
17612708,
20767369,
18738550,
20402044,
18480795,
17538980,
19319191,
17434373,
17929011,
18541707,
17813725,
19364245,
19165804,
20902220,
18806794,
19466235,
17517772,
16998115,
16126172,
21254871,
20999883,
20733269,
19626587,
18324022,
18808241,
18749370,
21246491,
20009541,
20220751,
21414210,
20671348,
21928931,
20841498,
21598031,
20316428,
19231994,
20768696,
22099145,
21439547,
20205842,
18999143,
20369484,
21040140,
20963778,
20684718,
19584127,
17628284,
20747590,
19485992,
20768348,
20166357,
19494221,
17558644,
16451553,
20470972,
21675508,
20706458,
21600609,
20375431,
19179161,
20911476,
21899791,
20725404,
19341402,
17488117,
16352412,
21206170,
20322269,
19113033,
19487192,
16672795,
20779511,
22076627,
20482515,
18633043,
18907716,
17511858,
21670229,
20223946,
19116544,
20707043,
19753191,
20018145,
20285019,
20423723,
19168281,
21576873,
20387622,
18808674,
17463506,
17524466,
20453607,
20785495,
21714391,
19304587,
18860433,
18608311,
16286769,
20174310,
20501382,
21400530,
20310253,
19163481,
17578313,
20820372,
19562809,
18660943,
17318473,
21297627,
20035652,
20192244,
21535409,
20274238,
21693570,
20538012,
21597820,
20559243,
18862682,
16390802,
20737554,
19324526,
19534408,
16366318,
19341836,
19612961,
18300545,
20782828,
19470766,
18600497,
19766065,
18686154,
21173186,
20005398,
20202762,
21641359,
19790469,
20097632,
18779563,
20691109,
17463555,
19296723,
19940265,
18637380,
21513765,
21327366,
20643728,
21545658,
19208926,
17487049,
19107098,
18568533,
18524625,
21584208,
20337798,
19019458,
17382339,
20563688,
19153530,
17542758,
19631470,
19092482,
18581087,
17845977,
18337625,
17108352,
21307947,
21209813,
21232156,
21297730,
21312098,
21275837,
21219594,
21348739,
21460264,
20422128,
20408926,
19573186,
16768525,
21363674,
21308822,
21337487,
21267707,
21265577,
21385174,
21620460,
21408275,
21346903,
21239414,
21042635,
20880949,
20758080,
19590135,
17658170,
20168610,
18936765,
17527489,
21538178,
19037545,
17466833,
18002902,
16918028,
19281380,
18736278,
18604598,
21618167,
20432712,
19120319,
19747332,
20162768,
18236945,
18803058,
17084249,
16211376,
20829962,
20045989,
20608617,
18986499,
20520033,
19241441,
21015720,
18852185,
18061917,
19762666,
18760144,
20540415,
21423706,
20592226,
17517014,
17960202,
18604303,
18719272,
21418459,
20106217,
18212959,
19691848,
18329376,
21131274,
20804034,
18612244,
20202026,
21716384,
20702228,
21629312,
19236746,
17513205,
20463019,
19244533,
17575895,
20792342,
18638402,
20156221,
20363904,
20726971,
21755726,
19543695,
19072810,
19241398,
18873951,
17482179,
20621166,
20742366,
18319194,
17115857,
20202750,
19182477,
17487299,
20619469,
18556278,
21167382,
21026059,
20853136,
20686640,
20523362,
20391254,
20227261,
19824961,
19889446,
20069994,
18960716,
18217749,
20495972,
17592215,
18806014,
17512720,
20529897,
20185984,
21444500,
20649042,
21605707,
20482201,
18927868,
17478752,
20297699,
19077512,
17585483,
20368064,
20443511,
21653838,
20227839,
18982274,
17509733,
21640719,
20347331,
21520821,
21364076,
21272049,
21143173,
20848555,
19690618,
18225474,
21033226,
20859307,
20676297,
20569700,
20353740,
20208365,
20439883,
21635674,
20229081,
20341323,
21393530,
20153081,
19137860,
17481819,
21543368,
19316186,
18628721,
18678683,
21406130,
21139136,
20963901,
20898355,
20803433,
20608642,
20442358,
19223982,
19098346,
18299169,
18633040,
15631417,
15899661,
21362285,
20321017,
20730871,
21082372,
21108010,
20889663,
20848245,
20786245,
20779226,
20683252,
20675110,
20559049,
20389917,
20720739,
20922591,
20077186,
20238090,
20673288,
21614953,
20507300,
19072010,
17455626,
20571168,
18156256,
17464058,
20503664,
17572350,
20415528,
18598530,
16258291,
21317405,
22443659,
19558229,
17618591,
16581002,
16418730,
14387229,
21626045,
20351302,
19030343,
17539478,
20554644,
19322434,
17508305,
19632962,
16704365,
14597773,
21402365,
21245600,
21131169,
20901374,
20674805,
20635555,
20514001,
20437509,
20351403,
20208247,
20641158,
21612313,
20574995,
17686133,
16611201,
20355187,
21615708,
19727610,
19954227,
20414806,
20534244,
19945140,
16984562,
19186530,
18639985,
18700261,
21512983,
21306702,
21292079,
21319003,
21233222,
21177553,
21190982,
21178833,
21013352,
20901565,
20759001,
20840024,
20695386,
20620927,
20469434,
20433746,
19371167,
17519619,
20601346,
18670850,
20371708,
21615480,
19866116,
16971804,
19516677,
18965033,
18799091,
21607071,
19472578,
19169839,
17155242,
16390325,
21701114,
20323727,
18314485,
18662586,
16810918,
15936886,
21165536,
19914320,
18441082,
21313354,
21097026,
20106057,
20397734,
21302110,
20339738,
19061769,
17548598,
19770605,
17896761,
16793251,
17938643,
18739327,
18762469,
21433321,
21257678,
21059036,
19975239,
20256224,
21619975,
20761334,
22055473,
21550465,
21366245,
21231642,
21158732,
20046993,
18699078,
21368380,
20277314,
18898452,
21584018,
20624261,
19286711,
18677937,
18807598,
21437844,
20362524,
20591404,
21651678,
20439936,
19252078,
17384869,
18731534,
20276813,
21677097,
20889843,
21654553,
20623784,
19251408,
19358902,
17226590,
16120458,
18373615,
18772038,
18649124,
21192163,
21143400,
20150906,
19011909,
17674406,
20450368,
18783783,
17734045,
20385517,
20507539,
19684348,
18486978,
20334547,
21454042,
20436219,
19171466,
17674859,
19954140,
17036385,
15123412,
21347830,
20438469,
19030376,
21580561,
20675357,
20721704,
19307384,
18773643,
17470328,
21553682,
19130506,
19015439,
21932517,
21007945,
18782810,
17529686,
21436428,
19108181,
19015647,
19004750,
19153907,
19107518,
18353680,
20051153,
20752700,
17885497,
17461494,
19189167,
16386862,
15333219,
16056922,
21603764,
21381894,
21319854,
21329800,
21269708,
21314794,
20492920,
21175144,
20144624,
18967248,
17775714,
18937150,
17568564,
20748922,
19550662,
20002541,
20009368,
20304478,
20393187,
18592216,
20078406,
19009369,
17520927,
18988921,
17318063,
17735635,
17232590,
16332221,
21622980,
20600077,
21587090,
19711509,
19034165,
18627898,
18558193,
21517319,
21616552,
21517912,
21530172,
20745048,
22420892,
22127192,
20705398,
22297312,
21900084,
20528933,
21662837,
20820683,
19400166,
19945450,
18487880,
21492286,
21431606,
21376729,
20564063,
21634587,
21972901,
19818219,
21629680,
20293824,
19694920,
19777982,
19863748,
20151416,
20202043,
20527120,
21579366,
19465503,
19130447,
20739464,
19179096,
16390017,
15385681,
17566496,
20473909,
20453423,
18905822,
21780344,
20782665,
20209427,
18828844,
21807025,
21894147,
20904847,
21042650,
19900703,
20412864,
19173844,
17283326,
21910133,
20407111,
22069057,
20709128,
21169489,
19339117,
19152683,
19819047,
18742125,
20329674,
21441003,
20429782,
18874155,
21586793,
20344953,
21997464,
20397354,
21602049,
20640905,
20689354,
19353476,
18565115,
18603462,
21389293,
20370774,
18719686,
21653188,
20015150,
20525700,
20207978,
21583183,
20497248,
22167663,
20777854,
21279396,
20395322,
20539115,
19442685,
20538912,
18518538,
17481669,
20219129,
20190968,
20376303,
21617803,
20790199,
19129896,
17668604,
20535444,
19108965,
20804602,
19139030,
18795392,
17646344,
20439754,
20280942,
17334542,
14440773,
17655915,
20461892,
20633123,
20751150,
20653647,
19538558,
19278568,
19811887,
17628645,
16662383,
19008602,
18758944,
21564216,
19376967,
19224820,
20473644,
20382670,
21371952,
20405844,
19014684,
17643784,
20695331,
20855891,
20739470,
19671959,
18288741,
19907143,
18496230,
19849145,
20147552,
21623132,
20527845,
21516962,
19535121,
19352461,
20648120,
17701452,
19416897,
16427401,
15608905,
16248705,
21651796,
21536041,
20310455,
19070880,
18652884,
16843966,
14982841,
17667404,
20642292,
19526834,
17603878,
20810112,
19521632,
21178086,
21155865,
20967512,
20091813,
18316159,
17333024,
18809831,
20732449,
21822317,
20749345,
19206921,
16256167,
19042079,
21858051,
21667889,
19373079,
20434442,
17623440,
16230025,
19981128,
19190155,
17689168,
20536970,
19106768,
20820967,
19555432,
21259932,
21126544,
21031540,
20797564,
20612965,
19505836,
19206543,
20586510,
17543508,
17656635,
20805889,
18547361,
17254879,
20633348,
19405012,
20685302,
17583902,
19362488,
16371868,
16722581,
20495405,
20649054,
20003226,
20512986,
20525033,
22143370,
19986388,
17102048,
16175784,
21851794,
21543406,
20145538,
20316713,
19748737,
19950220,
20232170,
20634228,
19337232,
18832349,
16011411,
17420671,
22003228,
21268296,
20539072,
19793938,
21305054,
20571612,
20721977,
19944660,
18116000,
18602257,
18607504,
21406412,
21304502,
21235983,
21056099,
19951397,
18960478,
19422641,
16692383,
22005171,
21622181,
18716278,
16657344,
18113086,
18672378,
19004140,
22192895,
21638631,
20379421,
20724179,
21638669,
19538523,
19401800,
19933072,
20121631,
20596873,
21839243,
19605776,
19519433,
20593236,
18730754,
16359206,
21111796,
20684462,
21570824,
20639743,
19337472,
20709718,
20839584,
19579398,
18687752,
20187344,
18731127,
20398877,
20365099,
20586057,
21627562,
20614417,
19187082,
20262803,
20578534,
21636747,
19304312,
19260807,
17626619,
20526246,
20210610,
21578356,
20384223,
21881664,
20474782,
21421736,
19253507,
19470580,
19461821,
18742358,
20467535,
20572207,
19028720,
21355874,
20280247,
21692963,
20547549,
18773453,
17190404,
17301714,
20638540,
20764462,
20753552,
19478925,
18833316,
15750343,
15002655,
17452914,
20868009,
20760827,
21040190,
21076897,
19912843,
19361273,
19175845,
19854469,
18990435,
19395111,
16352850,
15565551,
16153079,
21472822,
21411847,
20007301,
20437627,
19050594,
21648258,
20747498,
19058322,
20624686,
19240506,
20564217,
19908368,
19089695,
17766525,
20400046,
19155317,
18629536,
16807553,
13806867,
14027840,
17437863,
17683919,
20444009,
18728968,
16576129,
20744447,
20717283,
21577585,
19525420,
19131966,
20528622,
19325983,
17669659,
20753880,
18774028,
20216309,
21633892,
20100411,
21567085,
20130600,
21387309,
20170979,
21419813,
20164315,
21524314,
20130213,
18610500,
21182969,
21115672,
20964600,
20122158,
21274979,
20302333,
21653893,
21322549,
21159894,
19942746,
18641390,
21349414,
20236592,
21632537,
20499432,
21610361,
20748668,
21484841,
19122887,
17633951,
20537882,
19179491,
17609350,
20763035,
19492162,
18719977,
17352734,
21360513,
21130177,
20871484,
20626784,
20372366,
18872404,
17452886,
20097657,
18891803,
20543319,
19294410,
20930813,
18016737,
19363585,
17172348,
18757749,
21585930,
20378078,
19103376,
17447926,
20568060,
18635383,
20138884,
21485456,
20567090,
21357638,
19096863,
18962550,
17467320,
20551501,
19398856,
20532250,
20397824,
19121027,
17559587,
21730973,
20365082,
21602494,
20073284,
19152250,
17507678,
20769141,
18746701,
20048986,
21385171,
20260114,
21596742,
21527082,
21175429,
21116550,
20731749,
20716679,
17935666,
17212978,
16356711,
21552502,
21340747,
21126132,
20057320,
20265966,
20486983,
21629699,
20416148,
20611797,
19628415,
20867937,
18726926,
20157815,
21363430,
20203360,
20384862,
20378231,
20358617,
20420185,
20615977,
21604056,
19367925,
18791795,
20082996,
18561626,
21175936,
20009068,
19964237,
20174560,
20479411,
20386007,
20493743,
20750728,
22027769,
21394734,
21183507,
21257365,
21007675,
19979383,
18891998,
17713859,
20388780,
19667145,
19949308,
20042172,
21273159,
20427415,
21563002,
20331569,
20769341,
21583443,
20409524,
19144310,
17578828,
20394524,
20653797,
21965134,
21204659,
21029651,
20919446,
20622074,
19358838,
19191190,
19521962,
19339725,
20383405,
20537128,
21600754,
20174230,
19230519,
17568658,
19730215,
16743980,
20101879,
16953791,
17412562,
18791637,
21406898,
20167073,
20262999,
19348584,
17634417,
17506575,
16386855,
20915316,
20491838,
21623110,
20421143,
19126612,
17621258,
20388702,
19131816,
17556604,
20427592,
20422410,
20348800,
20717812,
21635604,
20257711,
19039017,
17289935,
20180846,
21300544,
20177140,
17563404,
20467549,
20370064,
19294232,
17525317,
20565748,
17604934,
18102410,
17003377,
17546975,
18738584,
21370270,
21111606,
20271340,
20408743,
20431699,
20344068,
20376319,
20316617,
20475464,
21695542,
20298476,
20517130,
19448670,
