12643715441,
33872621,
20855611,
19467353,
21496961,
20008958,
18015888,
20883236,
19340295,
19480952,
18344502,
16304320,
16198267,
20900015,
21584479,
18263419,
20728599,
18926120,
22057835,
20524688,
17468271,
16504213,
21844985,
21713588,
21457672,
21253996,
20121848,
18393972,
17679083,
15651639,
13670346,
18067232,
19825273,
16624004,
15812669,
21604287,
20348262,
18170393,
21106720,
18209637,
20853843,
19238281,
21831918,
20641448,
19537081,
19390229,
16743228,
21900265,
20701984,
20711275,
20630063,
20716565,
20608415,
19115290,
21967471,
21797308,
20453358,
21580266,
20484006,
18812946,
21234237,
20129670,
18363014,
21388176,
20917007,
22427065,
21028525,
21834969,
20771328,
19380696,
17614641,
16793132,
21949444,
21833181,
21708199,
20401542,
20607622,
18639320,
17910763,
14847261,
16776000,
18434582,
19343392,
17426958,
21930491,
21675974,
20581992,
22103472,
20879131,
22158963,
20171839,
19435718,
18066532,
22426092,
20765249,
20989749,
19417662,
22262953,
19842167,
21131162,
19557414,
17870403,
22115371,
20770651,
20869077,
21853478,
20618669,
19041652,
21749026,
20631948,
21591709,
20539535,
18786367,
21200586,
20111318,
18088625,
20817318,
19135566,
20590508,
20774544,
21822896,
20732894,
19014055,
21729200,
21541111,
20399363,
17736021,
22027407,
21856094,
20732413,
22130463,
20959191,
22260871,
20009466,
20852498,
19040028,
17228869,
21566719,
20366321,
19118042,
21953133,
21690285,
20454051,
18905760,
21576460,
21462591,
21498753,
21116143,
18858250,
26760213,
25606327,
22055170,
21768097,
20680524,
21510078,
20446921,
18793269,
20327399,
18421408,
19023779,
18901005,
21572343,
20328807,
21504351,
20363867,
18484633,
19827598,
17834090,
20900627,
17903188,
16666783,
19413830,
19645221,
19407212,
19726348,
19349069,
19796043,
19508966,
19804510,
19427590,
19706304,
19624074,
21220660,
21538304,
21307672,
20105964,
16964454,
20220743,
17696879,
16418955,
21710936,
21820072,
20171477,
18970845,
21819931,
21593942,
21512946,
20389460,
21721078,
20615012,
21684926,
20526813,
19260950,
17262970,
21394128,
20283056,
18802729,
21386722,
20302276,
20466231,
21605416,
20636687,
21963200,
18958458,
17730492,
18207487,
17276494,
19335829,
16189725,
19698505,
17875080,
18320342,
19711446,
18067250,
20697314,
20893678,
21635797,
20571492,
20636253,
19431921,
17548262,
16269038,
18809473,
20062679,
19277724,
18032799,
21899726,
19319218,
17801445,
18279066,
18860742,
18584577,
21378889,
20915602,
17963324,
20859940,
20450136,
21759638,
20478931,
21321901,
20405039,
17011917,
21192942,
19989510,
18444130,
20735011,
18817188,
16394443,
18015665,
21034744,
17985228,
18231830,
20376698,
18798195,
21536013,
20463680,
21606896,
20523573,
17788836,
16598341,
18026310,
19459453,
17911640,
20614127,
19250501,
19542291,
19383554,
20907025,
21141993,
20182827,
20281589,
21519229,
20404776,
21532964,
20249000,
18751229,
21441116,
21169249,
19867401,
18307798,
20524615,
18107631,
16624646,
20870342,
20853903,
18904961,
19189192,
19045063,
21526049,
20383997,
21542053,
20282082,
21521189,
20245904,
20543257,
21594590,
20454633,
19289568,
19679404,
17998101,
18200028,
19094444,
17071416,
20977874,
19740512,
17792690,
20793645,
19391921,
19631252,
19397603,
19633359,
17630174,
18032362,
19386414,
16971840,
19021314,
16949217,
14900995,
19288413,
17940926,
16525962,
17386635,
21513695,
20498217,
17523171,
21570208,
20477999,
21758056,
20536307,
21797998,
20061384,
18176902,
17192972,
18215946,
19792398,
17836152,
21103986,
18973365,
17610943,
20393315,
20355900,
20499834,
21847694,
20470814,
21808007,
20380807,
21869520,
20316965,
21674849,
20505027,
21453775,
20267821,
18827864,
20354130,
20508215,
21425566,
20252036,
17074719,
21134240,
20228658,
18582411,
21323526,
20311920,
21374610,
19136483,
18781708,
21331279,
20117729,
20026454,
20188744,
20214387,
19229055,
17378057,
22025266,
19083160,
15925663,
19319662,
16319256,
15029290,
21193767,
20169582,
18485623,
20612587,
18885478,
16532280,
20448216,
17664752,
16313607,
18528219,
21345052,
18892100,
17909243,
22161776,
20388260,
21271039,
20214855,
18643438,
21659930,
20312010,
21554497,
20254179,
18683055,
21467114,
20512889,
21454989,
20630580,
17674486,
20614760,
17620220,
16571189,
20286982,
17735942,
16533977,
18662189,
15548740,
16939896,
17131741,
21096124,
19754371,
17937418,
20401617,
19493279,
17614785,
20630848,
17627142,
20817695,
18329116,
20782943,
19955789,
18239725,
20992570,
20921308,
18048333,
16898210,
20042427,
20321904,
21317051,
20382995,
18678142,
21456289,
21430101,
20108876,
18767886,
16106434,
21272561,
21341100,
19456141,
18905144,
17798395,
21613871,
19220767,
19400555,
17474273,
21872038,
20150017,
20003034,
21083256,
20250426,
18507162,
21341355,
20297895,
19301842,
19754221,
19247599,
20463380,
20362277,
19315051,
19763265,
19318530,
19543253,
19196511,
19620137,
17784439,
16430119,
20765146,
17571368,
17582211,
21666026,
20455033,
21780072,
20482143,
21811742,
20417430,
21771250,
20349845,
21705862,
20593388,
21722563,
21395830,
19115029,
19491747,
17835545,
18190143,
18963135,
18667938,
21556000,
20633086,
17831395,
16603280,
19318368,
21929602,
21042352,
21169176,
20241395,
21319326,
20208680,
18987751,
19485952,
19281748,
19315549,
19714976,
19246739,
20530128,
20497212,
20501285,
20617546,
21297542,
19126884,
19135148,
17749728,
21697148,
19476502,
20588517,
19245566,
19679316,
17715131,
16402968,
17993634,
15987306,
16053850,
21278013,
21091134,
20174550,
18479081,
21067726,
20064980,
19014452,
19295443,
19323985,
19215682,
17791638,
18049535,
18848031,
18618534,
21442270,
20377003,
21463097,
20541899,
19176379,
20542416,
19371822,
18709407,
18797119,
17539583,
21628490,
20539832,
19464038,
19732463,
17291612,
20447608,
21719149,
20687891,
21704162,
20664683,
19390504,
20728107,
18971275,
17472605,
21393541,
20250682,
18225919,
18926833,
18808201,
21632474,
21748182,
21443314,
20453088,
18690421,
21414877,
21242397,
20051725,
18405231,
21172936,
20951343,
19972416,
18370864,
21129874,
20091098,
20105661,
20114388,
19083794,
17586292,
20890781,
17997077,
20008651,
17937848,
16838074,
19952979,
19026664,
17671021,
21402475,
19005910,
17707873,
17038757,
18141149,
22335293,
20182384,
21370265,
20191651,
18527353,
21014505,
19903296,
20140757,
21084640,
21186942,
18564378,
21189615,
20805634,
19722431,
18212865,
20642762,
19732235,
18254192,
20548559,
19415846,
17538021,
20538652,
18018176,
16944487,
21965652,
17772790,
21629540,
21375051,
20438389,
17563343,
21417189,
20370352,
17542148,
21627769,
21407015,
20284987,
17541865,
20597038,
18691492,
15807349,
21204854,
19928981,
20260216,
21523839,
20312048,
21734232,
20334224,
21766159,
20318709,
19354758,
17745416,
20765862,
17776169,
20296071,
20409874,
20601398,
21586700,
19359196,
18849855,
17084945,
16019065,
21288373,
20993796,
19820689,
18549326,
21161267,
21035520,
19944915,
18390587,
19813379,
18067344,
18770616,
18740720,
21359640,
21170029,
21040182,
19803073,
18361264,
21100800,
20793388,
20535883,
19141880,
19222615,
19271796,
17674404,
18066602,
18659012,
18792084,
21522342,
21495053,
21218800,
18560420,
21263627,
21007865,
20099186,
18508401,
20973567,
19945781,
18447065,
21352152,
21200302,
19838130,
18136762,
20844466,
19658840,
18156866,
20789760,
19427895,
17715456,
20333811,
17672211,
16411254,
17343794,
16420507,
20451028,
18982654,
21691835,
20219481,
19291825,
17619850,
20396627,
17431043,
20246017,
21395728,
20316575,
21529197,
20288576,
21705764,
20279900,
21516917,
20174860,
20356802,
20352785,
21681893,
20254714,
21618621,
20328461,
21691541,
20646340,
21595725,
19201399,
17807062,
20456545,
18958071,
21647826,
20716407,
19110877,
20506284,
19136278,
17300785,
20174679,
21647269,
21093829,
21542905,
20479744,
19150500,
19503703,
17689953,
18106289,
16450323,
16432416,
21516620,
21302035,
21264604,
21231466,
20164363,
18773536,
21401113,
20215637,
20482090,
21780136,
21411457,
21422481,
19954967,
18698834,
21387789,
21233419,
19962754,
18450290,
21122527,
20957719,
19777335,
18501707,
21257745,
21178408,
19983467,
18331071,
21067746,
20066494,
20117299,
21389529,
20217144,
21539541,
20498799,
21647551,
20714240,
19754611,
19030210,
16038168,
16174377,
16001789,
16394035,
20536282,
21413884,
19167489,
17602888,
20278940,
18945182,
21680274,
21604431,
21624433,
21607359,
21683670,
21481578,
21504463,
21302572,
21259691,
20006526,
18911562,
17133338,
20265746,
21545138,
20455568,
21647673,
20362919,
19140693,
17558714,
20332401,
18687219,
16910506,
21391701,
21293644,
21320443,
21229646,
21250323,
21269025,
21262496,
21221506,
21093981,
21166731,
21161571,
21061589,
21140001,
21139565,
21025531,
21111487,
20987409,
20932468,
20998343,
20910637,
20904319,
20906222,
20960021,
20981886,
20989526,
20894427,
20896413,
20878011,
19809372,
18782408,
21440647,
21323124,
21325570,
21115685,
20129032,
20484578,
21527360,
20412273,
19151692,
18905896,
20587272,
20430212,
19379296,
19071968,
17321299,
20257331,
20380320,
19656442,
16835161,
17115412,
21666514,
20504189,
19090904,
20367126,
19322028,
17480370,
19266369,
16445461,
15298359,
17969464,
22431724,
20270358,
21659550,
20794342,
21074388,
20085471,
21657845,
20723124,
22093042,
20041991,
21679032,
20691301,
21055304,
20067056,
20504960,
18523675,
15620593,
14758776,
16111852,
16408406,
18802286,
20401217,
21696892,
20981807,
20728774,
18436863,
19853076,
18436041,
21389988,
21577470,
21403765,
20296097,
21709271,
18981097,
17425570,
20320387,
21648171,
20960934,
20559923,
17523306,
19429496,
19419849,
17603433,
16423274,
18024875,
18843001,
16920231,
21529744,
21288331,
21188468,
21187610,
21133769,
20923955,
19757190,
18433194,
21013784,
19810154,
18492330,
20869497,
19852574,
20027392,
18741161,
21584593,
20382993,
19019278,
17694045,
20477411,
18631428,
18569152,
21370625,
21161544,
20213745,
21678964,
20614799,
21582026,
19117857,
19261600,
19558189,
19290925,
20554206,
19190747,
21596716,
19275649,
17595497,
18035232,
18710467,
18474268,
21196687,
20079676,
18649657,
21608226,
20356570,
19123502,
21603449,
20369818,
19087582,
19490779,
19121499,
20474459,
18399009,
20157450,
21314729,
20260758,
18860217,
21712457,
20527530,
19203529,
20370146,
19062696,
21686006,
20375868,
19202632,
19615023,
16683284,
20197505,
21640189,
20637181,
21402540,
19193294,
17607670,
20654959,
19203149,
21690910,
19187178,
17574285,
20573097,
20210597,
21640281,
20106727,
21631960,
20462683,
21557244,
19109075,
17436282,
20582014,
19153593,
20630231,
17557849,
16451036,
20790749,
19191271,
17488239,
21355069,
19040570,
17676856,
17974136,
19241734,
17532541,
20681555,
20435359,
21394673,
18959413,
19178880,
19468406,
16699118,
15291212,
15829135,
21109533,
19971658,
20254433,
21416472,
20258086,
18935411,
19439712,
19032135,
19390588,
19166065,
19408744,
19200876,
20605267,
19268114,
20469778,
19027418,
21682729,
20329277,
19185243,
19520196,
16870582,
15491669,
16929479,
13987477,
15544802,
16108461,
21444716,
21219548,
21173351,
21201288,
20909217,
20842334,
20669981,
20432990,
19287893,
17538649,
20405497,
19412632,
18566053,
16739943,
14850730,
17736570,
14969185,
17601621,
15124221,
14718327,
17531938,
16120891,
17218555,
21014574,
19990334,
18242825,
20948112,
20924155,
20692744,
20383231,
20483566,
17496406,
20680054,
17591559,
20358750,
19130852,
17618858,
20460423,
19268801,
21465941,
20223656,
19248103,
19511045,
17677289,
17888109,
18112263,
16812943,
20102260,
18044611,
18644082,
17246001,
21473868,
21137146,
18610722,
21324171,
21210791,
21179613,
18535007,
21231890,
20067444,
18501937,
21527164,
21338831,
21207723,
21116275,
19930731,
21316404,
20373833,
21499151,
20368903,
19183022,
19721386,
19050189,
16337993,
17038683,
20102300,
21481545,
20428392,
21524949,
20270356,
19001695,
20707178,
20241672,
21523694,
20213129,
19248350,
18644950,
15910337,
14993650,
21533389,
21216556,
20325207,
21415981,
20256847,
19288949,
18687619,
15693554,
14867151,
16006168,
20294573,
17515720,
16427115,
20454883,
19381282,
17586645,
20525543,
19404327,
20423563,
19399986,
17648151,
20535914,
18488702,
20118944,
21164744,
20192751,
19156156,
19575390,
19274364,
20668501,
18534057,
20265083,
20477916,
20709613,
21965327,
21424147,
21511427,
21264182,
21090584,
21087977,
21022191,
21035878,
20982309,
20844794,
19909700,
20171820,
18883396,
21606561,
20514039,
18962556,
20468261,
19012399,
20329429,
19020426,
21867974,
20607143,
21730498,
20762799,
19494677,
19572734,
17617355,
18025699,
18965104,
17679031,
22095174,
19919544,
20190258,
19092184,
19570956,
19146543,
20524751,
19047785,
20548721,
19210301,
20628251,
17681858,
17919352,
18815995,
17010595,
21475703,
20414321,
18963820,
21835693,
21233344,
18973575,
18958678,
19212071,
17661195,
18096824,
18690709,
18377283,
19902816,
18029999,
19654175,
17575898,
20428549,
19145122,
20558867,
20348695,
21124545,
18847323,
19048131,
17426219,
17863204,
18604757,
18569848,
21316739,
20479076,
21665764,
21157215,
21129579,
19882227,
21234931,
21150005,
19805978,
21223568,
19893752,
17296747,
21353948,
19257030,
18696151,
18790527,
16130927,
21680529,
21290507,
20131917,
21534933,
20315755,
21691148,
20475459,
19388818,
20433787,
17606431,
16383930,
20187486,
17570633,
16812548,
19798203,
16992425,
21070230,
20164160,
18464245,
21179566,
19970815,
20171845,
19182188,
20814690,
21417418,
19289365,
17466811,
19005766,
15980708,
16330208,
20117699,
20246149,
20224993,
20403226,
19288738,
18693888,
15822855,
16107103,
21231730,
20128305,
18995380,
19509420,
19231919,
20332291,
19074167,
20344352,
18935849,
17096711,
20068465,
21310411,
20076796,
18941991,
19383874,
18874751,
20102932,
20044521,
20120413,
21317379,
20047386,
18773463,
18647074,
18378378,
21032540,
20880949,
19580733,
18050640,
20614497,
18673637,
19976828,
21312228,
21347754,
21089096,
20817735,
19447930,
17694385,
20282693,
18806641,
16817613,
16042089,
21025574,
19861716,
18673558,
19133398,
17552867,
17867510,
18610967,
17104183,
21430968,
19727845,
17601394,
16312535,
17490709,
20327169,
19028438,
17655105,
20266683,
19227237,
19692500,
19181825,
20764254,
20289967,
21664045,
20214067,
17233952,
17238111,
21147080,
19704277,
18188906,
20570863,
17519115,
16151081,
18296066,
18650564,
17466191,
21620040,
20053290,
19967185,
19261422,
18349954,
17239418,
21204129,
21042057,
19823124,
18363009,
19787874,
17868923,
18688044,
16790207,
20682642,
18763446,
18504282,
19784433,
20100705,
21276123,
20155281,
19142638,
19506240,
17597727,
19160251,
15907638,
17486957,
21202495,
19073718,
18567340,
21140276,
20252389,
18520385,
20790377,
18620659,
18465469,
19851474,
20012271,
21225646,
20024845,
18792824,
18579401,
18120423,
20943226,
20784577,
20562300,
20399699,
19106328,
17621753,
17821684,
17557131,
17876597,
15880968,
16330826,
18918585,
16438906,
20560455,
17420946,
16172754,
18339641,
19828360,
18512141,
21083550,
20035574,
20999735,
19906106,
20093243,
21186167,
20111659,
21308152,
20074616,
20059012,
21092826,
18733806,
17551555,
21648909,
20305765,
21515052,
20108051,
21217998,
19923826,
20315615,
21327101,
20100382,
18993745,
19355573,
18935764,
16960805,
19982563,
20999993,
19706159,
19713024,
18708088,
16866614,
17734655,
20083491,
19089007,
17457209,
20518119,
17512855,
19119860,
19156967,
17577360,
17839928,
18708053,
18520608,
21184093,
21026936,
20948391,
19564354,
18315053,
20874779,
20642318,
19590952,
18181651,
20689479,
20542242,
17548800,
16277472,
18457655,
18852016,
17266205,
21540001,
20155856,
19104838,
19354691,
17575753,
16439521,
17969181,
18677102,
18645247,
21256216,
20091362,
20414085,
21796528,
20011952,
20086959,
21321663,
20583534,
21629725,
21170969,
21116010,
20907397,
19750768,
19927191,
21140893,
20262486,
21615609,
20596628,
21972826,
19995242,
21162617,
20225693,
21568602,
20661526,
21644496,
20461800,
19033588,
20362134,
19099809,
17270844,
17923337,
18729694,
16797249,
21349181,
21340984,
21107843,
19903110,
20300148,
21385874,
20612045,
21603461,
18994788,
17721145,
17949100,
20424508,
19333922,
18499672,
19944393,
18106626,
17356521,
16614288,
20396866,
21469261,
20150249,
19180982,
19557584,
18249016,
20978895,
20808081,
19586973,
19847125,
21138547,
20142276,
21388057,
20499085,
21387079,
21619911,
19360200,
19804383,
16801616,
17798373,
19073017,
17728787,
20488048,
20413686,
20659254,
21390366,
18943309,
18072344,
16187319,
15223388,
16746325,
21306229,
21264948,
19985398,
19029951,
17470260,
20648850,
20460060,
21389468,
21316643,
19158947,
20671618,
20674507,
20001743,
21117305,
20224744,
21073108,
18726015,
18947858,
17188882,
16350770,
21131031,
20996825,
20907679,
19696945,
18374206,
20828150,
20746328,
19539993,
19663602,
19736383,
19931724,
21315340,
20496763,
21405608,
21096520,
18079766,
16134984,
17256580,
21447165,
21312022,
21232946,
21220652,
19924602,
18854978,
17072263,
16115881,
21184899,
21156935,
21173782,
21196505,
21107100,
21135004,
20942349,
20905879,
21073635,
20625794,
18464617,
21140823,
21092937,
20917658,
20905944,
20734401,
20807821,
20631773,
20586129,
20497208,
20409373,
20342133,
19113378,
21622698,
20440041,
21344230,
19024462,
17438190,
18984759,
16014565,
14793359,
18962561,
15910045,
21469078,
21409550,
21299237,
21265124,
21204761,
21126983,
21087867,
21108425,
20823378,
20768516,
20578255,
20555574,
20314002,
19112517,
17787319,
18954410,
16487471,
21480936,
21119970,
18516204,
21098052,
20142315,
21433181,
20393317,
21345791,
20072894,
19136548,
19569391,
17241721,
18686885,
21665525,
21437320,
20232533,
18937515,
21396340,
20322220,
19104419,
18497275,
15539483,
14625655,
15848104,
17930791,
22266405,
20107089,
21583331,
20403435,
21287799,
21589615,
19349951,
19891964,
18184186,
18762581,
18824990,
17463611,
21647983,
19325018,
19062413,
20253409,
18872644,
21430519,
20210058,
19172701,
19226607,
16727778,
15455428,
14553421,
16963443,
14044783,
14488707,
14516230,
16786695,
13799202,
16315247,
15153175,
16815625,
15952875,
21494772,
20451230,
21724333,
19311454,
17427250,
20321234,
19085485,
21767861,
21682509,
19501635,
19747332,
17786706,
16292594,
15333247,
17817894,
18595223,
17337735,
19159302,
16003624,
16138675,
20445926,
20633433,
21273281,
18958361,
17490704,
20281469,
18997641,
21641466,
21685054,
19243866,
19874690,
16751279,
15917235,
21635714,
21528961,
21412609,
21365786,
21377034,
21307777,
21235303,
21317536,
21376170,
21289986,
21281046,
21092867,
20823020,
19910563,
21123040,
20248708,
18986779,
19214343,
17450087,
20337596,
19162149,
19555256,
17560794,
18029407,
19471740,
17591444,
20805461,
19361455,
18603172,
16772818,
15770592,
21171682,
21094771,
20814758,
19664918,
18188811,
20991541,
20699796,
19523527,
18613622,
18772696,
18150966,
18805221,
17579705,
21324943,
19106606,
17566026,
17957832,
18622776,
17466021,
17154741,
18636207,
15610480,
14722752,
16150398,
21330882,
21323901,
21247506,
20184566,
20251771,
20331001,
20411901,
20599095,
20515676,
20262519,
19222686,
17637049,
20717638,
18475984,
21654640,
21219050,
21117209,
21090142,
20860777,
19878692,
21112748,
19721076,
18449021,
21171609,
21078907,
19917077,
19986845,
20094923,
20161533,
20381107,
20411096,
19380802,
17482442,
21645508,
19038020,
18944874,
18973672,
19002845,
19016671,
17525129,
21889954,
19685995,
21148790,
18570692,
21442255,
21357691,
21419742,
21275874,
20173905,
20451943,
19434766,
17536046,
21168841,
18746065,
17538829,
22000642,
19752884,
20086470,
17154449,
15118577,
21252861,
21226582,
21113318,
20959986,
20874782,
20939477,
20803654,
20676276,
20552311,
20583834,
20293306,
17453186,
20204262,
19155376,
20830150,
21273059,
19209941,
17925839,
16764747,
19132676,
20651819,
20767467,
20870694,
20770129,
19701714,
21226237,
19296467,
19003915,
17514277,
20583903,
18804094,
16449265,
21699340,
20336019,
21635124,
21395046,
20913518,
20065197,
20343465,
18290561,
18685869,
15811329,
14985038,
20017676,
20221959,
18424579,
20166907,
20493820,
18744297,
15764725,
14912604,
16277639,
17123047,
16291611,
21664100,
21629355,
20420615,
18475839,
19908461,
17488399,
17545965,
20600815,
18622883,
17195049,
20460858,
19348471,
20083738,
18137580,
19422164,
17227072,
21649468,
20370358,
21668605,
20369896,
21658628,
20602065,
21563489,
19336757,
19149879,
17591409,
19726172,
16882661,
18026930,
19197972,
16985873,
20158348,
19142493,
17578340,
20703601,
18198065,
20937368,
19734402,
16849146,
21280168,
20763239,
20470444,
21462565,
20392611,
18930061,
20330707,
19232101,
17541997,
20721089,
17647105,
20109634,
19123144,
17066103,
20461465,
19211021,
17097370,
20329612,
18807493,
17183112,
16082436,
21348151,
21169496,
20936512,
18206917,
17078612,
16368731,
21238609,
18544864,
21279276,
21173486,
19491679,
19786789,
16775021,
15916850,
21324819,
19925716,
18978699,
17675284,
20471947,
19362578,
20292826,
19074618,
16450185,
18550488,
16578644,
14742491,
16159290,
17668114,
21656342,
19159179,
17576738,
17968879,
15976211,
19772925,
21234882,
19211483,
17584077,
19787681,
18448733,
21641459,
21431978,
21462691,
21292253,
21381726,
21243847,
21274814,
21104091,
21065516,
20964755,
21027148,
20864770,
20022004,
21513190,
20169982,
21489509,
20368824,
21039570,
18772666,
18499322,
21294420,
19945130,
20973219,
19847836,
17082394,
20894925,
19642153,
17923762,
20544476,
19289810,
19227106,
19018344,
20147134,
18924448,
17018301,
20089423,
21014759,
19668370,
16668693,
20416276,
19163861,
17345037,
19971086,
19964509,
21037568,
19720459,
16825484,
20774101,
19553870,
16560827,
20402749,
19266245,
16371245,
20157453,
18919860,
16021030,
16677459,
17176850,
17816064,
17143783,
15747605,
20871112,
18484320,
16751489,
21010405,
19542261,
19537573,
19510780,
19377449,
19457506,
20712063,
18645445,
21432718,
20125728,
21552490,
21096374,
21173961,
20466177,
17617280,
16639995,
18552966,
18484893,
21127994,
20038229,
21713752,
20347170,
21649649,
21210759,
18522115,
21422617,
21019828,
19384723,
16405643,
15078217,
16134287,
15886393,
20700121,
20615485,
20552776,
20345920,
19969249,
18894530,
17549027,
20364812,
17275434,
18048440,
16848098,
16782275,
14844581,
15336487,
21394180,
21111368,
21260739,
21060669,
19842497,
18864049,
19234622,
16282247,
21541946,
20256523,
19160557,
17211121,
20486736,
18913371,
17469810,
20295456,
17466303,
17920429,
16797479,
19028989,
15993057,
15287408,
21224378,
20979059,
20974277,
20882639,
19929992,
21252365,
20227271,
21652066,
20105130,
20315840,
21259303,
19940483,
18920781,
17529184,
20455637,
20293324,
20152931,
20588426,
21262020,
18886260,
18893555,
19043725,
17548805,
20654067,
20404379,
20359016,
20215560,
20444706,
21531362,
18898942,
18178610,
16891723,
17223260,
17555494,
20352565,
20763979,
21628085,
18902620,
18871672,
19041223,
17578073,
21531432,
20089905,
18994803,
17010327,
20185534,
21372272,
20513911,
21387101,
20220791,
18970502,
17170476,
17372077,
18075009,
15996874,
15394157,
15802475,
21185483,
21116353,
21125817,
20962976,
20835355,
20731304,
20568250,
20400444,
19296092,
18932160,
20245177,
19001227,
17086529,
20090437,
21299857,
20260372,
21564369,
19755741,
18815308,
15928746,
21186655,
21166801,
19807842,
20285566,
21311761,
20095073,
18849606,
17600051,
20425142,
19280848,
17610948,
20431329,
19093753,
17593869,
20494525,
20367744,
21293143,
21226549,
21117048,
21033155,
21113653,
20906594,
20640170,
20593728,
19362211,
19096861,
17635254,
20438007,
18731037,
17316661,
16880963,
20071599,
17315175,
17328615,
21348369,
20066152,
18457523,
21154143,
21139968,
20984497,
20832021,
20739728,
20554904,
20577869,
20363404,
20248817,
20446429,
21622685,
21135026,
19202952,
17582942,
20564123,
18568253,
16829052,
21030034,
21022827,
20847033,
20681662,
20552518,
20408481,
19103014,
17415719,
17662083,
20134290,
19051579,
19230501,
17622360,
17932694,
16116491,
16132343,
20972930,
19896624,
19870834,
19841140,
19942873,
21226620,
20177349,
21563444,
20166448,
21186559,
19979753,
20357420,
21062265,
18717007,
17412814,
21503296,
20015015,
20001969,
20231633,
21499839,
20515471,
21563947,
18999823,
19084009,
19027386,
19109397,
19136968,
19194926,
19001407,
18303993,
17361793,
16813618,
15849859,
21181681,
20932704,
19776565,
19813767,
19816005,
20007372,
21087512,
20942904,
20801164,
20580584,
20297650,
19114222,
16180691,
18247972,
16402022,
16233690,
17771369,
20085685,
17712591,
20651616,
17745576,
18187383,
19396161,
17601944,
20464750,
18985074,
20370411,
21640329,
20529230,
21506856,
20281339,
18853602,
17604926,
20373781,
20256431,
20624678,
21676594,
21048642,
20854873,
18854391,
20295182,
21522189,
20036577,
20111067,
21346139,
21230237,
21012659,
20990956,
20848501,
20787997,
20623049,
20319887,
19096932,
16398778,
17181705,
17357898,
21175105,
19937576,
19839302,
18949561,
15744114,
14737288,
18019323,
18745930,
16841403,
21091894,
20898332,
20766921,
19464996,
17773131,
20469691,
20354857,
20370238,
20435439,
20518348,
19764305,
18863882,
17015597,
20150769,
20480168,
17776337,
17911387,
15968381,
17202859,
21173226,
20918092,
20694516,
19248818,
17767980,
17946937,
18013331,
17853766,
20400434,
19244211,
17364470,
17965353,
17720468,
17390405,
20319300,
21464473,
20112907,
18737683,
21271170,
20067597,
21208904,
19975608,
18507829,
21064413,
19712695,
18362842,
20859310,
20566828,
19392100,
18823207,
20384785,
20372316,
20552209,
21649533,
20194193,
18832216,
21372618,
21129031,
19738592,
18273706,
20804273,
20678892,
20326411,
19174046,
16310090,
17712897,
17914418,
20297531,
18831481,
20153311,
20319486,
21452920,
20177397,
18838849,
21206035,
21027719,
20888601,
20602985,
19191614,
17814039,
20458000,
17536606,
18998886,
19198329,
20405451,
21632634,
21325038,
20017380,
18563017,
21081000,
20747022,
19369708,
17804990,
20128318,
19336279,
17413492,
16350625,
18546761,
16528678,
16319257,
17295737,
18605562,
21212203,
21066263,
20855153,
20825719,
20617599,
19338450,
20650074,
19193277,
20423150,
18976459,
17223760,
17370477,
21246058,
19913979,
18674198,
21132987,
21068020,
20771076,
20684407,
20434745,
19237192,
17326785,
18632580,
19858316,
20114464,
21214065,
21039348,
19651855,
17801465,
20669783,
17588464,
18975584,
18089400,
16346680,
15095051,
19041040,
21566629,
20128540,
18824012,
21340852,
20097667,
18832774,
21254601,
21149503,
21057312,
20955304,
20796070,
20535659,
19304141,
17679644,
18112788,
18872071,
16769926,
21342147,
21150677,
20947764,
20869132,
19508415,
18565386,
19917468,
17438432,
21661027,
21320483,
21204077,
21112891,
20964200,
20931392,
20653710,
20465630,
19148357,
18953308,
17786444,
20244996,
20475866,
21639702,
20697051,
21254338,
18789330,
18969177,
17663816,
20316421,
18955988,
21783559,
21622258,
20173262,
20367727,
20474031,
20766878,
21976094,
19749106,
20962023,
20872907,
20527328,
17742394,
17011344,
15881405,
21251550,
19741994,
20207758,
21384099,
20587253,
21632289,
19524099,
20504669,
17984989,
17482942,
17096318,
18878976,
21638847,
21456011,
21276374,
21107923,
20898850,
20765610,
20622320,
20325152,
17878067,
17213525,
15994307,
21193017,
20985925,
21097549,
20883756,
20821378,
20791176,
20643866,
20542451,
20677357,
21613438,
19274244,
18984119,
17764490,
20500507,
18970879,
21672611,
21153917,
19215190,
17695295,
20424502,
18813835,
17532756,
17051294,
18054940,
21933016,
20472906,
19232314,
17296127,
20456123,
21561264,
21338570,
20663961,
17663477,
18053807,
18797742,
16868932,
21838508,
21162922,
20845098,
18663948,
20363054,
20432147,
20653044,
20323255,
19078312,
17344659,
17681545,
20537741,
19247470,
21437662,
19123211,
17639748,
18022270,
18912241,
17709471,
20421189,
19099546,
21613938,
21618211,
20636211,
19225389,
21601870,
19151582,
18810426,
21560027,
21135011,
17967618,
20642988,
19274539,
21941003,
19640509,
20756789,
18754490,
21639186,
21361026,
21166564,
21054139,
20905767,
20815041,
20670245,
20558902,
20381125,
20197438,
19305705,
19703000,
19863076,
18821985,
21662762,
21605575,
21332070,
21098231,
20893681,
19681953,
17777216,
20671552,
19625813,
20782608,
18693702,
21324814,
21238822,
21092481,
20824640,
19578431,
18151348,
20956344,
20802912,
20624894,
20381765,
19167901,
17574006,
20451423,
19125166,
21642714,
21236239,
19043927,
17151315,
20111264,
20304705,
18917428,
21679071,
21097426,
19138900,
17579438,
20420220,
19189215,
16388812,
20411323,
17671557,
18120660,
18742265,
16789024,
21299702,
21647371,
19964877,
20184344,
20355050,
20590671,
21604062,
21177442,
19102666,
17531184,
20447371,
17571654,
17270683,
20388815,
21651536,
20276660,
20144484,
18844041,
21644666,
21673294,
21169712,
19179445,
17614213,
20660014,
18459490,
21002061,
20831234,
20703470,
20476998,
20373049,
20152386,
18778483,
21553917,
21231232,
21161644,
21026518,
20929918,
20727555,
20572297,
20593425,
20460437,
20304183,
18961418,
21634461,
21253828,
21167564,
21096804,
20965512,
20818015,
20463307,
19314600,
19038428,
17478237,
19129969,
17259440,
16052448,
21341894,
21316414,
20093592,
19170386,
16941832,
20169033,
19176751,
17152972,
21672489,
20439913,
20795334,
19444597,
22310493,
21137174,
20946277,
20033494,
20260689,
20427626,
21600609,
20143530,
18554236,
21435001,
21193037,
21173104,
20950686,
20031497,
21371257,
20408718,
21585543,
20337206,
19100586,
18558628,
15629647,
14877360,
15926106,
15276679,
21574564,
20494452,
21607631,
19586605,
19036035,
20483472,
19215638,
18687292,
16438378,
17947845,
18617881,
18492340,
21223760,
21047040,
19855837,
18427849,
21164688,
21062828,
20923870,
20785500,
20633353,
19841630,
20180916,
20466915,
21630807,
20378338,
19200772,
17653971,
20703873,
19574156,
17772125,
20909219,
18303107,
17037863,
21385239,
18369079,
18967457,
17850612,
17613750,
20583264,
21955825,
20758149,
21672554,
20601772,
19211816,
20507671,
19287903,
17697787,
20657999,
19528524,
17615282,
20771686,
18242157,
17044902,
21596859,
19407267,
19801030,
16958797,
14774843,
13941290,
15325988,
21704997,
21635831,
20393914,
18775488,
17666347,
21994442,
20683498,
21929366,
20624656,
19123314,
20354234,
19119345,
18373788,
17227052,
21608509,
19341964,
19573331,
17567284,
15807742,
18187746,
22536445,
20276244,
20416538,
20766674,
21312461,
18971572,
17627012,
20366411,
19149858,
21526671,
20287462,
19181706,
19501146,
17584773,
16246134,
20510586,
19023428,
21594282,
20447625,
18588249,
17453906,
20220434,
18955925,
21562917,
21613276,
20361084,
18958743,
19244316,
19053864,
20199490,
20038129,
21266944,
20073829,
19065638,
19327177,
19015237,
20259251,
20156413,
20435954,
21805033,
21265639,
20079349,
21272270,
20223253,
21173215,
20106911,
19139628,
19298389,
18955879,
19292103,
19205386,
20446768,
20739015,
20961663,
20760985,
19711441,
19791978,
18329698,
21189292,
21066950,
19998037,
20134189,
21397838,
20247510,
21442555,
20389508,
20130163,
18802673,
17235404,
18531563,
16141981,
21203314,
20900241,
19698465,
18255486,
20972253,
20833798,
20683415,
20700189,
20703498,
20682505,
20478859,
20404403,
20410114,
19954100,
18748195,
16093180,
19054614,
16028467,
14959987,
17208213,
16086536,
21293690,
21274451,
21035589,
21042583,
20923095,
20822662,
20665793,
20531762,
20600459,
20249847,
19373014,
19925567,
18998812,
17727503,
20658366,
18620591,
17601829,
17726972,
20710676,
19579452,
17691708,
20793495,
19263989,
16426504,
20581019,
19343364,
18716803,
18701111,
21387627,
21195857,
20874814,
19733695,
18821118,
18693406,
16722634,
21155415,
19950212,
20136415,
20366010,
19120828,
21646301,
20455853,
19026951,
17570708,
20467584,
19084835,
21771265,
20477379,
19257235,
17585363,
20467630,
17562194,
20430825,
19260904,
21674464,
20307798,
19068653,
17553837,
20506052,
19215798,
21639479,
20376886,
18980884,
18235928,
16323374,
15153242,
17820258,
15927354,
17305752,
21453784,
19863890,
20128938,
20152578,
18978932,
21590840,
20367794,
20483491,
19383096,
18666128,
18789992,
17435591,
21727140,
21358046,
21093842,
20993661,
20635748,
18590426,
20178814,
20387050,
19477315,
17563334,
21259622,
18817443,
17574840,
17805822,
19145420,
17621347,
20628486,
19656730,
19900284,
20213480,
21642679,
20551601,
21605088,
20363304,
19260558,
17602146,
20713720,
18702424,
21448062,
21274862,
21223297,
21068332,
20836346,
20582593,
19387746,
17593534,
17873052,
17688153,
16439876,
18585811,
17447734,
22118308,
19517902,
20596573,
20170469,
18710312,
21678916,
21403352,
21344352,
21298733,
21250020,
21089637,
21223060,
21039076,
20891571,
20795255,
20608659,
20624618,
20577669,
20377790,
19039732,
17421104,
20743653,
20473936,
21582003,
20050242,
18495825,
19927427,
20116766,
20218376,
19488035,
18698506,
17363833,
21647124,
21171405,
20394490,
21607226,
19078307,
18290398,
16408753,
17595292,
18797736,
21682304,
21285603,
21234796,
19997272,
20204042,
20543204,
19081642,
21669804,
20409463,
21363061,
19934254,
18386875,
21091711,
20913758,
20620382,
20460313,
20274668,
19122057,
18704498,
17889893,
16046065,
17305454,
21388326,
21145691,
19864128,
21083387,
20896842,
19586568,
20874714,
20623012,
20524046,
20454557,
20128268,
20162648,
18964863,
19272121,
19490552,
17603666,
21304638,
18841401,
17794140,
17086695,
16341850,
21288611,
21022687,
19857277,
21196132,
20119448,
21272999,
20173324,
20407161,
19397778,
18818470,
20055653,
18888032,
17649798,
20458940,
17430120,
17872380,
18519986,
16616204,
21118665,
20933487,
20680635,
20510422,
19434521,
18639077,
18010670,
18706180,
16945754,
21231290,
21150025,
20836271,
20769368,
20595283,
20443934,
20300475,
18950661,
17652305,
21236598,
18999063,
17685155,
17969416,
18671252,
16893868,
21299242,
21142896,
20908071,
20907477,
20634256,
20457599,
20314236,
20258429,
20030964,
18893643,
17043469,
20048916,
21347134,
20351812,
21478270,
20219851,
19203656,
18455922,
17296472,
20086018,
21590245,
20134867,
20240807,
19273719,
17310299,
16395394,
17356693,
20124493,
21282226,
20281712,
21577080,
21083890,
20228478,
19173491,
17344641,
17255155,
19383471,
18922035,
18689751,
18605957,
21186052,
21087977,
20931032,
20763454,
20520326,
20395665,
20339131,
20153461,
19163314,
17573033,
20337804,
19060484,
18846066,
17442855,
21098433,
19242311,
19532026,
16740268,
15830811,
21468891,
21432628,
21570723,
21294664,
21179113,
21050005,
20949164,
20942209,
20812445,
20696124,
20475041,
20356424,
19310774,
17354993,
16617474,
17368940,
15938523,
17070590,
15770254,
16014013,
20898375,
20739091,
20614285,
20304458,
18957703,
17330817,
20209522,
20226063,
19360216,
17458973,
17356998,
20062942,
21320888,
20238694,
21349971,
21028536,
20019908,
21431223,
20111854,
21430310,
20438064,
21630748,
18839884,
18682909,
21257680,
21159819,
20957393,
20809798,
20567070,
20349290,
19018309,
19239108,
17391291,
20375718,
20084388,
20514426,
21607694,
18857422,
17555105,
21360161,
20269153,
19198581,
17221017,
16679877,
18124566,
17285353,
17873135,
19248556,
16266219,
18553638,
16654892,
18150651,
18688634,
18671707,
21320898,
21139046,
20945789,
20690259,
20485690,
19353802,
18995041,
20010338,
18061737,
16409070,
15131695,
16753512,
20984337,
20860223,
19657398,
17802737,
17055756,
17789836,
15885079,
15921111,
17802479,
15819942,
15576508,
14550558,
15836631,
16191577,
17877230,
15963776,
15608053,
14739925,
21136992,
20913920,
20800226,
20676103,
20560920,
19268942,
19655700,
19850917,
18032892,
18525903,
18503872,
21149974,
21184785,
21151087,
21016857,
20975872,
20846885,
20817240,
20717807,
20678280,
20676658,
20599791,
20659809,
20477928,
19396943,
19702374,
19796777,
20403909,
21217225,
19942441,
18119324,
16837769,
17239611,
17613212,
20493773,
18520923,
20138592,
21296505,
19624647,
20664514,
18524373,
21163921,
20100542,
19056118,
17519500,
20546127,
18349940,
21566586,
21304697,
21232943,
21150260,
21023911,
20977966,
20814311,
20763437,
20896880,
20748513,
20655344,
20616146,
20444285,
20479176,
20417788,
20327202,
20344428,
18844736,
17474032,
17899371,
16940236,
17475450,
20244657,
19471986,
20693455,
18579194,
20062280,
22416888,
25757456,
23701767,
21952418,
19620201,
18340996,
16361117,
17545423,
20319407,
19332950,
17554185,
20333346,
17511730,
19321508,
16312385,
15241811,
15967851,
21505483,
21525222,
21283354,
21244518,
21112848,
21011715,
20957586,
20981034,
20846222,
20969583,
20755068,
20813518,
20766857,
20663731,
20689089,
20594740,
20592233,
20556891,
20382826,
19166901,
17425514,
20365173,
19440617,
20529580,
18546658,
20237603,
21485024,
19081389,
17503015,
20350550,
19292012,
17716414,
19621223,
17596454,
20408893,
17626847,
17277001,
16039739,
18504467,
18734151,
17376097,
21522949,
20421572,
19552753,
20131300,
18172134,
17081357,
16930535,
18052678,
18868644,
18827158,
21567624,
21531854,
21357028,
21496336,
19921869,
18437909,
21236922,
21045803,
20973602,
20798854,
20543524,
19189243,
19183623,
17630094,
19363781,
19403633,
17792528,
18037543,
18896565,
18747332,
21551210,
21576053,
21517212,
21358074,
21275414,
21217678,
21092525,
20953201,
21004315,
20971569,
20909954,
21026526,
20901049,
20995126,
20874962,
20897012,
20854978,
20877970,
20840261,
20724892,
20643070,
20614379,
19363513,
18622751,
18808433,
18057695,
16904799,
18985633,
16820989,
20530450,
21480072,
20308005,
19085657,
17434940,
20426555,
17556272,
17851729,
18296913,
19667584,
18830385,
15884787,
21299153,
21138737,
19241874,
18431722,
17231254,
21442740,
20283587,
19221842,
19488244,
16654922,
15713328,
21416937,
20284869,
19304599,
18654339,
15695567,
16051860,
21487549,
20247350,
19443719,
19859858,
20584089,
21920005,
19522884,
16527790,
15548599,
20668673,
19651903,
18380865,
21148525,
21171438,
20086753,
18928015,
21455804,
20433739,
18689029,
17230322,
19061960,
17532404,
20437607,
19230455,
22063265,
20945905,
20920556,
21088429,
21200004,
21463190,
21163524,
20286052,
21644404,
20413581,
19263262,
19644961,
16777103,
14546681,
21193470,
21140013,
20247155,
18920793,
17446251,
20755535,
20144659,
18264358,
18762039,
17618587,
21985838,
20692717,
21954320,
21497547,
21602734,
20522398,
19289695,
19638944,
16937489,
15989067,
21657963,
21566177,
20360876,
21585607,
20814173,
21118345,
20212995,
21376757,
20182169,
19332650,
19598252,
18703568,
20405259,
21745906,
19712944,
20194813,
20264405,
20539502,
19671457,
18581184,
18314950,
20832960,
20584204,
18410853,
21135933,
20191289,
21321591,
20197043,
18812306,
18193558,
18765154,
17374204,
20233555,
20187009,
20224362,
20204870,
17462491,
17805668,
18664656,
16310298,
18441601,
18343995,
19764495,
21015346,
19795085,
21094389,
20119873,
21058586,
18666059,
17184574,
21112877,
19719633,
18424202,
20935630,
19850567,
21092977,
19899264,
21135501,
19968559,
21106082,
19961219,
21425021,
19920517,
20936604,
19906938,
20983239,
18346657,
17104539,
21090976,
19643515,
19879483,
19727908,
19876287,
20908187,
19485442,
16479186,
20537867,
20238623,
20468057,
21082574,
18656143,
18575550,
17194390,
21185617,
19686781,
20137082,
21296813,
20371196,
21437410,
18921188,
18811401,
17976763,
16540301,
20147819,
21573656,
20268546,
20376018,
20412253,
21589920,
20160878,
21288801,
19085026,
17562526,
20380065,
17465416,
20504450,
20691099,
20881743,
20694296,
19367317,
19742454,
17515083,
16616652,
19884149,
18880426,
20472742,
21657820,
19205873,
18289341,
17380341,
17601361,
16458390,
18565887,
17519882,
21606306,
20286422,
18834720,
18632478,
16413605,
21673099,
20340771,
18581017,
16462044,
18638628,
17337405,
21674371,
21584515,
21661845,
20787020,
19374127,
21245486,
21114118,
20978927,
20871009,
20766867,
20896597,
20735064,
20749104,
20911987,
20498929,
19045515,
17121677,
17460926,
21576263,
21210046,
19090074,
19479259,
19082285,
19408722,
19197286,
19544550,
17786109,
15949490,
16251069,
21906698,
20203290,
19109860,
18527635,
18545806,
20073856,
21658168,
20534208,
22077966,
20400569,
18449327,
19033178,
20607780,
19301760,
20245560,
17569348,
16435073,
19901753,
22894150,
20621076,
21625715,
21454424,
19290405,
19761988,
16759249,
19077522,
16122913,
15467685,
21525867,
21068256,
20180806,
18981792,
20792994,
21962788,
21329279,
21237289,
20184549,
20168298,
20247129,
20152282,
20609070,
21686479,
20540167,
19221520,
20929271,
19756008,
20237511,
18701528,
20594163,
19253817,
22315488,
21130057,
21105973,
21083262,
20870396,
20874556,
21045412,
20964899,
21021246,
21081343,
21093194,
21506968,
21361241,
21299375,
21533721,
21283918,
21215825,
21165043,
21225242,
21016902,
20777573,
