20075958,
21921628,
21666592,
20613098,
19371114,
18255447,
17097497,
15964857,
14726933,
13606285,
12494538,
11305864,
10190757,
9823620,
8772970,
9118958,
9015305,
8002138,
8372600,
9008507,
8033754,
8328695,
9229876,
8183178,
8737462,
7722176,
8063742,
8983842,
8009165,
8318135,
9195679,
7947079,
8356953,
9181756,
8142100,
8430420,
9263927,
8222520,
8651166,
7682383,
8146775,
8796950,
7726537,
8138355,
9720486,
8549313,
9122493,
9739316,
8525895,
9060584,
9819800,
8734458,
9271829,
9891624,
8586824,
9086853,
9863320,
8778216,
9537802,
10140345,
9109656,
9645507,
8777619,
9015468,
9812236,
8818192,
9335315,
10260621,
9086817,
9635713,
8568866,
9002093,
9873396,
8741352,
9284975,
10074147,
9000506,
9548573,
8478474,
8995708,
9810327,
8784814,
9398538,
10625681,
9591408,
9684674,
8616732,
8975644,
9809031,
8665624,
9208630,
9937377,
8875509,
9452543,
10292031,
9106004,
9699701,
8762614,
9291739,
10049769,
8942092,
9656681,
8533680,
9162160,
9904071,
8778037,
9617726,
10015911,
9093270,
9594821,
8517211,
9190013,
10069209,
9051631,
9635303,
8558098,
9144782,
9837716,
8790344,
9326306,
10122965,
9042860,
9385721,
10130447,
9061273,
9691868,
9731396,
9249045,
10092466,
8924902,
9417693,
8362900,
8842802,
9520822,
8437339,
9160340,
10031205,
8927818,
9588972,
8531284,
9309544,
8323006,
8900758,
9699770,
8638625,
9370080,
8294988,
8968372,
9715690,
15615086,
6858276,
5806175,
6362432,
5323473,
5922613,
6662935,
5610424,
6251114,
7130215,
6144570,
6699316,
5592234,
6190444,
7071515,
6469622,
6636623,
7523078,
6441848,
5341349,
5916499,
6948484,
5896497,
6309053,
7099644,
5901566,
6505071,
5393008,
6089396,
6968051,
5820679,
6472777,
5377315,
6154614,
6961374,
5789623,
6550925,
5526181,
6146083,
7077610,
6036120,
6871213,
5873124,
6200380,
6955623,
5880847,
6539211,
5495993,
6344646,
7111138,
6050139,
6750309,
5704297,
6470581,
5418690,
5931834,
6909252,
5910125,
6565195,
5516430,
6072450,
6794324,
5619053,
6450689,
5358619,
6059697,
6762934,
5711275,
6298937,
7167099,
5970891,
6530794,
5359020,
6186738,
6819293,
5751377,
6608648,
5512697,
5987456,
6829554,
5695003,
6402010,
5357506,
5945211,
6738845,
5685063,
6492100,
7112588,
6018940,
6958781,
5865769,
6157592,
7023192,
6060804,
6679099,
5593181,
6266020,
7066576,
5901696,
6647712,
5498621,
6111023,
6936111,
5916430,
6766961,
5685829,
6276562,
6985482,
5921295,
6421474,
5357096,
6257337,
7133691,
6052438,
6776004,
5734844,
6417713,
5356023,
6284414,
7126465,
6047595,
6744733,
5664155,
6440009,
5362441,
6159092,
5085811,
5844629,
6748583,
5674037,
6331423,
5189904,
5880431,
6663746,
5500989,
6127510,
7055492,
6056149,
6587464,
5495568,
6270005,
5145336,
5885941,
6722986,
5623997,
6393454,
5321497,
5932112,
6781769,
5650940,
6388180,
5268699,
6192072,
6779323,
5684883,
6353472,
5289386,
5992537,
6780686,
5662998,
6565321,
5522788,
5970994,
7827804,
6727373,
7483406,
6332286,
7026829,
7948248,
6869453,
7570559,
6553712,
7288823,
6220616,
6887728,
7692177,
6598477,
7385309,
6277432,
6987364,
7976899,
6961134,
7574022,
6510470,
7214990,
6192267,
6978132,
7856615,
6814422,
7969596,
6878522,
7035258,
7892184,
6803772,
7588886,
6496869,
7252107,
6185798,
6829990,
7738680,
6703483,
7395477,
6278919,
7003482,
7971522,
6911687,
7703806,
6643840,
7352331,
6333359,
7208357,
6223839,
6880231,
7735568,
6643920,
7431715,
6295635,
7089792,
7935193,
6847054,
7640275,
6583742,
7243407,
6197387,
6861551,
7747630,
6677617,
7253053,
8091779,
6959912,
7898412,
6864219,
7624317,
6472989,
5854189,
6825154,
5801494,
6382366,
5373986,
6021790,
6927665,
5845384,
6635197,
5557356,
6397119,
5322140,
6050294,
6512071,
5429861,
6269769,
5180697,
5964959,
6942611,
5851404,
6641404,
5538749,
6239798,
5162569,
5956854,
6922062,
5828942,
6649512,
9661803,
10420788,
9312049,
8190813,
8985191,
7905099,
8791504,
7709870,
8480208,
7435928,
8057691,
8908439,
7823396,
8736024,
7655353,
8568310,
7491890,
8330251,
8981170,
7909729,
8948491,
7913879,
8630564,
7550164,
8523251,
7447203,
7959788,
9178693,
8105092,
8579108,
7530232,
8447378,
7371156,
8348190,
7280183,
7795313,
8791186,
7733032,
8586942,
7521685,
8218608,
7154054,
8064157,
8787646,
7729618,
8577900,
7506072,
8562880,
7488320,
8241521,
8930222,
7869501,
8772795,
7690961,
8468978,
7408743,
8193075,
7118234,
7880960,
8767147,
7650647,
8488516,
7403721,
8297725,
7203596,
7938715,
8862952,
7790733,
8679709,
7621545,
8419014,
7350473,
8210736,
9198542,
8136792,
8809543,
7739032,
8591987,
7503342,
8468585,
7376738,
7930728,
9006935,
7940689,
8723814,
7628348,
8619876,
7562312,
8191515,
7151850,
7761062,
8836966,
7753999,
8666481,
7562784,
8343038,
9169448,
8085787,
8877208,
7808498,
8667117,
7653342,
8444433,
7446219,
8116038,
8984444,
7895444,
8793569,
7697697,
8657626,
7569995,
8130193,
9224100,
8116659,
8868608,
7756060,
8568416,
7497885,
8418990,
7369245,
8099069,
8956096,
7845705,
8764355,
7703099,
8740299,
7649454,
8360139,
7282996,
7994677,
8877760,
7783835,
8615340,
7531763,
8330734,
7268677,
8000647,
8939540,
7861829,
8732496,
7660286,
8491888,
7405089,
8359170,
7273731,
7900838,
8840481,
7760786,
8590600,
7498643,
8621015,
7532485,
8151342,
9127658,
8029144,
8721507,
7629483,
8438260,
7360570,
8249569,
7148596,
7849032,
8825826,
7758258,
8572773,
7503192,
8362126,
7281935,
8092493,
8892067,
7812337,
8787870,
7698980,
8456306,
7389800,
8138315,
9081360,
7999942,
8926050,
7845064,
8808269,
7714553,
8411924,
7343981,
8245634,
9276659,
8200042,
8874595,
7783582,
8598280,
7492622,
8368589,
7286635,
8083627,
9034705,
7951828,
8763895,
7678612,
8574760,
9418137,
8313503,
7247945,
7957789,
8964211,
7798350,
8447855,
7281780,
8111266,
8940730,
7794651,
8629574,
7536793,
8260301,
7133566,
7887768,
8798523,
7746490,
8475009,
7364822,
8202484,
7082708,
7859321,
8760903,
7661714,
8406575,
7251335,
7987006,
8840318,
7659741,
8589519,
7552619,
8267812,
7168747,
7961566,
8875270,
7776932,
8567695,
7399297,
8526046,
8975270,
7862594,
8817229,
7764189,
8390946,
7229225,
7981655,
8895957,
7793401,
8691885,
7535767,
8172346,
7139805,
7899070,
8833451,
7742863,
8514995,
7360008,
8006290,
8908738,
7867488,
8714372,
7571024,
8267893,
7138003,
7909353,
8831890,
7676593,
8618012,
7460275,
8087259,
8913382,
8387846,
8674634,
7572125,
8344947,
7249281,
8020183,
8911866,
7800283,
8804354,
7734250,
8278516,
7117094,
7952235,
8771645,
7620776,
8574663,
7473878,
8027417,
8863646,
7714340,
8632600,
7546557,
9423099,
8342732,
10145441,
9034586,
9863185,
10735114,
9638224,
10534301,
9412663,
10210841,
9107506,
9914657,
10578789,
9418599,
10206545,
9092836,
9956169,
10809743,
9706923,
10559339,
9425146,
10217588,
9155312,
9903420,
10719118,
9588715,
10325302,
9210332,
10009412,
10807711,
9651303,
10477698,
9326736,
10129203,
11124998,
9990806,
10641376,
9475377,
10191266,
9113768,
9915007,
10962662,
9864710,
10464386,
9361121,
10163785,
9064708,
9856469,
10831157,
9736342,
10477785,
9327075,
10177728,
9073459,
9986432,
10702561,
9565930,
10465549,
9358953,
10032290,
10869139,
9709809,
10521935,
9398893,
10086076,
10931705,
9830161,
10574687,
9483142,
10294589,
9171303,
10155375,
10883413,
9761583,
10408384,
9267586,
10073428,
11142877,
10045306,
10701397,
9608773,
10220488,
11141807,
10088123,
10765875,
9645957,
10511021,
9363849,
10131032,
10841117,
9691620,
10490303,
9336279,
10125739,
11041041,
9883238,
10636714,
9501027,
10277336,
11173588,
10052186,
10763816,
9675396,
10431195,
9276720,
10065310,
10886113,
9771108,
10580979,
9441364,
10116191,
10972750,
9830653,
10594197,
9470219,
10155835,
11010554,
9887140,
10973462,
9916567,
10578576,
9500983,
10217909,
9164666,
9806135,
10783932,
9701140,
10511674,
9430874,
10439814,
9322956,
10193277,
10885007,
9753864,
10447842,
9319007,
9991143,
10964082,
9817048,
10512315,
9431669,
10258647,
9174341,
9817297,
10951270,
9847909,
10409051,
9290532,
10091163,
10948731,
9806621,
10512341,
9431689,
10273463,
9158612,
10015662,
10731893,
9607247,
10294489,
9122202,
10104432,
10866947,
9795477,
10524072,
9364426,
10098096,
11120570,
9968088,
10857887,
9755094,
10480603,
9324903,
9955151,
11088234,
9981018,
10680952,
9654302,
10377353,
9265225,
9984790,
10787633,
9661766,
10626828,
9497828,
10145696,
10904764,
9785482,
10613351,
9515505,
10250147,
9145579,
9874589,
10782046,
9693534,
10538508,
9376239,
10320954,
10980176,
9909020,
10684761,
9616461,
10445669,
9364768,
10080153,
10471587,
9359878,
10178268,
9073992,
9782496,
10657359,
9531148,
10414362,
9337552,
10156346,
9067329,
9940264,
10877844,
9689983,
10347846,
9233052,
10103398,
10890102,
9724168,
10544793,
9431353,
10241436,
11007979,
9848153,
10728571,
9558640,
10223581,
11053313,
9920270,
10677117,
9579122,
10398939,
9250737,
9924188,
10789954,
9611974,
10449170,
9336373,
10343429,
11276264,
10141270,
10845202,
9688351,
10395048,
12566412,
11493953,
12302433,
11155649,
11605726,
12624209,
11506490,
10377540,
11080297,
11979472,
10886187,
11384344,
12533007,
11379959,
11788899,
10681962,
11691730,
10553062,
11344075,
12031453,
10899380,
11639174,
10509553,
11410333,
10281387,
10929425,
11863568,
10717431,
11431747,
10259812,
11053429,
11781305,
10619414,
11430998,
10263348,
11209612,
11879743,
10698151,
11490065,
10364838,
11342540,
10239056,
11005043,
11739396,
10585887,
11381723,
10222458,
11177938,
11752614,
10572447,
11437675,
10304385,
10956692,
11939179,
10808454,
11524142,
10438304,
11564761,
10493055,
10977070,
11908536,
10735732,
11504841,
10288792,
11012970,
11915745,
10792263,
11405584,
10278377,
11096009,
12090070,
10925958,
11590418,
10413897,
11389691,
10307577,
11006430,
11762747,
10646001,
11284045,
10123533,
10785155,
11677562,
10515029,
11261997,
10084840,
10792133,
11622906,
10462907,
11348257,
10235672,
10792101,
11687104,
10491481,
11442566,
10330810,
10942648,
11676453,
10548517,
11204345,
10074624,
10832979,
11734774,
10568455,
11334961,
10165360,
10780353,
11627682,
10480193,
11283398,
10109246,
11033794,
11687228,
10575703,
11452399,
10351667,
11123538,
11949487,
10829562,
11822683,
10694580,
11364854,
10257492,
10922235,
11720057,
10591593,
11586266,
10459796,
11183180,
10072108,
10806041,
11834490,
10730372,
11529478,
10423717,
11197175,
10083648,
10829309,
11669086,
10561245,
11637504,
10528524,
11115232,
10016212,
10912242,
11742302,
10654773,
11589984,
10491237,
11111924,
10002101,
10890524,
11724552,
10576863,
11492276,
10422136,
11092953,
9986266,
10929755,
11711088,
10641634,
11310247,
10133417,
10898566,
11823431,
10699832,
11660518,
10487455,
11077188,
12095758,
10915420,
11774105,
10642253,
11183226,
10075909,
10996709,
11749391,
10658526,
11431190,
10296483,
11480345,
10389835,
10755653,
11594796,
10427608,
11133650,
10035275,
11016791,
11668352,
10510979,
11332768,
10233173,
10917028,
11762847,
10654826,
11914806,
10815396,
11220225,
10128032,
10947175,
12041057,
10977997,
11393953,
10207097,
11351160,
11836288,
10721515,
11537943,
10396547,
11379560,
10264628,
10823982,
11665438,
10535272,
11499300,
10374578,
10983506,
11729310,
10622494,
11284977,
10161921,
10963560,
11784624,
10632689,
11466176,
10285745,
10976197,
11873224,
10702339,
11439752,
10314585,
11034113,
11900709,
10760828,
11629248,
10549435,
11392532,
10310009,
11156197,
12092503,
10979121,
11541888,
10423715,
11240801,
10128585,
10881397,
11721129,
10637724,
11348431,
10220025,
10939043,
12089110,
10929994,
11376766,
10733260,
11117264,
12141522,
10980817,
11570178,
10427177,
11267126,
12053419,
10973001,
11659542,
10502049,
11312556,
12140276,
10971074,
11775375,
10650222,
11397784,
10224007,
11128344,
11772244,
10635921,
11461588,
10397820,
11365408,
12037873,
10851871,
11623040,
10477213,
11418199,
10269171,
10847275,
11694099,
10515050,
11405756,
10316010,
10850865,
11748598,
10558144,
11360513,
10251628,
10960950,
11892569,
10766493,
11407179,
10323924,
10936836,
11971075,
10824323,
11438078,
10295954,
11148807,
11853868,
10694322,
11549570,
10466489,
11131486,
12082836,
10975275,
11776128,
10657525,
11260481,
12113850,
10938532,
11485970,
12524032,
11418184,
10312343,
10830980,
11691472,
10526823,
11374011,
10288951,
10873708,
11879980,
10729748,
11388466,
10288285,
11042751,
12057253,
10922715,
11476696,
10364005,
11155072,
12203572,
11077847,
11639923,
10469646,
11463179,
12154552,
10974151,
11833232,
10676500,
11356692,
12394925,
11245127,
11847282,
10739357,
11505890,
10423105,
11256792,
12201422,
11038864,
11615583,
10519567,
11526232,
10395153,
10888826,
11684914,
10604631,
11413077,
10285013,
10980439,
11843039,
10688623,
11517172,
10393806,
11178160,
12034333,
10858440,
11632017,
10491311,
11185136,
12189072,
11052354,
11783089,
10685712,
11612680,
10491031,
11057467,
12147590,
11038317,
11621187,
10528205,
11382568,
10276806,
11017215,
12211835,
11161424,
11587992,
10437237,
11332877,
10277509,
11007474,
11829962,
10699014,
11643664,
12497534,
11324184,
12037558,
10923147,
11642063,
10477856,
11272406,
10099413,
10984561,
11709617,
10584761,
11636597,
10523515,
10982067,
11791960,
10621175,
11664564,
10504811,
10964184,
11867027,
10709795,
11483961,
10359335,
11259714,
11987224,
10845685,
11577633,
10442196,
11369856,
10250646,
10991542,
11736243,
10560063,
11526165,
10403913,
10769857,
11706254,
10587815,
11304588,
10117274,
10956105,
11792132,
10683363,
11422432,
10299799,
11408737,
11971973,
10778790,
11655478,
10461311,
11129718,
12354195,
11175601,
11612479,
10443454,
11185465,
11994343,
10817186,
11657771,
10483420,
11243583,
12111037,
10962375,
11782768,
10670293,
11480697,
10386651,
11012811,
11930140,
10183165,
10976814,
11746448,
10563594,
11388123,
10323525,
10994824,
11912446,
10801480,
11531135,
12561382,
11452143,
10295819,
10847518,
11713565,
10546543,
11462946,
10377049,
10988980,
11865404,
10675766,
11524445,
10381567,
11102765,
11892741,
10775143,
11530255,
10405787,
11238064,
10110584,
10760203,
11673427,
10533588,
11364458,
10209394,
11018235,
11784743,
10653317,
11254224,
10155345,
10956894,
11931643,
10741673,
11415612,
10337827,
11020967,
11956391,
10824928,
11490710,
10357328,
11207141,
12011076,
10938451,
11568068,
10408877,
11182216,
12120829,
10951503,
11545072,
10468762,
11226240,
12021154,
10850575,
11540781,
10419915,
11273503,
12066763,
10925001,
11597671,
10490300,
11265319,
10095476,
10947014,
11722763,
10597946,
11295630,
10185826,
10954567,
12096070,
10974148,
11539956,
10401486,
11306440,
11994593,
10828459,
11602892,
10468739,
11143779,
12004007,
10927878,
11641767,
10531468,
11281253,
10124903,
10875576,
11788300,
10689148,
11476372,
10287997,
11038002,
11816738,
10699409,
11471296,
10351064,
11115697,
11986543,
10842204,
11589816,
10408030,
11099123,
12164120,
11000909,
11823280,
10687026,
11333806,
10236925,
11123542,
11864071,
10776511,
11462060,
10275223,
11278448,
11857324,
10741986,
11606951,
10527385,
11227668,
10102011,
10973101,
11688717,
10518255,
11344154,
10197423,
10814797,
11798881,
10704707,
11358532,
10195473,
11432236,
11869038,
10703141,
11348237,
10183500,
11234605,
12028861,
10898904,
11602639,
10473578,
11281722,
11969525,
10833744,
11842939,
10730339,
11378344,
10200056,
10877268,
11981608,
10871800,
11481389,
10313451,
11162333,
11957337,
10830622,
11540364,
10435843,
11230106,
12183406,
11074139,
11800009,
10636207,
11328860,
10195646,
10879262,
11736902,
10607914,
11510488,
10380296,
11126114,
11979934,
10885906,
11513527,
10345960,
11066276,
11971714,
10841162,
11499251,
10374538,
11310862,
10189611,
10990353,
11641567,
10513912,
11245767,
12071607,
10919594,
11606612,
10499015,
11416246,
10278333,
11167456,
11739899,
10577281,
11485245,
10370912,
11097538,
11778280,
10602016,
11563005,
10423546,
10838267,
11746227,
10660760,
11419092,
10251044,
10909099,
11885498,
10811902,
11944385,
10817847,
11454067,
12153971,
10981369,
12946375,
11789299,
12181540,
13116356,
11938663,
12640935,
11520156,
12498397,
11421140,
12084865,
13062364,
11888567,
12703869,
11584758,
12499158,
11367226,
11895122,
12808273,
11696319,
12569641,
11443830,
12221362,
12955806,
11801815,
12577621,
11464532,
12084949,
13143185,
11976585,
12602009,
11480172,
12373180,
11227866,
11987943,
12764326,
11637916,
12487952,
13342317,
12153839,
12777406,
11573283,
12501072,
11318157,
12056969,
12819240,
11699408,
12598162,
11427592,
12261359,
12957101,
11794664,
12734030,
11606038,
12108219,
12863279,
11691509,
12480358,
11346680,
12121489,
12874172,
11737443,
12513090,
11333338,
12086591,
12818570,
11649602,
12486204,
11329905,
12143196,
12868441,
11697879,
12490073,
11302601,
12215301,
12943885,
11795255,
12553592,
11388866,
11982288,
12799103,
11665087,
12557283,
11361390,
12031866,
12893769,
11874019,
12451329,
11285308,
12030402,
12978679,
11836850,
12800319,
11659270,
12229033,
12841526,
11717076,
12681017,
11511824,
12195452,
12917358,
11835021,
12718251,
11596300,
12191530,
13005142,
11828778,
12679404,
11501339,
12387919,
11303742,
11804293,
12740945,
11593447,
12274908,
13067186,
11893894,
12781740,
11652852,
12342193,
11208434,
11787384,
12767258,
11585702,
12471084,
13135534,
12001689,
12806355,
11725001,
12367277,
11209547,
11920057,
12708023,
11587732,
12591383,
11427397,
11954165,
12906414,
11738773,
12477546,
11378622,
12138040,
13257746,
12133746,
13297277,
12161083,
13126301,
11944065,
12354224,
13323157,
12202134,
13069867,
11949344,
12601285,
11441818,
10303444,
12271412,
11151197,
10007249,
8853001,
9487097,
8392331,
9236611,
8147370,
8907827,
9977825,
8878004,
9515145,
8413799,
9927525,
8826994,
8933128,
10089998,
9025456,
9611436,
8434436,
9227775,
8027784,
8787100,
9756661,
8685926,
9417804,
8335260,
8992674,
9909900,
8741815,
9518950,
8351766,
9117965,
9963970,
8781023,
9466921,
8293914,
9137937,
8024391,
8843499,
9772043,
8693803,
9442181,
8337376,
8985673,
9972264,
8807522,
9580422,
8457942,
9233335,
8109680,
8815062,
9602888,
8463913,
9385443,
8249138,
8972408,
9744971,
8622589,
9376769,
8209626,
8971058,
9872952,
8702103,
9399129,
8218677,
8893102,
9831038,
8695332,
9506211,
8359137,
9052030,
9917428,
8737108,
9466120,
8279940,
9070023,
10078367,
8951864,
9482446,
8749657,
9139515,
8003036,
8858095,
9705134,
8585165,
9366937,
8255627,
8997705,
9797237,
9090388,
9425927,
8275801,
9053544,
9792708,
8600807,
9417218,
8229967,
9020490,
9861183,
8741460,
9511916,
8382206,
9116685,
7942505,
8708821,
9605745,
8460981,
9219876,
8038087,
8676510,
9587493,
8423856,
9236601,
8129362,
8828492,
9580098,
8405279,
9209973,
8014720,
8805945,
9659619,
8568834,
9362631,
8192075,
8903566,
9773212,
8657540,
9540211,
8447866,
9054024,
7915533,
8837261,
9492130,
8351341,
9147459,
9531395,
8412848,
9026653,
9860869,
8714427,
9633031,
8508729,
9079321,
9977304,
8782757,
9570951,
8442793,
9253105,
8109913,
8879305,
9605536,
8481727,
9188094,
8006728,
8837307,
9810471,
9057620,
9376036,
8193182,
8898028,
9828035,
8716085,
9572395,
10291853,
9155320,
10257611,
9110249,
9641681,
8464535,
9157802,
10243486,
9106630,
9877265,
8812869,
9565028,
8397424,
8863998,
9929184,
8800652,
9484258,
8966270,
8970384,
9883705,
8757658,
9527668,
10401596,
9287313,
10144746,
9005740,
9750822,
8565518,
9119806,
10301040,
9156097,
9746646,
8680114,
9556419,
8401172,
9028760,
9733684,
8547244,
9356846,
8175677,
9043809,
10043047,
8928874,
9443018,
8279318,
8984575,
9814023,
8611253,
9351799,
10422293,
9257764,
9962672,
8795597,
9488686,
8312442,
9083940,
9876098,
8733036,
9422040,
8286729,
9120318,
9866302,
8683884,
9532498,
8450499,
9133040,
10021084,
8823881,
9492836,
8324281,
9131674,
10069516,
8946311,
9606041,
8493690,
9161774,
10057148,
8874311,
9615550,
8435623,
9169605,
10031507,
8905284,
9559388,
8396492,
9179074,
10272251,
9075648,
9625018,
8519015,
9347424,
8178239,
9074925,
9760165,
8594023,
9391600,
8206382,
8930170,
9761626,
10727099,
9562225,
8369682,
9022292,
9858907,
8720769,
9560272,
8419903,
9194945,
8123309,
9688452,
10557259,
9355294,
10248658,
10993506,
9832427,
10656510,
9510871,
10236243,
9107675,
9742164,
10682305,
9505134,
10271046,
9163542,
9902338,
10748536,
9583225,
10388380,
9258612,
10066092,
10792196,
9715642,
10537052,
9417619,
10093558,
10896536,
9720770,
10564204,
9400630,
10030092,
10933422,
9837776,
10698727,
9571323,
10266771,
9079707,
9875740,
10780430,
9674259,
10395722,
9242580,
10029180,
10813837,
9670628,
10556311,
9373455,
10030871,
10941328,
9843371,
10600356,
9495945,
10283108,
9146672,
9840969,
10774086,
9636846,
10295004,
9100604,
9779054,
10779259,
9649959,
10413786,
9245431,
10009873,
10751003,
9648860,
10456435,
9332791,
10072766,
10986235,
9834160,
10653887,
9555558,
10307850,
9157615,
9867760,
10884780,
9766442,
10542350,
9373940,
10166629,
10975858,
9869808,
10556831,
9413160,
10176161,
10985181,
9800086,
10582359,
9456685,
10201145,
10997290,
9864606,
10697910,
9527741,
10299171,
9122691,
9848250,
10759984,
9605864,
10476816,
9319474,
10088313,
10890317,
9732912,
10525401,
9369544,
10132750,
10927315,
9803416,
10612225,
9436482,
10159862,
11057187,
9942577,
10672289,
9518624,
10219404,
9064640,
10006322,
10715805,
9599198,
10443712,
9279620,
10185415,
10894494,
9732653,
10564116,
9439214,
10254245,
10973479,
9811213,
10624564,
9455541,
10112223,
10977786,
9813878,
10616827,
9454305,
10239856,
9150236,
9970043,
10710155,
9576450,
10418413,
9269115,
10105750,
10888144,
9843061,
10630201,
9478150,
10217455,
9111214,
9811490,
10674580,
9481105,
10374641,
9257154,
10059095,
10755586,
9591638,
10466904,
9300421,
10022112,
10851543,
9786916,
10661837,
9532835,
10268300,
9134427,
9772396,
10684144,
9511192,
10329418,
9236648,
9925515,
10709590,
9538865,
10383719,
9227711,
9892571,
10836404,
9753330,
10606092,
9503898,
10255004,
9102007,
9769663,
10739406,
9555206,
10365510,
9230175,
10017982,
10770160,
9625468,
10383374,
9219988,
10077627,
10953136,
9838312,
10626964,
9512973,
10161341,
10985856,
9815576,
10628806,
9490623,
10202038,
11049546,
9920648,
10645784,
9456048,
10210606,
9040005,
9743363,
10663827,
9611371,
10291891,
9171676,
9846566,
10715931,
9549704,
10368462,
9192704,
10021072,
10930987,
9832046,
10470604,
9334136,
9956596,
10926323,
9756714,
10488445,
9337350,
10273938,
11121718,
10000131,
10676925,
9516750,
10105173,
11006264,
9879672,
10789246,
9663426,
10143717,
11073568,
9932371,
10803593,
9717809,
10421293,
9290815,
9992544,
11087413,
9916967,
10465175,
9290463,
10237606,
10897181,
9780690,
10520755,
9394859,
11081154,
11782438,
10634399,
11502431,
10296111,
11226203,
11930623,
10854325,
11585702,
10445470,
11377384,
10202465,
10715462,
11653067,
10486400,
11319169,
10148744,
10953209,
11800811,
10628726,
11272612,
10117985,
10968851,
11910454,
10807730,
11545207,
10368537,
11164838,
11912202,
10809766,
11544956,
10424896,
11132211,
12189090,
11026588,
11796237,
10615624,
11317566,
10184783,
10840718,
11760963,
10639583,
11498265,
10330613,
10943758,
11887256,
10756121,
11519732,
10389294,
11283741,
11940098,
10804851,
11554394,
10405921,
11429234,
10289969,
10879417,
11786324,
10655726,
11580624,
10448532,
10982534,
11800438,
10654880,
11603334,
10477505,
10960902,
11839128,
10702254,
11524309,
10344487,
11201107,
12026613,
10904271,
11573528,
10466602,
11126844,
12199152,
11013547,
11603358,
10420228,
11342939,
10196256,
10928667,
11833434,
10709891,
11272980,
10159896,
10853731,
11730592,
10603171,
11475340,
10381947,
11041986,
12028969,
10901080,
11604526,
10440684,
11453974,
10376123,
10930201,
11819448,
10688381,
11513288,
10372291,
11075769,
11913986,
10799012,
11496235,
10386391,
11311239,
10187037,
10838847,
12018990,
10293344,
10750884,
11696503,
10610378,
11348050,
10213437,
10828023,
11808455,
10642455,
11443566,
10330118,
11059746,
11844882,
10685150,
11448392,
10347143,
10965826,
11963481,
10816806,
11536798,
10397884,
11048459,
11907648,
10745544,
11580682,
10455806,
11163702,
12094706,
10961791,
11600039,
10479330,
11422165,
10239784,
10811499,
11734401,
10599435,
11434583,
10303491,
10977404,
11740775,
10556315,
11351945,
10217296,
10924611,
12031520,
10939911,
11424744,
10305063,
11258251,
12028432,
10836229,
11697557,
10575768,
11597911,
10464296,
10831217,
11634738,
10517729,
11451510,
10276086,
11014245,
11894651,
10766277,
11414249,
10237778,
11076657,
12039949,
10866192,
11616370,
10525293,
11215622,
12215796,
11053292,
11712700,
10523932,
11574761,
10391896,
11120132,
11836818,
10726167,
11395090,
12329231,
11132346,
11879215,
10735439,
11524636,
10428183,
11475421,
12162407,
11025491,
11547821,
10383259,
11146047,
12186410,
11116895,
11894133,
10761480,
11329146,
12162163,
11016873,
11965491,
10850616,
11585527,
10891412,
11295054,
10159663,
10965571,
11819049,
10680150,
11440696,
10290018,
11149202,
11917054,
10807237,
11615201,
10439324,
11305278,
12012124,
10864801,
11544326,
12532487,
11375056,
12065324,
10880227,
11663556,
10524673,
11476209,
10362951,
10852161,
11785704,
10641940,
11520741,
10328609,
11168534,
12013964,
10883254,
11585022,
10424780,
11231952,
12053666,
10848422,
11626056,
10455829,
11286007,
12028420,
10840037,
11855049,
10712887,
11378582,
10230731,
10982511,
11698914,
12691491,
11554080,
10414619,
10989087,
11997800,
10821501,
11615525,
10514835,
11082553,
12004397,
10821472,
11682498,
10487650,
11238262,
12019364,
10888242,
11666554,
10538558,
11227622,
12020719,
10837042,
11690405,
10565434,
11451703,
10368373,
10956248,
11861238,
10738112,
11507137,
10376729,
11428355,
12339119,
11153213,
12053291,
10924734,
11535325,
10361232,
11060946,
11932206,
10805821,
11615708,
10532305,
11264992,
10112203,
10820349,
11846442,
10713021,
11492524,
10292335,
10850519,
11856445,
10722606,
11411410,
10240753,
10853362,
11736735,
10558380,
11369433,
10225589,
10963528,
11882687,
10743093,
11509986,
10379883,
11322077,
11962681,
10805406,
11663654,
10494232,
11167249,
11962627,
10880206,
11680371,
10561630,
11649410,
10531403,
11016179,
11987461,
10844456,
11615676,
10460107,
11011405,
11927113,
10782093,
11753305,
10654544,
11040546,
11856111,
10630103,
11457068,
10282112,
11063514,
11957938,
10813729,
11447336,
10329414,
11328100,
11980372,
10840948,
11678937,
10555604,
11468989,
10329063,
11050108,
11749008,
10606098,
11561231,
10385999,
10938371,
11905461,
10762269,
11595213,
10411972,
10985017,
11804221,
10661114,
11509382,
10416656,
11191972,
11990667,
10822700,
11734074,
10580229,
11399004,
10229490,
10901712,
11930389,
10815552,
11358480,
10236568,
11015116,
11816316,
10607309,
11576756,
10484720,
11060298,
11946346,
10820894,
11635064,
10471052,
11074923,
12004102,
10833650,
11653429,
10472272,
11304798,
10134168,
10825536,
11595182,
10408890,
11338120,
10252978,
10827746,
11738138,
10619230,
11387899,
10232917,
10866545,
11773719,
10730819,
11438379,
10322481,
10933406,
11894218,
10744582,
12068098,
10925670,
11548459,
10435393,
10744952,
11721167,
10543955,
11345419,
10207070,
10936727,
11784337,
10648874,
11408672,
10320043,
10887506,
11874122,
10708985,
11474130,
10327923,
11008903,
12157110,
11047496,
11588117,
10459706,
11625358,
10468002,
10988754,
11679985,
10578849,
11255458,
10103209,
11018465,
11760519,
10589425,
11386336,
10192266,
11001494,
11887473,
10790784,
11503399,
10341700,
11188117,
11949386,
10802936,
11616415,
10490196,
11345631,
12146087,
10984411,
11631219,
10493023,
11175434,
10001931,
10821535,
11650724,
10510146,
11376478,
10246368,
10862990,
11734801,
10567108,
11440732,
10328653,
10959341,
11965524,
10835561,
11390860,
10198892,
11149743,
11828441,
10671926,
11353656,
10244333,
11304715,
10187656,
10806532,
11714689,
10540265,
11490354,
10310628,
10918583,
11716895,
10564751,
11328340,
10267261,
11004974,
11815030,
10662402,
11435483,
10274619,
11171759,
10055823,
10912640,
11695318,
10533150,
11253017,
10104852,
10810516,
11645149,
10464219,
11615518,
10437544,
10989573,
11750027,
10632481,
11456848,
10373820,
10923475,
11832007,
10654821,
11349439,
10163844,
10967277,
11809499,
10642135,
11384806,
10260349,
10941143,
11899904,
10735380,
11529146,
10386203,
11196751,
10044144,
10701712,
11553192,
10387781,
11295118,
10163595,
10773529,
11705749,
10577084,
11358893,
10172841,
10978323,
11805631,
10678810,
11403874,
10243662,
11019112,
12004807,
10874089,
11529579,
10378742,
11344218,
10217161,
10810668,
11643742,
10475648,
11318071,
10188301,
10800911,
11697284,
10566960,
11399545,
10228750,
10979477,
11812777,
10653295,
11464984,
10304302,
10992575,
11921274,
10770696,
11481546,
10340567,
11008793,
11876142,
10714865,
11441407,
10271660,
11292414,
10184308,
10683108,
11576750,
10377486,
11310620,
10160731,
10772109,
11623526,
10486725,
11386642,
10263922,
10825971,
11784926,
10648744,
11371146,
10202796,
10892218,
11938937,
10810010,
11369705,
10209754,
11008924,
11907604,
10719059,
10791122,
11705376,
10540559,
11400687,
10303904,
10917939,
11882797,
10702445,
11507739,
10383013,
11384587,
10253624,
10697269,
11620009,
10489169,
11262881,
10087682,
10786689,
11741090,
10559569,
11286544,
10182534,
10840883,
11846910,
10697323,
11423077,
10325280,
10890636,
11868648,
10703648,
11477404,
10296571,
11231715,
11911365,
10791807,
11595532,
10488852,
11336557,
10160029,
10904719,
11799655,
10629900,
11357176,
10227571,
10932801,
11923379,
10793277,
11376184,
10256571,
10968364,
11919198,
10774743,
11474427,
10355989,
11196128,
10036266,
10779866,
11626882,
10519907,
11411585,
10255632,
10888035,
11734190,
10568884,
11289051,
10146011,
10867638,
11758479,
10636768,
11324035,
10155629,
10947305,
11910295,
10819652,
11533396,
10422151,
11216625,
10041565,
10817583,
11744000,
10647981,
11418130,
10306358,
10870336,
11723274,
10580099,
11314350,
10134592,
10953016,
11834210,
10734439,
11425065,
10268805,
10988750,
11930805,
10763392,
11563572,
10451420,
11389802,
10263221,
10788001,
11664374,
10515157,
11336487,
10167844,
10871305,
11753056,
10620831,
11357654,
10235244,
10992179,
11889618,
10743298,
11513233,
10389513,
11275611,
10162126,
10679988,
11584396,
10444630,
11277937,
10093271,
10840859,
11725003,
10630661,
11430002,
10312929,
11069722,
9931551,
10710437,
11582451,
10445986,
11237958,
10159639,
10773960,
12042999,
10882717,
11316694,
10143098,
10908183,
11806145,
10713010,
11410036,
10236379,
10951392,
11799381,
10650711,
11568448,
10451786,
11171711,
10035257,
10712357,
11636848,
10457352,
11177238,
10019731,
10854409,
11731515,
10614877,
11398256,
10254521,
10940722,
11865847,
10702308,
11542280,
10394637,
11241272,
10142009,
10824764,
11696934,
10536806,
11287376,
10166269,
10991068,
11829029,
10754896,
11400911,
10251044,
10980181,
11904756,
10742951,
11439239,
10349988,
11278258,
10169519,
10829479,
11636254,
10514810,
11454579,
10311371,
10879382,
11756669,
10668057,
11409426,
10286417,
11213841,
12053981,
10911926,
11603639,
10433189,
11215362,
11941344,
10770578,
11533154,
10369317,
11442440,
10311081,
10778526,
11722493,
10628088,
11414960,
10233180,
10812675,
11728053,
10564241,
11432071,
10334222,
10979848,
11759923,
10589616,
11399709,
10205102,
11099321,
11965503,
10869707,
11627937,
10524400,
11300629,
10215288,
11080152,
9969613,
10736022,
11785641,
10683597,
11618848,
10522462,
11125789,
10009954,
10812865,
11837394,
10797590,
11387256,
10329279,
11120469,
10034874,
10779840,
11775942,
10581333,
11327849,
10232283,
11091123,
10008566,
10908390,
11934042,
10837473,
11391494,
10307462,
11152474,
12025170,
10881988,
11701712,
10534901,
11776182,
10603256,
11083575,
11910853,
10784533,
11436283,
10316777,
11038056,
12057448,
10903559,
11528541,
10383750,
11352655,
10229503,
10839127,
11722990,
10603838,
11387827,
10232631,
10885915,
11710508,
10518533,
11342264,
10209286,
10938847,
11910440,
10755873,
11525236,
10402936,
11204368,
10080109,
10853908,
11660787,
10531790,
11298449,
10165685,
10832753,
11836052,
10711825,
11432509,
10279459,
11290014,
10275118,
10716537,
11635799,
10498666,
11223940,
10064546,
11045279,
11659606,
10543593,
11407449,
10333923,
10934677,
12113763,
11024569,
11815666,
10741662,
11420483,
10344520,
11189371,
10076479,
10786156,
11708180,
10574373,
11390036,
10238567,
10965903,
11897220,
10757180,
11499559,
10330189,
11261169,
12028321,
10927138,
11667616,
10554220,
11279776,
10115171,
11042284,
11797293,
10669334,
11477818,
10313707,
11154833,
11919930,
10809268,
11487335,
10331573,
11140042,
12167559,
11020175,
11651177,
10553681,
11350119,
10182107,
10811118,
11748678,
10575438,
11332103,
10203319,
11120963,
11749449,
10584411,
11423555,
10284350,
10966489,
11889605,
10765232,
11578451,
10452562,
11199250,
10056422,
10711381,
11616057,
10449968,
11437253,
10300732,
10816523,
11681021,
10532920,
11384325,
10218945,
10829701,
11770533,
10636261,
11362525,
10251307,
11014927,
11834902,
10659376,
11445898,
10314266,
11316801,
10195711,
10649217,
11573644,
10460959,
11355972,
10231946,
10829557,
11706931,
10581912,
11348837,
10232325,
10843795,
11683135,
10553154,
11214502,
10182739,
10926237,
11782072,
10661915,
11395756,
12424292,
11280956,
10175257,
10838229,
11866484,
10756731,
11498996,
10381030,
11247181,
10130198,
10883577,
11842691,
10744524,
11516271,
10417313,
11264211,
10160891,
10978147,
9871560,
10613237,
11598343,
10491967,
11347747,
10233824,
11025544,
9915952,
10702961,
11749619,
10633808,
11372180,
10288543,
11129641,
10032656,
10814504,
11780220,
10669304,
11497408,
10375061,
11232034,
10113256,
10892276,
11820312,
10721532,
11578547,
10481156,
11304027,
10195618,
11067266,
9998683,
10738951,
11771824,
10678463,
12441886,
11334605,
12168052,
11048614,
11855355,
12910181,
11804777,
12523747,
11437857,
12317391,
11217731,
12016556,
10908656,
11729062,
12698390,
11595476,
12430294,
11327500,
12156215,
11050911,
11836671,
12886845,
11793479,
12574372,
11481032,
12306296,
11210884,
12042523,
10953087,
11691056,
12697662,
11616874,
12489900,
11388281,
12234435,
11133008,
11924234,
12846095,
11739810,
12607211,
11513408,
12366498,
11274184,
12194619,
12997151,
11479218,
12339105,
11228654,
12604257,
11472915,
11742612,
12681960,
11582864,
12406750,
11315738,
12184677,
11087737,
11870916,
12881210,
11781043,
12600679,
11503991,
12343467,
11243657,
12121949,
11009006,
11812393,
12830655,
11738742,
12498909,
11408184,
12537460,
11447903,
12278396,
11175012,
11996962,
12908310,
11811922,
12805226,
11708352,
12431911,
11333092,
12166093,
11058116,
11965136,
12870287,
11779656,
12630412,
11542241,
12380647,
11290655,
12150487,
11053482,
11836580,
12781197,
11683390,
12549338,
11455237,
12320245,
11233878,
12101934,
10993072,
11811663,
12776582,
11686875,
12520243,
11432634,
12321736,
11233565,
12005923,
10905847,
11772647,
12806229,
11709298,
12465744,
11371935,
12262061,
11167348,
11972873,
12855103,
11766780,
12733595,
11642948,
12446445,
11358357,
12219371,
11131898,
12000530,
10900349,
11715205,
12693989,
11592934,
12444650,
11349571,
12164621,
11069902,
11855095,
12819077,
11728941,
12686884,
11595689,
12414853,
11328928,
12210872,
11120695,
12238499,
12929659,
11833310,
12650932,
11554675,
12439185,
11346441,
12185386,
11088218,
11830383,
12890670,
11804243,
12577876,
11494343,
12400347,
11314893,
12162591,
11075050,
11848058,
12922518,
11835919,
12657828,
11562017,
12367260,
11273385,
12162745,
11073205,
11809984,
12899009,
11809928,
12569807,
11480921,
12300327,
11221727,
12047829,
10956878,
11778112,
12705750,
11616195,
12451676,
11366923,
12210728,
11125976,
12047871,
12947764,
11859823,
12710883,
11623770,
12496168,
11406773,
12202355,
11114661,
11898801,
12926630,
11810134,
12604564,
11519426,
12381099,
11277394,
12159500,
11062445,
11833300,
12915116,
11814515,
12607053,
11525180,
12371354,
11285532,
12161210,
11060411,
11822419,
12906451,
11797675,
12548185,
11452910,
12325969,
11239114,
11987850,
12930814,
11842175,
12690178,
11593066,
12449597,
11367967,
12216039,
11127357,
11898565,
12967847,
11872848,
12586940,
11479641,
12394216,
11299166,
12205908,
11117025,
11840033,
12884981,
11797438,
12585456,
11486316,
12366204,
11279251,
12173533,
11070325,
11774178,
12860671,
11764842,
12493556,
11386489,
12298833,
11202647,
11987569,
12887520,
11800232,
12651813,
11574810,
12387581,
11288456,
12188917,
11099065,
11908649,
12878495,
11786236,
12557857,
11461946,
12414110,
11317130,
12138691,
11041873,
11789230,
12810268,
11723114,
12442252,
11349866,
12316700,
11239992,
12051575,
12898703,
11797864,
12646133,
11551091,
12444005,
11361985,
12187957,
11103813,
11924445,
12814352,
11706668,
12499299,
11402493,
12326215,
11237892,
12201554,
11098891,
11781907,
12861793,
11765496,
12473718,
11380285,
12279154,
11185560,
12056985,
10973116,
11709494,
12870503,
11778734,
12396175,
11322020,
12316076,
11229888,
11898989,
12897985,
11802560,
12688015,
11589912,
12402491,
11308914,
12229353,
11133927,
11897820,
12832233,
11743798,
12625263,
11552578,
12414608,
11327932,
12198871,
11111536,
11766267,
12822278,
11724817,
12662520,
11565705,
12377795,
11283750,
12118830,
11024679,
11779384,
12905628,
11819543,
12606257,
11517935,
12322632,
11237416,
12068913,
12928053,
11827383,
12929431,
11833468,
12536322,
11442416,
12336639,
11244087,
11991506,
12924843,
11833862,
12742891,
11657266,
12499900,
11413925,
12258940,
11171755,
11813299,
12953294,
11865318,
12693623,
11579626,
12396900,
11298903,
12104287,
11008100,
11763074,
12813164,
11725625,
12548120,
11460006,
12265375,
11178900,
12077930,
10989021,
11715796,
12883407,
11788092,
12588769,
11491524,
12301496,
11207681,
12064534,
10965390,
11731066,
12852521,
11763523,
12523590,
11433236,
12240725,
11154983,
12003113,
12898270,
11795553,
12891616,
11796328,
12457165,
11365452,
12227630,
11131016,
11941834,
10842345,
11699617,
12762930,
11676043,
12398004,
11309733,
12157446,
11061704,
11911475,
12885335,
11782533,
12648211,
11552178,
12372129,
11263193,
12181448,
11095710,
11849543,
12862758,
11774474,
12538949,
11445102,
12365155,
11278070,
12111765,
11025112,
11799928,
12881269,
11777914,
12560786,
11464190,
12292017,
11199047,
11967445,
12869770,
11772756,
12808046,
11719976,
12429570,
11336105,
12222118,
11147366,
11910349,
12860793,
11772215,
12621370,
11538102,
12392009,
11291711,
12188229,
11091259,
11868736,
12824897,
11736617,
12550336,
11882366,
12343721,
11247395,
12080228,
10978683,
11825113,
12800313,
11703907,
12490626,
11394706,
12267420,
11169369,
11982816,
10880359,
11713516,
12767577,
11682848,
12412944,
11323135,
12196368,
11100194,
11991186,
12839510,
11745078,
12627496,
11531752,
12353238,
11261817,
12217075,
11129338,
11938957,
12863356,
11761409,
12559204,
11464321,
12417465,
11323512,
12191801,
11091296,
11781907,
12771480,
11669186,
12574276,
11487292,
12331233,
11237423,
12058181,
10949306,
11756718,
12902697,
11810968,
12497343,
11413871,
12242376,
11154897,
11922669,
12836534,
11733390,
12669140,
11583314,
12430898,
11339105,
12195994,
11102071,
11830141,
12818109,
11739309,
12609671,
11543203,
12389074,
11302476,
12153310,
11064730,
11855283,
12872608,
11788475,
12616870,
11521807,
12375399,
11272816,
12042965,
10946943,
11696853,
12729390,
11649571,
12505555,
11426161,
12240119,
11154599,
12078145,
12960484,
11852756,
12760603,
11678076,
12452845,
10970060,
11753685,
12711925,
11624477,
12506193,
11412429,
12306798,
11220028,
11993420,
12932182,
11827156,
