34589088,
15521678,
15270094,
14954353,
14040504,
13672096,
14351772,
13916552,
13599446,
14334202,
14040800,
14913794,
14655139,
15214662,
14957629,
14795077,
14514252,
15195253,
14697047,
14371976,
15154286,
15000400,
14648827,
14382643,
15160818,
15006519,
14711373,
14616861,
14308168,
15078799,
14685461,
14394336,
15244087,
14745111,
14530778,
15158834,
14921514,
14545191,
15312480,
14970541,
14809280,
14633213,
15251740,
14843658,
15534768,
15272373,
15092506,
15641963,
15201637,
15142344,
12952131,
13685914,
14284991,
14005959,
14829215,
14408584,
14291793,
13891934,
14638548,
14304644,
14282655,
13918169,
14646293,
14311373,
13939148,
13759722,
13477084,
14332899,
14030720,
14862984,
14916120,
14216966,
14106177,
14560878,
14349308,
15176888,
14794302,
15560878,
15266258,
13983259,
13848322,
14505572,
14345473,
14686472,
13895968,
14841633,
14346466,
14095370,
13787444,
13844740,
13589254,
14411343,
15082132,
13799028,
14534250,
14285314,
13932133,
13775113,
13249907,
14333997,
14025902,
13765910,
14542284,
14348732,
14901671,
15732255,
15511420,
15354779,
14987988,
14766412,
15404095,
15111768,
14798772,
14429837,
15297474,
15998493,
15703079,
15406391,
16234057,
15861644,
15763641,
16336914,
16117948,
15780669,
15457935,
16429216,
16187852,
16116690,
15536191,
15498621,
15534209,
17112623,
16908472,
16480307,
17442209,
17221189,
16933728,
16649300,
16503332,
17435377,
17158532,
16893085,
16856362,
17510681,
17449386,
17282234,
16113292,
15669040,
16384956,
30283000,
16172320,
15804815,
15666986,
15443249,
22238856,
16188661,
16055501,
15962741,
29609248,
16341524,
16059313,
15847072,
21704199,
21469844,
21341098,
15077112,
14814293,
14703790,
14478065,
15259637,
15113712,
14854431,
14549837,
15271892,
15221445,
14877600,
14709463,
14543578,
15343323,
15121453,
15035297,
14803362,
14620348,
15478487,
15449946,
15142520,
14931618,
14884056,
14702320,
15533405,
15340390,
15174008,
14757722,
14718140,
14610784,
14566925,
15580619,
15501378,
15318988,
15110605,
14860306,
14693344,
14538209,
15226514,
15102823,
15034682,
14841513,
15380062,
15151664,
15144643,
14999943,
21872196,
14739679,
15446277,
15241534,
15129232,
14810465,
15612035,
15371504,
15290304,
15015423,
14873177,
14646646,
15428654,
15282674,
15139622,
14890205,
14569321,
15507714,
15243537,
15012964,
15969400,
13706203,
15362699,
15222422,
15067058,
15628175,
15569690,
15192736,
15149003,
15067544,
14937411,
14733152,
15484358,
15353781,
15251753,
14963163,
14848053,
14657059,
15418973,
15268927,
15002387,
14945581,
14856104,
14763706,
15639120,
15407101,
15200238,
15179253,
15116263,
15117405,
14842724,
14748465,
14611713,
13575397,
15384189,
14138272,
14103701,
13957712,
13758358,
13580398,
14378732,
14268638,
14014972,
13890226,
13737073,
13502252,
13446023,
14302347,
14320207,
14058070,
13960630,
13834789,
13784866,
13792263,
12625420,
12421844,
13435792,
12397702,
13435025,
13395614,
14382974,
14220838,
14144520,
13141124,
13146152,
13285082,
13098684,
13991780,
13070051,
12997228,
12846268,
12777268,
12591437,
12698279,
13549710,
13558551,
14376850,
13294312,
13411226,
13090735,
13008806,
13032783,
12890384,
12701656,
12724516,
12670367,
12570230,
13334671,
13363305,
13190776,
13212383,
13102760,
12816940,
12775842,
12546226,
12541084,
12469095,
13322357,
13266637,
13159903,
13220531,
13626474,
12870011,
12844794,
12695263,
12768905,
12510909,
13489041,
13571047,
13353526,
13208567,
13115569,
13074025,
13093925,
12908511,
12752579,
12584343,
12474709,
13340172,
13195798,
13073975,
13043632,
12893181,
12807632,
12718426,
12590594,
12529532,
12698821,
12341074,
13202192,
13306400,
13400125,
13115902,
13096869,
12894574,
12732321,
12673787,
12557848,
12540608,
13580540,
13530589,
13429935,
13258864,
13024663,
12955280,
12822391,
12717100,
12668307,
12643384,
12661552,
12547648,
12455913,
13327444,
14112130,
13102995,
12836185,
12744577,
12555342,
12578001,
13353909,
13268234,
13320290,
13072226,
13035424,
14209262,
13250433,
12970663,
13891491,
12950190,
12861528,
12715259,
12718975,
13537534,
13515657,
13417908,
13329460,
13303500,
13008183,
12972955,
13043753,
12762989,
12869514,
12648845,
13664866,
13422918,
13389841,
13232754,
13197859,
13052740,
12918129,
13011503,
12863901,
12781938,
12587532,
12546803,
12703392,
13404014,
13275361,
13257653,
13024836,
12940416,
12975494,
12564287,
12509942,
12554667,
13528257,
13300026,
13162874,
13037876,
13187486,
12882365,
12812232,
12910947,
12622338,
12510779,
12507788,
13501172,
13314941,
13219403,
13059539,
13731233,
12846338,
12746162,
12684434,
12897332,
12659313,
13570631,
13553538,
13501568,
13398657,
13145628,
12970059,
12987031,
12652186,
12554864,
13425049,
13484084,
13367917,
13335287,
13122423,
13078042,
12984866,
13039752,
12848435,
12904921,
12738113,
12584225,
12462796,
12436523,
12488145,
13241911,
13342005,
13293793,
13117862,
13061269,
12887626,
12827938,
12963721,
12946060,
12827962,
13000644,
12872424,
12991842,
12853573,
12989554,
12754903,
12757785,
12552559,
12515524,
13544226,
13459321,
13149132,
12963891,
12925750,
14865641,
14760613,
14509308,
14325503,
15382503,
15239939,
15236528,
14998183,
14964882,
14832842,
14759348,
14668222,
14516692,
15343846,
15419562,
15284933,
15155141,
14959799,
13911838,
13676931,
13745871,
13433315,
13381212,
14230057,
14060935,
14147415,
13810938,
13811229,
13617034,
13456219,
14408753,
14255098,
14217202,
14096749,
13939522,
13846290,
13697290,
13536192,
13360229,
14318249,
14292734,
14079782,
14209905,
13775455,
13644803,
13577222,
13561458,
12474391,
13418320,
13280622,
13187851,
13175328,
13073852,
12859800,
12868598,
12730597,
12473968,
13297787,
13267004,
13233527,
13203641,
13098964,
12954381,
12806530,
12801361,
12708044,
12575090,
13522825,
13343159,
13031373,
12989800,
12854184,
12894257,
12717715,
12635680,
12554165,
12442841,
12402703,
13523398,
13375210,
13311411,
13336554,
13256371,
13150601,
13177885,
13068150,
13108993,
12837624,
12885742,
12836495,
12730330,
12609073,
13423042,
12424139,
13484303,
13308783,
13106599,
13104485,
13061325,
14858393,
12782692,
12667857,
13688623,
12386470,
13335337,
14257880,
14236825,
13215839,
13114460,
12817428,
12831178,
12740537,
12690719,
14553831,
13361026,
13259591,
13112479,
12987904,
12893916,
12799980,
12791912,
12600349,
12618054,
12546762,
13368353,
13255674,
13130001,
13016733,
13001525,
12812028,
12810008,
12652960,
13521261,
13360551,
13289683,
13136545,
12968596,
12891151,
12791399,
12679336,
13634669,
13655563,
12464083,
13402308,
13277250,
13242023,
13087546,
12975849,
12929152,
12852409,
12728765,
12720487,
12493819,
12486782,
12345164,
13296037,
13141889,
13107533,
12764457,
12738910,
12670236,
12636800,
12384998,
13463768,
13286675,
13286020,
13089306,
12964556,
12945177,
12800635,
14694487,
13736904,
12664943,
12537762,
12418860,
12453865,
13522635,
13225745,
13104893,
13032559,
12909908,
12969457,
12937289,
12778236,
12687742,
12617048,
12643473,
12502854,
12606752,
13611166,
12417237,
13336727,
13177579,
13119721,
13032850,
12863468,
12821492,
12732013,
12500851,
12495546,
15391596,
14334963,
13211477,
13031589,
12971399,
13803538,
13835416,
13783653,
14525370,
14330131,
14329839,
15245498,
15250840,
15104307,
14890361,
14781983,
14836479,
14567086,
14476594,
15889357,
15328317,
15255831,
15132192,
14864137,
14812979,
14672014,
14640884,
14436303,
14234979,
15093499,
14935744,
14834055,
14692466,
13578343,
13436962,
13331393,
13206341,
13161396,
14000320,
13921037,
13829262,
13722402,
13702567,
13486018,
13332597,
13269984,
14324749,
14238022,
14095436,
13779569,
13676931,
13560744,
12508807,
12544515,
12507039,
12485733,
12382856,
13230663,
13279658,
13062827,
13119648,
13952417,
12904486,
12622377,
12673086,
12624938,
12605202,
12371970,
12493879,
12509341,
13404155,
13376529,
13202577,
12959431,
13026679,
13116104,
12847409,
12942060,
12728920,
12689811,
12586708,
19525270,
13336810,
13294229,
13133578,
13041717,
13084269,
12768749,
19636569,
19498059,
12344047,
12293311,
20344156,
20170939,
20082406,
12866154,
12737389,
12644610,
12474040,
12492209,
12419676,
12265825,
12171358,
12080585,
13011038,
12882941,
12835071,
12803242,
12659162,
12785016,
12482468,
12433589,
13205812,
12554456,
13028984,
12904767,
12790082,
12619383,
12473567,
12380685,
12243045,
12197548,
13061194,
12926216,
12890388,
12959480,
12672860,
12610270,
12483781,
12365250,
12315279,
12146158,
13019302,
12917061,
12832875,
12739589,
12543136,
12481368,
12585052,
12336706,
12205352,
13095834,
12951858,
12844490,
12983704,
12634715,
12614699,
12532645,
12393824,
12429659,
13341263,
13194362,
12997957,
12983276,
12727976,
12624614,
12513999,
12372503,
12197471,
12129255,
13031723,
12915238,
12761747,
12634363,
12543606,
12473387,
12320303,
12257801,
12332409,
13086196,
12893508,
12754370,
12688484,
12608052,
12473219,
12421256,
12399016,
12261443,
13337471,
13238957,
13120609,
13034740,
12788441,
12617910,
12474804,
12432875,
12419609,
12287012,
13215750,
12240790,
13099318,
12932312,
12922706,
12874922,
12749031,
12778112,
12580835,
12455152,
12452397,
13244401,
13091375,
13138743,
13979837,
13200799,
13164044,
12971131,
12956270,
12951678,
12822995,
12695253,
12541904,
12431245,
13433690,
13342118,
13256985,
13160491,
12963510,
12801810,
12872918,
12700689,
12559668,
13525331,
13453373,
13424212,
14237013,
14018473,
12904077,
12819386,
12722787,
12621159,
12582334,
12502448,
12693533,
12303778,
12218725,
12274518,
13152495,
12974570,
12850669,
12683049,
12867988,
12671225,
12746779,
12364517,
12308474,
12227587,
12057905,
12993615,
12870883,
12836112,
12669622,
12511371,
12391091,
12368625,
12373562,
12274212,
12201673,
12212301,
12140084,
14074573,
14191752,
12798001,
13795359,
12814283,
12691211,
12614201,
12419838,
12348813,
12182154,
12153628,
13065989,
13009966,
12943593,
12854350,
12807728,
12939274,
12818230,
14648710,
14609491,
14605871,
14611005,
14490795,
14659926,
14579960,
14489385,
14286164,
14250075,
14091382,
15270356,
14941136,
14925049,
14855558,
15046826,
14765887,
14765284,
14685043,
14563569,
14502938,
15389913,
15345140,
15165954,
14088986,
14038611,
13777822,
13790414,
13674764,
13481778,
13346050,
14324638,
14145770,
14017061,
13904501,
13807088,
13759554,
13531994,
14567048,
14469156,
14163654,
14145075,
12977187,
12998477,
12838459,
12732317,
12593596,
12582650,
13431339,
13325883,
13093748,
13059398,
12890750,
12870106,
12686053,
12564241,
12583513,
13469399,
13412055,
13143582,
13114592,
12877868,
12884691,
12858462,
12816002,
12724752,
13505160,
13422017,
13376696,
13279081,
13149723,
13066257,
12962721,
12831436,
12800558,
13864697,
13638305,
12524425,
12381853,
13354466,
13180616,
13072287,
13152631,
12833653,
12890261,
12810726,
12630380,
12630110,
13362270,
13145831,
13069146,
12897104,
12751624,
12821512,
12617324,
12621615,
13429007,
13452915,
13366346,
13068544,
13083912,
12964682,
12767449,
12949179,
12818868,
12687314,
12519691,
13658400,
13337750,
13380222,
13139401,
12995784,
12914768,
12857409,
12718661,
12623141,
12534715,
12500449,
13432695,
13398332,
13311302,
13117733,
12990310,
12853190,
12834076,
12608776,
12534464,
12436529,
13093796,
15842096,
14702913,
14711490,
14713927,
14618647,
14398715,
15413292,
15240641,
15128455,
14940667,
14772425,
14768607,
14729572,
14506375,
14527349,
14450161,
14302700,
14125867,
14606871,
14011370,
13827524,
13711123,
13675274,
14454499,
14321841,
15222220,
15113130,
15169446,
14885352,
14903021,
14623518,
14892750,
14481297,
14479808,
15189253,
15324250,
14957199,
14882774,
15802027,
14707669,
14657373,
14553650,
15541757,
15449201,
15412994,
15414248,
15375525,
15352776,
15315508,
14341908,
14341133,
14357971,
14342676,
22281788,
14220736,
14220969,
14216809,
14152237,
14077503,
14040474,
14048286,
13999885,
13985014,
14935019,
14926048,
14936965,
14928951,
14875011,
14857835,
14853747,
14795091,
14921190,
14818624,
14890120,
14830608,
14831398,
14608000,
14672821,
14531264,
14368687,
14270767,
14223401,
13997076,
15094558,
15002391,
13812645,
13703283,
13792910,
13475219,
13443871,
13394739,
13242478,
14241749,
14015733,
13917913,
13759042,
13635062,
13491930,
13499829,
13305074,
14322741,
13087717,
13000339,
12995695,
12919848,
13036252,
12815315,
12758001,
13505005,
13434889,
13414023,
13316037,
13006914,
13109338,
13052707,
12977176,
12613392,
12649507,
12600777,
12534105,
12484217,
12414724,
12460588,
12391151,
12391926,
12342060,
12366365,
12334982,
12275411,
12211278,
12182830,
12240887,
12206442,
12248360,
12233024,
12192951,
12195514,
12157858,
12129333,
12153158,
12132061,
12084059,
12051243,
12023009,
13024010,
12958644,
12929174,
12924634,
12878829,
20024569,
13939694,
13886834,
12799690,
12778480,
13722825,
12777662,
12830085,
12693912,
12706416,
12574498,
12526469,
12400536,
12265937,
12179322,
13143074,
12990813,
12887001,
12892237,
12839790,
12853891,
12572247,
12459975,
12506987,
12301233,
13217747,
13181998,
13047582,
12944383,
12960508,
13007190,
12783510,
12698070,
12541761,
14006839,
13807719,
13676010,
13537905,
14499519,
14272700,
14271304,
13060064,
13948169,
13796547,
13820062,
13938460,
13600420,
13484688,
13323738,
14285537,
14284102,
14103143,
13916646,
13883947,
13853192,
13403824,
13215860,
13077712,
13946488,
13815567,
12715742,
12671685,
12714083,
12592542,
12352251,
13272003,
12117334,
12933824,
13045616,
12725912,
12615481,
12473889,
12400271,
12351636,
12224295,
13170553,
13006004,
12984527,
12646109,
12443546,
12464695,
13177802,
13028026,
12874185,
12763593,
12663659,
12735213,
12470441,
12381977,
13296571,
13373474,
13213075,
13002161,
12855652,
12963178,
12750822,
12639657,
12576371,
12332756,
12448784,
13456762,
13185218,
13042919,
13063511,
12765965,
12746746,
12584067,
12402673,
13313022,
13225355,
13120984,
13227961,
13006837,
12995115,
12728472,
12577713,
12538194,
12422328,
12337059,
12261319,
12226293,
12235006,
12197230,
12286960,
12254944,
12249210,
12264504,
12409253,
12155809,
13076799,
12979907,
13067353,
12943271,
12712122,
12637664,
13569038,
12615413,
12441629,
13262733,
13295096,
13091529,
13163328,
12926028,
12744273,
12809634,
12680548,
12617457,
12600583,
13375203,
13439384,
13273284,
13186100,
13138918,
12999273,
12947365,
12753733,
12652326,
18790507,
12633356,
12488978,
13477579,
12572708,
12567694,
20451451,
19285961,
13128997,
20099317,
19078065,
13867037,
13745852,
12577962,
13505279,
14340449,
21195509,
14083519,
14037134,
13941448,
13841637,
13705204,
13455284,
13378403,
13306433,
14096117,
14026117,
13838888,
13689086,
13723729,
13541991,
13392446,
14321717,
14141621,
14006533,
13772614,
13668268,
13485395,
13364042,
14251059,
14120340,
13990845,
13972942,
13939407,
13697956,
13632656,
13507553,
12395874,
12416710,
13313193,
13327937,
13163129,
14144362,
13903611,
13827735,
13653218,
13706024,
15464838,
12460479,
12316636,
13188085,
13077196,
12972624,
12904651,
12815862,
12891641,
13672825,
12589925,
12637192,
13370023,
13240164,
13074454,
12974127,
12999889,
12984753,
12674102,
12563820,
12958453,
13387267,
13316266,
13257110,
13011804,
12868446,
12906651,
13614231,
12482191,
12449476,
13201421,
14009856,
13178506,
13064650,
12885990,
12965384,
12742029,
12785342,
12612444,
12443372,
12548522,
14437435,
13253625,
13080209,
12906007,
12779982,
12827532,
12702743,
12551501,
12597722,
13350076,
13298878,
13112366,
13032935,
12973612,
13024897,
12913504,
12668403,
12604464,
12590569,
14460134,
13365449,
13398364,
13157167,
13015668,
13098939,
12842740,
12989023,
12811976,
12606699,
13340952,
12562238,
13478254,
13339862,
13141459,
13023505,
12913692,
12990773,
12861329,
14716776,
12647670,
12538038,
12509275,
13323116,
13222207,
12992504,
12960626,
12901475,
12808155,
12643731,
13569976,
12455572,
13255063,
13221459,
13231270,
13110245,
12988666,
12992360,
13849051,
12762206,
12635816,
12597884,
13551111,
14378163,
13240679,
13848472,
12744436,
13603381,
12547520,
12514993,
12440342,
12377319,
12446156,
12245267,
13161955,
13042186,
13050744,
12976704,
12663558,
12579482,
12583598,
12431904,
12480605,
13171280,
13141767,
13147526,
13007522,
12915298,
12880747,
12950171,
12807515,
12614760,
12387619,
12235748,
13066604,
13022454,
12882055,
12743277,
12829617,
12747813,
12488915,
12398457,
13316227,
12172156,
12320120,
13083324,
12998760,
12888576,
12870513,
12742963,
12695500,
13413466,
13382456,
13269623,
13041052,
12900128,
12742131,
12778821,
12791478,
12432978,
13541238,
13472911,
13315780,
13153081,
12970065,
12827351,
12690394,
12566402,
12450068,
13430395,
13245035,
13089633,
13065109,
12820472,
12682166,
13709496,
13557255,
14319960,
15200378,
15078057,
14997948,
14908777,
14654270,
14609830,
14374645,
15200925,
15251560,
15149846,
14999424,
14859538,
14589916,
14659487,
14635469,
14423130,
14457199,
15295355,
15305766,
15264467,
15103993,
14997841,
14908532,
14932164,
14865187,
14755793,
14569988,
14448997,
14424365,
15316143,
15207127,
14918671,
14869744,
14627113,
14616920,
14396549,
15409108,
15228639,
14988269,
14951249,
14720980,
14677995,
14554251,
12591369,
13412899,
13343260,
13135799,
13021772,
13101438,
13071133,
12960051,
12747582,
12638141,
12539192,
12517725,
13322163,
13322254,
14080159,
12996980,
13096936,
12915484,
12630574,
12577567,
12549354,
13460420,
13246124,
13802082,
13230048,
13158142,
13083313,
12930407,
12910835,
12596179,
12444368,
12397843,
12251948,
12199225,
13040767,
12912441,
12855454,
12664124,
12532264,
12513935,
12252032,
12136286,
13104023,
12977261,
12935601,
12859688,
13759150,
12649124,
12585902,
12488688,
12428402,
12333237,
12257580,
13092281,
13282832,
13164191,
13036972,
12925871,
12836066,
12790773,
12555866,
12470754,
12364393,
12300368,
12247244,
12162151,
13045273,
12995993,
12836539,
12804345,
12803382,
12732320,
12687289,
14451307,
14355992,
14354474,
14118527,
14999599,
14908125,
14716801,
14715140,
14691350,
14487295,
14505554,
15240051,
15107382,
15123579,
14944377,
14744855,
14580184,
14358953,
14405419,
15214935,
15243963,
14948419,
14921141,
14745015,
14700486,
14478699,
15396456,
15226837,
15015857,
14990270,
14753497,
14784439,
14637085,
14397117,
14343398,
15255569,
15247638,
14198603,
14161619,
13977000,
13890414,
13688820,
13567942,
13611816,
14305886,
14183616,
14186378,
13936771,
14436349,
13829809,
13553559,
15314929,
14195158,
15031083,
15015053,
14860535,
14767940,
14756133,
14723292,
14455360,
15285465,
15116772,
15144938,
14998237,
14716533,
14600352,
14531711,
14452401,
15254720,
15047283,
14948943,
13932805,
12882463,
12895871,
12698809,
12680211,
12552053,
12549777,
12297868,
13219564,
13210542,
12993694,
12846322,
12767859,
12579188,
12574377,
12483602,
12394116,
12243975,
12115876,
13089184,
13016425,
12940846,
12837862,
13025794,
12963522,
12719800,
14747369,
12616804,
12539142,
12261505,
13328519,
12240136,
13074162,
12991407,
12809444,
12672739,
13634293,
12631686,
12603051,
12391992,
13277097,
13312598,
14023344,
13010950,
13808862,
12721032,
13661577,
12556528,
14395220,
14296026,
14196115,
13986566,
13871505,
13670273,
13568739,
14467925,
13470566,
14333467,
14229964,
13933649,
13893224,
13729192,
13590270,
13566869,
13447484,
13257372,
13281624,
13312968,
14146413,
14121437,
14016409,
13986625,
13915977,
14974526,
14823262,
14805156,
14690974,
14567985,
14639511,
14608969,
14474299,
14443249,
14363216,
15300776,
14293953,
15229358,
15241258,
15728076,
15152055,
14995778,
14950672,
14795085,
14809022,
14648074,
15409745,
14586388,
14444555,
16270765,
15137822,
14888035,
14756779,
14624347,
14364598,
14254440,
14159099,
14083903,
14043896,
14986730,
14938607,
14877707,
14847946,
14806980,
14779108,
14715033,
14647183,
14605661,
14537689,
14529419,
14485417,
12423229,
12454899,
12447034,
12399843,
13351028,
12339979,
12507869,
12276655,
12249919,
13516854,
12255106,
13345854,
13093908,
12983577,
12999963,
12711152,
12783002,
12651188,
12401449,
13367346,
13226256,
13106946,
12979475,
12944328,
13022412,
12812260,
12855365,
12716315,
12531135,
13383346,
13263676,
13167341,
14161278,
13992707,
13819939,
13645871,
13456482,
14388606,
14368329,
14083633,
14010940,
13942208,
13671084,
13537023,
13438469,
14363625,
14202796,
14057278,
13933071,
13771489,
14504028,
13505729,
15478070,
15371666,
15250524,
15075196,
14950255,
14741940,
14554545,
14514721,
14381588,
15252798,
15125667,
14898847,
14750721,
14521794,
14509922,
14474302,
14310520,
14072080,
13992313,
13892397,
13620794,
13644625,
13429809,
14342405,
14111060,
14064363,
14009928,
12786575,
12618212,
13585267,
13326150,
14249697,
13271485,
12939059,
12924382,
12814392,
12736239,
12665197,
19496441,
13524611,
13350487,
14218002,
14102840,
13901249,
20840450,
19586137,
13525847,
14375446,
14350802,
20105533,
20154582,
13915864,
13877658,
13596268,
13587873,
14322681,
14346941,
14060621,
21044283,
13853548,
14696901,
14673593,
14408914,
14394375,
15249297,
15166744,
14869545,
14712186,
14543354,
15356429,
15228317,
15152759,
15092161,
14854961,
14659664,
14599222,
14542997,
15434192,
15247187,
14571961,
15361971,
15326527,
15149053,
15015838,
14824734,
14680321,
14504946,
14599474,
15379564,
15199521,
15172901,
14918200,
14805242,
14669302,
14473118,
15348346,
14277546,
15101081,
15010763,
14912113,
14840944,
14671012,
14524754,
14357976,
15261260,
15056968,
15035983,
14834587,
14755379,
14581563,
14463386,
15141921,
15084882,
14931093,
14794938,
14746901,
14509819,
14413943,
15226082,
15251228,
15095485,
14753022,
14869831,
14579471,
14634001,
14325724,
15414484,
15115672,
14972459,
14834455,
15005587,
14833869,
14669513,
14372099,
14283012,
15164719,
15162255,
14994436,
14719090,
14760095,
14595972,
14477233,
15436075,
14982525,
15167779,
15115913,
14845140,
14720988,
14721899,
14563509,
14351669,
15335857,
15020416,
15052032,
14984574,
14826742,
14699570,
12648877,
12597652,
12395246,
13262761,
13279571,
13170003,
12976580,
12955890,
12836533,
12656807,
12698675,
12427683,
13385633,
13104131,
13072216,
12977939,
12931033,
12905499,
12916294,
12901145,
12868235,
12841108,
12759792,
12788828,
13740983,
12734567,
12703459,
12664405,
12763092,
12655977,
12610583,
12587732,
12562084,
12530502,
12507550,
12536969,
12517921,
12661272,
12422138,
12505595,
12371970,
13272156,
13211088,
13139167,
12845209,
12962803,
12745936,
12679253,
12448711,
13459782,
12349086,
13333284,
13186685,
13153098,
12998576,
12813512,
12799560,
12600667,
12574372,
12557575,
12621940,
12381077,
13394395,
14246601,
13297605,
13145945,
13054167,
12939684,
13014087,
12962893,
12717738,
12625039,
12477471,
13485478,
13444409,
13179574,
13019096,
12898149,
12959598,
12725280,
12752780,
12461892,
13461015,
13318449,
13173792,
13114209,
13058511,
12811523,
12886809,
12745157,
12628518,
13412116,
13489805,
13354737,
13203106,
13307867,
13094006,
13014380,
12928911,
12893516,
12670364,
12778708,
12591164,
12572393,
12430236,
13425515,
12418518,
14243216,
13134198,
13037527,
13021260,
12907929,
12764218,
12712719,
12653314,
13565813,
15485992,
15239406,
15158327,
15098798,
14841851,
14719811,
14748466,
14704780,
14508521,
14413273,
15343798,
15312763,
16194960,
15008751,
14806546,
14685665,
14589391,
14653110,
14655536,
14544407,
14355254,
15352189,
15133176,
15052907,
14868715,
14751504,
14584304,
14476721,
14315425,
28255632,
16136630,
16068659,
16037237,
15885623,
15801626,
15713545,
15588871,
15443038,
16478460,
15388203,
14140620,
13966786,
13807343,
13669552,
13615731,
13421664,
13284927,
14131362,
15012700,
14890468,
14757191,
14743049,
14647130,
14518548,
13503188,
13600095,
13393600,
13460938,
15177644,
16045943,
15960440,
16007989,
15832801,
15612676,
15559034,
15533257,
15341587,
15304364,
16117332,
16065672,
15830633,
15794098,
15806086,
15675483,
15521378,
16469178,
16161501,
16098162,
15873800,
15954439,
15862893,
15706305,
15682770,
15535432,
16461699,
16314069,
16111607,
16158282,
14926604,
13765484,
13768098,
13604274,
13553704,
13531888,
14423961,
13337466,
14230872,
14072627,
14129076,
13922813,
13825378,
13687267,
13762282,
13423521,
13246255,
14197344,
14047572,
13945499,
13867161,
13640523,
13513322,
13390233,
13259595,
13254238,
13972794,
13889735,
13730659,
13603500,
13438871,
13324226,
13132290,
14051183,
14019356,
13901148,
13769502,
13819894,
13617374,
13517235,
13242660,
13135246,
14931268,
14910548,
14747696,
14874710,
14711537,
14496474,
14570471,
14294647,
14120158,
15037836,
14844966,
14730875,
14609738,
14496615,
14335174,
15368398,
15093352,
15021793,
14886298,
14558760,
14434179,
14381303,
14222859,
14111618,
14972387,
14860203,
14730529,
14627377,
14479354,
14403737,
14248188,
14147146,
15029443,
14932279,
15359530,
15220940,
15015614,
14884408,
14766489,
14781402,
14548614,
14535799,
14312680,
15240624,
15078193,
14894039,
14951700,
14750395,
14546357,
14583674,
14557372,
14267724,
14263064,
15220231,
15130219,
14734142,
15059393,
14490056,
14412315,
14466858,
15272280,
15204501,
14908165,
14854715,
14712400,
14760235,
14544104,
14448068,
15272607,
15244672,
15098046,
15015118,
14962968,
14767942,
14631093,
14536503,
15607223,
15414219,
15295295,
15142339,
14035085,
14051165,
13948447,
13726039,
13503627,
13447910,
13384473,
15279641,
15079889,
14938071,
14732415,
13707386,
14645746,
14647340,
14403092,
15307555,
15106936,
15179726,
14961840,
14936573,
14706600,
14625353,
14473593,
15435972,
15326403,
15070571,
14948427,
14831334,
14767357,
14644464,
14481018,
15364733,
15297672,
15151642,
15142777,
15048302,
14713935,
14806185,
14567971,
14691033,
13250590,
14203405,
15112146,
13959209,
13912204,
14715860,
14478640,
15522811,
15344794,
15195814,
15042136,
14973900,
14728425,
14590674,
13532727,
13530745,
14274180,
14000377,
13825371,
13621267,
13494183,
13422199,
13252084,
13150930,
13026000,
13899465,
13773155,
13631590,
13563898,
13507981,
13434900,
13422850,
13363072,
13331967,
13295247,
13383531,
13358426,
14233291,
14055426,
14092916,
13931225,
15804706,
15834501,
14724746,
14826349,
14721065,
14512005,
14612104,
14309648,
15262606,
15216172,
15115637,
15037657,
14866902,
14824871,
14752930,
14615406,
14444755,
15376045,
15227161,
14985722,
15120645,
14867954,
14755740,
14574208,
15434205,
15445799,
15198159,
15033454,
14872484,
14715623,
14558038,
14565355,
15347146,
15164479,
15143756,
14993733,
14860448,
14799715,
14730126,
15529513,
14491268,
15321091,
15118138,
14948931,
14915619,
14846907,
14658286,
14443219,
14217460,
15186459,
15113845,
15003627,
14798795,
14755206,
14553996,
15526635,
15247490,
15117684,
15081931,
14922477,
14925378,
14658850,
14754593,
14464039,
14516770,
15314034,
15153901,
14912786,
14889641,
14611677,
14592007,
15543102,
15353252,
15226664,
15097761,
15084958,
14822245,
14703240,
14756420,
14524497,
14318422,
15184473,
15135609,
15130823,
14948988,
14913340,
14708797,
14800272,
14672018,
14627876,
14496656,
15280557,
15172913,
14985126,
15004955,
14650901,
14524867,
15465131,
15151391,
14984691,
14828228,
20789370,
14633570,
14523718,
14467772,
15355957,
15369985,
15097474,
15041895,
15055385,
14907743,
14651781,
14479122,
21532833,
21330222,
15097703,
15003664,
14818264,
14749285,
14547879,
20551875,
21421906,
15282358,
15146292,
21188379,
14919035,
14868026,
14694619,
14594634,
14430659,
14301639,
14422408,
15259602,
15189852,
14985260,
14916187,
14694676,
14704819,
14591273,
15388078,
14390483,
15136127,
15097749,
15035355,
14855626,
14746246,
14406813,
14537067,
14986711,
15196889,
15135082,
14939754,
14855949,
14710397,
14596001,
15383976,
15297728,
15132461,
15160225,
14988491,
14976681,
14706640,
15638853,
14456731,
15379538,
24245968,
15137268,
15132741,
14869949,
14828367,
14610646,
14494808,
14437112,
14360163,
14289061,
14113380,
13971470,
13839656,
13822959,
13544379,
14481665,
14413145,
13307505,
14108939,
14132559,
13949224,
13894660,
13786802,
13685134,
13430376,
13383872,
13246889,
14345579,
14204094,
14075258,
13922528,
13850551,
13785481,
13660520,
13454998,
13597834,
13434508,
14255624,
14111399,
13943875,
14050926,
13909941,
13691713,
12721884,
12669344,
12607816,
12547398,
12536946,
12390870,
13243792,
13190874,
13041821,
13027626,
12977032,
12877114,
12912926,
12744662,
12591925,
12648457,
12455590,
12422134,
12485349,
13397663,
13312404,
13091220,
12920500,
12883915,
12708963,
12595201,
12472998,
12412642,
13288287,
13030903,
13167851,
12878662,
13031921,
12867824,
12946521,
14814277,
14623688,
12477592,
12503899,
13256763,
13280768,
13056318,
12963523,
12942056,
12891635,
12785565,
12611306,
12596676,
12516605,
13334819,
13268870,
13067420,
13148011,
12981004,
12956971,
12794187,
12659317,
12583103,
13070616,
12592944,
13327950,
13176403,
13035962,
12949248,
12943310,
12914673,
12639379,
12581624,
12504364,
12438079,
13316223,
13237405,
13200484,
13059697,
12916483,
12713743,
12634404,
12543007,
12612779,
12493433,
14382675,
14354400,
14343137,
14175679,
13032620,
12930014,
13049024,
12942313,
12806177,
12771253,
12634450,
12434521,
12455641,
13283250,
13022940,
12834056,
12738369,
12659642,
12569304,
12514388,
12409928,
13503996,
13436113,
13283432,
13182798,
13058122,
13940370,
13779356,
13700592,
13571574,
13425338,
13233961,
13300661,
13191910,
13103276,
13951463,
13839261,
13966854,
13797092,
13509242,
13478522,
13295810,
14222391,
14191928,
13983455,
13799052,
13662427,
13765449,
13516770,
14440779,
14308160,
14214803,
14127675,
14069033,
13898185,
13824148,
13550949,
13501243,
13406851,
14283619,
14325553,
14025973,
13977942,
13890445,
13692043,
13491922,
13337914,
14196348,
14070212,
13998563,
13836688,
13808460,
13609431,
13357873,
12435289,
13266406,
13200202,
13096802,
12910070,
12787962,
12824172,
12674757,
12567300,
12502400,
13433069,
13249561,
13076979,
13116869,
13045813,
12913459,
12771552,
12722359,
12486077,
13452942,
13234914,
13115556,
13052740,
13021266,
13118618,
12923905,
13990793,
13131131,
13105270,
13009461,
12904581,
13723119,
12544130,
12394970,
13344173,
13175461,
13227398,
12983027,
12944972,
12913074,
12747367,
12615520,
12542883,
12541607,
14365587,
13255497,
13303864,
13147608,
13002053,
12895981,
12798156,
12744474,
12610796,
12469141,
12525775,
14196766,
14130917,
14001202,
13994119,
13773492,
13720120,
13431198,
13384240,
14351383,
14296964,
13981653,
13818915,
13798264,
13625235,
13508442,
13468303,
14362467,
14130790,
13927733,
15824565,
13772489,
13589684,
13461404,
13368660,
14254816,
14178498,
14086945,
13871902,
14012106,
13838138,
14556794,
13451558,
15313344,
15182155,
15044007,
14955505,
14706470,
14704713,
14475809,
14462324,
14388510,
15254310,
15072048,
14893506,
14856828,
14643803,
14703780,
15597928,
15889215,
15187525,
14956451,
14838598,
14749857,
14655645,
14525944,
14376097,
15318251,
15016288,
14918693,
13811085,
13729965,
13650359,
13449916,
14258165,
14129275,
14021925,
12935325,
12906040,
12877064,
12775830,
12698295,
12603357,
12416763,
12453896,
13303758,
13331207,
13119802,
13049869,
12992987,
12785520,
12748570,
12696994,
12558358,
12517415,
12410489,
12448948,
13331369,
13268858,
13078573,
13001484,
12994359,
12911683,
12778774,
12590457,
12488169,
12550957,
13380033,
13217477,
13355245,
13211680,
13082452,
14123175,
13936226,
12894757,
12710919,
12547631,
12449068,
13333920,
13169897,
13151582,
13220917,
13058659,
13040411,
12753868,
12712593,
12578611,
12651474,
12547984,
12395145,
13389660,
13271871,
13146894,
13143273,
13171108,
12920347,
12849108,
12623343,
12564824,
12450790,
12374753,
12244161,
12169003,
12054189,
12929749,
12918344,
13702583,
12634667,
12512053,
12445964,
12423823,
12375540,
13283730,
13536493,
12996740,
13053035,
12934492,
13020676,
12892151,
12709276,
12679246,
12617764,
12354443,
12310970,
12370986,
13190792,
13141512,
13031370,
12947495,
13039897,
12869146,
12831336,
12723655,
12537739,
12465624,
13389187,
13237454,
13116831,
12942259,
12912396,
12863452,
12624530,
12689859,
13474853,
13396103,
13244228,
14104312,
13021939,
13002472,
12893485,
12685823,
13543088,
13514842,
13334187,
13280936,
14253168,
14179798,
13926610,
14372877,
13663590,
12557012,
13361233,
13409400,
14232419,
14082294,
13941174,
13924207,
14677875,
14626514,
14526525,
14368203,
15250348,
15194268,
14934834,
14971864,
14673828,
14628558,
14415853,
15204539,
15246560,
15043245,
14676329,
14589817,
14445870,
15253558,
15164128,
15043460,
14977622,
14824313,
14599988,
14452693,
15410378,
15314254,
15070968,
14939640,
14815757,
14607979,
13512098,
13548762,
15396293,
14259401,
14014780,
13918084,
13816866,
13727611,
13546477,
14547513,
14344312,
14174382,
14148119,
13877648,
13922225,
13760369,
13643142,
13445281,
13250697,
14329818,
14138461,
14068550,
13802049,
13855501,
13639804,
13631631,
13503282,
14374993,
14242414,
14097468,
13873306,
13841697,
13760199,
13691103,
13393955,
13229065,
14073656,
13937633,
13757980,
13652533,
13469000,
13340509,
13202198,
14185298,
14189794,
13882537,
13745279,
13775192,
13600527,
13520558,
13504862,
14391192,
14088725,
14133481,
13963425,
13769939,
13626994,
13744283,
13678853,
13465612,
14383130,
14196868,
14995638,
14006778,
12867649,
12797062,
12700980,
12512703,
12599607,
13401922,
13204468,
14181202,
13140443,
13010347,
12962588,
12836889,
12706789,
12603507,
12679200,
12575578,
13390271,
13419003,
13278880,
13235441,
14107846,
13046555,
12877700,
12994655,
13866479,
12582632,
12609978,
12497608,
19539562,
12376737,
13333597,
13078572,
13926443,
20000040,
20101486,
13026636,
13045073,
12769257,
12891291,
12668260,
12540371,
19518986,
12432771,
12358584,
13321194,
13378297,
13150754,
13110756,
19032861,
13713377,
13826305,
12750985,
19702270,
12557797,
12513680,
12467146,
13307377,
14202245,
13220830,
13167584,
13118355,
13284847,
14132899,
12949465,
12722460,
12702976,
12610484,
12490126,
12622766,
13543648,
13284367,
13243378,
13227863,
13192344,
13322326,
13240958,
13059431,
14043257,
12896878,
12816592,
12601668,
19545075,
13355069,
13474979,
13250294,
13220481,
13187025,
14941232,
15005198,
14768307,
14576491,
14654821,
14586990,
15508936,
15377329,
15305296,
15099565,
14899928,
14731190,
14658016,
14474996,
14359199,
15147302,
15078674,
15019367,
14960125,
14723409,
14695425,
14518953,
14649513,
15466925,
15192044,
15028442,
14889414,
14972442,
14674303,
14714527,
14362621,
15313694,
15169235,
15172275,
15023056,
14779346,
14688866,
14663179,
14494799,
14435217,
15278660,
15122246,
14953329,
14843325,
14988872,
14774474,
14720534,
14731279,
14613384,
14610236,
14488518,
14441332,
14423149,
15313403,
15301087,
15046985,
14918091,
14818965,
14777661,
14718373,
14580941,
15377709,
15428406,
15137829,
15135985,
14990229,
14770739,
14709166,
14521633,
15362586,
14326609,
15121440,
14966499,
14842806,
14801530,
14553063,
14500352,
15475532,
15224337,
15076699,
14988823,
15452900,
14782059,
14746299,
14564871,
14422178,
15377452,
15128961,
15027799,
14897349,
14812774,
14753267,
14550251,
14454093,
14568997,
15255001,
15173872,
15098471,
14980186,
14955633,
14745311,
14685254,
14464610,
15499925,
15308081,
15091927,
15127256,
15033877,
14874461,
14657726,
14524229,
14534157,
15321487,
15340700,
14396242,
15205723,
15145768,
15166866,
14942288,
14870888,
14601308,
14700173,
14446988,
14361699,
14489190,
14320461,
14337888,
14209964,
14164638,
15244006,
15141655,
15083157,
15179900,
14965151,
15021526,
14881552,
14830961,
14774632,
14838725,
14840043,
14559292,
14553142,
14597923,
14451500,
14507400,
14581028,
14452885,
14325903,
15297348,
15264716,
15093370,
15576338,
14893090,
13754950,
13769759,
12566809,
14469705,
13209084,
15258797,
15849312,
15792481,
16688867,
15652291,
15557632,
16344606,
16233220,
16024457,
15887274,
15960487,
15669163,
15430757,
15349343,
15195191,
15111911,
15002022,
14817762,
14708951,
14491557,
14319736,
15098519,
14937808,
15044643,
14833921,
13698649,
13482007,
13426346,
14347503,
14364712,
14199650,
14008747,
13875514,
13732512,
13670537,
13456201,
13290053,
14285819,
14101546,
14035268,
13882338,
13791125,
13573993,
13494999,
14373046,
14200544,
14080653,
13930191,
13771091,
12651981,
12543491,
12399498,
13333874,
13343062,
13411842,
14197855,
13140881,
13056644,
12940414,
12831493,
12867485,
12760579,
12744209,
12741389,
13604324,
13590966,
13476455,
13400523,
13107435,
13048922,
12925854,
12962654,
12846060,
13692345,
12633569,
13564054,
13533751,
13267061,
13201968,
13202232,
14122161,
13040842,
13060386,
12953921,
12955396,
12866092,
12737129,
12665761,
12686703,
12717779,
12502545,
13387213,
13290033,
13326796,
13119298,
12959856,
12909744,
12892102,
13808942,
12698753,
12572498,
12405198,
13436850,
13102381,
13107728,
13075907,
12821540,
12757659,
12609560,
12613159,
12482545,
12379529,
13222547,
13179044,
13052286,
12898068,
12935937,
12819779,
12782629,
12651093,
12562115,
13408006,
13273191,
13259496,
13116796,
12971368,
12895097,
12748268,
12808174,
12841097,
12795995,
12566559,
12541121,
13376000,
13253421,
13033972,
13040276,
12781355,
12688037,
12542335,
13534411,
12426363,
13466509,
13846749,
13280118,
13130783,
13024533,
12885155,
13902857,
12715013,
13650667,
13791185,
13685445,
13610854,
13531991,
14236791,
14170218,
14172254,
14078685,
13879684,
13684236,
13650564,
13652116,
13502877,
14454418,
14247951,
14142731,
14011393,
13962790,
13774124,
13777371,
13578418,
14475124,
14283750,
14177964,
14080520,
13959969,
13837166,
13773272,
13548454,
13477659,
14473421,
14288020,
14212213,
14048817,
13931754,
13956604,
13857943,
13637880,
13609346,
13567817,
14517270,
14340362,
14244371,
14000056,
13921328,
13832225,
13764020,
13461610,
13257043,
13319960,
13960253,
13849028,
13695286,
13633184,
13481535,
13359762,
14227845,
14374460,
14123043,
14051977,
13894454,
13872074,
13730738,
13488855,
13338939,
14294613,
13093889,
14162415,
13962578,
13854231,
13651986,
13560831,
14446209,
14406748,
14144871,
14085101,
13938153,
13827399,
13681953,
13565288,
13475895,
13390686,
13356957,
13406886,
14228331,
14180060,
13950072,
13901081,
13776579,
13830702,
13756736,
13630590,
13428256,
13386277,
14276247,
14101931,
13952787,
13807044,
13809541,
13593088,
13564763,
13376138,
13339510,
14144114,
14003777,
13964765,
13844474,
13763154,
13791623,
13551845,
13560554,
14394197,
14188179,
14181651,
13978440,
13807304,
13597425,
13690250,
13402136,
14325699,
14208818,
13972245,
14052357,
13870139,
13744682,
13598030,
13556759,
13338230,
14266082,
14218535,
14028486,
13805533,
13748681,
13598461,
13540391,
14315367,
14153112,
14023794,
14128685,
13932864,
13748885,
13601438,
13657366,
13586674,
14528554,
14286830,
14211348,
14196957,
14147805,
13918148,
13760962,
13760823,
13556418,
13533918,
13380442,
14303530,
14224750,
14008207,
13950923,
13914914,
13755304,
13593567,
13453598,
14417995,
14235185,
14253290,
14017243,
14014650,
13917544,
14047475,
13643298,
13543111,
13548324,
13376967,
14362376,
14196976,
14020556,
14057307,
13961788,
13740175,
13456760,
13479275,
13362717,
13318595,
13268176,
13291628,
13242807,
13196968,
13185194,
13161572,
13141593,
13184532,
14150145,
13222612,
14259951,
14027150,
14147213,
14087183,
14053740,
13895081,
13638540,
13621020,
13499908,
13434246,
13346020,
14254427,
14057183,
13993284,
13940115,
13775871,
13709536,
13544105,
13461052,
13280834,
14272197,
14088719,
13968121,
13886652,
13685359,
13768436,
13567767,
14436566,
14333344,
14222794,
14070723,
13947275,
13868694,
13748015,
13715190,
13612404,
13491307,
14332087,
14228558,
14066783,
13764392,
13656524,
13463261,
13404312,
13232097,
13141958,
13082762,
13983768,
13852211,
13807085,
14401093,
13548401,
13412041,
13525429,
13181051,
13046452,
13988257,
13970765,
14036098,
14018273,
13681853,
13818540,
13753267,
13605890,
13336377,
14214158,
14320797,
14078846,
13988551,
13936164,
13867207,
20756694,
20598508,
20683027,
13536495,
14420410,
14243964,
14075023,
14062459,
14686568,
13906717,
13830942,
13599665,
13514734,
20431741,
14305677,
14129548,
14032017,
13913474,
13805356,
20752931,
13646504,
20586113,
14444163,
14264100,
14260177,
14169936,
13973591,
13824106,
13743899,
13755403,
13631946,
13589425,
13373838,
14327150,
14290335,
13992878,
13980426,
13895518,
13908427,
13709905,
13561635,
13482546,
13349620,
14351787,
14260247,
14064451,
13952565,
13851977,
13762862,
13680518,
13547651,
13432362,
14368709,
14324087,
14130058,
14172980,
13944293,
13957631,
