19077665,
20802274,
20501999,
19471650,
18153188,
17024161,
15751254,
14527109,
13464575,
12371694,
11309612,
10209404,
9226009,
8924574,
7876290,
8175792,
8276020,
7214391,
7380760,
8128475,
7121660,
7672031,
8134825,
6940785,
7539713,
8278825,
7292810,
7669698,
8271937,
7022996,
7650403,
8258868,
7054698,
7480618,
8547990,
7486438,
7488503,
8356952,
7140849,
7398752,
8227818,
7117150,
7426629,
12112493,
10951270,
11436440,
12152519,
12493688,
11359529,
11628182,
12562804,
11401702,
11872890,
10758472,
11122989,
11705062,
12539648,
11416876,
12119329,
12891452,
11982202,
12156879,
11162739,
11797712,
10918442,
11143344,
12070132,
10988654,
11536156,
12207540,
11103848,
11716440,
10728226,
11196575,
12281497,
11308301,
11719731,
12634290,
11636348,
11956538,
12630534,
11532018,
12393820,
11304898,
11704357,
10802369,
11051667,
11987224,
10902759,
11334944,
12128843,
10987323,
11655420,
10532580,
11170429,
11972002,
11001386,
11472276,
10477815,
11013323,
12028204,
10985577,
11332904,
12580018,
11553078,
11663799,
12437834,
11336436,
11677742,
12521756,
11430835,
12073376,
10964908,
11525454,
12250278,
11148286,
11741139,
10745430,
11064995,
11972855,
10989408,
11615478,
12179796,
11180441,
11743995,
10689042,
11140597,
12223581,
11289735,
11290493,
12224871,
11222225,
11708315,
10720834,
11242069,
12203192,
11217720,
11771243,
10778558,
11284039,
12122996,
11007070,
11606934,
10460177,
11356597,
12239267,
11070550,
11359272,
12674267,
18056295,
6355184,
7187569,
6153338,
6469468,
7421280,
6332472,
6901840,
5879383,
6371899,
7251507,
6268531,
7084415,
6023639,
6350920,
7188013,
6031850,
6861540,
5842585,
6140304,
7064813,
6042407,
6653394,
5695487,
6104436,
7089130,
6167713,
6811515,
5679869,
6091605,
6868111,
6406801,
6202178,
7160092,
6022421,
6707726,
5554195,
6085659,
6950250,
5841054,
6447906,
5380196,
6048986,
6858633,
5877711,
6521560,
5422791,
6069293,
6841555,
5777044,
6350965,
5269506,
6057630,
7007151,
5924624,
6293780,
7163970,
6082991,
6880837,
5720565,
6157159,
7016620,
5893027,
6320634,
7126153,
6037551,
6895325,
5937987,
6336450,
7006917,
5917734,
6487389,
5380607,
5931179,
6826983,
5710665,
6308945,
7078077,
5894015,
6363052,
7210061,
6191339,
6977732,
5857210,
6503091,
7198802,
6112348,
6611195,
5507600,
6026665,
6894435,
5789965,
6404824,
5314676,
5828620,
6692541,
5574387,
6246582,
7099019,
5967946,
7217634,
7247561,
6530648,
6904609,
5903775,
6493572,
6534962,
5840441,
5798172,
6548087,
5484758,
6373698,
5244439,
5832541,
6689562,
5644050,
6386501,
5318003,
6154190,
5093730,
6065689,
6802060,
5712869,
6463132,
5362184,
6084645,
7061923,
5998627,
6754489,
5675908,
6474637,
5404571,
6137249,
7040719,
5974855,
6670573,
5629554,
6258534,
7055793,
5977802,
6715341,
5634859,
6446079,
7247298,
6148783,
6847385,
5838432,
6387313,
5223872,
5907751,
6731343,
5718756,
6340088,
5189199,
5847596,
6660956,
5546996,
6424487,
5422665,
6126879,
6950034,
5891726,
6790122,
5697141,
6092272,
7172331,
6035276,
6644811,
5472753,
6167314,
6816439,
7777279,
6699381,
5633403,
6312112,
5251011,
5902566,
6901738,
5789703,
6469221,
7296837,
6177425,
7052142,
6085422,
7683187,
6653991,
7258675,
8142969,
7074461,
8205963,
7092856,
7509403,
6376200,
6829922,
7953462,
6922292,
7294523,
6261073,
6881738,
7855556,
6836668,
7794263,
6756989,
7109269,
7995066,
6923109,
7515148,
8637710,
7404114,
8129276,
7059016,
7466943,
6428626,
7052855,
8038391,
6918607,
7445205,
6362886,
6941245,
7881008,
6796823,
7614431,
6484962,
7122015,
8009172,
6966960,
7594992,
8568668,
7437584,
8000856,
6820131,
7745252,
6640611,
7318500,
6201246,
6951521,
5971230,
6366512,
5381753,
7063810,
8055388,
7017695,
7561697,
6505936,
7073200,
7917793,
8181466,
7149197,
7940617,
6849711,
7486933,
6366634,
7092213,
7931340,
6759195,
7550571,
6499150,
7147089,
7986381,
6884269,
7920111,
6828379,
7275433,
8039754,
6946028,
7785942,
6685932,
7329241,
6224666,
7060291,
7806569,
6735624,
7589716,
6495526,
7175986,
6064594,
7002084,
7891693,
6803359,
7607154,
6537472,
7107623,
8126624,
7031774,
8772272,
7655190,
8630260,
7537804,
7976702,
8968347,
7889177,
8518993,
7361723,
8101426,
9020721,
7883399,
8752733,
7653844,
8237905,
9125723,
7974174,
8705512,
7464465,
8412085,
7314923,
7779303,
8827052,
7723871,
8483022,
9288331,
8190132,
9067185,
7887903,
8545957,
7418198,
8292838,
8999426,
7934011,
8602853,
7494282,
8256144,
9240247,
8069897,
8638186,
7455536,
8200208,
9009860,
7900942,
9006658,
7949998,
8350127,
7242584,
7839669,
8956139,
7866789,
8368725,
7292493,
8066358,
8863419,
7715724,
8637656,
7565182,
8185872,
9199708,
8119358,
8883814,
7846434,
8944067,
7842355,
8316654,
7277907,
7976362,
8872200,
7734898,
8497375,
7451829,
8030595,
8942926,
7776542,
8538403,
7417466,
8014287,
8906856,
8450109,
8604118,
7555863,
8239740,
7185564,
7858856,
8785394,
7612089,
8395155,
7308989,
8080286,
8980593,
7879846,
8716523,
7594063,
8396020,
7303592,
8092032,
8981260,
7898126,
8703530,
7589106,
8427051,
7375587,
8084361,
8961073,
7800563,
8614150,
7475957,
8134379,
9053244,
7981634,
8840809,
7741597,
8392624,
7240492,
7944137,
8782699,
7688117,
8461259,
7353296,
8080916,
8991007,
7883329,
8588922,
7416716,
8160736,
8920666,
7768356,
8512861,
7355957,
8101963,
8920774,
7818751,
8660393,
7492399,
8123078,
9093145,
7997696,
8779247,
7586141,
8293449,
7189655,
7826675,
8830832,
7770041,
8566453,
7452766,
8135745,
8955084,
7834672,
8689392,
7534391,
8174602,
9085330,
7973047,
8827505,
7694173,
8317583,
7161567,
7916641,
8845481,
7746038,
8499223,
7372715,
7896238,
8835416,
7714106,
8504587,
7361793,
8083480,
9027492,
7959964,
9682339,
8580152,
9377453,
8257922,
8936669,
9709589,
8584474,
9372678,
8211990,
8814205,
9685156,
8599898,
9385504,
8274585,
8935609,
9833417,
8764158,
9546535,
8388865,
8996830,
9964307,
8851569,
9634639,
8566464,
9141929,
9975879,
8849457,
9657454,
8513693,
9124153,
10001747,
8835667,
9561795,
8476326,
9131702,
10140129,
9078426,
9600448,
8483046,
9073846,
10176393,
9041234,
9468918,
10348338,
9199746,
10134154,
8955425,
9611114,
10370222,
9234125,
9799904,
8608001,
9352347,
10386624,
9246968,
9874222,
8740133,
9402722,
8256117,
9227327,
9836956,
8728340,
9400543,
8278833,
9230798,
9700138,
8583379,
9396127,
8263334,
8992341,
9938782,
8786132,
9372662,
8296024,
8950104,
9842396,
8721699,
9434740,
10298500,
9228278,
10185791,
9105810,
9784121,
8630000,
9033540,
10138307,
9052835,
9637113,
10518782,
9347361,
10213103,
9098160,
9581366,
10650159,
9498312,
8361307,
8925753,
9808444,
8684948,
9435464,
8365281,
9213103,
9906506,
8796594,
9560589,
8423127,
9150756,
10037757,
8869693,
9671146,
8496657,
9197528,
9876326,
8740562,
9614898,
8506643,
9263005,
10000414,
8809722,
9763570,
8680691,
9092226,
10108303,
8943152,
9753296,
8601104,
9084471,
10014431,
8850855,
9506654,
10505564,
9390206,
10232609,
9149832,
9637658,
8477798,
9244177,
10119102,
9028053,
9727083,
8630244,
9557967,
8458990,
9081397,
10071284,
8954447,
9699818,
8539938,
9265786,
10584148,
9456675,
9650301,
10503407,
9435253,
10229559,
9152270,
9966214,
8849638,
9666480,
8542256,
9080552,
10003678,
8822591,
9698562,
8634919,
9182624,
9958954,
8800152,
9702012,
8530598,
9160112,
10133103,
8994920,
9585836,
8466051,
9339651,
8165246,
8979523,
9633579,
8517450,
9362336,
8187223,
8930731,
9732915,
8587901,
9321025,
8172920,
9090379,
9820609,
8721362,
9453696,
8341319,
8946290,
9789741,
8624595,
9384551,
8292087,
9160808,
10116143,
8995691,
9668297,
8566415,
8975923,
9977910,
8847402,
9647930,
10373797,
9256318,
9981933,
8822833,
10469837,
11399499,
10295059,
11067491,
9988442,
10607586,
9512080,
10452776,
11132328,
9961954,
10630950,
9534556,
10151457,
11155882,
10024870,
10834912,
9754670,
10265617,
11130870,
9982379,
10720727,
9632723,
10198468,
11104270,
9927057,
10668629,
9551045,
10340772,
9346320,
10040375,
10989633,
9850640,
10651632,
9586254,
10167600,
11014470,
9906507,
10697740,
9603372,
10239105,
11126057,
9976356,
10619811,
9436421,
10158912,
11105564,
9943406,
10680517,
9592938,
10304507,
11101325,
9940567,
10747291,
9633342,
10407991,
9285231,
9986211,
10794759,
9690308,
10398800,
9229747,
9957057,
10910337,
9841104,
10593295,
9453317,
10119469,
10992359,
9837165,
10551759,
9417104,
10257251,
10976703,
9888823,
10584637,
9373942,
10040661,
10920951,
9828280,
10654280,
9519132,
10158549,
11066387,
10003350,
10728129,
9628195,
10491010,
9417259,
10216947,
10873326,
9706178,
10451263,
11337296,
9573583,
10314221,
11384557,
10243915,
10982126,
9868672,
10503309,
9399463,
9995306,
11084867,
9948880,
10578705,
9460616,
10300564,
11245761,
10110106,
10588686,
9393322,
10134723,
11023539,
9924359,
10850168,
9716689,
10230341,
11214149,
10023189,
10838375,
9708637,
10335925,
9249611,
9875032,
10811666,
9694885,
10317261,
9172533,
9953345,
10856632,
9745019,
10698837,
9558405,
10071887,
10917396,
9756044,
10384366,
11219915,
10047687,
10875229,
9768360,
10521006,
9380468,
10075820,
10919882,
9774596,
10484919,
9352167,
10092022,
10854451,
9709173,
10441949,
11372714,
10249624,
10968320,
9887035,
10737001,
9627178,
10174053,
11199592,
10028545,
10636620,
9476904,
10377447,
11226228,
10078126,
10715496,
9590794,
10247990,
11079124,
9934330,
10723223,
9612083,
10270272,
11205132,
10078380,
10807208,
9628117,
10397250,
9260652,
9922552,
10857883,
9700429,
10473233,
9315524,
9910833,
10839386,
9732120,
10524916,
9431806,
10071763,
10963294,
9849681,
10628517,
9490861,
10200363,
11086668,
9905831,
10701568,
9643785,
10256628,
11189232,
10028747,
10808413,
9717113,
10395859,
9261965,
10130623,
10794040,
9736332,
10195637,
9027182,
9966797,
10755157,
9674200,
10319798,
11345988,
10191451,
10899202,
9781592,
10391134,
9260822,
9907380,
11048276,
9913984,
10496041,
9344711,
10335834,
10915112,
9772589,
10726147,
9608835,
10311350,
11180949,
10026526,
10732734,
9599068,
10183906,
11269965,
10126626,
10772596,
9668783,
10346471,
11188805,
10051251,
10804960,
11662434,
10539449,
9337494,
9918594,
10858797,
9765651,
10468913,
9341010,
10059387,
10940845,
9817784,
10554738,
9378058,
10127351,
10967866,
9845159,
10631989,
9577055,
10311831,
9248341,
10021559,
10854399,
9777602,
10575697,
9388451,
10209566,
10872888,
9789938,
10701990,
9586154,
10044429,
10902521,
9740077,
10599925,
9437867,
10208955,
10885861,
9736779,
10556671,
9445212,
10108017,
10962582,
9835566,
10653491,
9521616,
10209519,
11073318,
9952294,
10717187,
9559414,
10252328,
11133828,
9963743,
10726517,
9614474,
10391107,
9292325,
9922779,
10797716,
9700223,
10434600,
9295761,
9949600,
10894689,
9778115,
10503113,
9349197,
10108185,
10864343,
9736139,
10570868,
9445806,
10093366,
10861398,
9718079,
10585008,
9491968,
10090185,
10982930,
9944441,
10625490,
9465035,
10049593,
10944962,
9795765,
11127456,
10047403,
10367280,
9258534,
10003821,
10893724,
9745763,
10399135,
9303179,
10100570,
10910645,
9807336,
10648627,
9558765,
10191580,
11109872,
10019859,
10817542,
9727543,
10395927,
9263241,
10024096,
10955643,
9761703,
10386728,
11230695,
10089924,
10936550,
9835332,
10512745,
9415337,
10316560,
11136502,
10028544,
11006750,
9877516,
10598411,
9501905,
10234374,
9124260,
9880766,
10986835,
9901013,
10612176,
9527364,
10277422,
11322699,
10214801,
10936274,
9833027,
10544738,
9453064,
10144756,
11204316,
10059938,
10724748,
9587869,
10198722,
11098010,
9973411,
10692261,
9542644,
10311897,
9213127,
10248960,
10832163,
9706252,
11086720,
11313241,
10182029,
10872572,
9730716,
10561988,
9426466,
10172257,
10981882,
9861514,
10684120,
9598876,
10280536,
9171371,
10064889,
10959302,
9792025,
10332072,
11522195,
10402339,
11014187,
9951475,
10452665,
11477467,
10294799,
11006393,
9861852,
10544039,
9380752,
10221915,
11099220,
10022478,
10511819,
9339387,
10245248,
10951226,
9798650,
10606898,
9462597,
10274614,
11021252,
9864426,
10585149,
9464366,
10389767,
9280526,
10144283,
10746961,
9642112,
10448107,
9313423,
10010609,
11062920,
9931786,
10662477,
9548491,
10119923,
11043182,
9934921,
10693727,
9601178,
10338463,
9203754,
9823356,
10651331,
9602727,
10326717,
9105318,
9824642,
10682412,
9523486,
10437187,
9267939,
9937030,
10834237,
9724399,
10520484,
9371262,
10018828,
10974548,
9851819,
11560111,
12476368,
11306542,
12537472,
11432155,
11803366,
10693372,
11486816,
10362943,
11115603,
11909096,
10784222,
11601079,
10510975,
11234852,
12008384,
10878591,
11748225,
10629604,
11275255,
12172739,
11012611,
11827842,
10704174,
11399087,
10252769,
10948065,
11878318,
10749393,
11439476,
10291668,
10939074,
11938034,
10795046,
11506418,
10360043,
11015317,
11958874,
10856495,
11524326,
10478023,
11132167,
12068831,
10846605,
11586818,
10423715,
11081907,
12016663,
10808462,
11565615,
10466206,
11154263,
11927834,
10818280,
11607354,
10472955,
11153440,
11998228,
10877191,
11663994,
10552875,
11330304,
10132154,
10824592,
11752780,
10649104,
11390566,
10291355,
10881335,
11798673,
10627420,
11456500,
10370352,
10955262,
12058374,
10926594,
11492876,
10343660,
11130714,
11869645,
10747759,
11648798,
10540506,
11270318,
10153725,
10763324,
11545205,
10404657,
11226078,
10086360,
10759051,
11859377,
10734612,
11378101,
10258690,
11044004,
12027442,
10928742,
11650355,
10560092,
11318201,
12271938,
11132581,
11685653,
10534763,
11419113,
10286016,
10897410,
12022701,
10933058,
11451255,
10280254,
10960777,
11778186,
10675385,
11460269,
10299549,
11047232,
11828197,
10695550,
11563830,
10387290,
10986304,
11801579,
10643952,
11519683,
12331311,
10542076,
11406823,
10220592,
10851841,
11787479,
10714950,
11398719,
10329081,
10913891,
12006395,
10846920,
11509353,
10371067,
10910761,
12038657,
10899084,
11529962,
10403579,
11133268,
11941085,
10780254,
11592348,
10478389,
11412349,
10237426,
10774135,
11756104,
10626013,
11646515,
10496665,
11054003,
11978529,
10879146,
11729824,
10607028,
11007999,
12080737,
10925025,
11719107,
10579705,
10994441,
11912107,
10730584,
11492540,
10324580,
10976264,
11894257,
10715700,
11576588,
10482038,
11124742,
12040827,
10909387,
11668329,
10528556,
11324347,
10184333,
10831372,
11824270,
10740830,
11445710,
10271602,
11007640,
11987354,
10847008,
11637755,
10512250,
11364302,
12026624,
10854987,
11659540,
10547010,
11485893,
10400965,
10850542,
11850181,
10749806,
11509988,
10330111,
11098436,
11865321,
10703424,
12224083,
11074911,
10907817,
11806515,
10620196,
11382309,
10277593,
10987630,
12084528,
11000746,
11615816,
10529172,
11423906,
10315018,
10892804,
11715038,
10616439,
12331508,
11162941,
11847632,
12732674,
11605639,
12375554,
11217558,
11937431,
12807562,
11651401,
12612034,
11467208,
11857506,
12861256,
11728021,
12743856,
11671561,
12162350,
12900571,
11839179,
12604972,
11428377,
12224130,
12951841,
11831046,
12795260,
11673837,
12085117,
13527844,
12362690,
13240557,
12069068,
12566078,
13482669,
12448216,
13111432,
12000583,
12735409,
11614223,
12570045,
11415382,
12073199,
12852966,
11715248,
12739634,
11579601,
11990140,
12908165,
11804313,
12737682,
11583550,
12059264,
13204928,
12049935,
12686505,
11528218,
12554471,
13242138,
12087745,
12669938,
11562828,
12596974,
11508639,
11869839,
12928502,
11823667,
12654056,
11552142,
12102862,
12960781,
11848272,
12764450,
11603404,
12084415,
13045660,
11913493,
12694284,
11569288,
12419837,
11221022,
12023786,
12741303,
11614934,
12503502,
11347024,
11913347,
12835550,
11747499,
12521031,
11334492,
11999355,
13050709,
11974611,
12593484,
11480438,
12131330,
13067665,
11956288,
12757460,
11660935,
12467337,
11374356,
11876998,
12808498,
11670365,
12665301,
11546474,
11959052,
12881943,
11794152,
12507477,
11329577,
12005588,
12898816,
11754234,
12587800,
11439569,
12162511,
11042347,
11780809,
12712556,
11613467,
12420023,
11261865,
11800517,
12728635,
11660046,
12397738,
11285135,
11982181,
12885773,
11702782,
12521144,
11441920,
12057043,
12996390,
11934066,
12704237,
11593539,
12318314,
11203888,
11947684,
12819325,
11692019,
12406977,
11239978,
11985205,
12783339,
11599604,
12562429,
11434559,
11949604,
12810713,
11672164,
12582372,
11438183,
12133563,
12749478,
11687679,
12454902,
13291597,
12161799,
12868088,
11688041,
12507095,
11392225,
12214208,
12918235,
11784998,
12764903,
11693402,
12095553,
12994384,
11856005,
12549189,
11406761,
12247585,
11072092,
11752540,
12591725,
11487019,
12467990,
11395929,
11862572,
12700183,
11579564,
12364665,
11194888,
11893010,
12842950,
11693915,
12636476,
11552202,
12188798,
12799689,
11655314,
12615203,
11476802,
12159355,
12803482,
11711515,
12508462,
13313415,
12187279,
12893417,
11721993,
12826792,
11685244,
11992797,
12864358,
11764191,
12448171,
11327244,
12071259,
12982021,
11865178,
12622011,
11484512,
12192195,
13272524,
12201609,
12699724,
11613468,
12571488,
11421220,
12002235,
13058263,
11921855,
12689327,
11590205,
12009434,
12980125,
11865294,
12558455,
11390882,
12099350,
13077464,
11981498,
12658226,
11471968,
12386683,
11297617,
12076013,
12855455,
11708571,
12450752,
11310183,
11884736,
12856582,
11715756,
12558656,
11432809,
11985734,
12707733,
11574718,
12541868,
11493411,
12205767,
12914248,
11754481,
12872102,
11704371,
12002572,
13117481,
11952667,
12850272,
11709396,
12008738,
12979230,
11819403,
12572932,
11381795,
12147786,
12874481,
11738694,
12530373,
11353829,
12181946,
11109001,
11760764,
12764288,
11660111,
12505022,
11389112,
12129100,
13129272,
12053278,
12860525,
11770165,
12442601,
11372700,
12083294,
13049622,
11969123,
12714157,
11640799,
12457902,
11346750,
12077778,
12978848,
11878555,
12641934,
11518305,
12330807,
11201851,
11735374,
12707850,
11570439,
12485522,
11380491,
12048642,
12886985,
11781071,
12450551,
11339505,
12132697,
13014944,
11879249,
12556349,
12005860,
12091384,
13019467,
11916920,
12770082,
11628596,
12385477,
13280498,
12110725,
12789562,
11653732,
12428408,
11257614,
11967527,
12952205,
11813234,
12393796,
11287363,
11986590,
13104299,
11969635,
12632170,
11549172,
12280265,
13095367,
11981431,
12783059,
11672459,
12360565,
13279955,
12157281,
12951175,
11809189,
12478959,
11294995,
12020310,
12886507,
11754892,
12569502,
11439113,
12228704,
13058993,
11892442,
12665303,
11571986,
12401554,
11223739,
11891755,
12932864,
11801762,
12446970,
13014325,
11882014,
12700061,
11511478,
12539468,
11400186,
11867249,
12618190,
11493404,
12672757,
11547338,
11759441,
12774136,
12225061,
12375433,
11227698,
12028353,
12805066,
11711105,
12398044,
11304083,
12057899,
13150294,
12079328,
12812074,
11736657,
12616732,
11441099,
11933176,
12853772,
11726857,
12417416,
11268949,
12006745,
12950003,
11875113,
12613675,
11465574,
12201141,
13081990,
12011937,
12775667,
11658853,
12329892,
12674313,
11551384,
12425113,
11269989,
12083686,
12760250,
11640424,
12483443,
11339262,
11933062,
13064821,
11939679,
12629677,
11457486,
12230874,
12927183,
11847499,
12729147,
11555992,
12076941,
13030671,
12347412,
12761508,
11666804,
12431802,
11254353,
11901322,
12852601,
11702536,
12355697,
11229651,
11876511,
12771354,
11643668,
12505579,
11370480,
11991548,
12850156,
11753200,
12696050,
11562782,
12193168,
12993321,
12298525,
12721851,
11571385,
12027883,
12908020,
11759368,
12617764,
11494076,
12208285,
12921674,
11781573,
12828075,
11694384,
12147272,
12968203,
11813222,
12561119,
11437846,
12124923,
12999494,
11876174,
12620665,
11450446,
12109621,
13141142,
12033816,
12696043,
11557808,
12347372,
13224517,
12060948,
12807042,
11664864,
12232339,
13344741,
12222024,
12757043,
11645377,
12411517,
11294135,
11953981,
12925831,
11797378,
12605890,
11511913,
12211843,
13074184,
11968367,
12748847,
11588496,
12243539,
13149909,
12018774,
12803669,
11694102,
12449797,
11325288,
12113009,
13085239,
12026547,
12732197,
11585515,
12254905,
13371661,
12187366,
12735493,
11592295,
12596888,
11449603,
11896486,
12716113,
11639905,
12485447,
11312294,
12041977,
12842868,
11682810,
12593642,
11470926,
12089676,
12982701,
11833966,
12614049,
11523393,
12544408,
11452324,
12040220,
12825302,
11715071,
12735184,
11562975,
12109052,
12833990,
11700533,
12718497,
11628668,
12307774,
12965554,
11803495,
12639414,
11495688,
12096045,
12944415,
11859095,
12592319,
11480401,
12144599,
13098043,
11967114,
12753586,
11618416,
12358580,
11226267,
12023146,
12755982,
11582190,
12417628,
11299893,
12167342,
12857502,
11731875,
12624319,
11477899,
11986046,
12961761,
11819189,
12680720,
11576440,
12161452,
12931058,
11790268,
12545023,
11406125,
12338757,
12989265,
11860265,
12742756,
11660801,
12302961,
11190454,
11821967,
12735168,
11656146,
12349142,
11180423,
11944296,
12789756,
11667560,
12363747,
11218698,
11939576,
12803043,
11666635,
12563376,
11378626,
11958714,
12816797,
11654853,
12490879,
11377717,
12167551,
12982851,
11858807,
12666882,
11591290,
12326103,
11197273,
11874718,
12720347,
11598875,
12280961,
13092340,
11952439,
12707429,
11539510,
12454024,
11364544,
11973564,
12717374,
11626325,
12551290,
11458656,
11894412,
12834752,
11692907,
12382811,
13159322,
12033913,
12865669,
11747438,
12755966,
11583218,
12160301,
13122335,
12009678,
12895255,
11752847,
12142666,
12984615,
11815394,
12628968,
11490310,
12105676,
13074043,
11935663,
12729859,
11592408,
12149442,
13044307,
11919444,
12667184,
11549186,
12188112,
13365213,
12239791,
12861688,
11692597,
12329134,
13108245,
11985014,
12712943,
11599812,
12299343,
11185527,
11899086,
12882522,
11740337,
12580181,
13259162,
12134102,
12775709,
11663071,
12751208,
11577169,
11942801,
12859415,
11712729,
12441919,
11304897,
11999500,
12870634,
11749949,
12527697,
11435028,
12184618,
13059106,
11905499,
12928494,
11826927,
12683802,
11548714,
11972991,
12864531,
11755120,
12524503,
11426110,
12253944,
13116108,
11946632,
12563762,
11441537,
12409316,
13140869,
12069189,
12652144,
11506995,
12362524,
11194651,
11893460,
12824480,
11720509,
12633925,
11525798,
12179649,
12886320,
11771140,
12525058,
11392654,
12316779,
12943251,
11806566,
12595997,
11510844,
12738888,
11562278,
12025672,
12754303,
11675252,
12679086,
11540960,
11995395,
12822468,
11721806,
12525999,
11430181,
12116831,
13025250,
11921010,
12701838,
11556942,
12476270,
13098647,
11999335,
12756047,
11675538,
12728153,
11591201,
11958542,
12813528,
11676553,
12728771,
11565068,
12144401,
12950589,
11858318,
12671507,
11503752,
12065837,
13024208,
11882974,
12679984,
11570996,
12458203,
11338965,
11866191,
12797939,
11643506,
12713804,
11581149,
11985929,
12905643,
11823079,
12661840,
11539608,
12146275,
13083043,
11940868,
12553195,
11460274,
12203275,
12984801,
11862538,
12726236,
11577257,
12478186,
11328200,
11941230,
12757911,
11659746,
12474769,
11331442,
12168895,
12868799,
11748510,
12521122,
11384032,
12312607,
13200138,
12085927,
12730983,
11569403,
12545406,
13310822,
12169093,
12852859,
11739582,
12462421,
11306001,
11967742,
12904154,
11756980,
12556785,
11454297,
12508672,
13078426,
11943024,
12668699,
11536234,
12342322,
11223269,
11936283,
12823237,
11734093,
12493664,
11382289,
12270581,
12960307,
11838013,
12631607,
11510732,
12512051,
13012200,
11923225,
12711231,
11544635,
12423634,
11308694,
11996498,
12888686,
11758234,
12851182,
11724487,
12026504,
13200573,
12038099,
12704670,
11571821,
12272362,
12901516,
11785382,
12546505,
11387447,
12601575,
13131269,
12010034,
12720352,
11644298,
12742520,
11670448,
11975835,
12819186,
11694038,
12383849,
13385347,
12218704,
12879066,
11769002,
12576506,
11390788,
12060752,
13100152,
11958631,
12541243,
11461828,
12226930,
11146445,
11796080,
12801402,
11657118,
12482935,
11340774,
12109336,
12828267,
11709864,
12697239,
11537952,
12096823,
12816070,
11699345,
12714673,
11569082,
12166559,
12861934,
11763938,
12598554,
11522911,
12153356,
12981899,
11848179,
12856312,
11766877,
12216811,
11029790,
11893564,
12787916,
11677706,
12372024,
11266430,
11951125,
13058547,
11288427,
12060677,
12771487,
11664663,
12529615,
11370275,
11995820,
12827086,
11664173,
12495823,
11358083,
11982858,
13013600,
11934384,
12550099,
11435870,
12170551,
13179733,
12083683,
12657658,
11527254,
12145030,
13081907,
11958146,
12702481,
11593880,
12542365,
11393720,
11923664,
12845568,
11692094,
12536413,
11374970,
12107591,
12948139,
11824089,
12550904,
11391815,
12263517,
12965055,
11846060,
12705739,
11587840,
12411919,
11318145,
11965193,
12909742,
11787922,
12705403,
11639290,
12071911,
13242258,
12089163,
12747503,
11612743,
12283333,
13139213,
12059294,
12772348,
11608911,
12257434,
13183703,
12043403,
12736753,
11602695,
12484793,
11356214,
12009050,
12850372,
11718560,
12561968,
11431986,
12111899,
12842104,
11683655,
12525815,
11333417,
12026784,
12919258,
11762806,
12506775,
11340503,
12105360,
12937737,
11791490,
12579861,
11455996,
12114886,
13055613,
11949357,
12631508,
11555099,
12454844,
13147032,
12002845,
12745130,
11611964,
12604084,
11433239,
11894554,
12755806,
11607319,
12655004,
11516722,
12080458,
12673602,
11571550,
12428300,
11309892,
12234501,
13047115,
12002109,
12547576,
11434918,
12588389,
11469201,
11930164,
12764292,
11668588,
12509905,
11376000,
12154531,
13024613,
11866405,
12859085,
11789994,
12219541,
12892089,
11782329,
12607881,
11525439,
12312430,
11152810,
12023705,
12693411,
11540838,
12443495,
11324762,
11900381,
12791745,
11648467,
12403332,
11238165,
11876424,
12779945,
11651057,
12361291,
11213188,
11930134,
12822236,
11693190,
12535768,
11346476,
11976551,
13053338,
11921728,
12451673,
11298587,
11991072,
12865479,
11746635,
12589348,
11460079,
12065277,
12967450,
11870136,
12681743,
11553568,
12382340,
11246998,
11876992,
12741106,
11578304,
12632801,
11525259,
12013581,
13037692,
11917685,
12560865,
11432796,
12032567,
13089324,
11968446,
12640844,
11514776,
12142954,
13258476,
12110335,
12712814,
11588412,
12282018,
11140050,
11859875,
12679752,
11500471,
12293042,
11130886,
11837311,
12744564,
11633120,
12461817,
11378045,
11958938,
12876538,
11707508,
12736119,
11594422,
12108724,
13112523,
12029494,
12691490,
11525274,
12110448,
11111193,
11772379,
12703213,
11575271,
12303147,
11180925,
11963648,
12821583,
11735797,
12634936,
11565975,
11954855,
12883796,
11733753,
12493448,
11277212,
11917362,
12797233,
11691867,
12571345,
11444109,
11958746,
12820063,
11681891,
12473689,
11387954,
11976399,
13084527,
11967110,
12552222,
11491619,
12296028,
13023031,
11832890,
12699214,
11523682,
12200555,
13272945,
12157115,
12900925,
11808190,
12589515,
11505878,
12362209,
11271731,
12064771,
12813713,
11670803,
12399272,
11295045,
12037299,
12969831,
11874936,
12567367,
11474962,
12564888,
11439394,
11995555,
12700211,
11538022,
12380386,
11258798,
11809709,
12979297,
11855696,
12445975,
11335404,
11934031,
12824186,
11708397,
12486003,
11313821,
12048944,
12910442,
11795172,
12748290,
11608573,
12126745,
12996832,
11833650,
12549298,
11393883,
12271515,
13127412,
12006852,
12846545,
11740311,
12495413,
11371817,
11925700,
12861990,
11727106,
12493450,
11374784,
11959220,
12894827,
11782065,
12512316,
11402540,
12048023,
12830455,
11737667,
12637294,
11544108,
12698096,
13113879,
11985835,
12634497,
11489828,
12638494,
11518598,
11783547,
12750033,
11613488,
12484479,
11341261,
12064075,
12826474,
11747989,
12572142,
11455799,
12060817,
12941468,
11827976,
12537704,
11381998,
12145560,
10987241,
11799684,
12635190,
11505761,
12542748,
11385222,
11748178,
12689542,
11594148,
12360607,
11235681,
12119469,
12860825,
11750435,
12468688,
11308401,
12029121,
12939839,
11835808,
12670634,
11528378,
12196638,
11032032,
11791284,
12726503,
11642707,
12383384,
11225878,
11921212,
12869535,
11777850,
12521298,
11344165,
12023351,
12898183,
11803029,
12611018,
11458285,
12225312,
11075518,
11719752,
12662392,
11567031,
12252322,
11085296,
11861950,
12721879,
11599158,
12266936,
13192059,
12073700,
12779483,
11642958,
12426300,
11301250,
12121803,
12857324,
11736611,
12631808,
11533940,
12287212,
11182633,
11892961,
12840209,
11752825,
12525157,
11365411,
12156479,
10997465,
11752291,
12672754,
11548871,
12323111,
11200039,
11803454,
12791853,
11658768,
12395777,
11281788,
11947698,
12884522,
11780504,
12572245,
11464003,
12416254,
11345079,
11933907,
12810246,
11694037,
12530516,
11388424,
11975520,
12867115,
11718316,
12451143,
11367282,
12180228,
12969067,
11851804,
12618078,
11449822,
12393272,
11294533,
11914346,
12841652,
11729055,
13050100,
11959261,
12178220,
13190828,
12065831,
12554958,
11438036,
12387196,
11285991,
11793132,
12684963,
11567888,
12749214,
11657944,
11936431,
13018726,
11856976,
12470446,
11311760,
12020992,
12900201,
11779367,
12474623,
11342007,
12366065,
13023886,
11900357,
12847513,
11739247,
12368758,
11274204,
11984052,
12846818,
11773864,
12538019,
11430269,
12231007,
11528138,
11803438,
12726693,
11614261,
12722180,
11581439,
11952804,
12709174,
11615080,
12448492,
11340409,
11952837,
13044319,
11899382,
12664872,
11488094,
12113611,
13028999,
11958708,
12778420,
11656517,
12375150,
13195112,
12040169,
12883572,
11742323,
12355823,
11214106,
11876468,
12799231,
11718094,
12638558,
13428327,
11691507,
12439740,
11277108,
11946235,
12909017,
11781172,
12619627,
11472274,
12039246,
12879172,
11746849,
12596802,
11483712,
12091166,
12884417,
11724863,
12522091,
11404319,
12244850,
13024000,
11902264,
12686569,
11575861,
12319891,
11157566,
11975639,
12692810,
11588160,
12619157,
11517706,
11885088,
12767099,
11598496,
12483978,
11384506,
12041301,
13119339,
12008467,
12534775,
11415483,
12225883,
13037327,
11899422,
12865048,
11746396,
12161853,
13204566,
12065298,
12659665,
11489807,
12284150,
13092830,
11931236,
12784679,
11644480,
12337933,
13348264,
12188143,
12797330,
11641498,
12339497,
11187803,
11952113,
13035866,
11900565,
12631485,
11494549,
12118739,
13010410,
11905955,
12646645,
11509696,
12446521,
13180429,
12046817,
12776776,
11633878,
12529125,
11416797,
12069326,
12807373,
11691847,
12451342,
11305088,
12010227,
12887195,
11740977,
12522652,
11400659,
12007323,
13087350,
11929581,
12561499,
11465974,
12256418,
11129662,
11760783,
12683577,
11542850,
12229490,
13215097,
12125452,
12821422,
11694384,
12795827,
11667130,
12122695,
12831600,
11655363,
12540315,
11376407,
12183914,
12858879,
11731317,
12405078,
11291404,
12089600,
13005280,
11860729,
12726769,
11623087,
12168464,
13324660,
12206345,
12694552,
11540459,
12581787,
13293294,
12156659,
12802089,
11703870,
12560315,
11408230,
11980095,
12848737,
11741005,
12564132,
11436180,
12159232,
12939091,
11847726,
12565963,
11422940,
12360655,
12957808,
11830325,
12569968,
11440696,
12427676,
11283000,
11695756,
12693328,
11551541,
12290289,
11121690,
11811276,
12654614,
11540600,
12585429,
13106593,
11974318,
12707155,
11554066,
12626681,
11493793,
12142722,
13044558,
11939848,
12652794,
11530458,
12207321,
13167106,
12053603,
12637534,
11571825,
12297180,
13302325,
12154229,
12749967,
11586185,
12487967,
11393687,
12100096,
12834981,
11670079,
12646011,
11497264,
12030512,
12864858,
11762771,
12557158,
11443037,
12292606,
11135228,
11775222,
12739506,
11602785,
12556648,
11386823,
11879067,
12739288,
11604077,
12612527,
11505775,
12005780,
13129786,
11989349,
12679609,
11600539,
12246231,
13137336,
11997524,
12724563,
11639393,
12381148,
11251208,
11960197,
12898450,
11766393,
12609053,
11476781,
12321455,
11219935,
11839176,
12765523,
11656692,
12419785,
11272792,
12005817,
12900475,
11821365,
12836018,
11708393,
12270510,
11119200,
11749815,
12787587,
11669571,
12318400,
11239618,
11798652,
12702924,
11569551,
12297645,
11191008,
11882745,
12747846,
11629015,
12353772,
11251918,
11913217,
12850961,
11720667,
12660620,
11526118,
12199292,
12991898,
11897528,
12684081,
11543694,
12462969,
11340662,
11873774,
12882125,
11791396,
12567101,
11471540,
12158629,
13079659,
11967364,
12682151,
11562618,
12324927,
11185500,
11973232,
13071586,
11941398,
12502009,
11322767,
12335091,
13111000,
12027358,
12614004,
11516168,
12553795,
13101559,
11926163,
12782215,
11640027,
12617095,
11474676,
11950784,
12812125,
11691077,
12440659,
11345095,
12320404,
12995624,
11891888,
12649517,
11540697,
12225842,
13083381,
12019944,
12925549,
11914297,
12519733,
11459561,
12370837,
13166309,
12094536,
12667290,
11494044,
12406922,
11257089,
11865682,
12715291,
11648411,
12762040,
11609595,
11883600,
12859809,
11714265,
12708141,
11557902,
12011362,
12908208,
11780604,
12496464,
11363138,
12125386,
13002673,
11901893,
12627791,
11468380,
12294492,
11168822,
12031764,
12994974,
11870042,
12558712,
11420487,
12061520,
12867603,
11695907,
12467745,
11295169,
12002036,
12795839,
11701904,
12631259,
11450883,
11899377,
12727844,
11579789,
12543943,
11395784,
12218601,
12943463,
11819621,
12667354,
11563316,
12191170,
13146948,
12005727,
12771440,
11641027,
12470973,
11296030,
12120886,
13002771,
11848775,
12554015,
11433123,
11983328,
12893265,
11795888,
12601514,
11481130,
12205181,
13005883,
11844328,
12642185,
11513909,
12573815,
11465951,
11862763,
12838539,
11676420,
12509226,
11395334,
11989112,
12976773,
11885956,
12533883,
11399496,
12170495,
10999114,
11706618,
12756519,
11564613,
12094866,
13196996,
12113427,
12662172,
11491117,
12277195,
11214072,
11893042,
12816587,
11694835,
12489732,
11328782,
11978066,
12826095,
11702911,
12402522,
11258574,
12062825,
12892731,
11707777,
12465044,
11332230,
12419806,
13073136,
11929705,
12721042,
11648156,
12376128,
11259061,
12216032,
12961454,
11859128,
12553596,
11376095,
12200955,
13287120,
12142387,
12787973,
11616802,
12206346,
13337947,
12222118,
12866879,
11741205,
12753557,
11566663,
12139522,
13050950,
11927769,
12663571,
11562428,
12395107,
11239215,
11854955,
12767553,
11613215,
12520652,
11382377,
11916276,
12919764,
11828273,
12414065,
11332628,
12203586,
12944148,
11842919,
12635090,
11556999,
12639937,
11501052,
11915788,
12713439,
11608191,
12738783,
11610841,
11888129,
12827328,
11689559,
12670862,
11574468,
12277457,
13000578,
11881906,
12633818,
11548272,
12381227,
13081226,
11991924,
12718757,
11556462,
12542389,
11456412,
11908284,
12746936,
11654111,
12469929,
11345295,
12019144,
12886194,
11782423,
12708062,
11581711,
12213553,
11054961,
12004544,
12557020,
11386454,
12148650,
13099887,
11966937,
12596110,
11493571,
12309137,
11153303,
12101425,
12989595,
11867209,
12495965,
12620689,
11505698,
12081133,
13189264,
12044575,
12679241,
11551811,
12440459,
11325340,
12092130,
12960121,
11874286,
12573858,
11400724,
12006984,
12879718,
11754326,
12545579,
11412289,
12028943,
12953564,
11791944,
12624837,
11487652,
12267601,
13107436,
11952390,
12665104,
11544755,
12339537,
11229017,
11976682,
12746503,
11583857,
12423659,
11276097,
11938865,
12909735,
11788481,
12572945,
11433336,
12373228,
13068849,
11917545,
12700646,
11574829,
12419168,
11304162,
12021801,
12834744,
11720546,
12461446,
11330231,
12205386,
13056863,
11918823,
12705401,
11591383,
12325587,
11175849,
12033199,
12787889,
11694234,
12539715,
11412063,
12095843,
13089866,
11964975,
12597987,
11428363,
12309133,
13082035,
11917991,
12725983,
11598212,
12440206,
11314614,
11959558,
12847732,
11689063,
12465397,
11286371,
11999561,
12963418,
11852922,
12594570,
11509131,
12319977,
13242320,
12086819,
12736206,
12007878,
12434706,
11282013,
12080420,
12833104,
11700870,
12530616,
11392074,
12212057,
13012427,
11864165,
12677018,
11563468,
12542188,
13143369,
12022076,
12727186,
11649927,
12672604,
11579378,
12227452,
13057338,
11940048,
12629645,
11507112,
12084369,
13031381,
11928301,
12574482,
11886880,
12345901,
11259020,
11936252,
12976477,
11848474,
12444440,
11354730,
12185024,
12978375,
11874082,
12542291,
11486861,
12525092,
13122393,
11988614,
12736237,
11615149,
12695191,
11556165,
12084951,
13028970,
11933144,
12612833,
11454302,
12121517,
13063014,
11992941,
12800600,
11663181,
12266755,
11095936,
11923698,
12714655,
11584024,
12334694,
11211899,
11975527,
12757423,
11619514,
12495245,
11352540,
11953549,
12845430,
11726363,
12601284,
11456739,
12262017,
12892230,
11813501,
12743470,
11574911,
12310061,
11154607,
11998256,
12691666,
11559295,
12455239,
11339537,
11955781,
12798452,
11652604,
12632074,
11493901,
12151883,
12867744,
11777715,
12470935,
11297370,
12037123,
12953263,
11854218,
12644325,
11526441,
12594600,
11485431,
11848009,
12782693,
11636867,
12590005,
11465406,
11871889,
12939465,
11819137,
12457817,
11338316,
12074811,
13028912,
11943155,
12710454,
11605515,
12464740,
11392679,
11891255,
12851535,
11712079,
12434189,
11267261,
11947914,
12858142,
11736623,
12427525,
11286428,
12067619,
13160100,
11998150,
12574494,
11499558,
12261548,
13046879,
11892477,
12682621,
11586450,
12350994,
11212624,
11946408,
12876880,
11783256,
12520335,
11417226,
12217765,
12989494,
11848115,
12597434,
11496029,
12388868,
11295642,
11881898,
12765238,
11625937,
12426646,
11298429,
12008984,
12850149,
11742972,
12637623,
11490327,
12199402,
12967937,
11840665,
12640037,
11507271,
12178592,
13215787,
12048890,
12899215,
11821193,
12449381,
11330230,
12204814,
12974834,
11882121,
12606620,
11492896,
12363295,
11202982,
11958028,
12708920,
11593459,
12388779,
11291534,
11993578,
12926901,
11778646,
12608541,
11503798,
12259015,
11115375,
11845766,
12655263,
11532741,
12665657,
11543431,
11933327,
12852178,
11776386,
12703067,
11607361,
12235613,
11046366,
11745791,
12569732,
11447680,
12375123,
11251348,
11758094,
12645320,
11498859,
12396330,
11320027,
11938388,
13039858,
11954884,
12675984,
11564556,
12316857,
11183984,
11924807,
12634197,
11519905,
12426041,
13333047,
12205432,
12855828,
11678030,
12510390,
11418393,
12227959,
11137534,
11711300,
12625385,
11543515,
12549560,
11352556,
11894818,
12791159,
11706426,
12487129,
11333905,
11981740,
12857797,
11685119,
12625800,
11486491,
12055422,
12903414,
11767123,
12645280,
11541310,
12194181,
11040544,
11983928,
12717438,
11627244,
12650810,
11545417,
11923268,
12728419,
11584580,
12521877,
11362041,
12114105,
12831328,
11686095,
12468780,
11304042,
12023028,
12916546,
11772025,
12584588,
11417955,
12407383,
11287357,
12009628,
12774566,
11581325,
12445019,
11310755,
12108971,
12845486,
11692236,
12652141,
11486601,
11969770,
12916738,
11778943,
12607828,
11460957,
12077170,
13107183,
12021964,
12724143,
11586806,
12298103,
12961427,
11797185,
12595278,
11470206,
12271528,
12965573,
11830098,
12688337,
11561782,
12289405,
11177480,
11922936,
12863171,
11796103,
12575479,
11407184,
12225385,
13021313,
11952110,
12756643,
11670451,
12361497,
11261735,
12030351,
12878232,
11764794,
12537511,
11408603,
12018277,
12902219,
11768324,
12521819,
11428309,
12341447,
11202857,
12023945,
12821122,
11674137,
12343900,
11231111,
11915449,
12905872,
11773789,
12521399,
11443115,
12355924,
13062653,
11925668,
12687479,
11503114,
12285160,
13140709,
12078658,
12824653,
11707646,
12475943,
11328470,
12003528,
13059230,
11956848,
12548838,
11395118,
12097439,
13135396,
12027539,
12536369,
11415642,
12407674,
11293258,
11951238,
12645920,
11551598,
12422395,
11246412,
11838176,
12730630,
11654834,
12242677,
13202705,
12038259,
13061184,
11928039,
12538630,
11407149,
12223208,
12937606,
11807791,
12877533,
11735713,
12379347,
11311014,
12069658,
12870452,
11768836,
12483166,
11352497,
12170950,
13115366,
12018699,
12602867,
11900122,
12322745,
13128860,
11989716,
12777342,
11698246,
12759787,
11591452,
12201212,
12933211,
11813482,
12652779,
11488351,
12199954,
13039987,
11904857,
12676165,
11502826,
12355754,
11218709,
11819302,
12678328,
11517680,
12240341,
