21436934,
13276414,
10998199,
10696536,
8906365,
8592257,
8306091,
9045260,
9497050,
8155953,
7692280,
7554667,
8355345,
8073954,
7995048,
7751396,
8407473,
8357585,
7956929,
8909360,
8616448,
9457955,
8361119,
7995907,
8009634,
7895863,
7644748,
8354980,
8364126,
8233056,
7846135,
7805232,
7548691,
8536699,
8211871,
8053880,
7949422,
7698040,
7601171,
8425455,
8194104,
8047061,
7791266,
7654377,
7537745,
8226499,
8172601,
7890889,
7844210,
7684527,
7693142,
8456789,
8105153,
7985195,
7763517,
7639871,
7606168,
8404788,
8338893,
8080675,
8002115,
7897041,
7664328,
7714714,
7351061,
8199240,
8012713,
6856060,
6796646,
7551412,
8392334,
8228662,
7992164,
7655325,
8519657,
8273901,
8054833,
8120772,
6801971,
7540561,
8423345,
8238115,
7123884,
6893074,
7656395,
8530947,
8100976,
6881265,
6577012,
8484641,
7255401,
6993989,
7880324,
6579319,
8415843,
8043796,
7857707,
6624277,
7111571,
6895952,
6724232,
7482131,
7154391,
5893147,
6797826,
7431405,
6276031,
6896135,
6812860,
7358271,
7074008,
6819992,
6612913,
7190011,
7013300,
7744823,
7399407,
7222368,
6797667,
6584601,
7186299,
7875787,
8615345,
8254851,
7104075,
6816446,
6680669,
7564741,
8149758,
7968142,
7829789,
7608284,
8380783,
8123729,
7879251,
7769369,
8319522,
8147878,
7919427,
8621222,
8485629,
8175440,
7835836,
8563357,
8145752,
8087379,
7633075,
8327369,
8124905,
20889492,
8137162,
7881686,
7651923,
8363543,
8264385,
7886886,
7894339,
8752150,
8286159,
8327265,
7936374,
7801590,
8508209,
8350264,
8182682,
7838598,
7610014,
8430198,
8093835,
7833402,
7431091,
8228552,
8029047,
7702343,
8495734,
8397766,
7979106,
7723390,
7583601,
8462106,
8213512,
5792945,
6735155,
7421202,
7233528,
6898976,
6527775,
6589929,
7359349,
7081901,
6805155,
6521733,
6263176,
7105997,
6953488,
6838627,
6729267,
6513376,
7491102,
7131669,
6926061,
5751793,
5511887,
6158997,
7085129,
6961248,
6027758,
5559280,
7301235,
6115181,
5880337,
5538379,
6551571,
6135306,
5993838,
5749216,
5468246,
6229987,
5812658,
5641802,
6444925,
6104929,
5859637,
5655224,
5492951,
6413792,
6148523,
5945725,
5763881,
6512693,
6338174,
6185685,
5917805,
6384307,
6272862,
6064218,
6709318,
6569957,
7240152,
7098408,
6923742,
5572604,
6395052,
6131551,
5797313,
5680923,
6457106,
7464718,
7099478,
5965466,
5658952,
6370299,
6352479,
6149155,
5947673,
6711436,
6294262,
5900654,
5722497,
5752278,
6415549,
6131801,
6070945,
5613554,
5561933,
6345603,
7237451,
7015647,
5689479,
5440979,
5308339,
6005282,
5861864,
5689230,
5407744,
6265353,
6045921,
5956777,
5609473,
5617384,
6349147,
6088074,
5870375,
5620492,
5579560,
7325605,
6105921,
6839600,
5721202,
5545761,
6276821,
7187169,
7088073,
6759291,
6520358,
6439890,
7178099,
6993545,
6950077,
6711609,
6536425,
7468854,
7162765,
6948343,
6956130,
6570787,
8460930,
8395645,
8067543,
8003131,
7711143,
8492998,
8351569,
8077581,
8042497,
7664841,
7564895,
8424929,
8246041,
7775652,
7605551,
7353805,
7142701,
8001708,
7784552,
7684000,
7444191,
7318218,
8067282,
7872400,
7714959,
7528956,
7326442,
8331578,
8004972,
7677664,
7434553,
7563694,
8128068,
7912295,
7805879,
8087633,
7560491,
7166010,
8239108,
7828681,
7627627,
7585561,
8339063,
7992228,
7799959,
7636753,
7644694,
8265223,
8191710,
7943328,
7888281,
7685200,
7558538,
7455435,
8195222,
7059239,
5790903,
7776984,
6491628,
8143765,
8096320,
7806789,
7559268,
7414159,
7347020,
8120860,
7984581,
7786845,
7589418,
8483490,
8120144,
8024142,
7809966,
7661238,
7659264,
7555190,
8263653,
7779996,
7530740,
7371708,
9180986,
9002686,
9030943,
8779883,
7725190,
7539554,
7631923,
7401990,
8296297,
8059030,
7275880,
8082959,
7905047,
7737053,
7603984,
7509640,
10116957,
8002215,
7767651,
9782354,
7602309,
8312668,
8057015,
7988654,
7842980,
7621778,
7562479,
7593656,
7494205,
7437898,
8273313,
8090773,
7953572,
7839563,
7567228,
7501821,
7195118,
8132353,
7925334,
7732595,
7656181,
8665560,
8211935,
8212768,
8055307,
7875688,
7630048,
7449765,
8236731,
8296088,
7953973,
7920832,
7550441,
7412600,
7354060,
8179424,
7935160,
7692791,
7692017,
7453993,
8184388,
8117303,
7984675,
7931308,
7737328,
7521862,
8279914,
8156644,
7909335,
7657427,
7494291,
8369997,
8271204,
8101430,
7830002,
7682551,
8407819,
8315112,
8017817,
7927402,
7758900,
9602746,
6495620,
7318517,
7132081,
6979384,
6908248,
7628613,
7644809,
8352370,
8232448,
8120922,
7810796,
7776290,
7526268,
7325680,
7209602,
7040458,
7828218,
7637940,
6585785,
7281744,
7104590,
7721401,
6953747,
7816395,
7611854,
7590269,
7465015,
8322484,
8143467,
7954467,
7720843,
7694980,
7463379,
8324802,
8079969,
7985526,
7749917,
7497685,
8334465,
8273552,
8004205,
7940264,
7743430,
7603593,
8496749,
8233613,
8182702,
7997531,
7754889,
7683411,
7470233,
8346646,
8169866,
8018491,
7746440,
8401663,
7930861,
8087717,
7877498,
7836718,
7542897,
7520888,
8731130,
8393590,
7285701,
7044940,
7847461,
7813095,
8564106,
7405986,
8151130,
7994878,
7782029,
7484793,
8371467,
8172014,
7049260,
7786689,
7619300,
7430154,
7244723,
8094550,
7933722,
7790639,
5662433,
6384820,
6321196,
6002653,
5821900,
5681337,
5679199,
5390139,
7010758,
5918235,
5922152,
5852623,
5657087,
5611498,
5555276,
5328276,
6336216,
6167230,
5991578,
5906632,
5820581,
5569666,
5637257,
6430482,
6313467,
6075387,
5979245,
5869782,
5720909,
5567456,
6418279,
6301825,
6048448,
5986403,
5687426,
5636996,
5468755,
6244997,
6096222,
5944427,
5717869,
5512686,
6352320,
6135927,
5955213,
5818415,
5811406,
5593980,
5476608,
6255121,
6113306,
6040669,
5762765,
5637915,
5534123,
6470736,
6244504,
6016749,
5827615,
5543087,
6504998,
7321687,
6221158,
5998458,
5786597,
5726335,
5441260,
6287663,
6019757,
5828624,
5770400,
5451494,
5314417,
6225601,
6187335,
5923819,
5845822,
5595034,
5525154,
6264276,
6086632,
5847765,
5793645,
6612413,
6436550,
7231434,
6987044,
6855545,
6693854,
7411772,
7215981,
6975709,
7835188,
8081607,
7476425,
8397370,
8082382,
8004421,
7902845,
7685095,
7480835,
8350257,
8229424,
7967428,
7786822,
7644970,
8410037,
8385610,
8119819,
7844165,
7600605,
8377330,
8282084,
8215595,
7906478,
7830011,
7752411,
7452630,
8342557,
8207765,
7974668,
7713296,
7602620,
7393306,
8306249,
8158739,
7884001,
7701470,
7569303,
7558950,
8415826,
8134710,
7966651,
7808736,
7762541,
8563553,
9288960,
9220359,
8090290,
8781943,
8594179,
8419406,
9235450,
9115207,
7991818,
8821434,
8684237,
8466590,
9206452,
8176471,
8974992,
7696987,
8638904,
9288932,
9052604,
8904514,
8688291,
7653780,
7407989,
8282306,
8224867,
8020172,
7968074,
7726165,
8533306,
8309382,
8254680,
8007497,
7792546,
7774691,
8551924,
8338396,
8199722,
8045880,
7911311,
7688240,
7534315,
8326344,
8112243,
7913246,
7704697,
7598691,
7227494,
8226697,
8024531,
7846024,
7666476,
7620863,
7349326,
8228021,
8017790,
7813528,
7716417,
7522558,
8486840,
7366662,
7996537,
7980286,
7775469,
7835859,
7534177,
7592967,
7365652,
8284013,
8164035,
8057791,
7937721,
7793306,
7647624,
7334049,
8133856,
8072767,
8073633,
7827682,
7631794,
8459943,
8203053,
8054619,
7785584,
7663989,
7451815,
8315304,
8142964,
7965014,
7762172,
7677413,
7557941,
8297508,
8096113,
7940592,
7917211,
7569644,
7541104,
8325047,
8028804,
7955530,
7800491,
7631823,
7427993,
8336090,
8103695,
7860078,
7709819,
7601854,
8387358,
8274188,
8035731,
7831052,
7622247,
8407674,
8293221,
8118038,
8065063,
7874785,
7579088,
7492165,
8270447,
8070146,
7885168,
7780209,
7625951,
8473747,
8308514,
8065851,
7836793,
7811543,
7539095,
8408869,
8318071,
7975166,
7811405,
7696649,
7629533,
8247254,
8119725,
8177035,
7895543,
7634457,
7536451,
7301717,
8302701,
8069485,
7861188,
7784259,
7590432,
7528847,
8346590,
8146112,
7837222,
7632643,
7500384,
7377629,
8156252,
8114702,
7916361,
7820859,
7525358,
7371377,
8305921,
8074885,
7911125,
7712613,
7494640,
7504652,
8285662,
8130059,
8067310,
7795271,
7714890,
8591824,
8408430,
8139590,
7969954,
7784456,
8596417,
5436712,
6236179,
6033952,
5888907,
5601372,
5461761,
5229727,
7031239,
8219948,
7805292,
7864063,
7582161,
7617458,
7562805,
7298257,
8220486,
8143685,
8078753,
7895235,
7869682,
7807982,
7755490,
7555422,
7414875,
7472094,
7313276,
8199685,
8035246,
8117725,
7976692,
7900860,
7796780,
7644785,
7576372,
7438621,
7347090,
8408389,
8181870,
8132688,
8142480,
8005897,
7950864,
7303232,
7283294,
8160954,
8107933,
8006021,
7945752,
6860231,
6874472,
7738038,
8616373,
7550189,
7470158,
7408689,
7267603,
9266834,
8097944,
7966138,
7047890,
7811836,
5694118,
6566400,
6587624,
6588930,
9428976,
9518079,
8416016,
9313433,
8253364,
8038801,
8026666,
7933229,
7943359,
7785971,
7664158,
7548116,
7399877,
7439292,
7368205,
8271461,
8162765,
7957259,
8020066,
7828435,
7753779,
7580426,
7624198,
8374954,
8206193,
8060169,
7976534,
7753183,
7675373,
7517246,
8368656,
8275182,
8315356,
8164300,
5868855,
5810215,
5652132,
5501785,
5479401,
6256261,
7212757,
6976118,
6894602,
6708753,
5495368,
7201112,
6177326,
5886064,
5868961,
5489670,
5501188,
5367650,
6129086,
5926944,
5766669,
5619713,
6365693,
6312853,
6091818,
6039509,
5829829,
5589825,
5471645,
6341251,
6094503,
5968808,
5753005,
5693405,
5343475,
6213260,
7095505,
5845179,
5632852,
5340820,
6098894,
5914984,
5831481,
5639696,
5606888,
6395745,
6201691,
6075379,
5835738,
5641033,
5468659,
6398250,
6178645,
6005225,
5869144,
5564972,
7562630,
6374164,
7105059,
5981027,
6822799,
6694998,
6460302,
7241551,
7083134,
6896696,
6659177,
6599028,
6333949,
7282182,
7157155,
6852904,
6669439,
6606637,
7388973,
7171106,
7027447,
6754865,
6776625,
7447205,
7357097,
7007501,
6957740,
6783647,
6580851,
7372093,
6393472,
7122973,
6937676,
8851191,
7711550,
6525029,
7359228,
7197397,
6999064,
6782228,
6592344,
6376445,
6237735,
7237962,
7055252,
6694794,
6527497,
6464202,
7287891,
6955116,
7887818,
7654283,
7399836,
8320851,
8004639,
7934734,
7690831,
7518335,
7295051,
8081734,
7920478,
7774407,
12506205,
9396425,
7248658,
8185924,
7706416,
7581718,
7464390,
7203706,
8155533,
7872035,
7827534,
7801960,
7586679,
8568047,
8407286,
8243874,
7965889,
7797926,
7782809,
8595965,
7391497,
8170389,
7954196,
7901976,
7814989,
7560336,
7515082,
8358474,
8026846,
7880462,
7661211,
7545198,
7334796,
8264414,
8026298,
8047135,
7749336,
7705033,
7562496,
8437083,
8122448,
8049367,
7863757,
7782075,
7617996,
8342378,
8124289,
8075821,
7923772,
7770828,
9559585,
9283395,
8176036,
8088136,
7934446,
7686473,
7409534,
7223060,
8177373,
8034968,
9021757,
6817565,
6548063,
5556788,
5273333,
7250551,
6100725,
5980945,
5843469,
6473898,
5333825,
6160547,
5888167,
5793485,
5762543,
5632573,
6359789,
8082822,
6001896,
5816604,
5760702,
5534999,
5613505,
5370645,
6351905,
6170625,
5988456,
6071795,
5988503,
5854852,
5646997,
5627061,
5659346,
5360558,
5304703,
6334554,
6314780,
6133148,
5939467,
5943041,
5835223,
5779207,
5622701,
5604867,
5474340,
5406216,
5363462,
6333025,
6113041,
6000479,
5988036,
5831940,
5817931,
5782542,
5600103,
5491022,
5398085,
6366124,
5386788,
6306593,
6213964,
6137010,
6017322,
5892225,
5850093,
5707922,
5603652,
5611959,
5368744,
5388453,
6207483,
6169093,
6107421,
5992348,
5868322,
5851834,
5674088,
5406394,
5506346,
6289373,
6213871,
6046900,
5918161,
5776721,
5494697,
6464472,
6275277,
6000692,
5885892,
5787086,
5553365,
5433153,
6323405,
6212970,
6060095,
5882434,
5651439,
5421918,
6274774,
5989979,
5910423,
5648186,
5375721,
5230306,
6150041,
6240138,
6162850,
6045045,
5864964,
5801456,
5847980,
5798683,
5545868,
5612551,
5456691,
5497693,
6429004,
6314861,
7220937,
7092636,
6984491,
5811125,
5682392,
6706230,
6437819,
7225448,
7086206,
5867356,
6848220,
7468421,
6334796,
6041276,
6027064,
5805918,
6648811,
6449486,
7316370,
7063379,
6971867,
6736208,
5614772,
6339035,
6300728,
7012230,
6995285,
6666444,
6596458,
5424486,
7217918,
8062114,
5764959,
5695430,
5653191,
6310128,
7154941,
7016979,
6887051,
6691417,
6487129,
6419621,
7264925,
7220707,
7029791,
7831831,
6650548,
8467693,
7460474,
8259765,
8089624,
7821623,
7814756,
7689916,
7504942,
8122888,
7005135,
6843039,
7434109,
7675186,
6474148,
6386417,
7159688,
6171947,
5800959,
5812863,
5557651,
6389608,
6221189,
5988783,
5981581,
5811741,
5708909,
5455368,
6314003,
6110990,
5954262,
5796003,
5523417,
5378116,
6135316,
6007026,
6340476,
5641703,
5515961,
5371575,
6066801,
5993403,
5881118,
5636867,
5606873,
5331070,
6267813,
6000290,
5785796,
5665486,
5600508,
6432257,
6236507,
6028155,
6006820,
5803160,
5554105,
6458156,
6207706,
6061642,
5768887,
5671506,
5494779,
5298832,
6122873,
5942410,
5793702,
5602103,
5387902,
5298670,
6273487,
6006644,
5891344,
5660636,
5609566,
5505660,
6167265,
6129946,
6835550,
5676656,
5571515,
5497371,
6227484,
6027119,
6016989,
5724709,
5554770,
5350200,
6136655,
5951680,
5880758,
5796012,
5431346,
5427570,
6195201,
6168941,
5943988,
5658919,
5677658,
6419857,
6214585,
6133558,
6057060,
5772699,
5549194,
5490058,
6375735,
6241105,
6038799,
5846622,
5757067,
5516748,
6340045,
5473633,
6325317,
6182235,
6034579,
5770119,
5614800,
5473681,
6416580,
6099657,
6104526,
5883322,
5846877,
6109161,
5451691,
6372479,
6262971,
6054416,
5830460,
5695663,
5589660,
5402370,
6234976,
6073371,
5839870,
5717527,
5603841,
6420433,
6264813,
6119525,
5809475,
5741835,
5530500,
5270997,
6241937,
7258958,
7042691,
6860388,
6762281,
6563292,
7223498,
7111360,
6918530,
6693077,
6713706,
7422865,
7242009,
6964284,
6795433,
6653144,
6611368,
6541043,
7321843,
7225394,
7070775,
6828445,
6585109,
7373206,
6314801,
5965614,
5804995,
5675679,
5642537,
6349626,
6132492,
7155436,
5892855,
5607090,
5603032,
5377728,
6249589,
6193044,
5973179,
5841865,
5688922,
5388044,
5253272,
6179737,
5895520,
5864694,
5670959,
5438575,
6287763,
5988299,
6863474,
6735900,
6459706,
5423659,
6170314,
5968151,
5818115,
5719673,
5668910,
5340738,
6180104,
7132605,
6986452,
5710989,
5561587,
6467809,
6331844,
7302733,
7141656,
6981418,
6601218,
7522402,
7294962,
8123113,
6952900,
6792710,
6707316,
7432295,
8356511,
8039569,
6879555,
7854312,
7628569,
7350515,
8179842,
8087367,
7785892,
8770620,
7586906,
8394575,
8446039,
9221110,
8969676,
8880272,
7650640,
7561500,
8318688,
8177365,
8009484,
7756524,
7657165,
7387803,
8300033,
8085351,
7907990,
7796739,
7553522,
7387261,
8412176,
9206626,
7997037,
8946610,
7795513,
7477475,
8310174,
8117096,
8011375,
7998119,
7754114,
7491201,
8460837,
8221944,
8175155,
7999099,
7814422,
7675920,
7460512,
8296975,
7994370,
7822127,
7688243,
7665458,
7282227,
8376723,
8086093,
7838630,
7737909,
8303264,
8113807,
7938841,
7799489,
7609605,
7437163,
8364662,
8103792,
8075822,
7974637,
7586781,
7531391,
8313745,
8271036,
8035263,
7853549,
7669618,
8528749,
8289796,
8110883,
7862679,
7658759,
7427593,
7370908,
8316514,
8122756,
7917241,
7727739,
7658334,
8395967,
8268441,
8157372,
7870340,
7806402,
7585833,
8453639,
8251335,
8185212,
7932818,
7894772,
7756291,
7611441,
8318850,
8239574,
8078140,
7767597,
7587575,
6441432,
6244767,
6179170,
5897388,
5741108,
6593033,
5391873,
6344210,
6202565,
5983171,
5770177,
5665257,
5567080,
6362605,
6986382,
5951520,
5911494,
5793791,
5783697,
5648542,
5470097,
5525147,
6409642,
6123543,
6913737,
5823722,
5702673,
5498811,
6385534,
6222647,
5869716,
5847864,
5709996,
5395394,
5394830,
6139117,
6013459,
5831822,
5569925,
5479650,
6245719,
6137245,
6096685,
5778817,
5668732,
5558675,
5357753,
6183181,
6087179,
5870156,
5720048,
5578145,
6469123,
7246188,
7019171,
5917785,
5645884,
5497515,
6376983,
6166338,
5960627,
5859629,
5763595,
6630061,
7414350,
6183280,
6040755,
5863486,
5705529,
5692961,
5401554,
6434702,
6105150,
7141033,
6980013,
6775031,
5569783,
6383916,
6189047,
7131437,
5827781,
5688397,
5520751,
5382083,
6087562,
6027756,
5888750,
5681536,
5452204,
6277379,
6194099,
6006863,
5900224,
5664286,
5552494,
7438344,
6196622,
6021277,
5983160,
5677362,
5667774,
5545643,
5428294,
5439195,
6304248,
6167458,
6151135,
6100136,
6043323,
6003955,
5935231,
5877324,
5804264,
5651239,
5550244,
6350972,
5215502,
6171152,
5963855,
5834088,
5626667,
5580707,
7472132,
6236969,
6181819,
5989818,
5863825,
5688249,
5605745,
6378314,
6220092,
6066867,
5842024,
6652984,
6540388,
6269143,
7237004,
6924896,
6735807,
6578241,
5424675,
7408976,
7079193,
6861791,
6859345,
5533578,
5449958,
6200891,
5893774,
5714372,
5610543,
5396085,
6318040,
6146069,
5831271,
5819425,
5515982,
5447022,
5338229,
7231641,
6029462,
5797665,
6568534,
5408241,
7294784,
6020120,
5889351,
5859185,
5548186,
5423978,
5206005,
6077700,
5955656,
5855352,
5767269,
5606571,
5539235,
5552498,
5383414,
5323463,
6174979,
6097718,
6057418,
5881687,
5849129,
5836381,
5582281,
5515559,
5446176,
6335094,
6258829,
7216581,
6104356,
6939426,
6921275,
5700264,
7639768,
7686689,
6501275,
6397020,
8305852,
8228102,
7944349,
7827318,
7665327,
7473699,
7362913,
8172056,
8048264,
8001504,
7704761,
7669591,
7484039,
8330204,
8206039,
7910193,
7708093,
7495806,
7327640,
8192114,
8079995,
7991452,
7986438,
7713165,
7627047,
7651691,
7451661,
7370767,
7238201,
8156170,
8057551,
8056292,
7841592,
7837780,
7710784,
7627689,
7647217,
7492364,
7465510,
7232088,
7268176,
7197364,
8086630,
7982007,
7960245,
7848457,
7681141,
7622059,
7541481,
7497167,
7496108,
7293742,
7234647,
8156931,
8018342,
8032171,
7921547,
7821605,
7710716,
7723747,
7666655,
7486583,
7506901,
8367284,
8142002,
8077604,
7959091,
7785659,
7675173,
7610661,
7557802,
8355118,
8143583,
7991805,
7804900,
7632597,
7442649,
8271735,
8224031,
7925705,
7888856,
7777140,
7546932,
8335747,
8190336,
8117633,
7863875,
7848329,
7648218,
8380373,
8271921,
8135810,
7930087,
7694451,
7703987,
8355919,
7619388,
7430569,
8234873,
8057210,
7888061,
7610102,
7443573,
8297745,
8017845,
7806524,
7693523,
7634490,
8355308,
8254781,
8060926,
7968454,
7850459,
7651344,
7474583,
8173422,
8068599,
8069150,
7847365,
7639838,
7505672,
8318241,
8169439,
7962440,
7918852,
7580737,
7506115,
7393615,
8103175,
8998137,
7805764,
7544281,
6531514,
7189576,
7961534,
7973457,
7713249,
7539011,
7387640,
7312677,
7990771,
8022426,
7701493,
6639077,
6432342,
6201138,
6026757,
6045863,
7197578,
8202648,
7931176,
7780069,
7706298,
7350940,
8318886,
8043965,
7895938,
7754906,
7476979,
7373821,
8199997,
8281828,
8049936,
7803120,
7761139,
5605838,
5468599,
6211591,
6188177,
6014146,
5932890,
5536111,
5453008,
6240139,
6271793,
5763193,
5970979,
5730135,
5378951,
6189532,
6158214,
5877343,
5733124,
5593090,
5571914,
5430545,
5476734,
5140051,
6065340,
6093025,
6042609,
5807242,
5725467,
5637757,
5675372,
5337862,
5296550,
5174265,
5985983,
5962756,
5891449,
5507151,
5412523,
5220680,
5193576,
5909692,
5892087,
5806116,
5584839,
5577006,
5288579,
6200601,
6018746,
5936750,
5733595,
5586509,
5580783,
5393476,
6179907,
6144991,
5846637,
5739025,
5484371,
5355229,
6260165,
5849353,
5713558,
5672336,
5371224,
5168523,
6177565,
19203391,
9045900,
5590997,
5433443,
6249844,
20302152,
11915700,
5865212,
5580846,
5357316,
6318043,
6098418,
5984289,
6753146,
6772512,
5478217,
6406904,
6092002,
6334050,
5848407,
5541222,
5399097,
6232885,
6068925,
5921730,
5700447,
5704900,
5406146,
6208376,
6063277,
5801543,
5690219,
5488341,
5340655,
5258132,
6148207,
6091455,
5726144,
5645093,
5376502,
6370540,
6225046,
5967166,
5776805,
5575097,
5361738,
5256667,
6111949,
6516245,
5844008,
5569748,
5650639,
5219910,
6270964,
6061519,
5734729,
5514861,
5453179,
5262744,
6264848,
5871669,
5905731,
5542900,
5379054,
5453272,
5320944,
7162175,
5980436,
5736514,
5630943,
5527233,
5474306,
6195257,
6009470,
5947990,
5589185,
5399272,
5257396,
6036919,
5959532,
5656073,
5570582,
5374005,
5367553,
6164253,
5970009,
6081802,
5903119,
5551127,
5628716,
5520168,
20399749,
10239408,
5898850,
6685886,
6545370,
20610541,
10487832,
9071601,
7913465,
7710023,
7513383,
7322476,
7150701,
8163592,
8959794,
8850083,
8637032,
7492845,
8391967,
8237511,
7969408,
7916501,
7827625,
7524455,
7381050,
8285552,
7963443,
7917105,
7718250,
7487183,
7428753,
8314296,
7991621,
7813069,
7788300,
7470533,
8288357,
8037064,
7898605,
7646335,
7586470,
7326431,
7259604,
8091453,
7945932,
7891775,
7475178,
7589305,
7325648,
8084236,
8249198,
7967091,
7654417,
20656117,
10546602,
8256121,
8082806,
8005806,
7816931,
7621994,
7424667,
8285338,
8087512,
8014853,
7721530,
7560311,
7573036,
7461168,
8064968,
7982748,
7850739,
7749434,
7611193,
7467409,
7397240,
8118802,
7906759,
7723559,
7629353,
7469455,
8291337,
8265708,
8037956,
7834828,
7833429,
19726052,
9565539,
8164225,
8068566,
7884348,
7689363,
7605668,
7519229,
8074217,
8029834,
7903485,
7662479,
7555122,
8340717,
8263238,
7972652,
7835519,
7823219,
7511662,
7344537,
8166602,
7914816,
7905839,
7637318,
7453289,
7320000,
8165758,
8004471,
7849802,
7775861,
7491802,
7234715,
8228709,
7831408,
7665970,
7493759,
7340442,
9308131,
8104672,
7912738,
7847172,
7661501,
7476027,
8521176,
9385733,
9053007,
8938078,
9820221,
8784563,
9597482,
9321914,
10179642,
9042511,
9005415,
8706334,
8574361,
8326654,
9168403,
9102163,
8914754,
7670218,
7704790,
7620796,
7449932,
7255335,
7266991,
7178286,
9043036,
8142728,
7850285,
7919568,
7712848,
8666020,
8514636,
8582974,
8362390,
9333355,
8321748,
9120223,
9170120,
10091767,
9087430,
8854928,
8860313,
8555985,
8413160,
8265048,
8174888,
10096088,
9932525,
9840701,
9551490,
9495123,
9334134,
9225203,
10264763,
9983320,
7768623,
7573354,
7561118,
7391210,
7288041,
8299505,
8207509,
8112152,
7165340,
7518243,
8051286,
7993929,
7982862,
7834148,
7831650,
7785974,
7812217,
7633027,
7699680,
7647293,
7498838,
7675469,
7594902,
7455392,
7436783,
7269855,
7384854,
7176824,
8241303,
8350631,
8076868,
8112539,
8066442,
7956562,
8033742,
8019960,
7801943,
7889639,
7768759,
7801580,
7722732,
7608714,
7573093,
7665870,
7510777,
7616530,
7563075,
7405156,
7356278,
7406886,
7428747,
7268565,
7332646,
8109121,
8264259,
8035740,
8042698,
7963324,
8140597,
7992987,
7884399,
7924676,
7848689,
7745195,
7675405,
7607750,
7662387,
7686587,
7578325,
7584247,
7540357,
7455370,
7370500,
7535746,
7304815,
7264769,
7254314,
7338244,
8346805,
8158258,
8050903,
8182439,
7979313,
8125692,
8030995,
7879472,
7951181,
7609171,
7615081,
7415066,
7329829,
7190648,
8094266,
7938212,
7695766,
7636251,
7637988,
7476593,
7276146,
8164777,
8007587,
7787158,
7727370,
7375973,
8216167,
7643641,
8295715,
8220512,
8144413,
7957723,
7894488,
7426113,
7329692,
7259000,
7119760,
7050789,
7825148,
7675388,
7562805,
7341845,
7267479,
7054895,
7023407,
7827377,
7677388,
7589175,
7403742,
7270271,
7163335,
6950481,
7894692,
7676426,
7525269,
7351704,
7176514,
7047654,
7857736,
7674256,
7556419,
7379547,
7276527,
7072528,
6963837,
7799059,
7594560,
7462676,
7270260,
7213675,
7027634,
7805491,
7689034,
7447968,
7349490,
7210191,
6992554,
7843295,
7630772,
7494675,
7322695,
7080490,
6942797,
7969560,
7880565,
7743554,
7516832,
7393400,
7131490,
7064060,
6899859,
7734634,
7691963,
7429120,
7341473,
7200168,
6987850,
6824511,
7655624,
7531078,
7366837,
7106233,
6991116,
7769913,
7677525,
7700945,
7600630,
7682721,
7638010,
7324763,
7318839,
7439173,
7268537,
7360980,
7251856,
7225200,
14210333,
8140600,
8237609,
8040014,
7790646,
7570788,
7503261,
7264208,
7114578,
8087074,
8076612,
7779499,
7744360,
7555219,
7432459,
8169850,
8020134,
7995572,
7678144,
7553266,
7583217,
7392340,
8092066,
7934802,
7780566,
7606056,
7481685,
7329654,
8118817,
8139306,
7930276,
7733820,
7584760,
7289377,
8199089,
8059228,
7872325,
7731365,
7503069,
7381469,
7192584,
8219151,
8056545,
7931271,
7851331,
7443845,
8463382,
8114877,
7898220,
7937569,
7725109,
7565291,
7359111,
7327643,
8278721,
8077045,
7831140,
7677841,
7473079,
7296555,
8258122,
7927794,
7877124,
7713443,
7584240,
7342476,
8130583,
7901239,
7858608,
7873368,
7439144,
7408820,
7267805,
8042397,
7156595,
7838759,
7654337,
7438840,
7211822,
6129537,
5980366,
5902237,
5748758,
5454085,
5363279,
6056309,
5947883,
5815037,
5588644,
5594504,
5420583,
6075208,
6029670,
5891840,
5618110,
5449043,
5262166,
6096266,
5993523,
5825124,
5803105,
5514965,
6426173,
6334010,
6179216,
6150506,
6162528,
6064075,
5951643,
5806347,
5761426,
5486215,
5480431,
5409568,
5114508,
6203152,
5923268,
5892713,
5815563,
5414224,
5297974,
6338446,
6127753,
5889879,
5794089,
5476789,
5340919,
6277809,
6050633,
5869852,
5842615,
5549633,
6358308,
6302817,
6126305,
5973793,
5652329,
5566891,
5263450,
6136459,
5978018,
5764825,
5628931,
5654960,
5369565,
5208325,
6027799,
5802705,
5723192,
5480013,
5331132,
6280018,
7189387,
5848371,
5842788,
5527704,
5602104,
5439473,
6167172,
6064873,
5777887,
6620224,
6342403,
6320102,
6234725,
6126631,
6104904,
7057279,
5744552,
5658582,
5597070,
6603222,
6463268,
6271136,
5133635,
5194833,
6027022,
5999471,
5788944,
5722129,
5589095,
5431217,
5474532,
5414138,
5222552,
6264904,
6181941,
6056654,
5853581,
6760466,
5596804,
5435929,
5207893,
6142169,
6128208,
5611020,
5647687,
5627824,
5301593,
5186617,
6072356,
6007893,
5652853,
5487228,
5352420,
6710605,
6047856,
5843935,
5765434,
5530628,
5395765,
6302151,
6160089,
6156440,
5974336,
5759235,
5632594,
5462676,
5262020,
6080173,
6044124,
6794209,
5579485,
5384352,
7290071,
6993938,
5847322,
5879285,
5701085,
5472428,
5313960,
7077339,
5906172,
5799385,
5886131,
5552827,
5469734,
6216205,
6179404,
6057889,
5886162,
5783899,
5457986,
6343992,
6166364,
6071086,
5773670,
5560856,
5442812,
6293943,
6122895,
5949330,
5876305,
5577591,
5614014,
6173430,
4995636,
4913483,
4847542,
5782620,
5757221,
5705885,
5667690,
5631862,
5611188,
5530135,
5494100,
5390676,
5362021,
5301889,
5259444,
5257713,
5176159,
5064793,
5133990,
5039395,
5033352,
5926588,
4863029,
4851604,
5798137,
5806282,
6756696,
7909587,
6762959,
6651363,
6528053,
7346288,
7213385,
8278423,
8096027,
7790246,
7803353,
7553064,
7362024,
7198887,
8076327,
8076690,
7784406,
7632645,
7688996,
7460670,
7201626,
8212585,
7779180,
7689602,
7641584,
7216355,
7110393,
8116046,
7753514,
7609725,
7565718,
7314980,
7295017,
8060293,
8069670,
7809826,
7761768,
7565208,
7424566,
8088500,
7870084,
8031237,
7655597,
7456428,
7401826,
8075991,
7914265,
7761191,
7692304,
7527495,
7172954,
8134480,
7840892,
7689393,
7521388,
7280673,
8192252,
8089314,
7839711,
7776802,
7656425,
7546828,
7538552,
8090323,
8050626,
8939842,
7720495,
7654604,
7377462,
7245244,
9116447,
10003865,
8938049,
7593063,
7573065,
8308886,
9168619,
8011213,
7830994,
7658934,
7675898,
8520471,
9293188,
8143361,
8043800,
7795049,
7570378,
7421410,
8434551,
8298285,
8150708,
8025807,
7888771,
7547487,
7463029,
7242673,
8959856,
8027931,
7892211,
6675133,
7517340,
7366203,
8332471,
8086012,
7813610,
7646052,
7643065,
7406950,
8273092,
8014420,
7820455,
7662790,
7431723,
7261921,
8194257,
8127202,
7952281,
7889609,
7745583,
7501875,
8271451,
8300111,
8071697,
7912414,
7649853,
7648350,
7326308,
8337295,
8072062,
8924793,
7664137,
7467949,
7222719,
8089091,
6998427,
6777410,
6837348,
5537197,
6385353,
8155866,
8070257,
7920675,
5773521,
5746481,
6507400,
5822874,
5484067,
6386679,
5374734,
6105062,
5953349,
5761841,
6583097,
5504223,
5305980,
6195035,
6054893,
5802952,
5839041,
5525356,
5384631,
5223524,
6069979,
5858715,
5724012,
5613197,
5594770,
6368503,
6077590,
6002835,
5756794,
5613947,
5472564,
5334292,
6172664,
6097900,
5967193,
5744693,
5585813,
5407721,
6126091,
5938223,
5834608,
5657077,
5532854,
5440264,
5234686,
6268704,
6095872,
8037949,
5782125,
5552889,
5480251,
5279443,
6272347,
6035109,
5731303,
5591585,
5575394,
5315429,
6243401,
5997970,
5856855,
5669476,
5659620,
5318956,
5242301,
6005446,
5860356,
5819522,
5626306,
5360759,
6375562,
6206881,
5946859,
5799533,
5702103,
5510909,
5500371,
6227284,
6101219,
6001793,
5722879,
5401062,
5354166,
5190108,
6045601,
5918494,
5817212,
5564004,
5376589,
6184205,
5986406,
5795938,
5629315,
5423562,
5277467,
6140761,
6141590,
5871787,
5729821,
5469662,
5476331,
6358421,
6100788,
5853999,
5647954,
5566278,
5504711,
6412970,
6197264,
6122782,
5986326,
5774215,
5575400,
5400504,
6193057,
6259847,
5970571,
6869428,
5524628,
6495278,
7182198,
8166523,
6823182,
5598202,
5549007,
8443907,
8198593,
8037584,
8005440,
7770443,
7732817,
7414747,
7427901,
8310817,
8107673,
7914096,
7928545,
7635394,
7427183,
7276934,
7178047,
7095285,
7966727,
7537425,
7522848,
7245494,
8084186,
7879532,
7650573,
7500612,
7365063,
7239350,
8141439,
7941088,
7763895,
7673843,
7660278,
8290178,
8305759,
8161969,
7989374,
7723050,
7707864,
7518241,
8295072,
8263113,
7990506,
7859301,
7594374,
7592681,
7407659,
8142510,
8124626,
7802530,
7631780,
7452722,
7529947,
8236622,
7980613,
7808121,
7713367,
7500090,
7346324,
8339437,
8131535,
7854815,
7712645,
7562614,
7424163,
7463285,
8347173,
7973250,
7783656,
7744462,
7554879,
7538704,
8206766,
8234810,
8058415,
7763515,
7578161,
7396693,
8356417,
8064523,
7963658,
7759843,
7532792,
7470213,
7162934,
8215305,
7992738,
7709102,
7657651,
7335009,
8313255,
8058088,
8037906,
7855129,
7680157,
7521716,
8350748,
8175852,
9151405,
7954705,
7813286,
7783073,
7541697,
7381728,
8102247,
8064771,
7738159,
7673028,
7490882,
7172090,
8022529,
8112309,
7801797,
7585611,
7337907,
8082584,
7995314,
7917951,
7837173,
7653031,
7455149,
8200522,
8223131,
7980245,
7859287,
7600724,
7439104,
7456128,
8260572,
8078773,
7846035,
7735964,
7591498,
7461040,
8327722,
8146120,
7811150,
7743716,
7436593,
7437844,
8173535,
8037357,
7878949,
7645144,
7533124,
7593728,
8310085,
8207960,
7913572,
7677008,
7494408,
7531212,
7210477,
8035050,
7848815,
8667192,
8559291,
8403326,
7289358,
7066469,
7910859,
7771776,
7532071,
7427430,
7225164,
8190337,
8029061,
9061705,
7835823,
7550372,
7369707,
7168678,
8270245,
7929902,
7703410,
7794839,
7392660,
7232149,
7267751,
7932445,
7733437,
7710403,
7527130,
7527668,
7363798,
7191475,
8104353,
7790571,
7632016,
7518837,
7438793,
7091880,
8048015,
7774246,
7539992,
7447829,
7302027,
8152785,
8009807,
7660122,
7615504,
7605210,
7407623,
7273693,
7964985,
7971762,
7696101,
7631827,
7346846,
7123224,
8047165,
8032124,
7701314,
7632384,
7403785,
8310468,
8104917,
7970633,
7927074,
7734957,
7525974,
7415899,
8231454,
7982504,
7898829,
7555608,
7448575,
7292175,
8224135,
7960210,
8006617,
7600858,
7625209,
7315185,
8127508,
8118570,
7842282,
7878587,
7568831,
7384711,
7286901,
8275377,
8111347,
8095519,
7802612,
7739086,
7533607,
8314431,
8054533,
7990567,
7982974,
7791755,
7658045,
7590163,
7409070,
7336738,
7235347,
7126485,
8224100,
7077649,
6896637,
6799566,
5760753,
5713296,
6644660,
5484373,
5478334,
5485182,
5406462,
5353651,
6103093,
6187769,
5966572,
5938303,
5961281,
5710292,
5723901,
5587719,
5418540,
5318399,
5411899,
5289392,
6260673,
6080548,
7112930,
6875636,
5745624,
5865111,
5643751,
5684916,
5500968,
5351910,
5406332,
6235133,
6104423,
6184251,
6088505,
5969085,
5838820,
5781314,
5601091,
5543454,
5492096,
5311263,
5298590,
5199489,
6280128,
6039346,
6036588,
5988856,
5838364,
5597652,
5551881,
5461111,
5362054,
5381330,
5203727,
6174377,
5996696,
5967276,
6051883,
5796888,
5907287,
5842945,
5674564,
5530267,
5465910,
5439373,
6263183,
6216246,
5936086,
5913908,
5725613,
5501518,
5349285,
5170277,
6202424,
5867342,
5703319,
5601404,
5450135,
5175534,
6071530,
6039661,
5865802,
5661010,
5547034,
5376561,
5259565,
6078170,
5935662,
5917444,
5783672,
5627146,
5480322,
5275808,
6212505,
6030552,
5877220,
5722856,
5542001,
5345272,
7175392,
7098076,
6968238,
5767396,
5619140,
5466186,
6235461,
6216282,
5884740,
5799972,
5755116,
5463825,
5262182,
6116293,
6207643,
6019785,
5733896,
5570834,
5648633,
5345700,
7284008,
7075461,
6848803,
6861523,
5778298,
5451903,
5390102,
6272872,
5984661,
5812874,
5631526,
5632264,
5495172,
6160657,
6110032,
5875739,
6933650,
5921806,
5701086,
5630477,
6439397,
7279501,
7176044,
8090771,
7912847,
7730306,
5626796,
5333309,
8304668,
8140472,
7965857,
7852841,
7572432,
7413609,
7244264,
8067591,
7917791,
7647303,
7530825,
7325927,
8408504,
8208109,
7879442,
7735440,
7603697,
7530314,
7358455,
8171535,
8159776,
7998602,
7833929,
7709065,
7504406,
8250432,
8520852,
7926285,
7813639,
7605858,
7572442,
7474983,
8214263,
9063274,
7786794,
7632642,
7450896,
7281811,
8051787,
8122701,
7719843,
7523818,
7425109,
7421433,
8124289,
7957804,
7774833,
7612355,
7618530,
8482141,
8278871,
7960244,
7963914,
7747538,
7484375,
7439979,
8296065,
8104425,
7889083,
7690953,
8593932,
7504366,
8323661,
8066014,
7927879,
7754329,
7550168,
7357561,
8317545,
8236432,
8013383,
7833522,
7766220,
7507731,
7447324,
8341094,
8319257,
5966347,
6019279,
5779506,
6783859,
6516295,
6423113,
6179461,
6118565,
5932280,
5698543,
5444791,
6356656,
7014510,
5891074,
5719829,
5510709,
5381265,
6132881,
6019324,
5918788,
5657231,
5549620,
5365999,
5470972,
6237487,
5972873,
5742178,
5728264,
5601701,
5290902,
5335727,
5998547,
5948448,
5725163,
5603734,
5370337,
6233167,
6127845,
5886314,
5713688,
5547168,
5405319,
5308980,
6046935,
5862161,
5811123,
5601627,
5459371,
5333712,
5218561,
6125389,
6020983,
5993619,
6049497,
5954454,
5898258,
5740026,
5657208,
5554978,
5472229,
5297703,
5236925,
6345357,
5057956,
6007516,
5893628,
5778287,
5747034,
5677174,
5696420,
5525508,
5456492,
5507438,
5285238,
6353548,
5121219,
6156930,
6198599,
5989186,
5930739,
5904226,
5648601,
5579092,
5630192,
5410755,
5374098,
6283091,
5189519,
5078500,
6010531,
6083089,
5828299,
5691486,
5683800,
5583541,
5610565,
5386972,
5348425,
5298030,
6236941,
7207085,
7267408,
7160889,
7136948,
6963313,
6899949,
6808082,
6663546,
7525889,
6538606,
7590912,
7281868,
8144673,
7962098,
6865633,
7748251,
7534163,
7398632,
7238911,
8220092,
7885422,
7774184,
7694429,
7541795,
7428956,
7267282,
8060186,
8058582,
7864228,
7781349,
7540590,
7592754,
7352768,
8260751,
7945644,
7807401,
7583375,
7446113,
7296677,
8209165,
8599293,
7935017,
7799190,
7591582,
7329163,
7219388,
8048820,
7903225,
7810936,
7793058,
7570053,
7452363,
9200670,
7969849,
8007231,
7857446,
7712421,
7452772,
7332483,
8292534,
8232824,
7985277,
7748479,
7808823,
7584695,
7366031,
8206808,
8044244,
7899945,
7643017,
7499570,
7290611,
8246007,
7945618,
7833702,
7751114,
7585703,
7325756,
8155331,
8108387,
7827310,
7810409,
7708187,
7492565,
7294221,
8198570,
8027757,
7793495,
7621964,
7491383,
8462321,
8256821,
7981539,
7880874,
7932064,
7636517,
7387495,
7261424,
8124313,
7942479,
7761837,
7792007,
7628424,
7365187,
8112916,
8124188,
7869461,
7682351,
7697390,
7613885,
7439338,
8197771,
8136039,
7967010,
7782212,
7527876,
7540065,
7178340,
8027807,
7877616,
7777496,
7689273,
7384903,
7304213,
8161136,
7899916,
7712873,
7563846,
7474192,
7410417,
7256952,
7009800,
5784945,
5791538,
5701495,
5570770,
6310503,
6058282,
6018373,
5835458,
5736938,
5533981,
5342917,
5218708,
6029279,
5898412,
5646520,
5499079,
5391519,
6072032,
5933746,
5789687,
5625046,
5499128,
5368684,
5278934,
6156232,
6031244,
6130572,
5896555,
5780082,
5872358,
6052948,
5698489,
5397910,
5237082,
5390383,
5220545,
5091792,
5986245,
6178256,
5910827,
5712785,
5815665,
5588282,
5495189,
5526579,
5331008,
5330105,
6145532,
5116466,
6034203,
5959420,
5900599,
6007033,
5743294,
5760615,
5779449,
5521959,
5544387,
5512415,
5331531,
5445022,
5226414,
5091608,
5983224,
6090821,
5851126,
5746286,
5784077,
5559918,
5466139,
5406164,
5366910,
5280563,
5267717,
5323692,
6107940,
6107978,
5900820,
5841151,
5965563,
5793416,
5719680,
5686701,
5440200,
5477111,
5357623,
5233429,
6134133,
6104741,
5995993,
5925453,
5839138,
5684644,
5723720,
5491756,
5547801,
5367110,
5383523,
5998467,
5864376,
5644100,
5701545,
5526343,
5352604,
5424675,
6112698,
6172626,
6017676,
5687390,
5704293,
5647459,
5369258,
5380736,
6222069,
5960387,
5839644,
5577264,
5634256,
5413351,
5215346,
6044286,
5925962,
5535530,
5450185,
5386032,
6192968,
6001366,
5846782,
5602535,
5490487,
5392034,
5440278,
6015383,
6047510,
5681750,
5538888,
5479498,
5329522,
6094399,
6149014,
5864409,
5687462,
5424229,
5405689,
6298635,
6084780,
5950710,
5712089,
5464183,
6607184,
6329602,
7724307,
7116788,
6995675,
6845892,
6459598,
6335923,
6271690,
7179880,
6977867,
6807533,
6707793,
6621624,
6516264,
7375285,
7186557,
7005492,
6857754,
6824305,
6652993,
6310007,
6241548,
6989007,
6869565,
6697029,
6412224,
5218034,
5205541,
5796660,
5801298,
5523905,
5501154,
5437861,
6092923,
6126548,
5772737,
5781165,
5644792,
5469332,
5270027,
6064095,
6163148,
5978913,
5815191,
5591010,
5471653,
6253403,
