43349356,
35969896,
27347499,
25407532,
25672913,
25551038,
25184898,
25244425,
25165966,
25456407,
25380886,
24205290,
26960845,
24926806,
25118150,
26913381,
25797096,
24857656,
25689394,
24592754,
25508898,
25333718,
24399178,
25300460,
25151970,
24270635,
24982907,
24004383,
24785939,
24925127,
24833575,
24828990,
23819980,
24527816,
23383806,
24226198,
22964929,
33198204,
31149236,
25859671,
24675506,
26422957,
33530791,
26216759,
25239403,
23988843,
31787550,
25565489,
24354607,
24387766,
25498168,
24260695,
30252705,
25136063,
24878110,
24603234,
30985191,
24301872,
26223751,
24305842,
24051551,
24802994,
25668615,
23803368,
24784866,
24485845,
24376682,
25340159,
24273811,
24872389,
24825999,
23679355,
24695922,
24430975,
24035064,
24741363,
23807224,
24728223,
24525604,
23559133,
24503422,
23395306,
23434658,
24361523,
23596017,
24672066,
24770903,
23734941,
24571524,
23496650,
24352381,
23571792,
24856006,
24752909,
23702845,
24990104,
23078348,
24267957,
24080568,
25235180,
24431006,
24193934,
23452861,
24694978,
24595244,
25540889,
23650691,
24611208,
25660153,
24601103,
24205951,
24149542,
26966406,
23900290,
25100854,
25908656,
24837755,
25654012,
24337540,
25130805,
24172135,
25010519,
26882721,
24021285,
24039545,
24819072,
24952028,
25393635,
24271616,
24911144,
23988843,
23912697,
24057698,
23981807,
23793797,
24480210,
23515499,
24701138,
25538737,
24438102,
24285252,
24303789,
24258437,
24028111,
25086261,
23811968,
24774754,
25574737,
24335479,
36362777,
24497203,
24640848,
24436907,
25466682,
26025882,
23800803,
24621708,
25334259,
24525729,
25215670,
24420107,
24063927,
23848073,
24848237,
23498484,
26327332,
26040307,
25040555,
24937696,
24740455,
24382382,
26195026,
25113515,
24565776,
23333148,
25240280,
25937305,
24838971,
24484526,
26260146,
25103737,
24824258,
24602123,
26439067,
25339011,
25552314,
24013546,
26393859,
24082138,
25144741,
24762058,
23590012,
24217325,
26217026,
24141428,
25031424,
31162161,
23580255,
25941589,
24103254,
24045760,
23294457,
24247360,
23294207,
24290669,
24338255,
25119374,
28129909,
24700058,
26747119,
24905638,
24582534,
24519824,
24490977,
24331115,
24261635,
24135389,
26001153,
23923842,
24014945,
24837370,
23758308,
23712344,
24721008,
24615770,
24383801,
25223023,
24090636,
25027005,
24793684,
24145740,
24841014,
30993647,
24783745,
24569832,
25451914,
24253845,
24826860,
26769966,
24581929,
25506588,
24528365,
24595036,
24446097,
24351542,
24035455,
24665031,
23815826,
24802246,
25846284,
24765510,
23824042,
24478380,
23986021,
24420081,
23515031,
24350255,
24024828,
24095954,
24175244,
25026282,
24969765,
25735245,
25633869,
23660288,
24627932,
25503182,
23652505,
24299718,
24357468,
24204733,
23989513,
23855663,
24044195,
24952092,
24675125,
24645765,
25456807,
25439985,
24659638,
25366616,
25180567,
24305708,
24030701,
24143588,
24127938,
23884981,
25799456,
23791626,
25035274,
24938143,
24007316,
24768851,
23918301,
24620112,
23865099,
24688274,
24492276,
27444242,
23437679,
24265962,
24033497,
26990333,
24245106,
25157673,
25947870,
23623011,
24553943,
28438005,
25144961,
25153754,
25725368,
24804210,
26602410,
25479434,
25342613,
26447508,
25256913,
24902360,
23887866,
24163554,
24881400,
24120304,
23933528,
24071601,
24820313,
24673404,
23828586,
24833418,
25918947,
24908973,
25567955,
26737142,
24733445,
27652574,
24569202,
25316438,
24664491,
25213399,
24269315,
25298583,
24076526,
25048688,
24139894,
24905000,
23943835,
24920212,
24995655,
23596113,
24589996,
26543005,
24359049,
26524517,
24270051,
33698325,
26132290,
35147516,
27064771,
25834156,
31078989,
24584522,
25321885,
24419690,
30295101,
24052911,
26970955,
23934059,
24157673,
25061839,
23919292,
29792169,
25721404,
25796307,
31474447,
24341918,
27477442,
24383458,
26450523,
27251738,
27185371,
24114940,
24063343,
22920592,
24598466,
24119719,
24137077,
24117032,
23283280,
24142118,
23184316,
24169844,
24015430,
24034427,
23951019,
25093688,
26195324,
24455927,
23514879,
24396738,
23568081,
24545426,
24435301,
24489040,
24432558,
23556370,
24466498,
24327232,
24219599,
24216718,
24232498,
23199865,
24126354,
23371590,
24272148,
23462634,
25351775,
24257524,
25205089,
23502894,
24365193,
23524677,
24465225,
24287718,
25321554,
24449447,
24604136,
24887447,
24642309,
23869763,
24595651,
23853453,
23747766,
26794508,
23539184,
24396721,
26786533,
23791826,
24695191,
24724076,
24542416,
24552398,
25367847,
24803874,
25228833,
24284172,
23993022,
23956719,
24067771,
23906212,
24880987,
23643888,
24388445,
24252140,
25214952,
24262419,
23983525,
23897033,
23955798,
23761861,
24747998,
24697175,
24417136,
24560270,
24481357,
24357863,
24290822,
24103819,
24257446,
24124876,
24097731,
24023561,
28119469,
24064511,
25101828,
24987822,
24177400,
24073834,
23801565,
24746385,
23685654,
24765115,
25649464,
24803874,
24668110,
24537621,
23449757,
24510438,
24529223,
23631215,
24472164,
23504303,
24307319,
24309788,
25299959,
24319660,
25080857,
23953647,
24793570,
23911113,
23753947,
24645926,
25455897,
24730734,
24458683,
24304572,
27033966,
24396691,
24417631,
23402314,
24233937,
24140459,
24102003,
27603007,
30042111,
24761015,
25622241,
24413562,
26378842,
25196293,
25130600,
25103498,
24305367,
24217667,
23928903,
25340023,
23631801,
25479742,
24630623,
24532820,
24383198,
24270242,
24317070,
25098195,
24082984,
24026994,
24157807,
25056930,
23709368,
26667286,
24425294,
26419764,
24428680,
25359018,
26165651,
26290663,
25206776,
25066017,
26095796,
24993219,
24643897,
24631576,
26321555,
25317015,
24992445,
24797859,
24886342,
24717218,
26735399,
25670366,
25367444,
25369575,
24573036,
24229642,
24358546,
24245349,
24061361,
24825385,
24000878,
24745369,
23757627,
24830761,
25581374,
24537143,
23441873,
24197803,
26574354,
24255289,
25221430,
24105050,
24013264,
23987272,
24801881,
24117753,
24194451,
24926950,
23943055,
24070512,
23799070,
24805901,
24619193,
25581440,
24478280,
24462334,
24608813,
25346446,
24149963,
24918315,
23996799,
24824045,
23755267,
24899749,
25634046,
24634894,
24778671,
24554086,
25374336,
24222562,
25403271,
24499777,
24130654,
24231209,
24947604,
23960118,
24013592,
24075268,
24828023,
23857094,
24984215,
23928729,
24585026,
23897065,
23608863,
27726332,
22638300,
23795350,
24926621,
25233258,
23609956,
23600039,
25386843,
24406670,
24228897,
24393862,
24185093,
24119607,
23978680,
23732173,
24684936,
25577663,
24840613,
24754584,
24360942,
25355798,
23202990,
24992218,
23210873,
24010959,
24061384,
23863618,
24078124,
24918397,
23803397,
24865290,
24953273,
23998991,
24035864,
25860932,
24710975,
23478879,
24689131,
25514438,
24405063,
25091349,
23682178,
25239691,
24470716,
25323047,
24327659,
25200350,
25139657,
24112504,
24831506,
31892601,
25783456,
31554540,
25423078,
27458239,
25251056,
30949151,
25095304,
25110174,
29884369,
26773031,
26596941,
25478364,
25332059,
25213649,
30498983,
24262446,
27723441,
30911187,
23524748,
26609417,
24420204,
25536128,
24302383,
26334854,
23711084,
24460650,
23632548,
24550265,
24267468,
26473412,
23416934,
25188560,
22931634,
25840080,
23105588,
24033321,
24192679,
23951915,
23029967,
25774617,
24070782,
23811901,
25906720,
23610412,
25590773,
25749489,
24558063,
26232870,
25188840,
24945282,
24667695,
24678485,
26508141,
26275312,
25990839,
25809154,
25884509,
25038128,
26821234,
23918492,
26719466,
25711595,
24707088,
22832145,
25665991,
22777176,
25619147,
23810193,
24520227,
23374081,
26559064,
25525954,
24470477,
24122493,
25970802,
24770821,
23644505,
27516274,
26198490,
26097325,
25408205,
25188976,
25043222,
24751937,
24771627,
24537140,
27443991,
30337764,
26014866,
24820663,
25811820,
24577863,
24617442,
25489649,
26210357,
25132045,
25091938,
24881182,
24683525,
24751864,
26554198,
25426625,
25249849,
24974508,
24778707,
24643735,
24632522,
25400845,
26256980,
25346305,
25048958,
24915157,
24971078,
26620382,
25463525,
25496897,
25164601,
25023024,
25127670,
23874223,
25672872,
24494542,
25379609,
25245620,
25130307,
24938219,
23890823,
24966968,
24713854,
26674813,
24514917,
26583683,
25429449,
24461202,
25401378,
24334518,
26507952,
23350477,
25299613,
24363637,
26348071,
25122455,
25178899,
25175624,
25186802,
25055801,
25125028,
25138200,
25116916,
25103904,
25125915,
25274799,
24173626,
26111331,
25185298,
24870503,
25093024,
25220823,
25235699,
25103067,
25129778,
25075131,
25074018,
23817720,
25562500,
24513490,
24492317,
26485288,
25339119,
25081715,
25101336,
24994156,
24871636,
24598438,
24600537,
24409039,
26220150,
25188303,
24276116,
24412187,
25488528,
24318029,
24204666,
25287249,
24229275,
25086454,
25740060,
24797114,
24455285,
28358439,
25434475,
25113853,
24168107,
26013417,
25695696,
25477094,
24545093,
26156305,
24980651,
25103177,
24949444,
24887527,
24782187,
23866446,
23855577,
25868177,
24524063,
26395505,
26247806,
24468203,
24504827,
25482717,
23494619,
27485422,
26294832,
24326275,
24521636,
25273800,
26087782,
26103128,
25809960,
25767928,
24429182,
26256693,
25092401,
25040569,
24851323,
24750534,
24677155,
24461403,
26533487,
25564160,
24697036,
24498398,
24406384,
27404176,
24402226,
26215644,
26070797,
26413255,
24126965,
25257718,
24487517,
25126210,
24283451,
25255407,
24376143,
23368614,
26152004,
23986214,
25181340,
24351355,
25446845,
25392668,
25981516,
24114081,
26248276,
25867747,
24667645,
24539562,
24416952,
28502577,
25472773,
26263885,
24432971,
24298675,
24513352,
24581181,
24507396,
25305489,
24540850,
25497793,
25259582,
25156755,
24426990,
24315714,
24200872,
25424574,
23350051,
26250898,
24364168,
24293125,
24579179,
25275308,
24534230,
24397938,
24483851,
24511917,
23649163,
24404921,
24499166,
25541660,
25351529,
24536402,
25536924,
24275102,
25593484,
24520437,
25399953,
24501256,
25470111,
24255590,
26272232,
24593492,
25386565,
24521487,
25250493,
24067405,
26312885,
24245947,
25997808,
24801828,
24655350,
24630285,
26394604,
33544972,
25103493,
32282887,
30158010,
25909860,
26083939,
24231825,
25974272,
33711249,
25669743,
24346614,
33258971,
25994033,
26790461,
24773124,
30803667,
24418851,
26377739,
25397702,
25225705,
32158408,
25906089,
24913466,
24542021,
23604422,
26305856,
25091722,
24120187,
24225662,
25083245,
24150821,
23998579,
26066802,
24089237,
26106296,
23842307,
25750852,
25531332,
23483446,
27360801,
25174994,
25864878,
26695879,
25653296,
25395961,
28846316,
25810831,
25559830,
24502925,
26249713,
25026963,
25011338,
24698157,
24837490,
25579400,
25448015,
26531897,
25468141,
25167902,
25157847,
23922375,
25701158,
24562952,
24441302,
26189163,
24986122,
24961874,
24780341,
24493669,
28458065,
25386669,
25329702,
25319362,
23467927,
24456313,
24634222,
25547536,
24668992,
25530340,
25392595,
25721395,
25346885,
25630959,
24452627,
23364001,
26247389,
25054002,
24116117,
24037318,
24000432,
24090150,
25042838,
24850873,
25758168,
28100612,
26469828,
25264550,
26065022,
25216580,
25065773,
24374421,
24191265,
24227672,
25003261,
25049956,
24650066,
24537875,
26528217,
25309601,
25116056,
25107519,
25848246,
25926893,
25697884,
23804647,
24686683,
25665153,
25476633,
26093558,
24992471,
24966821,
27895770,
24642015,
26509040,
25317892,
25054538,
24943799,
24893086,
24805223,
24709833,
24604125,
26490811,
26189318,
26191166,
24092581,
25987463,
25795998,
25732105,
24431987,
26228893,
25404840,
25353616,
25250760,
25190771,
25115537,
23968896,
25818391,
24717158,
26339975,
25243597,
25287806,
25042643,
24842170,
24807145,
24718671,
24050748,
24886336,
26496997,
26249640,
26127826,
25306579,
25341078,
25080104,
25058365,
24228785,
24153573,
24135383,
25162413,
25175599,
25953680,
25752818,
24699752,
24587742,
24473682,
28478391,
25479988,
25341758,
25123512,
24998367,
24886109,
24151666,
24004437,
25178136,
24429283,
25464590,
24620616,
25694250,
25042624,
25970821,
25784588,
27926657,
23704206,
26034615,
24198895,
25038618,
25037792,
23927561,
24203473,
24024399,
24922227,
23762037,
24820865,
23908401,
24814373,
25699472,
23805193,
24825271,
24771949,
22765406,
25684636,
24587339,
25450627,
23523566,
24361234,
24402614,
25227749,
24024302,
25165351,
23949298,
24879337,
23880249,
24795573,
24483415,
26259942,
25204823,
25124284,
25956386,
24716045,
24599425,
24527462,
25518950,
25505536,
25381482,
25198746,
25043611,
24861410,
24640868,
24635872,
24404683,
26401614,
25251616,
24994235,
24748960,
24596970,
24472550,
24448839,
24333344,
24193093,
26089298,
25044325,
25069121,
24728887,
24758164,
24597445,
24572989,
25480108,
24668762,
25433062,
24596147,
25586527,
25505703,
23651942,
25464715,
24641077,
24573603,
24678729,
24603179,
23416074,
26159390,
25019760,
24315375,
25152918,
24060665,
26893505,
23751207,
26036040,
23887923,
25733765,
24471380,
25333585,
24168047,
26158764,
25175666,
24284086,
24456273,
24294459,
23578495,
24476314,
24321351,
23277754,
25504244,
23679555,
24740087,
23553056,
23825919,
24698642,
26452111,
24265023,
26055501,
32650559,
24189589,
24187387,
26231251,
23897288,
25222390,
24236418,
26186092,
23944055,
26283997,
24067282,
26052406,
25721655,
25770419,
24560901,
26343802,
25465900,
25289263,
31186733,
25257654,
25127114,
32019841,
25815570,
30051450,
32704009,
31831847,
33250372,
26361007,
23744983,
26033228,
23958995,
24802301,
24036892,
30707486,
25601570,
25183470,
25223470,
29349110,
24163290,
23977282,
23919890,
25864661,
23779744,
25113411,
24242582,
24978482,
23934712,
25944569,
24062985,
25113920,
24206567,
23424766,
24267047,
24207272,
25136783,
24502301,
24368098,
24328488,
26525537,
24250574,
25273009,
24629466,
25516453,
24598033,
25396730,
23850096,
24545961,
24470541,
26340091,
25394513,
28307211,
27416379,
23572046,
25287444,
24180869,
26998531,
24896653,
25718205,
24600109,
24584677,
26323543,
25187511,
25231639,
24958832,
24996263,
24779310,
24723181,
24773208,
24499485,
26477693,
24315052,
26413276,
24385998,
26511021,
24144083,
25999453,
24951042,
25880817,
24680839,
24419306,
26292979,
25345995,
25321969,
25152620,
25247298,
23534242,
24622165,
24418498,
26175791,
24022904,
25124894,
24067032,
25829118,
24856550,
25611263,
24599582,
26387822,
25421120,
25343589,
25259173,
24133230,
25294608,
24307915,
26486868,
23376690,
24537337,
24657163,
25690215,
24650195,
24024504,
27481276,
24761836,
25416038,
27611564,
24575026,
26697863,
23459499,
27172142,
25411342,
25231466,
24964013,
25051928,
24883242,
24874271,
24537359,
24642226,
28927815,
24422511,
26051662,
25483292,
25260551,
25272019,
24347391,
25165060,
23427468,
24325818,
24355318,
25458996,
24266205,
26426159,
23670572,
25414150,
24304412,
26228218,
24125612,
26298235,
24443162,
24528997,
23553626,
24651168,
24732206,
25650675,
24473812,
23879255,
24491371,
24471674,
26445528,
23877877,
24767048,
23827654,
24738590,
24440277,
26441776,
24958773,
25764259,
24671812,
23647387,
24786648,
24990441,
23914617,
23730151,
23879977,
25076924,
24986092,
27066804,
23829232,
26067342,
23884588,
26010052,
24904012,
25075425,
25142226,
23881216,
26237769,
23898043,
30137481,
29768696,
25137934,
24369567,
24191634,
25289156,
25310272,
25067591,
25201777,
23963217,
26290532,
23571549,
24545437,
24398610,
26292467,
23449803,
24542820,
24542370,
25634469,
24659734,
25632868,
24494490,
24622022,
24716629,
25565003,
25450420,
24347435,
26130074,
25202039,
24473528,
24502673,
27366266,
24478687,
24300302,
24376766,
25541507,
25446312,
24250945,
25444394,
25585830,
23578791,
25408715,
24291613,
25459027,
24809377,
24578873,
23936089,
24968697,
24626180,
23444455,
24695545,
23869417,
24762606,
23907264,
24960404,
24840557,
24097391,
25037878,
24258776,
24148299,
25104826,
24989887,
24278137,
25259386,
25378663,
24059172,
26126665,
24286309,
25114231,
24101068,
24239012,
24429277,
25690035,
23455143,
26421744,
24297437,
24306673,
25078331,
23420031,
24150008,
24382271,
25496186,
25412482,
25285569,
24078042,
25851254,
24677718,
24662872,
25330518,
24335675,
26056622,
25176423,
24933243,
24939039,
24714575,
24560406,
24609206,
26305376,
26206655,
26035265,
24443441,
24227253,
24437384,
25466334,
24513789,
24437049,
25492809,
24402435,
25327398,
24532245,
24380705,
24478560,
25237760,
24185344,
25173751,
24028847,
25457181,
24333755,
24417239,
24479294,
24395941,
24313022,
25401218,
24286135,
24511134,
24345085,
24364445,
24483140,
24449464,
30220738,
24231226,
34453262,
28099061,
27012553,
24191489,
32442411,
24797872,
24112376,
30587154,
25815308,
25041698,
25050435,
24815784,
23947099,
24876809,
33615733,
24693743,
28117094,
23930252,
31863372,
24562600,
26767818,
24525857,
23331949,
25737357,
25667606,
25324652,
25292837,
25133924,
24085697,
24226959,
26024010,
24050275,
24001486,
23851830,
24540346,
22744470,
23810379,
24835047,
23701362,
23750531,
23569044,
25510721,
24665799,
24470167,
23488746,
24356281,
23123494,
24311021,
23831406,
24860871,
23127297,
23948072,
23883307,
24703436,
23702414,
23824479,
24925272,
23924559,
24736726,
23694241,
23562055,
24874796,
24724879,
24488897,
23392297,
23923002,
24795374,
24791770,
24594981,
24529456,
25402621,
24443488,
25272569,
25156929,
23428951,
24170346,
24428802,
24241065,
24097560,
25216210,
24159994,
24217086,
26096839,
24984765,
23080771,
23965397,
24171900,
24928299,
24227095,
24035049,
25075163,
24113144,
24079597,
23866409,
23763488,
23951729,
23940347,
22691971,
23675858,
23731668,
23719220,
24359697,
24386711,
25183555,
24290293,
25265895,
24118484,
24058311,
23056261,
24083987,
23853156,
25002770,
23850876,
23799538,
23726645,
26623827,
23305691,
25252685,
24465042,
24327172,
24262148,
25056095,
23120670,
24729078,
23104144,
24261292,
25039491,
22949795,
23731020,
23796046,
24475024,
23539772,
24585959,
24744130,
23629269,
25564423,
23349158,
24484757,
24134230,
25256213,
23141937,
24393003,
24030098,
23976869,
23910448,
23976925,
22821943,
23978051,
23783537,
23996642,
24715765,
24019337,
24802522,
25878533,
23795123,
24942193,
24708858,
31033985,
23502580,
26601837,
23721178,
25705415,
24006652,
25314477,
23532534,
24688431,
23353244,
23481720,
24430503,
26521387,
23722407,
24591896,
23551887,
25635953,
23656024,
24475373,
23409503,
24078501,
24150006,
24841821,
22828825,
23779136,
23723088,
24391364,
23609776,
24572286,
24455970,
25280266,
24178736,
24010175,
24313939,
25181484,
30308859,
24127749,
23848317,
24941643,
22822900,
24759894,
23562969,
27773965,
25269719,
25116281,
24984775,
24671193,
24596486,
24369095,
26073018,
25056191,
24761579,
24706125,
24542073,
24332366,
26162415,
25137650,
25119847,
24757699,
24567692,
24655768,
24243970,
26289537,
25351744,
24977294,
24941528,
24796095,
24616533,
26475598,
25382548,
26210140,
25003484,
24904189,
24773907,
24504564,
25358895,
26106194,
23977863,
25886381,
24850423,
25533093,
24500210,
24251635,
26079113,
25057741,
26016929,
25669608,
25538997,
24492672,
26297700,
25240273,
24992195,
25062390,
24966513,
25072612,
25159433,
24096220,
24980258,
24250620,
24108219,
23456226,
24026360,
24042524,
24800539,
23913781,
24743884,
22590290,
25532194,
23755034,
23832317,
24723491,
23734006,
23615793,
26583073,
24626019,
24433135,
24570455,
24465083,
24281268,
24135599,
24386554,
24239040,
23339824,
24161250,
24046227,
26968720,
24629190,
23224335,
23859480,
23861016,
26585185,
23677713,
24909976,
24713411,
25621290,
24457474,
24384683,
25186591,
23409887,
24090947,
24307392,
24901891,
24015948,
24851754,
23078560,
23969898,
23805928,
23987137,
23915700,
24823161,
24838154,
23513587,
24415940,
25869983,
24204904,
25165002,
23898245,
23817513,
29175379,
23809880,
31798964,
24533202,
26626696,
23607321,
31489933,
24285132,
27720111,
24520189,
32545963,
25277109,
26032619,
23805866,
25033622,
23783663,
30276308,
23614839,
26882177,
23748631,
31382075,
23814300,
26532554,
23748273,
24694358,
25589793,
24536709,
24499010,
24434886,
24392710,
24298439,
24065482,
23867056,
24710610,
23630292,
24583190,
25448172,
24306886,
24586224,
23516776,
24366871,
24178722,
25004592,
23942522,
24931033,
23644645,
24814520,
23769924,
24859155,
24532268,
23669185,
24490372,
24568752,
24332917,
23298525,
24229296,
24136524,
24051804,
23014406,
23804853,
23014414,
23874609,
23736361,
24572201,
24479488,
23341571,
25130950,
23897996,
24955538,
23840703,
24704436,
23629782,
24899509,
25615451,
24626128,
23356456,
24597506,
24642999,
24486137,
24398284,
24328581,
24103884,
24095004,
23874848,
23745494,
24478763,
23866427,
24664214,
25705175,
23504413,
23541886,
27152314,
25550615,
24786676,
24070118,
24130460,
24060130,
23846353,
24841424,
23753621,
24489410,
25386199,
24422521,
24262984,
23526096,
24259795,
24157636,
27995149,
23892672,
25004398,
23757744,
24775851,
23670861,
24489630,
25236784,
24285028,
25212666,
24045869,
24159386,
23963568,
23883364,
23833975,
23781883,
22615203,
24517420,
23582212,
24240822,
25057106,
24070374,
24889373,
24173021,
25057716,
24037184,
24635405,
23730317,
24540521,
23558104,
24398634,
25456599,
24488231,
24373272,
23150260,
25031404,
24022836,
24043375,
24008055,
23976376,
23930451,
24865411,
23612858,
24601905,
23757869,
24668889,
27797888,
24701814,
23948669,
24755274,
25720476,
24708942,
25488310,
24647471,
25201558,
24207724,
25234536,
24150783,
24849081,
23989433,
24705714,
23598942,
24645064,
25535973,
24339816,
25287866,
24349192,
25141465,
24089348,
25042142,
23848879,
24694921,
24395691,
24550974,
25494447,
24278249,
25036760,
24051287,
24845345,
23721941,
24752014,
23674409,
24519812,
25512827,
24170746,
25082222,
24092208,
24125137,
24274839,
24828310,
24128638,
23938164,
23847852,
24801610,
23775836,
24053438,
24800936,
23698207,
23644345,
25362980,
24506140,
25380848,
24458763,
25634769,
25195830,
24393378,
25075657,
24111740,
24554123,
23106095,
24201370,
22864467,
23743661,
23680327,
25988099,
23923502,
24657575,
23757901,
24822621,
23540431,
23437526,
23523952,
24473557,
25545966,
24230059,
25030599,
24149138,
25029317,
23820232,
23856234,
23723838,
24850449,
23637646,
24761117,
23615566,
24424780,
25200493,
24196914,
25269265,
23984674,
24113250,
23962364,
24532036,
23806384,
24612659,
25609455,
23599744,
24704765,
25568759,
23599379,
24554907,
24258608,
24037096,
24030729,
25597552,
24251182,
23812927,
23937122,
24784064,
23565070,
24481704,
23285121,
24206319,
25230959,
24245898,
24246769,
24099460,
24930366,
24744704,
25071396,
23840157,
24708743,
23673914,
24673974,
24551309,
23769233,
25178157,
25660264,
23495095,
24625059,
24478220,
24393413,
25138591,
24053763,
23974284,
23943356,
23720087,
23846289,
24484233,
23677171,
24701115,
25375822,
24175036,
25112727,
24162857,
24884023,
24010565,
25084986,
23888031,
23742301,
23602272,
24395815,
24788684,
24848280,
24632519,
25699299,
23359591,
24442073,
25401575,
24446200,
25262099,
31217412,
30937323,
24796071,
24590471,
24611643,
32536533,
26216133,
25969290,
24890313,
30744641,
25418644,
27497621,
25460348,
34437758,
27222026,
26962270,
24116062,
24956283,
23877232,
31233493,
24846449,
25978113,
23994210,
25226879,
23907302,
26202177,
24181379,
24022297,
23889382,
24009457,
23834663,
23700343,
23848963,
24649975,
25532400,
32307473,
32307389,
25873798,
24784212,
23767774,
23899513,
24726378,
23863399,
24723128,
24814700,
23630861,
24743464,
25514513,
24567966,
24402133,
24323171,
25265090,
24223567,
25233307,
24245736,
25031377,
23923512,
24946333,
23839879,
24545845,
23559064,
24395135,
23620830,
24617121,
25569485,
23376214,
23503826,
23880596,
24790483,
22969849,
23791206,
23770427,
23960584,
24701540,
24813115,
23657266,
24044814,
24830731,
23901053,
24696665,
23812953,
23828600,
29926008,
30694082,
25860835,
25620300,
31378032,
22943329,
25875809,
24799101,
23763335,
24632393,
24305303,
25363496,
24453577,
25446651,
23403111,
25180295,
24137590,
25119941,
25355769,
24430724,
24360621,
24060944,
23971526,
23906940,
23857968,
23732300,
24782421,
23567379,
24447611,
24609636,
25459555,
24265212,
25123666,
23879988,
24879510,
23738214,
24874616,
23856449,
24809566,
25479866,
24596589,
24678268,
24535439,
25291621,
24308638,
24340212,
24090614,
23919782,
23768213,
24582819,
23344673,
23942373,
23922189,
23668588,
23929552,
24093550,
24893317,
24054859,
23629445,
23620035,
24723491,
24622146,
23848696,
23781982,
22726000,
24525183,
25429618,
24485437,
25219555,
23505126,
25457181,
24032052,
24919175,
23772466,
24692882,
23840893,
24956454,
25678732,
24636565,
23484223,
24373895,
25311849,
24237829,
24878794,
24066698,
24988715,
23948832,
23908635,
24755956,
23826569,
24710171,
25648962,
24927829,
25768039,
24589616,
23460329,
23771309,
24615592,
24588205,
25253200,
24290126,
24283229,
24029641,
25045393,
24105844,
24164404,
23046330,
24961852,
25821652,
24265806,
24486823,
24524351,
24412843,
23395501,
24350750,
24237140,
24311705,
23384073,
24476780,
23660248,
24665018,
23820850,
25036567,
24931931,
23968497,
23969252,
24113176,
24843871,
24293487,
24330535,
24211890,
24324612,
24236312,
25058457,
24227026,
31703756,
25206598,
26107456,
25155708,
25089859,
24839098,
24828049,
24832614,
24738953,
24650906,
24370975,
24382996,
24401017,
24278124,
26192615,
25111385,
25263445,
25290887,
25349191,
25121404,
24991043,
25144893,
25054542,
26979055,
25052001,
24827949,
23815147,
24868127,
23983840,
24750781,
23836654,
24857487,
24735695,
23652998,
24557902,
23657715,
24661914,
24823161,
23429267,
23650237,
24986368,
25040229,
23702935,
24717957,
23511286,
24312562,
25386398,
24000378,
24215345,
25289210,
25374258,
24246172,
24063785,
24345301,
24172473,
23994742,
24148246,
23891803,
24590675,
24153407,
24181442,
24903429,
23932742,
24801290,
23851039,
24871527,
24649468,
23807681,
25637788,
25549487,
24463591,
24699891,
23555322,
24357103,
24314193,
24384110,
24323322,
24382048,
24193582,
24083477,
24027337,
24868686,
23661590,
24507238,
23664745,
24965049,
24790526,
24604886,
23637640,
24600666,
25422452,
23676931,
25591279,
24581225,
23313128,
24371678,
25149618,
24327014,
24346243,
24104087,
31237402,
31229940,
31247862,
25750316,
25177816,
30336674,
24974955,
25088345,
24188451,
31378382,
25246429,
25248036,
25556640,
33696148,
24956372,
28516498,
23902124,
26100656,
23894978,
32847363,
25307705,
26239470,
24931686,
23808178,
26971810,
24373401,
25053531,
24052268,
23848947,
26191984,
23963835,
24862293,
23878236,
24024356,
24947192,
24925473,
24114074,
25259433,
26056048,
24092270,
24854176,
24729260,
23855079,
24802547,
24788881,
23923202,
24855703,
24752248,
23802332,
24745504,
25022264,
24134170,
24802484,
24929782,
23896812,
24976342,
24871511,
23995049,
25015908,
25844230,
24059783,
24244760,
24144484,
24122026,
23894866,
24762823,
23830623,
24740683,
23727232,
24698252,
23667039,
23692623,
23576899,
24420840,
23579818,
24655634,
24635385,
23719675,
24535625,
23772391,
24609302,
23481586,
24479936,
23668697,
24832460,
24736778,
23866659,
23797581,
23631442,
24577653,
23539889,
24609825,
24635459,
23423737,
25512288,
23484480,
23362500,
26314304,
23416469,
24404521,
24302619,
24237152,
23118011,
26020048,
24033849,
25077204,
23958671,
23976964,
24783288,
23876649,
24721206,
24611062,
23538777,
23531053,
24776001,
25547423,
24383365,
23290342,
24618454,
25646365,
24246162,
24364178,
24251291,
24398350,
25288529,
24217991,
24041588,
24032492,
23845187,
23747510,
24432023,
23577173,
24907338,
25707749,
25536610,
23507626,
24830444,
25551569,
23686518,
23291661,
27365289,
24537311,
25395554,
25601173,
24628043,
24603009,
23269328,
26196517,
24193013,
25376039,
23379993,
24426835,
24086491,
26133172,
24779007,
23982184,
24943621,
24887520,
23898489,
24945483,
24995092,
24032684,
24954866,
25003920,
22990281,
24106527,
23681367,
24815357,
24657934,
25576337,
24515900,
23716827,
24808410,
24648028,
23793164,
24759801,
23703643,
25072304,
25916789,
25820897,
24054251,
23792083,
23951351,
23760096,
23680645,
23730320,
23864604,
24605929,
23513020,
24492593,
23523143,
24645744,
25589757,
24446944,
24742691,
24598323,
23563606,
23549203,
23616779,
25545670,
25399148,
23573339,
24544383,
25638892,
25798320,
23658365,
24637199,
25511553,
26248725,
25122061,
25184131,
24964002,
25315051,
24182699,
25138805,
24296656,
25202283,
25100767,
24224311,
25332609,
25213930,
25254111,
25146315,
24727801,
24626627,
24544904,
24668552,
25591853,
25413901,
24606501,
25664418,
23718854,
25454032,
25744615,
24391875,
25262823,
24095598,
25200250,
25217394,
24263786,
25101871,
24395757,
24327433,
24148909,
24275412,
24951702,
23898906,
26676873,
23724961,
24981954,
25793525,
25665900,
23664192,
24788262,
25743855,
23687108,
23573399,
25780187,
23578171,
23517869,
25702408,
24626509,
26597404,
25368332,
24366621,
25237875,
25240435,
24342224,
25154370,
24951059,
23965236,
24925531,
23825870,
23863518,
23976711,
24926024,
24998162,
24156200,
23940497,
24073967,
24078548,
24017509,
24004527,
23875147,
25668046,
25499156,
23666287,
24921086,
25530024,
25441884,
24791595,
25489993,
25420915,
24381438,
25395228,
25271039,
30228755,
26404402,
24248481,
26292444,
24572523,
25432594,
25267291,
24445274,
25124589,
25311440,
24184782,
25274010,
25213880,
24149007,
24064668,
24199067,
24037454,
24566418,
25140001,
24110768,
24112018,
31074267,
29996267,
25895059,
25835516,
23027198,
30294146,
25957246,
24766887,
23981398,
24675536,
33914108,
25604117,
27782840,
32357856,
26212520,
25981969,
24924199,
25753095,
24962449,
32128777,
24547346,
26526729,
25516063,
24663685,
26231050,
24539827,
24391184,
24397960,
24512862,
24166167,
25167455,
23973696,
24852231,
25017766,
23995837,
24859356,
24928333,
23968545,
25185124,
23978536,
26917910,
23839096,
24940193,
23756557,
24807126,
25769247,
25649783,
23768171,
24762455,
25615850,
23664158,
23719667,
23672303,
25514967,
24464539,
23454125,
24444958,
24337470,
25513487,
24647164,
25726859,
23528786,
25725046,
23519746,
24570903,
23608492,
24524444,
23471879,
24656481,
25621195,
23668074,
24540112,
25550484,
24131996,
25140635,
23518693,
24559711,
24308894,
23594941,
24993562,
25878788,
23918013,
24867298,
24772937,
23997954,
24034737,
24105453,
23931955,
24133983,
24037590,
24039090,
24096655,
24155058,
24152088,
24448395,
25339173,
24297246,
25257920,
25232500,
25296110,
24380914,
25158837,
24164162,
25289645,
24320148,
24169225,
26265505,
24277002,
25078126,
24085307,
25005695,
23998176,
25151296,
24075075,
27197914,
23983325,
24860455,
24126966,
23111160,
25913444,
23940660,
24828817,
24752462,
23632759,
24593734,
25443672,
24310085,
25371136,
24515046,
25470720,
24434070,
25425164,
24424692,
25338869,
24463620,
25244769,
25015421,
24072484,
24857776,
23853486,
24067821,
23702084,
24936750,
25845571,
24716702,
26914443,
23774720,
23800834,
24633062,
24544450,
25377848,
24494887,
24464400,
24470369,
25422267,
25087848,
25039054,
24831014,
24643265,
24408230,
25295330,
23990741,
23991451,
24999970,
23814587,
23727121,
24742404,
25712312,
25627096,
24726488,
25102311,
23859092,
23947301,
25709918,
25635082,
24349984,
26299163,
25046108,
24935792,
24683958,
24609676,
26299178,
25176829,
25065019,
25088857,
24856347,
24940319,
24815072,
24532116,
26309319,
25363661,
25123557,
24969513,
24711142,
24588152,
24624307,
25395474,
24325628,
24254966,
26136608,
24913197,
24711550,
25038959,
23859536,
27017968,
23838326,
24767985,
23771321,
24908378,
25786687,
24624786,
23594031,
24638135,
25373519,
25402930,
24042383,
28449190,
24227389,
24430365,
23246885,
26093302,
24113233,
25215749,
24289099,
25265308,
24074405,
25176157,
25157817,
23964796,
26854620,
23988647,
24715262,
24029297,
25013832,
25948009,
24051234,
24805721,
23967270,
25069967,
24982506,
24017131,
24712618,
24208437,
24905199,
24878860,
24059410,
24940494,
24225105,
24062514,
25847127,
23956310,
23782975,
24612180,
24433644,
26708433,
24676787,
25541261,
24606076,
24747442,
23797173,
25584534,
25380559,
24635635,
24579792,
23570498,
26379169,
24451526,
25280235,
24348232,
24988475,
24121920,
24920895,
24993872,
23953368,
24826483,
23670022,
24878473,
25730965,
24669565,
23622372,
24487143,
25336713,
25097448,
24923469,
24833957,
24702867,
24431620,
25255056,
24049104,
23914723,
25022087,
23781456,
24843104,
25049960,
24877439,
24039761,
23888327,
24754058,
24676092,
23727030,
24887819,
25598099,
25625423,
24467710,
25472098,
25210423,
24227721,
25384375,
24365788,
27300380,
24117345,
25128725,
24278955,
24967442,
24893209,
30473253,
24014059,
26989366,
31097611,
23652415,
26032423,
23886035,
29851533,
26863024,
24851207,
33092890,
25434225,
26348826,
24641552,
25367278,
30465740,
26218131,
26112268,
24898673,
24713947,
24714504,
32567061,
25534491,
25567403,
24655028,
25564968,
24460467,
25435218,
24679338,
24820727,
24650381,
24589211,
25420772,
24591217,
25588717,
24530575,
25426247,
25986710,
24479801,
25490485,
24597109,
25376891,
24671050,
24604180,
24493710,
25482303,
24354232,
24323157,
24226046,
25346725,
24384404,
24122521,
24251282,
25318898,
26380372,
24566177,
25423149,
26467087,
24534179,
25569560,
23598466,
25496212,
24299226,
24562969,
25338158,
25179946,
25006968,
24976495,
24724698,
24989096,
26861491,
24014785,
23143583,
25931283,
24669324,
24731915,
27939894,
23927809,
25116091,
25109682,
23871653,
23854880,
23769912,
23840491,
24649898,
23778701,
24731104,
24887512,
23795817,
23716157,
24761937,
25816258,
24643432,
26504738,
25633177,
24845280,
25628455,
23912073,
25069315,
24950926,
24109791,
24931166,
24714909,
24557850,
23645472,
24807884,
25641932,
24635488,
23831832,
24897502,
24852050,
23938760,
25050155,
24999479,
23937339,
29995381,
29696641,
25627969,
25294999,
23682451,
25468787,
24520509,
25584498,
23517961,
24543562,
24598204,
24429055,
24686267,
25567083,
24577549,
24604635,
24475035,
24540477,
25537737,
24702482,
25667852,
25363375,
25196850,
25129699,
25023409,
24800347,
24660489,
24460421,
26385879,
25170003,
24947479,
24743879,
24819408,
24677917,
24583436,
26304870,
25352762,
25234960,
24959492,
24858957,
24617227,
24313017,
25359608,
25154853,
24972389,
25037099,
32841499,
25714336,
26688933,
24434278,
26262595,
25112072,
25161698,
25096988,
24853350,
24759288,
24567369,
24909900,
27047119,
25602800,
24414608,
26172401,
25070696,
25022692,
24869040,
24501742,
24448118,
26192413,
25097788,
24988504,
24958801,
24745534,
24801135,
24628916,
26535180,
25402395,
25243170,
32231533,
26064641,
26010995,
25080481,
24978541,
24854418,
24743864,
25029525,
25925670,
23977372,
23791919,
24101772,
24155223,
24979472,
23944044,
24312355,
24060376,
25980172,
23796197,
24785201,
23756647,
24848203,
23808297,
24946676,
25002781,
23941155,
23931331,
23960431,
23949759,
24989665,
26020932,
24111903,
25237710,
24032513,
26340759,
24312782,
26284532,
24977986,
24903293,
23845951,
24713598,
24059185,
25281713,
25229076,
23869614,
26162030,
24137703,
25576330,
25065121,
23849015,
23867576,
25048036,
24934172,
23900052,
24882232,
25047363,
24868950,
26665203,
32554757,
31317069,
25216810,
24142667,
24115776,
26313815,
24729962,
24587220,
24443611,
24455087,
25182006,
24043478,
24174156,
24939296,
24767880,
24657198,
24470591,
26400806,
25234160,
25074478,
24750428,
24666302,
23512181,
25426578,
25318309,
25171124,
24806951,
25120332,
24839527,
24163490,
24913786,
23945194,
25175075,
24013554,
26091768,
24118373,
25003015,
24061748,
25017536,
24817160,
23720348,
24577434,
24876289,
24016856,
25025735,
23939960,
23794225,
24863736,
24176777,
25000535,
24211719,
25092742,
24278412,
24193646,
24317055,
25314062,
24277120,
25239983,
24069823,
26019462,
24680718,
24654250,
23472670,
26217207,
26061869,
24968626,
24721861,
24962503,
33165625,
25738481,
33733058,
26452522,
24273996,
25136772,
24044391,
30296547,
24695057,
31363744,
23779015,
25980500,
23988089,
25312478,
33189434,
25020815,
27111749,
24668812,
23800339,
24664548,
33775259,
26704253,
26691559,
23615167,
24865517,
24708548,
24696858,
25913787,
24824329,
23855529,
26527890,
24823937,
25565503,
23676796,
23615165,
24759649,
25503668,
24917664,
25707678,
24780037,
23815686,
24710132,
25783200,
23844068,
24877193,
23861096,
25128281,
25129146,
24213099,
24715227,
24918906,
26400366,
25314545,
25195570,
24912447,
24959052,
24760049,
24675638,
24542158,
24462786,
24373873,
26272806,
24415185,
25405190,
24471920,
24547806,
24523950,
24655172,
25506892,
24670998,
25863377,
24684779,
28867900,
25783631,
23643805,
25921629,
23630275,
25838378,
24628755,
23743634,
24760705,
24934413,
24876789,
24705053,
24697535,
25688479,
25426888,
23450816,
25058340,
26154034,
24929254,
24832534,
24727365,
24664774,
24485527,
26426599,
25219272,
25281863,
24478156,
25496963,
24353700,
25290536,
24566243,
25472107,
24481690,
27427752,
24688567,
25708728,
24576557,
24597918,
25541816,
24831395,
23703404,
26527159,
26591409,
25374971,
24514752,
25219596,
24378339,
25430624,
25458710,
24458144,
25262743,
25091050,
24908616,
24941450,
24667655,
24540382,
24239015,
26297577,
25127512,
25019419,
24835374,
24785201,
24610795,
24553371,
26490628,
25236207,
25025298,
25022195,
24771887,
24766824,
24897043,
25932197,
24614596,
23636528,
25478364,
25265496,
24955599,
24899992,
24692725,
24674037,
25614296,
24741387,
24663240,
24718634,
24594747,
23873105,
24780813,
23689244,
25000449,
24170340,
25067612,
24314900,
24248261,
24276824,
24340111,
23459509,
24347966,
23249063,
25527057,
23813950,
24793488,
23919796,
24085512,
25273471,
24171088,
27634315,
23059022,
25012727,
24916217,
24936579,
24781806,
24877322,
24895610,
23874884,
26144977,
23361158,
25647160,
24205233,
23304385,
24569390,
24568319,
23697151,
24558801,
24697201,
23881410,
24820175,
23014847,
23991167,
24057799,
25063957,
23309206,
24286635,
24186997,
23390964,
24271488,
25235840,
24109786,
24068807,
25023553,
24982701,
24861442,
24797329,
24719309,
24783806,
24714406,
24721899,
24710813,
24637132,
24715829,
23971611,
25088922,
25160965,
24282993,
25486863,
24221161,
23692525,
25467399,
23811136,
24897503,
24733604,
23864453,
24863378,
24127058,
24022943,
24336081,
24332192,
24361574,
26353695,
24402205,
25632446,
24344251,
24564779,
25591535,
25476252,
24498870,
25462025,
24729984,
23773274,
26443394,
23439586,
25723805,
24524448,
23668955,
24740762,
25482844,
25039325,
22803215,
25844135,
24730271,
23482417,
24532240,
23725683,
24964059,
26049792,
25679085,
23974048,
24961036,
23732536,
26741403,
23987741,
24792567,
26633408,
24335535,
26398473,
25158521,
24956710,
24644976,
24809882,
24534008,
26330916,
25359755,
25103097,
25074021,
25023016,
24802791,
24850635,
25738724,
24555656,
23828553,
24954646,
25687644,
24890182,
23868026,
24086144,
25996119,
24841077,
23999521,
24169237,
23928422,
25786184,
24705015,
24904374,
25893983,
25180388,
23949692,
26957791,
24078074,
25320027,
26139437,
24444263,
25327593,
24212845,
24267512,
24171305,
31246473,
30366401,
26040223,
25016794,
24065041,
24886083,
31368189,
23946441,
25868207,
30381690,
24516797,
26789141,
23623464,
25884896,
23787131,
31627015,
27194047,
25719080,
23771950,
24783929,
23619071,
31567466,
26415785,
26211600,
25136203,
25088841,
24905488,
23963002,
24806744,
24109233,
23718056,
24626538,
23658932,
24488264,
25451416,
24588299,
25436544,
24429886,
24465540,
24378203,
24259609,
24251276,
24958233,
23973729,
24902220,
23858026,
24765792,
26559198,
24405097,
26299190,
25263187,
23634351,
24257392,
24302192,
25337749,
24492112,
25182831,
24235160,
25139901,
24286196,
25073517,
24148873,
24913606,
23885280,
24648967,
23886653,
25006103,
25692247,
23867087,
23932652,
24696128,
23898194,
24651024,
25778664,
23972922,
25009572,
25779000,
23917499,
24806718,
25748569,
23670221,
24800515,
25608745,
25685835,
24997162,
25916762,
31004036,
23700691,
24827935,
25606253,
24592960,
25625599,
23611172,
24623835,
24453867,
25416233,
24834990,
24583289,
24591546,
25440087,
24403630,
25544807,
24642168,
24529271,
27646484,
24611683,
25684206,
25663325,
24529913,
25854680,
25652554,
25426494,
24624989,
25613013,
24395011,
25229493,
24442613,
24344865,
24446986,
24601928,
24333110,
25413068,
24330537,
25306675,
24482940,
24422705,
24315332,
26360577,
26193376,
25285672,
24347621,
24231176,
25025614,
25288813,
24174737,
25103041,
24149107,
24996698,
25051794,
25066645,
25841424,
24774957,
23919867,
24899158,
26648252,
24632969,
24486574,
25321153,
24145664,
24117801,
25010585,
24297558,
25171466,
23968559,
26978821,
24250143,
25056305,
24034317,
25222216,
23994998,
26855550,
