12722329318,
129429131,
108651746,
109854545,
106855347,
107482545,
100261686,
106791970,
108738638,
107161601,
108632259,
107661695,
109267674,
110954114,
108391172,
110929851,
107563651,
107407133,
100484860,
106364009,
100265815,
105844411,
107838856,
107961005,
108096260,
107982086,
107630703,
108379453,
103015425,
108328558,
102437764,
107983315,
108373958,
108601274,
108236360,
107569423,
108320658,
108593577,
106609525,
108676577,
110355188,
109035975,
106786439,
108292867,
108654468,
108570149,
102202131,
110061104,
109269236,
111602813,
108931059,
108366067,
101486604,
107773532,
108795795,
107307927,
107836501,
108366007,
108866442,
107498037,
106995619,
105624171,
109015288,
107709494,
108663839,
108506562,
107693317,
107554933,
108272239,
107744170,
107182533,
107401389,
101474357,
107522356,
107100960,
108178196,
103150975,
108614879,
104574163,
108247508,
106727850,
109901643,
109313057,
108056556,
105995252,
108600017,
103031801,
108828828,
102967197,
108095595,
107037741,
106651395,
108168418,
102997811,
108297707,
102966247,
107066395,
105049577,
108302182,
106797971,
106653126,
107573294,
107355187,
106035815,
107663325,
108110621,
106931859,
108075786,
99875312,
106816669,
100805063,
108701858,
106407732,
108787125,
107282625,
108649464,
112236842,
105526727,
109710155,
106769757,
100108678,
107033994,
108741360,
108095116,
108572515,
103345208,
107769541,
102099544,
108595661,
107367950,
108184041,
106443230,
106925418,
108741766,
107096867,
108629084,
107106801,
108932220,
107455098,
107942034,
109144900,
104796455,
107662209,
107494120,
107257648,
108532284,
106713708,
106650603,
103012391,
118571042,
118472907,
100822848,
106699470,
105318300,
106819152,
107607630,
102428057,
107651106,
101737314,
108590493,
107458758,
107398984,
106776585,
106814778,
107136933,
107573422,
108371311,
106941985,
107463186,
107788732,
107347642,
106834862,
107423936,
105875866,
103887590,
108365122,
107078437,
108508581,
108490948,
106966586,
108339369,
107278191,
108692995,
110460904,
107651949,
105836645,
106749076,
98609547,
106285280,
106927095,
108077877,
103118953,
107044128,
106289006,
106823571,
108053042,
102707692,
108323187,
101795963,
108049327,
107196438,
102947825,
112325194,
108825741,
103035841,
107841039,
101615251,
107956422,
108640769,
107041122,
111260697,
107330067,
107969766,
105944086,
107416166,
100269629,
108245867,
112169125,
108766753,
109427789,
104069100,
108281348,
106889554,
108022825,
106722261,
107999998,
106832679,
108479573,
108354833,
107135315,
106251604,
106425487,
98640570,
105230021,
106217780,
107308325,
101690166,
108420538,
108235819,
102679273,
107615449,
107031195,
107192651,
107015148,
106832524,
107806029,
103078388,
109259967,
107379509,
109903901,
107317203,
109760978,
107866444,
104715483,
102144953,
109546925,
107042544,
106251656,
107703154,
106528204,
107384558,
107270267,
106725407,
107676749,
105527545,
106652427,
109774752,
106511755,
105979195,
106297577,
107304458,
107153956,
107820201,
107792159,
103448767,
107518578,
101801833,
107715507,
106618620,
107038549,
107168315,
107635730,
102339319,
109939356,
109841486,
110618828,
102700924,
106777078,
106394831,
107969603,
106345641,
106565489,
106644833,
106433966,
108077327,
105202333,
107221564,
107148796,
108469642,
105442411,
106521130,
108122621,
107315200,
109312345,
104511450,
109061170,
107532101,
106961796,
107584979,
106422929,
107965970,
106376969,
106400872,
108397990,
101587251,
108360779,
106576053,
109132064,
111497987,
107705057,
107828550,
106923449,
108254172,
108980051,
106981124,
107289604,
102819217,
107483265,
106555737,
106557292,
106465615,
106281117,
108296177,
102282055,
108425761,
107524632,
106448964,
107403688,
107088275,
107537476,
105614713,
107255213,
104571588,
106049005,
96328013,
105831089,
105606476,
107662606,
100899970,
107319453,
105789660,
107575289,
106038799,
108328156,
107215268,
102309923,
107120467,
105191385,
106062362,
98100381,
106201310,
107934565,
107702011,
108111759,
107410592,
107240548,
107097737,
101655349,
108480403,
108121495,
106316162,
107375116,
105141446,
106811689,
106936436,
101040457,
107499164,
101846330,
106967520,
104667449,
107711947,
105243880,
108459845,
104995924,
107857394,
109543478,
108829560,
107165929,
106782363,
107824415,
104876778,
107003316,
107835527,
107371513,
106169030,
107573524,
104837715,
106121053,
104553949,
106022474,
98056357,
106584971,
107386412,
108133570,
107210630,
107362183,
107136935,
107150785,
107313593,
107480336,
107413486,
106900254,
107392960,
107435756,
106997201,
106319043,
107878034,
108434230,
105262675,
110886444,
108016823,
107625199,
106845146,
105996216,
106998579,
101919750,
106932920,
107044947,
107253467,
106335676,
106826776,
106622661,
106869904,
106960196,
106367612,
106791067,
108438038,
106676843,
106242640,
107042383,
106943929,
107707335,
100600460,
108958396,
113735912,
106454151,
106881558,
107253696,
106256002,
108087320,
107916956,
107322419,
107566894,
110247292,
108401091,
102421180,
105743475,
99059267,
105307714,
107311443,
106361313,
107915099,
105675789,
107116603,
106301121,
107503856,
105656251,
107119106,
107108627,
106163969,
106046545,
107399722,
102242164,
107599864,
104435825,
106158317,
106030798,
107256480,
106633214,
107667424,
105624577,
106722678,
107364398,
107730574,
105636154,
107740299,
108059685,
109750393,
107812454,
107134446,
106249637,
107472324,
108540347,
106303322,
107481078,
105307271,
106207752,
106239233,
107497734,
106143003,
107579987,
106314546,
106107342,
106767031,
106798818,
107071396,
106835490,
105390121,
107047935,
107386403,
104473953,
101279976,
108212934,
98328896,
105278182,
106391976,
106132802,
106711163,
107027166,
106376261,
108495601,
108124713,
106298207,
106637220,
106134873,
107283598,
106297957,
106130658,
105932461,
107225635,
105167416,
105804798,
106740042,
105950322,
107081134,
106128610,
107282526,
106339578,
107132891,
106039281,
106251337,
106434187,
106630572,
106778041,
106741834,
106361769,
107356946,
107808868,
107815237,
109485697,
106394443,
107036254,
106919404,
106895763,
109081504,
105961353,
106764335,
106282577,
107051829,
105195841,
106360587,
101721317,
106834636,
106636749,
106517822,
105866594,
104899452,
101179185,
113045862,
98268270,
104674395,
105047380,
107812775,
102454379,
106993564,
106538930,
107297434,
106749161,
107228733,
106201119,
107470418,
103445311,
107393844,
107033719,
108297312,
107111958,
109613598,
108107220,
110020968,
106770141,
106873485,
106537034,
106898457,
106365459,
106287600,
107315156,
106844492,
106827242,
107217928,
106409235,
106188905,
107230157,
102114567,
106851894,
101885687,
109792852,
101660647,
106705270,
102068670,
107006998,
102822754,
106604916,
101776505,
106581879,
101766634,
106785309,
102588138,
106647097,
106447326,
107000783,
105082367,
109807056,
103051816,
103956097,
119895771,
101480736,
106759614,
102319163,
106980279,
101892411,
107532615,
102046640,
106901092,
106144174,
106657073,
105783199,
106870300,
101256281,
107102491,
106400458,
106463295,
106653198,
106116582,
107544709,
105918243,
108116936,
106622647,
107509196,
105281617,
106975820,
104158081,
105426602,
106178431,
107383898,
107807794,
109614692,
108056848,
106462654,
106956233,
106121659,
106124344,
107346930,
109304089,
106828832,
106783024,
105969576,
106362897,
106822609,
105276110,
106369995,
106613461,
102259319,
107761301,
102009173,
107338900,
102711157,
107922134,
107961266,
104885632,
103672158,
105217015,
125510853,
108389903,
106713255,
106763528,
106069835,
100292340,
106692911,
107343738,
104064893,
109246826,
106469146,
108106247,
106488146,
106629694,
105931975,
106500333,
107175732,
106549723,
105954987,
106586623,
106242055,
107405876,
106841796,
105662945,
106306431,
106064291,
106005499,
107237094,
106088923,
107068598,
106113181,
107650218,
105885062,
107321552,
106474742,
107646284,
106323376,
109213384,
107243449,
106650782,
109378028,
107971335,
108725491,
107184042,
106204740,
107437650,
106625454,
107587903,
107176321,
107586096,
105707214,
107139396,
108299181,
104886981,
103007210,
103133028,
136744535,
110123183,
104650013,
106358579,
106721955,
102584659,
106352681,
106801604,
106220193,
107108172,
103207833,
107563218,
105864139,
107545853,
106658452,
106928348,
107333561,
107053172,
107952444,
108586550,
107109578,
107603007,
102100615,
107292452,
103128485,
107424544,
103271350,
107543136,
106389347,
107793298,
106117402,
106139504,
107398465,
105548785,
107069467,
107420736,
104661925,
105224224,
109591969,
101732786,
107398741,
105176469,
107259782,
106084482,
107350815,
106281866,
107654697,
105942420,
106660342,
101097375,
106153615,
104996844,
107716099,
109101559,
104986316,
97075025,
134352900,
114869405,
95683521,
106138485,
106614683,
107267435,
107024169,
107686453,
106052903,
106300584,
106998529,
106815355,
105732714,
107053327,
106843717,
106749054,
106789229,
106301304,
107409814,
106597585,
107248711,
106925848,
106263443,
107419207,
106741116,
107784175,
105302324,
107558570,
107871136,
106265566,
110290880,
105420222,
107424012,
105976411,
106269435,
106004726,
106980312,
106556906,
108459041,
105438740,
106561498,
106983095,
106049539,
106022313,
106733132,
107780205,
106619317,
107296276,
106301444,
106536195,
107334750,
107362131,
106578369,
106029547,
105609616,
98440274,
139023747,
119380555,
106366127,
108040945,
105773630,
106344616,
104970479,
107011597,
104889474,
108320281,
106446995,
107610757,
106384121,
106315870,
106817547,
107416565,
106214685,
106890018,
106238137,
107451410,
105893141,
106857905,
106374930,
106759077,
106056421,
107463137,
103040920,
106455222,
100590280,
107870061,
106897750,
107682832,
105864699,
107019595,
105548783,
106212546,
106765236,
100806014,
106718292,
104266538,
107010088,
106852861,
105201193,
108802342,
107130306,
100757923,
106243688,
107546870,
102663987,
107447242,
105861956,
107441317,
107792861,
106453292,
107262788,
104000713,
99938581,
143897601,
121583096,
100713496,
106677660,
102291113,
107664120,
106181105,
107334842,
105882098,
106106817,
106068676,
107228310,
106196808,
106197278,
106069921,
107276298,
106075802,
107065922,
109607106,
108724454,
107129350,
106743062,
106961538,
102167694,
107013125,
100601155,
109823041,
110266644,
106163458,
107345386,
106161929,
107357127,
106937970,
107570635,
107291851,
107721560,
102275805,
106803902,
107716954,
107823792,
107531704,
107491601,
105754675,
106683532,
107084728,
107232935,
106206899,
107447130,
105152258,
106737119,
108494097,
107389618,
109847063,
107962051,
105251190,
104140727,
105740972,
97741105,
106853304,
107278987,
106034670,
105822870,
106495750,
107011401,
105847973,
105676555,
107223845,
106057731,
106872354,
105773042,
107107976,
102973393,
106736438,
103043379,
107107466,
102299588,
107239851,
105735328,
107373446,
106660721,
107717112,
106499481,
108061811,
106687566,
109285970,
107269349,
111510435,
107385121,
98659929,
105704237,
107497245,
107208019,
107812318,
106033025,
107657482,
108825859,
106731618,
108466039,
106585429,
107611738,
105894336,
106916292,
108962607,
108702802,
107062820,
105278522,
106883272,
107138722,
103323901,
106253877,
104782358,
98179398,
105888470,
99974566,
106395792,
105210627,
107185132,
107198118,
105969408,
108687948,
108722737,
105025659,
95256240,
105962404,
106132935,
107480916,
106448733,
106806432,
106698899,
106140106,
107409418,
105822709,
106746558,
106755875,
106919846,
106804301,
106607322,
107508726,
106227317,
107165897,
105900627,
107327605,
107684386,
106451331,
107376189,
106056170,
107268548,
105991819,
106115387,
106110685,
107230788,
109104218,
107337243,
109296188,
106003369,
105813949,
106734258,
106056077,
106775618,
107710035,
107424295,
106265716,
107372569,
106215697,
106627986,
107001404,
104622395,
100548714,
134358370,
112371381,
95647129,
105790058,
106195991,
107089062,
106126759,
106699311,
99490681,
105923913,
107532184,
105466833,
106119371,
107112994,
104487101,
107576829,
106815820,
107653342,
106107305,
102865765,
106623955,
106427507,
101689007,
106536161,
101828458,
107164306,
105339459,
107104552,
106517447,
106221530,
107079408,
105753553,
106516315,
105902329,
107325990,
106096360,
106888474,
105641912,
107552521,
106044522,
109856164,
101523240,
106604307,
104930243,
106832673,
106465282,
105899920,
106049077,
105707005,
106764427,
106016648,
106618526,
107659588,
104077002,
106417998,
97462409,
104736448,
105398269,
99467319,
104932942,
105067794,
107074229,
102938444,
106744168,
101712698,
106433891,
106104460,
107029169,
105243614,
107487677,
106017985,
106692456,
105676627,
105435097,
105411106,
107420111,
106480788,
106855232,
106259212,
100443494,
107366855,
104643209,
105493683,
106171461,
105789365,
107212116,
107253067,
108776119,
106613753,
106862327,
106562919,
105851405,
106628490,
105848659,
105818559,
105720484,
107597612,
103146159,
109650449,
105156341,
106511817,
101712968,
106214220,
102195235,
105621590,
106588915,
106708349,
105954522,
106908062,
105477213,
106052424,
105348088,
104681182,
107447888,
106040131,
106080668,
106013032,
107204152,
106881551,
107123398,
110677288,
106408219,
95794772,
106701850,
101161017,
106802683,
106832430,
105905534,
105806110,
105887043,
106570509,
105844838,
106043889,
106082274,
107094589,
105944397,
106514713,
106314216,
107428116,
106472771,
105872654,
106665034,
105770405,
106725367,
106831340,
105380780,
105842166,
106015416,
98796177,
106737499,
105871558,
107022680,
105917155,
110570472,
108599484,
106269286,
102132583,
105900234,
106527318,
106974521,
106013989,
107522492,
106265255,
106518877,
103530000,
106730680,
106519887,
105039820,
104894147,
107864083,
101921070,
107689862,
101696305,
106924984,
101997204,
106495470,
101251516,
106371042,
106859889,
106198564,
105855068,
106037194,
106818796,
104878901,
106335947,
107013103,
107503955,
109509198,
106457513,
106820736,
102045587,
106245147,
106169376,
106983122,
106352115,
106192149,
106846554,
107064620,
106869826,
104705710,
107607893,
106457047,
105942906,
104316893,
107819562,
103292915,
107527288,
106253665,
105987650,
109261076,
105873398,
106472207,
106806886,
106822385,
105692955,
105547708,
105802584,
106652828,
100785045,
106462832,
106604335,
105233133,
108019918,
105875995,
107287913,
107241974,
102275138,
106892893,
103010346,
107639763,
102169143,
106833268,
101885172,
107530486,
102172462,
106602772,
105844110,
106173541,
106781959,
105881126,
106168816,
107023885,
107096521,
106260164,
106876352,
105839810,
106699226,
106793829,
105879533,
106361672,
105026197,
106235717,
106216717,
106629429,
108177150,
106774951,
106136767,
95849346,
106525882,
106821008,
106435096,
106913464,
107099042,
106197704,
106930551,
105643504,
108672574,
105830024,
105851867,
106799434,
106028045,
107303692,
106546458,
106548629,
105962849,
106731428,
106926626,
106794048,
105952555,
105981199,
105956450,
101314787,
106066479,
102068621,
105144734,
106639270,
105023679,
106250307,
104931435,
108846880,
106304749,
106710402,
106100710,
106736654,
106066412,
106573122,
106651412,
105822342,
106536211,
106022021,
105416387,
106665686,
106822341,
106190000,
106678882,
106525972,
106630245,
106224130,
105844652,
105906126,
107092178,
106858553,
106849777,
105545021,
106515271,
107395789,
100621164,
106630796,
107925374,
105503671,
107933830,
106956107,
113579083,
106453662,
97002555,
105285252,
105425974,
107386099,
106342104,
106045487,
105798855,
106460848,
101889165,
106326138,
106234019,
106097534,
105450283,
103639406,
105320003,
95526831,
105247557,
105883480,
107677932,
102226366,
107656378,
106188624,
107020500,
105681619,
101703965,
113191373,
111643290,
109900561,
106958942,
107798746,
104302868,
109969289,
108999605,
105410353,
106916450,
105558039,
109805253,
106948806,
106311005,
108602224,
107047066,
106581341,
107102092,
106398872,
106598488,
105957111,
105821071,
105524569,
106082482,
106187510,
106054493,
105270040,
106477056,
107720948,
104539557,
110111751,
105273217,
105905052,
107438860,
106593967,
106746249,
105964372,
106769474,
103623416,
107653514,
109500272,
105316050,
106753185,
101072886,
106481907,
107364846,
102546666,
107359511,
102603112,
107146327,
105917457,
107030023,
106176155,
106523074,
103670004,
107429687,
107657717,
107190801,
106949083,
106560691,
106017660,
106813770,
105336273,
105967352,
106015798,
105968280,
106305872,
106379861,
106320555,
106671373,
107487781,
103632996,
108434146,
107236859,
108041660,
107911545,
106082516,
106179406,
106522893,
106346953,
105898526,
106955346,
106115899,
106016802,
105773682,
106798837,
108880331,
105594393,
105144338,
107275889,
107589533,
106655448,
105924599,
104917612,
106688082,
107592740,
106717206,
107161771,
106292679,
107524047,
104913271,
107106484,
106269871,
107060028,
107270139,
107226393,
107392397,
107456644,
105795736,
106624653,
101047512,
106621277,
107458068,
106072675,
106746021,
106545485,
106995692,
106297395,
107209355,
106922949,
107142367,
106064305,
106790275,
106953894,
106045760,
106777307,
105395162,
106402533,
106231839,
106834248,
106231796,
106544764,
106452027,
106083511,
106024859,
105801638,
106001949,
107324051,
107330249,
107067937,
106650493,
106984407,
108279548,
108254578,
105344785,
105271653,
107120821,
105956217,
107060516,
106337309,
105886079,
106075513,
106999801,
106556994,
105864989,
106891497,
106817798,
104010647,
107466298,
107116520,
107657513,
106999139,
106230504,
105735676,
105988986,
106061876,
106192503,
107339972,
105463256,
106290262,
106128680,
106569742,
107516483,
107474512,
107668396,
111038198,
106409441,
96973102,
105227367,
105930645,
105916844,
105936373,
105998267,
105938132,
106163248,
107149579,
106610742,
106177595,
105932474,
105988889,
105918114,
106549698,
105865235,
106780845,
105270170,
106441187,
106225447,
106410585,
106356415,
109238493,
106708400,
106032553,
105579615,
105763561,
104996120,
106398767,
107030766,
106259516,
108758465,
107896039,
105717667,
99181436,
106009813,
99598052,
105981373,
98924385,
106075164,
105929198,
105988354,
105888679,
105865512,
106501431,
106123827,
106159833,
106022905,
107289227,
105710112,
106586930,
106895620,
105950180,
106916253,
105757844,
104433834,
106753061,
106474207,
107520806,
106368859,
105710653,
104819655,
106462427,
107125160,
106469712,
110471522,
111690950,
111851752,
111336276,
107102681,
106340112,
106502393,
106123003,
106113820,
107423212,
106372161,
106634854,
106274666,
106498577,
109014340,
106738653,
106594252,
107009672,
106427084,
106040941,
106745709,
106261662,
107659746,
106599248,
107011715,
106277859,
107434710,
104654306,
106527960,
101404944,
107517895,
106293671,
108331592,
107086325,
104685553,
107286307,
106808912,
101954173,
106939133,
101896254,
106959481,
103008130,
106841833,
102770660,
106839014,
101614172,
107131137,
102788141,
106923091,
102785266,
106695499,
101679097,
107082227,
106005055,
106504581,
105177092,
107160559,
105355392,
107332944,
105639166,
107168148,
106256306,
106728403,
101431910,
106831767,
101958611,
108776175,
106872072,
105642833,
107191332,
104636751,
107369491,
106391827,
105845005,
106404247,
105729949,
105681061,
105808881,
105753792,
105969768,
106101089,
106883916,
106971306,
100665216,
107149902,
100167329,
107758006,
107394341,
106361496,
106386108,
104735621,
105375520,
105971087,
100154145,
106459762,
106250744,
108120833,
105999715,
107352231,
108157991,
106982928,
105611924,
110183972,
105557006,
98555591,
106389693,
107089754,
105480731,
106919038,
100271422,
107618472,
103410836,
107297185,
106100425,
106769502,
105681204,
108131076,
105021481,
107628709,
103479804,
106528317,
106890678,
104686702,
105974048,
99515674,
106138387,
107064433,
108029505,
107191096,
105969945,
106767051,
104977492,
107101569,
107061394,
106725784,
106905180,
107398358,
98315132,
106279523,
101367114,
107060294,
106491983,
106257348,
107123422,
106716427,
105753652,
105993568,
106323475,
107782640,
106552288,
107215582,
107294201,
107712683,
106523333,
106895726,
107016708,
105931644,
106361074,
106577974,
106883592,
107041581,
106991211,
106803945,
107139737,
108258864,
107176901,
106186828,
108584698,
106852032,
106250121,
106044554,
98607808,
106355786,
107162864,
105848712,
106058422,
106539417,
107247336,
106443512,
107632393,
106716245,
106418501,
106476896,
109173452,
106031261,
107017783,
106274068,
107067796,
106235926,
106049197,
106293552,
107600400,
105815367,
106941634,
106133753,
106442081,
104977886,
106058284,
98891630,
105670554,
105270374,
106165078,
102082036,
109794158,
106745283,
101250994,
106636394,
102122728,
107327564,
102818743,
107823943,
106473487,
105997375,
106221988,
106998411,
105658879,
106256310,
106772263,
106227244,
106011098,
106860338,
107016220,
106281468,
107040941,
106654803,
106229097,
106100993,
106480804,
106720278,
104596803,
105020600,
106594557,
99523361,
105964182,
106147413,
107331828,
107126586,
109240510,
106346097,
100948931,
108169316,
107694392,
103613339,
108841959,
102909863,
106127165,
102030566,
106636663,
102361396,
107569044,
107122024,
106468272,
105728582,
106290375,
105328666,
105624855,
106668723,
105224937,
106603233,
106382468,
105789896,
105265086,
105743321,
106900742,
106402981,
104424326,
107184545,
102604544,
107995203,
107315289,
105301523,
106132844,
98082478,
105725551,
101842713,
105982690,
106345470,
105772794,
106509173,
105614879,
105512506,
104611148,
106318029,
107263383,
102362182,
106595904,
106897588,
106953999,
106251240,
106114837,
105277572,
106675728,
101982589,
106479871,
106213403,
105851940,
109477206,
107107007,
106589716,
107688261,
106263054,
106926921,
107952198,
107160531,
106219020,
105876614,
96943211,
106370246,
100415622,
107080684,
103081169,
106880713,
101838189,
106759611,
102443918,
106468829,
105671435,
105825019,
106513085,
106239242,
107766172,
106437904,
106493745,
106836085,
106721445,
105991208,
106482043,
106419121,
106345586,
107472228,
106886784,
107588936,
103441103,
107235905,
106611160,
107068709,
107850725,
107166494,
105617414,
97558855,
106420293,
101903276,
106174610,
106008315,
106489863,
106454622,
106012279,
105690289,
106089149,
106080491,
105836739,
105943954,
106354640,
108675446,
106327196,
106954712,
105976894,
107120483,
106733827,
105909954,
106827236,
105996680,
105849201,
105979988,
105233991,
104585914,
106055724,
106760238,
107373946,
105621723,
107599393,
103596200,
106622357,
102457882,
106997178,
106044807,
105926526,
105358526,
107299105,
106399812,
108153847,
105351753,
106705312,
102509457,
105982151,
105655401,
106262160,
106617427,
106077016,
106800504,
106165281,
106835841,
106783421,
106184672,
105955974,
106520109,
106038507,
106020126,
105994717,
106561947,
104814892,
106919076,
106777191,
106948902,
105765411,
109339079,
105198954,
96410557,
105168612,
108209226,
107326674,
103030313,
106751478,
106217641,
105882318,
105880360,
106020604,
105639050,
106391210,
106407954,
106425451,
105893597,
107302957,
107001782,
106838723,
105967784,
106921831,
106939563,
106487236,
104994642,
107106160,
106979972,
107074256,
106137040,
106881967,
105838926,
108150104,
106358889,
109095793,
107158994,
106925972,
102481154,
107548713,
107199544,
105765954,
106864298,
102016398,
107057007,
102721700,
106394941,
101832806,
107244810,
102988063,
106450848,
102025518,
107026471,
106626589,
106793566,
106137792,
106032340,
106132237,
106807531,
106756511,
106039958,
107152932,
106014108,
108274282,
105664754,
105367720,
98619091,
109087695,
107614153,
102792520,
106263162,
102142967,
107482204,
105817407,
104733827,
105668395,
97919668,
105035760,
105571604,
106604074,
106278696,
106043569,
106265179,
106231163,
106283054,
106716411,
106104673,
106608661,
106281474,
105828446,
106693985,
106712573,
106047165,
105926430,
105874348,
105946311,
105624529,
106803660,
104904023,
106131595,
105061357,
106138868,
106557109,
108561465,
105287345,
95830110,
104328608,
106042780,
106850376,
105851925,
105417361,
105474895,
106380360,
106038902,
106952007,
106017117,
105778839,
105125835,
105359974,
108333877,
106223097,
105404334,
106089224,
105382034,
106388686,
105993656,
105819799,
106479549,
106459808,
107467796,
104623661,
105870398,
101338627,
107491709,
106711763,
108382300,
102665383,
108253281,
105817950,
106842486,
103407272,
106573367,
106290625,
106252685,
106102109,
107484962,
105465707,
106918859,
106285502,
106107179,
106845132,
106876738,
106907074,
106932459,
106951423,
107058229,
107004277,
106112919,
106987697,
105872898,
106076776,
105195955,
106641868,
107365405,
106295485,
106178918,
107226632,
107616200,
106095557,
107124681,
104982465,
105417979,
97236291,
105865358,
106214581,
106792363,
108674573,
105825373,
105920293,
105974056,
106449994,
107050677,
106243781,
106174646,
106789742,
106029641,
105972273,
104216272,
104477275,
98020403,
105679027,
106029666,
106824746,
106289338,
106238845,
105917230,
106075327,
106529859,
104984417,
108161457,
107167900,
107080409,
107066876,
107202367,
105857942,
108025274,
103431560,
106573565,
105963689,
106474527,
105602881,
106015520,
106800983,
105945240,
105971486,
106204418,
106131691,
106172922,
105660173,
106024822,
106010178,
106002256,
106077315,
106221737,
107337979,
106248064,
106650732,
106251841,
107547483,
105925136,
106609400,
106213090,
110407607,
106914947,
106491069,
107099814,
107730958,
110475174,
108428646,
105455854,
105802693,
106221559,
107402681,
104663817,
105426872,
97468994,
105924172,
105890285,
106751264,
106990574,
105796672,
106884986,
106061289,
107065384,
106159936,
106481643,
106446995,
106685199,
105966721,
105759694,
105838832,
105731380,
105760409,
106298634,
106124321,
105968890,
105059702,
107269547,
107738057,
107858793,
106919057,
102725759,
106585691,
102148289,
107489862,
106213270,
106905078,
107071465,
106827635,
105655740,
106044991,
106207959,
107509314,
106256975,
107058352,
106061700,
106918116,
105662908,
106135626,
108217564,
106516151,
106331358,
105755723,
105909268,
105912883,
104775840,
109692751,
101262668,
106445435,
104925235,
107258544,
105630677,
108109539,
106543445,
107279879,
105602968,
105542313,
97239529,
106559371,
106831732,
106926886,
106002160,
106053334,
107059066,
106187592,
106268729,
106334566,
105421089,
105650691,
106193924,
106662190,
106581138,
106734914,
106184313,
106514552,
106776259,
105919489,
106536980,
106640266,
106632423,
106333183,
106523816,
106749600,
106037669,
104802218,
107117700,
106150662,
108121820,
108966831,
106941434,
104889314,
106854791,
102592959,
106746027,
106128271,
108127138,
107013710,
101774864,
107533061,
102313198,
106297410,
107145987,
105898862,
106036564,
108054785,
104736152,
106182001,
103612008,
105397390,
107116395,
105949519,
106026586,
105819209,
105261782,
106903695,
101395377,
105740973,
105684653,
106523073,
107433340,
104822501,
107974659,
101408745,
106315099,
106924625,
105959585,
105758059,
106382217,
105347798,
105363368,
106490721,
102275720,
106174160,
105643865,
105890719,
106004620,
105649617,
106511998,
106017905,
105815248,
106165359,
106216430,
106920629,
106697200,
105832721,
106352945,
106439045,
106584810,
106747872,
105815492,
105866763,
107511262,
108942074,
106732731,
107550971,
106495717,
105916432,
105424402,
96556131,
105950098,
105309242,
108621051,
103240321,
106973938,
106210394,
106898290,
106400685,
106233637,
103130994,
108664257,
103902372,
107268133,
106900188,
102746575,
106938485,
101993030,
106725664,
106407509,
106847206,
107123476,
106726912,
105468015,
105390747,
107283416,
107057191,
106592722,
103116900,
108261834,
105837251,
109258232,
107051774,
105958673,
105685510,
106811691,
106260849,
106190483,
105768233,
106582479,
106170611,
107301613,
105981297,
105773830,
105829353,
107395939,
105962300,
106396486,
106902181,
106029830,
108691226,
105514001,
106374246,
105722481,
106472571,
106005213,
105922757,
106800928,
106314213,
107066001,
100476449,
105267635,
98231277,
106044142,
108132356,
106597800,
105987049,
96442431,
106143612,
100291735,
106714095,
105320077,
106518334,
106189574,
105813786,
105966938,
106450905,
105738923,
105500267,
105983692,
106110839,
107245116,
106361832,
106226498,
105785748,
105887864,
106427719,
105847427,
105304043,
106993418,
105836567,
107025960,
105316164,
106306321,
104675084,
105819495,
105182782,
105570541,
103436833,
108694740,
105353673,
100622398,
106546473,
104709709,
106282497,
107032742,
102127908,
109716178,
103016951,
105614968,
98608968,
109257483,
109752275,
105942506,
106926359,
105362454,
105752612,
107601406,
103573864,
106779193,
102546286,
105808621,
106993342,
106336350,
106947122,
106241744,
107097549,
107012428,
106155724,
107199394,
105903222,
107601726,
102395575,
107328307,
106955771,
106677972,
102327070,
107608526,
105901231,
107063590,
106641318,
106102214,
106107104,
107413805,
105777385,
106284486,
107694783,
106516638,
105707837,
106592487,
106393851,
106673078,
105197043,
106404926,
106921660,
101191708,
106720777,
102515548,
105917726,
105701688,
106992743,
105548623,
106871659,
108572563,
105800088,
107623110,
103885503,
105149484,
97123901,
105958037,
106767952,
105266200,
105131529,
105634115,
96023511,
105066691,
105885041,
106710924,
101181033,
106107358,
106668319,
106172364,
106613156,
105987697,
105831676,
106738252,
106027816,
105747026,
105833859,
106346040,
106106596,
106010216,
106260103,
105853165,
106172998,
106299255,
106834631,
106712813,
106507759,
106346882,
108653676,
105555440,
96714396,
106183090,
99873053,
106630659,
106245148,
106212412,
106150983,
107097263,
107143144,
107453790,
105850457,
106812281,
100142682,
106417230,
106184836,
106625906,
106322007,
105255999,
110214057,
101781502,
106267603,
98815745,
106464776,
100902698,
106988981,
106300538,
108753735,
106744253,
106603597,
106988740,
107103256,
108430510,
107759444,
106162899,
106025898,
106897879,
106094014,
105980035,
106808998,
105989182,
105271244,
106302057,
107843913,
102498031,
107483921,
106028204,
105846403,
107263732,
105984045,
107072453,
106271220,
106061070,
106308988,
106193289,
107197561,
105897688,
106868811,
106462327,
105948570,
107605661,
104683503,
107756286,
102598753,
108534143,
106916263,
103018430,
106770998,
100948244,
107028295,
106707314,
107025346,
106771711,
105714061,
106657310,
108634507,
105881467,
105823237,
106750258,
106053473,
106657714,
107521813,
106101047,
106176734,
104389437,
105568219,
95958969,
105001153,
106073121,
106598224,
101225507,
107155718,
101188578,
106784496,
101113388,
106023620,
107203851,
106749880,
106793934,
107362679,
105537042,
106299601,
98225179,
105885489,
105859509,
105835248,
105959317,
105621399,
105570248,
105642372,
106506759,
106758398,
105752758,
106601198,
105012424,
105478726,
106583599,
102343857,
106906420,
106329896,
106698655,
106097208,
105672913,
106600133,
107400006,
98781248,
106245597,
100442812,
106077412,
102475979,
108917475,
105536656,
109513585,
99105394,
106586710,
106008972,
106180920,
105904732,
99097249,
107373760,
101133793,
107966199,
102289437,
107370086,
106644403,
106263390,
106091341,
106546820,
106438416,
106508979,
106123798,
106285307,
107221510,
105656541,
105712409,
106197306,
106733558,
106793393,
106377076,
106379063,
105956615,
106691281,
104930516,
107596165,
108168317,
106395603,
107623288,
104218812,
106611366,
97655505,
106313095,
106114546,
107042772,
103079967,
107702115,
107243751,
106948807,
103258611,
107354749,
106500422,
105971485,
106606836,
105929060,
105731579,
105577678,
106242764,
106988594,
106089358,
108137428,
106662733,
107486069,
103097112,
107400264,
106209625,
106276433,
108390052,
105609851,
106316128,
99759557,
106227346,
106583199,
106469391,
106055813,
96955399,
105551907,
99484288,
107875913,
107894655,
106576598,
106816381,
101304917,
106834267,
106301972,
107730129,
106931325,
106782822,
106055248,
107710950,
106590246,
106095014,
106139841,
106652346,
107115728,
103391964,
106827927,
105942571,
107555578,
101666369,
106938372,
102634754,
106565602,
102579953,
106990357,
106854425,
109452942,
105487072,
106281771,
106037359,
105847141,
106100675,
106035959,
106511498,
106148685,
106715288,
106482207,
110002310,
102105999,
107289090,
107107708,
106487794,
106629650,
105981612,
108432459,
101100835,
107022827,
106511780,
107381128,
106424053,
107374514,
104887888,
107316353,
107046904,
102649979,
106825393,
107458892,
102528530,
108755098,
108212691,
105829786,
106414628,
99481349,
105952979,
105883878,
106808493,
106939378,
106042904,
106060774,
106033560,
106181614,
106935640,
106132931,
106954474,
106092191,
106127388,
106273079,
106066437,
105970030,
106149970,
106146761,
106011250,
106354086,
106678374,
106824027,
106231243,
105940771,
106974728,
105179137,
104043101,
107324378,
107750632,
106159245,
108830904,
109012566,
105677782,
96547770,
106474931,
106769352,
106672962,
105245388,
104527652,
105601637,
97440409,
107321067,
106106340,
106860424,
106173624,
106730096,
106328238,
107551925,
106599588,
106750574,
106442271,
106096980,
106310224,
106376740,
106209772,
106279775,
106117031,
106756271,
106040664,
106739966,
104910504,
107372822,
107120979,
108092221,
108634556,
107261333,
106290205,
102311388,
107127878,
105572580,
106604478,
107360920,
106064831,
106883058,
106492790,
106138763,
106288758,
106123774,
106666471,
106460779,
105843883,
105855164,
106739656,
106803929,
106335799,
106609068,
106516714,
107665648,
105553845,
106731509,
102333938,
107389014,
106535879,
108785536,
107096897,
108226652,
106834912,
106947532,
100448113,
105934780,
97623710,
106333208,
100343449,
106413120,
106715840,
107416754,
105494274,
107089795,
107549475,
106653478,
106790687,
106394476,
107296308,
107871824,
106875945,
107869547,
105851465,
107698856,
105950418,
107396234,
106350778,
107666324,
106692777,
107984638,
106005825,
107925677,
106279464,
108396112,
107913589,
109166048,
107917067,
107948280,
111000869,
108222730,
105449383,
107299187,
100882983,
107041048,
102892365,
106464341,
106234286,
106166447,
105672303,
108829010,
106548239,
106268879,
106198516,
106030029,
106659137,
105779633,
104653666,
106255093,
100420004,
106651035,
106499043,
106101434,
106759708,
106201529,
107399285,
106464396,
106859906,
107127074,
107017301,
109020343,
107046363,
109608036,
109872967,
108901219,
106347246,
107464094,
105056255,
106667484,
107067610,
102608086,
106632040,
107531216,
106162793,
105695453,
106442793,
107264891,
106614789,
107420177,
106448310,
106239252,
106988707,
106936856,
105405053,
106465664,
106432498,
107518369,
107096466,
106118827,
107426831,
105430107,
107266606,
106916354,
100964151,
106680016,
108187296,
105988021,
108498044,
100520019,
106530980,
107677043,
106107512,
107485559,
105754975,
104494000,
108281933,
107240144,
106237445,
105181085,
107410301,
107264842,
106444462,
107434332,
106585657,
106555794,
106256579,
106894174,
106582907,
105920894,
106520446,
106463271,
106901113,
106292048,
106094439,
106271461,
106499994,
106826181,
106043303,
105743115,
106906848,
107969904,
105120844,
97559569,
105384915,
107017486,
102320995,
107171585,
106515213,
106050042,
106306779,
107005210,
105950632,
106308717,
106430950,
106614194,
106069957,
106750697,
106600265,
106778256,
106035590,
106115011,
105938001,
106984339,
108471532,
107093079,
106197489,
106692252,
105386128,
106421604,
106803299,
108722857,
108411921,
106777146,
106007592,
107264364,
106212697,
106529336,
106131471,
105798592,
106609792,
106715089,
105846043,
104772076,
108336909,
103014822,
106720434,
100970106,
105974670,
106794742,
106184412,
105821054,
107152919,
106800995,
108265016,
100478546,
107529744,
106540361,
107759419,
106685344,
106275279,
106598169,
106105309,
107385935,
108021418,
108020610,
105655209,
107942174,
105657342,
107032299,
101505119,
106963873,
105914343,
105842724,
105988868,
108409035,
101709170,
106687580,
100196917,
106265170,
99680555,
109385563,
107240275,
106551768,
106626998,
106856542,
107159832,
104634364,
104556235,
97783151,
106287460,
99740307,
106704129,
106260394,
106503991,
105871264,
106756404,
105146304,
107766823,
107779324,
108034181,
106480547,
106937970,
106549120,
98218260,
106121521,
105915889,
106042014,
106105412,
107547564,
106376915,
107476701,
104559611,
105242794,
106496476,
100712374,
106024049,
106030035,
106655013,
106337433,
106670005,
105426632,
106969991,
106180511,
107199745,
106163973,
107511837,
105269138,
107553969,
105390913,
106665961,
106808576,
106562329,
107067135,
107361973,
109905359,
107938810,
110103372,
106200214,
105694698,
106250230,
106006431,
107288411,
104828139,
107245123,
106669376,
105601586,
107265730,
106031397,
107164198,
105571629,
107185061,
106346623,
106695859,
105564063,
106836039,
106792220,
107063197,
106598087,
106787535,
106433783,
107532052,
106828131,
105523268,
106502853,
106723594,
106152988,
108421348,
106833136,
106676886,
106270695,
97172054,
106822221,
107420128,
106621120,
105863676,
106344272,
106881635,
106351610,
106647976,
106824217,
106435839,
106140398,
107568095,
106723358,
105229467,
106349448,
106139364,
105801853,
106478917,
105986925,
106284875,
106657125,
105532905,
110332796,
101927550,
107243692,
105990611,
107462132,
108053797,
106312823,
107514071,
106222278,
109965013,
106405065,
96546828,
106728602,
107536604,
106064804,
108488211,
107685031,
108592562,
106709987,
107230249,
106921947,
106949753,
105997479,
108094789,
106836976,
107106742,
107603527,
106861506,
105782981,
106971123,
106371466,
107286881,
106233611,
107047405,
107199438,
107218270,
105897006,
107018981,
107883672,
108328056,
107896773,
107589260,
108647160,
108961071,
105312950,
107688429,
105896432,
106810002,
106104058,
108205431,
106260159,
108095429,
107073988,
107055870,
107007798,
107782064,
108677425,
107191620,
106367334,
107052944,
106687161,
108398535,
109002518,
106911004,
106039812,
107267955,
106384943,
108162725,
106093975,
105073202,
108981703,
103939556,
109704387,
109157950,
107549676,
110101013,
112848887,
107870673,
102717415,
107859800,
107996532,
106479641,
107396035,
106584785,
108832404,
106562728,
108100449,
107183774,
109211526,
108065931,
108035545,
108486747,
108415870,
108815924,
107470561,
109049863,
107466026,
106674228,
108025069,
106508741,
108714054,
106510940,
106113339,
107274458,
107007767,
108874973,
107165395,
109392740,
106987715,
108929975,
112134581,
110310243,
108952083,
112579452,
107080303,
106934321,
107119692,
109138787,
110455579,
108444280,
107348402,
107711555,
107021950,
107773440,
105261717,
107286298,
105792557,
106948993,
107837528,
107270361,
105690994,
106872131,
105782576,
107125331,
106064757,
107250632,
106102205,
106762023,
108445096,
106794404,
99263088,
109324340,
106311016,
109389260,
109305989,
106894389,
106147257,
107769878,
106383693,
108184872,
107061499,
107297811,
106366219,
108603145,
107016231,
107981487,
107338183,
108180432,
107364702,
108432025,
106898406,
106388332,
108262054,
105918963,
107232762,
106596339,
107356609,
107418160,
106486486,
110462466,
105148091,
107370919,
109031256,
107477801,
100970241,
109377668,
107327233,
104077257,
106639787,
101026964,
107866846,
106386949,
106941847,
106771647,
107965268,
106314266,
108395827,
106261834,
107979496,
107080894,
108011831,
106714547,
108358924,
107851807,
107152506,
107404121,
107375942,
107225437,
106031502,
107066226,
106420798,
107545048,
106969077,
107453167,
106987646,
107292673,
108879657,
106819887,
104910178,
108348701,
108141657,
110679122,
106764884,
100039055,
107749193,
107166110,
107944092,
106969054,
108249299,
106404044,
108079828,
106492686,
108199111,
107158250,
106775184,
106090033,
110412115,
106221032,
108474401,
106272016,
108515915,
104668001,
107329615,
102900255,
108024741,
106183572,
107099609,
106006550,
108300920,
107732337,
109220722,
107896622,
109510670,
107737309,
105779215,
108654738,
106192016,
107002867,
107061375,
108480661,
108534483,
103892723,
109112219,
106418318,
107784820,
107013842,
107420107,
107494772,
107836543,
107186650,
105926088,
107414040,
107499341,
106494879,
107186222,
105791507,
106897168,
106073915,
106891884,
106231872,
107109810,
106959259,
107541921,
107397143,
107694865,
108133025,
105524757,
108109053,
107942978,
109490368,
108795637,
108114394,
106452749,
108257198,
107180699,
107890564,
109169558,
105137557,
108235645,
107186090,
106435319,
108035132,
107199468,
107462185,
108014929,
108053578,
107423634,
106245292,
107002075,
107035686,
108034519,
107038480,
108038315,
105876658,
106863493,
107380979,
107007703,
108693575,
108793345,
109596096,
107163368,
107658044,
109727050,
107222599,
101830143,
106828390,
107139838,
107975465,
106481826,
107184187,
105762789,
106841377,
106652039,
107222143,
106939511,
107012895,
105683355,
106899395,
105861546,
107101496,
105739958,
107043629,
105959157,
106809542,
107121941,
107006875,
105653583,
107206489,
106092164,
109946868,
108037477,
108011684,
108494350,
106885507,
109572210,
106712883,
110543969,
107272125,
106591759,
107127279,
107377060,
107696646,
108370556,
107056285,
107396366,
106469712,
108095053,
107017479,
108341644,
106529601,
106986552,
107326172,
108142660,
107108463,
107255030,
107566062,
108689730,
106345664,
107507092,
106977176,
107475375,
106911108,
107143166,
106958713,
108981109,
107367859,
107022731,
110549893,
107800229,
106559856,
107313121,
101274307,
106878316,
105983268,
107069657,
107182012,
108244678,
107142211,
105030219,
108232426,
106228148,
107991625,
105061974,
107934439,
108111136,
110406719,
106765734,
108187769,
108176928,
109765199,
107409608,
103528237,
107814301,
106787186,
106494742,
106788414,
107561081,
107222850,
107981013,
107791336,
109426623,
107655716,
109654233,
111575523,
107654107,
107951316,
107655615,
107015792,
107643892,
108021572,
107260392,
106831740,
107764206,
106209326,
108035220,
106674453,
106794811,
106785631,
107402946,
106539761,
108436513,
106567448,
107577810,
107223133,
108033511,
106947677,
107423790,
106626726,
107826634,
106843467,
107942815,
106144688,
109877616,
107423464,
108211680,
108781098,
102490055,
108601454,
107051380,
106202221,
107152627,
106874781,
110543726,
107006275,
107071371,
108780895,
108553391,
107567801,
107110770,
107751931,
106585550,
108159170,
106942009,
108098343,
106694177,
107012406,
107543055,
107594065,
107714792,
109031574,
108370759,
106869188,
108709941,
106774305,
106215648,
109193132,
107721337,
109371858,
107062777,
109238292,
110582262,
109067160,
108301428,
110464524,
109764589,
107817855,
107831495,
108061368,
107633821,
107382460,
107598814,
108832203,
107066877,
108542256,
108269351,
108930227,
108681083,
110469435,
109057440,
108681214,
109960160,
110238212,
108664692,
107577207,
107613746,
107165449,
106983557,
107210937,
110303789,
106953731,
107838347,
105947739,
110595061,
107755278,
107056858,
109020785,
102061545,
107706831,
106760609,
108399508,
107885474,
107144364,
108521819,
107939404,
107696713,
107627791,
107495976,
109122410,
107331496,
107055957,
108906896,
107512926,
107655762,
108787351,
106956965,
107681196,
108469894,
107419759,
106603518,
108399893,
108255059,
107449763,
108222764,
107737591,
107238912,
110129721,
107226932,
108347409,
108208658,
109917360,
101911071,
107626923,
107622245,
107677369,
107101577,
107924264,
106288616,
106172961,
107861324,
107757896,
107554354,
106343401,
107016245,
106474077,
108031732,
111293778,
107658244,
109973835,
108662949,
107806590,
105995693,
107165235,
107725564,
106951868,
107747286,
108236615,
108897144,
107547518,
102838033,
110886921,
107530407,
109734676,
108767690,
107326710,
106243542,
107581673,
107439693,
108655012,
106170239,
107297046,
107050823,
106920408,
107049744,
106979016,
107847077,
107384585,
107131488,
107199010,
106138239,
107148508,
106520795,
107429374,
107167966,
107439565,
107994736,
108924968,
106800094,
107049047,
107418194,
106658355,
108233678,
106359254,
107176756,
108372760,
107526791,
103147884,
107952201,
106949678,
107234703,
109588534,
107998941,
110093385,
107344410,
107621689,
105357939,
106226529,
