11691240536,
63821564,
44777383,
44310334,
43358790,
43984023,
43679088,
43097342,
43941690,
42707006,
43521407,
43989912,
43678771,
43610148,
44283460,
42734559,
43450276,
44259055,
43964783,
42414153,
44270088,
44178042,
43553620,
42098487,
43856938,
42471937,
43038222,
43010102,
43770388,
56056108,
45932785,
43661778,
44573342,
45030450,
43536401,
44277000,
43167356,
42685929,
43328035,
43853482,
42776630,
46617940,
46917042,
43473206,
44238602,
44130974,
43515201,
43265408,
42983876,
42747202,
43110107,
43895718,
43567492,
44303839,
43736868,
43539527,
43252689,
43870012,
43498826,
44165693,
42965529,
43693584,
43147025,
42940414,
42626049,
43400088,
42891496,
42692007,
43418377,
43229110,
42603642,
44415755,
43125535,
43930286,
43346678,
44115339,
43913168,
42662695,
44128660,
43851432,
43594147,
43480225,
42895925,
45730895,
42527637,
43358054,
42816008,
42518303,
43073313,
42859267,
42301709,
43126955,
42830880,
42487463,
43185238,
42050851,
43063376,
42837861,
43287831,
43073473,
42894913,
42663813,
42134462,
42917998,
43679835,
43441278,
42903669,
42644788,
43404105,
43311482,
42644750,
43452368,
44193112,
42764671,
43360574,
42246867,
42946997,
42724936,
42148673,
43188978,
42866730,
43707716,
44010505,
42851556,
43560878,
44337244,
43868294,
43766611,
44459579,
44185942,
43613386,
43498789,
43180893,
44019521,
43412654,
43161198,
43969306,
43783732,
43293538,
43082395,
44934247,
43729519,
43192874,
43962579,
43766627,
44545305,
43978037,
43835189,
43484178,
53350636,
52669071,
44693833,
44336095,
44146947,
43635244,
44175652,
44012004,
44011779,
43514803,
44253109,
43985405,
43816075,
43333735,
53197537,
47893534,
47659339,
44140156,
44014026,
43779610,
43521365,
44076702,
43797931,
43474688,
43598745,
43036339,
43972993,
47650311,
46495235,
43992533,
43780015,
44531379,
44169889,
43842454,
43624371,
43309125,
44265363,
43778873,
43366681,
44406678,
44217775,
43663954,
43523388,
44197238,
43975725,
43495165,
43274937,
43990386,
43889167,
43293810,
44129551,
43991369,
43756365,
43315872,
43961856,
43913848,
43741047,
44251236,
44969568,
43797564,
43618536,
44121175,
43982593,
43695773,
45517429,
42997460,
43810980,
43624985,
44518683,
43924693,
44705881,
44530135,
44364926,
43782180,
44646894,
44427935,
45257014,
43723479,
44567774,
44376696,
44180907,
43654079,
44450933,
44307197,
45047862,
43454441,
44423582,
44403962,
44067346,
43483001,
44274634,
44038824,
43887568,
44373874,
44166543,
43946670,
43768228,
42260576,
42142083,
43947093,
43715934,
43174100,
43051990,
43846309,
43604329,
44078360,
43892499,
43602539,
44263835,
43664771,
43483677,
43327855,
44131705,
43645462,
43182814,
44241816,
44062243,
43517308,
43404602,
43231300,
44043752,
43681088,
43268470,
44297564,
44146986,
43543699,
43450160,
43257668,
44145368,
43692645,
43414916,
43266676,
44070601,
43627011,
43262625,
44278265,
44104302,
43593936,
43434108,
43200632,
44073415,
43779085,
43385836,
45262093,
45019424,
43453637,
43349939,
43184128,
48055228,
49517522,
46357754,
45171282,
43984710,
43510492,
43330938,
43076140,
43726168,
43516659,
43145852,
43497865,
46031208,
43522562,
46322217,
46124575,
43946866,
43395802,
43256090,
43042778,
43902400,
43495616,
43242475,
46080946,
43825107,
43441348,
43195570,
42932935,
43803362,
45368732,
43234811,
43033101,
43762254,
43319699,
43170974,
42688097,
43551116,
44104255,
44034122,
43037574,
44719864,
44534184,
44290791,
43840873,
44765435,
44558005,
44429760,
44200420,
44093858,
43558364,
43515474,
43051431,
43224367,
43486655,
43321282,
43168145,
42991125,
43738415,
43519317,
43096486,
43292876,
42811073,
43643858,
43439767,
43022378,
42820520,
43649150,
43429267,
43260861,
43928431,
43225039,
43018382,
42833036,
43663458,
43400640,
43170706,
43954938,
43763305,
43426770,
43223815,
44299041,
45066338,
43656299,
43179975,
43255678,
43953108,
51482648,
43330789,
43980804,
43661375,
43195017,
42977049,
43483911,
43544310,
42856168,
42616927,
43757450,
43478039,
43071827,
43838451,
43697587,
43311912,
43048604,
42877622,
43706432,
43481249,
43044231,
42793898,
43524850,
43545105,
43165614,
43027132,
43941606,
43497532,
44240683,
43004307,
43916291,
43599731,
43197878,
42791180,
43853299,
43547250,
43032656,
43018362,
43880476,
43678780,
43016119,
42963109,
42886240,
43771775,
43332219,
43062826,
42877784,
43761152,
43309785,
43193474,
51972475,
46586941,
45215993,
43156790,
43059173,
45961788,
43477141,
43286713,
43095976,
43950701,
43528722,
43130127,
43257737,
46071382,
46680716,
43459907,
43344779,
43194212,
43755273,
43472980,
43366491,
43137097,
43711151,
43546791,
43417155,
43141194,
42786260,
43572829,
43512904,
43235579,
42828524,
43634643,
43484246,
43342017,
43934216,
43723961,
43548809,
43382551,
43947921,
42856147,
43677370,
43478782,
44113036,
44012362,
43755889,
43613197,
44126360,
44005546,
43863721,
43645243,
43312247,
43142254,
44065319,
43895573,
43690253,
43322923,
43078946,
43903783,
43830003,
43285998,
43084111,
43889479,
44716528,
43148223,
43875575,
43670214,
43770149,
44281439,
44100211,
43932610,
44789588,
43235250,
43206571,
43982972,
43813449,
43294626,
43222982,
44013704,
43920077,
43223922,
43778878,
44834764,
44653756,
44154404,
44017824,
43861208,
43774944,
43295663,
43214998,
44016537,
43852064,
43147242,
43230502,
44059327,
43982966,
43232907,
43290086,
44134722,
43965039,
43462698,
43287767,
43171823,
46043706,
43449265,
43399638,
43191830,
42978606,
43523479,
43352613,
43273138,
43993838,
43410477,
43456112,
43284624,
44098780,
42501759,
43484098,
43283613,
43229984,
42837965,
43653823,
43498192,
43107458,
42946858,
42783891,
42661122,
43622721,
43105283,
42889860,
42732596,
43564661,
43104742,
42921808,
42895311,
46759171,
52067340,
42902898,
42802935,
45036501,
43567154,
43340787,
43191440,
43060653,
43555604,
43473505,
43223876,
43157761,
42754475,
45666179,
43498272,
46369167,
42963672,
42848243,
43610296,
43508268,
43056592,
42990703,
41758076,
42559176,
43173556,
42009463,
41780731,
42703240,
42066336,
42127362,
42939342,
43550652,
42154745,
43179272,
43049973,
42844429,
42446341,
42266177,
42111220,
43039504,
42530237,
43334599,
41977449,
43051821,
41956941,
42454508,
42352162,
42220564,
42063770,
42623115,
42395433,
43270891,
43128592,
41507378,
42538557,
43191379,
42244319,
42848634,
42624163,
43530676,
43316604,
41871133,
42711448,
42585563,
43452751,
42975815,
41918313,
42786105,
42588197,
43188978,
41976837,
43818484,
43665942,
43174066,
42969664,
43843238,
42620463,
43264710,
43045219,
43980753,
43769163,
43359753,
43211174,
42926361,
43890761,
43440959,
43351119,
43216195,
42054171,
43654195,
43310722,
43157222,
43070906,
42678627,
43473421,
43318818,
45949974,
42840488,
42676611,
42623867,
43328036,
42943372,
41762880,
42668017,
42490582,
42033788,
41735698,
42838704,
42652160,
43290792,
42103564,
42737252,
43616452,
43372542,
43214830,
43075993,
42056205,
42684460,
42287957,
42364455,
42227050,
43870587,
42680739,
42328155,
42430042,
43266045,
41817281,
43715264,
43493844,
43360356,
42925985,
42842588,
43595132,
46502531,
43087354,
51963178,
43736319,
43572569,
44354259,
44247916,
45081087,
44890951,
44441325,
44296772,
45168754,
44977373,
44517513,
44386127,
46302731,
47121661,
44589617,
44468674,
45313289,
45251006,
44712193,
44523063,
45357104,
45242705,
44502436,
44418705,
44531449,
44378932,
43925150,
43733981,
44632462,
44517292,
45118929,
45041762,
43860388,
44760605,
44350217,
44197939,
45090253,
44970681,
44491418,
44398071,
44251288,
45145506,
44672246,
44525077,
44344095,
44221188,
44784392,
44637433,
44478354,
44288288,
43853452,
44611040,
44434302,
44284069,
43840026,
44566724,
44626666,
47523155,
44135518,
43917080,
44498455,
44593051,
44285453,
44072186,
43771625,
44638509,
44531317,
45025322,
43746245,
44662602,
44518401,
44068884,
43943330,
44797228,
44624876,
44194894,
43973631,
44863743,
44657199,
44275105,
44074696,
44950446,
44762067,
44235808,
44154094,
44981571,
44865458,
44356792,
44252917,
43259483,
43172574,
43694982,
43552653,
43524373,
43312907,
43682886,
43568073,
43442877,
43280563,
42826133,
48138820,
48510295,
43141483,
43365417,
44122822,
43417113,
43234889,
43056018,
42889728,
43707362,
43493814,
43375964,
43168423,
43112746,
42900426,
43713074,
43560554,
43368597,
43154570,
43942184,
43498909,
43348823,
43146241,
43053256,
43630967,
43272634,
43308127,
43208653,
43515235,
43623688,
43396170,
43319314,
46113344,
42761033,
52787970,
43399526,
43112024,
43052196,
44914229,
43801920,
43420731,
43243492,
42151264,
43993928,
42537600,
43393318,
42243033,
44836592,
46642662,
43503032,
43353037,
43283015,
42073270,
43006310,
42727960,
42581501,
43147823,
42942900,
41918742,
42672236,
42280487,
42189431,
41918016,
42852609,
42418915,
42266297,
42067140,
43973717,
43525722,
43932246,
43640209,
43985243,
43926750,
43682661,
43575911,
43412163,
43208527,
44018566,
43853343,
43710021,
43484869,
43379148,
43201111,
45077859,
43912972,
43674462,
43431395,
43180941,
43152435,
43937440,
43722756,
43524277,
43341076,
44171913,
43999405,
45127693,
43701116,
44273278,
42846468,
43877550,
43989525,
43273414,
43151014,
44051330,
43823840,
43353383,
43286722,
44167806,
45351601,
43861676,
43492185,
44409569,
43172471,
43847105,
43800292,
43595876,
43375932,
43220325,
43058050,
43922207,
43659638,
43303555,
43135324,
43992108,
43805973,
44358666,
43195548,
43853424,
43902660,
43500970,
42249408,
44088609,
43840860,
43677931,
42521806,
43338287,
43105017,
41719336,
43749896,
43586716,
43426792,
41871185,
41999501,
42934162,
42786529,
42374083,
42187801,
42108904,
42996116,
42537321,
42296054,
42167880,
41799593,
41876225,
42640511,
42474474,
43330677,
42162220,
42010986,
42919933,
42689012,
42190182,
42038429,
42917744,
43731657,
42298752,
41918281,
46033852,
43879615,
51313067,
41988087,
42880768,
43892974,
45389330,
43263739,
42930089,
42087405,
41703267,
43793662,
43385521,
42260971,
43337033,
49203509,
43074618,
45915737,
41802212,
42647870,
42526280,
43372337,
42201206,
42055901,
42926290,
42836633,
42654882,
42501685,
42309985,
42146591,
42950114,
44848768,
43629533,
43344315,
43157332,
42939300,
42896151,
43505788,
43251061,
43110795,
42153952,
42971387,
41872847,
42678664,
42503900,
42383491,
42224627,
42048385,
41878938,
43725295,
42564850,
43376341,
43201426,
43023822,
42930226,
43733873,
43663027,
43461487,
43849260,
43049071,
42840624,
44197439,
43630406,
43397407,
42963559,
42977135,
43653325,
43702433,
43630629,
43416984,
44248477,
44072212,
43888259,
43702356,
43585064,
43321284,
43212465,
43067939,
42870501,
43701577,
43620212,
43354963,
43167789,
43043412,
42940346,
42790013,
42539197,
42383580,
42297627,
42032167,
41903296,
43706810,
43418447,
43220702,
42032752,
41899789,
42663701,
42608741,
44594283,
43767560,
43304093,
43058961,
42867005,
43725748,
43517923,
43249072,
43135084,
42943607,
41836260,
42582666,
43477422,
42252183,
42061293,
41855137,
42892300,
42422321,
42446774,
42295378,
42084040,
42002256,
41803178,
42675207,
42538355,
43294516,
42929949,
42898151,
41917699,
42661915,
42491340,
42311327,
42186119,
42122455,
41951086,
43847253,
45669459,
43448762,
43212357,
45127771,
50055564,
43603627,
44681136,
42535651,
45396861,
42189661,
41966322,
42807670,
42620921,
42454993,
43320864,
43156322,
44981159,
45830971,
42679170,
42499693,
43336552,
43169467,
43048586,
42856843,
42758033,
43470103,
43305741,
43087812,
43046830,
42868225,
43451167,
43594389,
43319814,
43224113,
43002942,
42898972,
43673753,
43506999,
43326123,
43168910,
43012112,
42804981,
43642249,
43480507,
43239002,
43112749,
42919684,
42724914,
43578218,
43386354,
43185867,
42955892,
42866879,
43607116,
43394740,
43006007,
43080698,
42916619,
42687424,
43569979,
43413618,
43295051,
44076214,
42955327,
43917837,
43671780,
43530268,
43347869,
43197699,
42965758,
43833911,
43639626,
43478232,
43106394,
43107671,
42919576,
42803507,
43617300,
43479405,
43348064,
43175802,
43976591,
43880352,
44613583,
43477316,
43288090,
44128868,
43940567,
43820006,
43558913,
43479052,
43282153,
43091516,
42946901,
42777544,
43617847,
43417589,
43291946,
43104194,
42902475,
43824951,
43543323,
43412326,
43225980,
43019579,
45877245,
42810053,
43646688,
43418386,
43272216,
43152301,
42746767,
43727693,
43457724,
43291238,
43087718,
42942565,
42753671,
43575800,
43430029,
43303306,
43049098,
42929096,
42756385,
43643803,
43908039,
43163138,
43046199,
42880853,
43716778,
42546922,
43151521,
43183800,
43022518,
44871116,
42705495,
43575424,
43444583,
52207832,
43035995,
43928680,
45744166,
44609985,
44373546,
43270388,
44111122,
43939973,
43781140,
42637483,
42387639,
42274363,
45067037,
42990685,
46789769,
43678525,
43427791,
43225711,
43059511,
42836217,
42773137,
43620616,
43446949,
43319885,
43890858,
43915712,
44736731,
44504224,
44371719,
43241876,
43906597,
43813363,
43614172,
43278683,
43260997,
43085815,
43999991,
41570117,
42611121,
42455592,
42328101,
41949234,
42801731,
41940190,
42739304,
43543230,
43426414,
43496108,
44549321,
43772844,
42621672,
43486896,
43260914,
42217580,
42950720,
43799236,
42654589,
42551936,
43369094,
42197760,
43050705,
42878122,
43707944,
43361096,
43367968,
43182038,
42065913,
41998214,
41803739,
42625647,
42501754,
42366236,
42196520,
41862899,
42802260,
43688722,
43509058,
43331825,
43189074,
42958185,
44034352,
43616222,
44369878,
44191861,
43948758,
42926217,
42516669,
42243896,
42136661,
42150585,
41958779,
42859046,
43609390,
42475813,
45274768,
43025459,
42748918,
42529126,
42387233,
43191727,
42022231,
42829897,
42661553,
42540220,
43378146,
43124526,
42007044,
41629483,
41764451,
42532902,
42368496,
42277584,
42044649,
42773451,
41785350,
42417093,
42562614,
42366387,
42244570,
42046063,
41924035,
42794774,
42574712,
42448828,
43170334,
42893198,
42868690,
43678735,
42526086,
47357372,
43004291,
43988056,
43777737,
43676068,
46482922,
49340859,
43175334,
46022570,
41839314,
42707047,
43503613,
43396495,
43150751,
42841306,
41954821,
41765845,
42686867,
45569362,
45379670,
43201190,
43062561,
43932241,
41697355,
43707601,
42489501,
43372906,
43184253,
44028296,
43803951,
42701786,
42207480,
42327947,
43108004,
43005423,
41738045,
42579874,
42441268,
42235954,
42097320,
42913606,
43525575,
43568602,
43416139,
43320150,
43129752,
42957749,
43828771,
43375503,
43496852,
43352968,
43203718,
44005155,
41898755,
42734059,
43594007,
42416179,
42284248,
42082875,
41938731,
41862887,
42683199,
45529711,
42280730,
42113765,
41934997,
41739064,
42400774,
42447751,
42236300,
42002354,
41884583,
42784534,
42662439,
42505586,
42244970,
42140514,
42726089,
42703888,
41791635,
42617622,
42187352,
42111408,
43183662,
44049081,
43855616,
42662839,
42290118,
42408921,
42220285,
41836241,
41913973,
42804132,
42611169,
42456818,
43303813,
44190586,
42966156,
43594781,
42620472,
43485599,
43261597,
43152686,
42915963,
42805686,
42551847,
44362353,
43353230,
44197120,
42993074,
43879050,
43679386,
43597259,
43335831,
43204959,
43081124,
42924963,
43759289,
43640779,
43168293,
43185271,
43050282,
42928423,
42781345,
43647032,
43429033,
43293918,
43214385,
43032032,
42865196,
45251728,
43060001,
43801583,
43594499,
43214050,
45617316,
44124111,
43913419,
43719631,
43534362,
51366827,
42961406,
43058662,
45807895,
43722680,
43610404,
43436508,
43271818,
43100059,
42905167,
43800337,
43646797,
46378292,
43345837,
46169499,
42933910,
42812611,
43679981,
43530412,
43322281,
43158049,
42924541,
44063039,
43696907,
43504963,
43350193,
44280830,
44102148,
43901532,
43732343,
43569066,
43374652,
43153882,
43107852,
44000782,
43703278,
43556973,
43454202,
43232200,
43094792,
42976812,
41851772,
42608252,
42408414,
42267485,
42168989,
42000118,
43840457,
43584642,
43400292,
45290919,
42046906,
41934333,
42521870,
42611232,
43368037,
42224860,
42125302,
42926097,
41747708,
42586063,
42476019,
42356603,
42088204,
42000236,
41842356,
42637735,
43496256,
43388699,
43208163,
42906130,
41801096,
43637991,
43440300,
43348365,
43150249,
42986216,
41837943,
42704059,
42432377,
42229381,
42118381,
41969450,
41616014,
42721675,
42513773,
42292883,
43092017,
42895016,
42710416,
42522972,
43337181,
43268586,
43768569,
43708955,
43322110,
44375524,
44223032,
42998097,
42785808,
43689753,
43491682,
43350066,
43171020,
43101185,
43878875,
43730003,
43498214,
43409630,
43220533,
44004202,
43794049,
42611348,
43445605,
43267334,
43097174,
42833319,
42797013,
42672441,
43244393,
43326562,
44206589,
43977945,
44823613,
43655544,
43501023,
43338205,
43110781,
43100409,
43899538,
45767307,
43635261,
43495723,
43263186,
43160895,
53149525,
43716789,
43590905,
44599265,
43479041,
45294867,
44130527,
44033258,
43803329,
43698749,
43469703,
46370733,
46197218,
43970906,
45887940,
43746570,
43633405,
43396485,
43268888,
43119749,
43858225,
43778047,
43538905,
43391340,
43191863,
43077671,
42929728,
43721276,
43575251,
43428168,
43166402,
43098403,
43827569,
43671393,
43540708,
43397793,
43078756,
43014780,
42797012,
43739256,
43521648,
43390429,
49473545,
49060170,
43186741,
43323044,
43878393,
43788122,
43027876,
42886960,
43671562,
43501163,
42822108,
43615943,
43500846,
43340711,
43167875,
43030833,
42824747,
42842947,
44063037,
43466384,
43312256,
43266510,
43061955,
42835681,
41756853,
42406170,
42442841,
42036674,
41882377,
41689519,
42363789,
42456426,
42250890,
42125674,
41654849,
42716070,
42385120,
42464514,
41994276,
42079531,
42650709,
41755602,
42591493,
42027445,
42881729,
41747774,
41423371,
42584513,
42411464,
42245945,
41994987,
41820394,
41479882,
42568378,
42332678,
43287641,
42846338,
42060906,
42819178,
41529988,
42409738,
42426002,
43113239,
42898395,
41931629,
41839894,
42767810,
43667117,
42312787,
42021200,
42073027,
41913072,
41784853,
42684223,
42220489,
42413383,
43178664,
43005035,
42582125,
41688299,
41488440,
42206682,
42041023,
42075692,
42895779,
42729793,
43539534,
43427980,
46218145,
42060446,
42880403,
42707083,
42560894,
49449089,
46286914,
43091497,
42914284,
45858757,
43616994,
45403636,
43255039,
43411703,
42949742,
45802485,
43430539,
43502210,
43091492,
45122010,
42870074,
43742924,
43574625,
43384058,
43139994,
43097297,
42887112,
42847499,
43591454,
43414542,
43278397,
43083776,
43002839,
42828162,
42663331,
43515253,
43302884,
44194658,
43994558,
43716783,
43588201,
43447397,
43266012,
44136717,
43959449,
43837040,
43553685,
43497707,
43314297,
42170812,
42940109,
41802420,
43636490,
43546584,
43315011,
43193290,
42760343,
41855733,
43623977,
42495558,
42311907,
42132236,
41977634,
41602915,
42682370,
42528104,
42359386,
42244224,
42028774,
42943417,
42243627,
42101026,
41900158,
41730262,
41632609,
41703365,
42565874,
42450655,
42237476,
42085914,
41736575,
42853234,
42775449,
42634626,
42513623,
42414445,
42235159,
42170132,
42002323,
41946052,
42748845,
42614044,
42420461,
42337277,
42210413,
42083158,
42948830,
42824607,
41640425,
41584558,
42471296,
43361566,
42166402,
42035291,
41965194,
41779158,
44372899,
42620448,
42514844,
42381866,
43297868,
43105810,
42966161,
41854798,
41678242,
42595726,
42464097,
42357105,
42216848,
42149425,
42009679,
41882817,
41924443,
41739986,
42444849,
43345078,
42187387,
42004423,
43847018,
43684949,
43561382,
43358730,
42101832,
42969663,
42776609,
46449704,
42397072,
43282946,
42082509,
42746533,
48834856,
46676227,
43475305,
43406964,
45148886,
43053420,
43769742,
42686495,
43692954,
44668610,
44304572,
45867147,
43660689,
44583874,
44299656,
46232057,
42006881,
41964106,
41835537,
41664535,
42513097,
42359569,
42147332,
42028193,
42913951,
41788039,
42596645,
43457973,
43342821,
42149855,
41823946,
42903240,
42669386,
42316714,
42143826,
43220172,
42820179,
42918913,
42805632,
43630303,
42416838,
43270159,
43109633,
43084933,
42805987,
42688927,
43553569,
44467716,
43274934,
43345126,
43065570,
41784164,
42855442,
43795347,
41617078,
43512282,
42355498,
43247727,
42106570,
42952180,
42876174,
42702349,
43556273,
43460723,
43332883,
43191882,
42180996,
42005240,
42005014,
41878713,
41759314,
42646913,
42512453,
42461492,
42249715,
43134513,
43010104,
42964486,
42839401,
42696206,
42506211,
42435814,
42284375,
42149434,
42072354,
41891555,
41736867,
41746576,
42610179,
42470383,
42396245,
42164504,
41889873,
41934197,
42621235,
41465695,
45635981,
42507627,
42420727,
42265199,
42122481,
41990730,
41897969,
41778822,
42669772,
42502768,
42405576,
42277015,
43145109,
42032226,
42887647,
42709428,
42670520,
42498465,
42336130,
42243898,
43125618,
42972941,
42616544,
42510210,
42668567,
42443708,
42123023,
42242612,
42089673,
41987185,
41865794,
41773693,
42635166,
42490215,
45273601,
42055863,
41967826,
41769432,
42696033,
51588815,
42703442,
42243119,
45119918,
42976813,
42009990,
43691513,
42450443,
43338990,
46174738,
41950843,
42813567,
43655275,
42570562,
45372491,
42212354,
42018078,
41866273,
41758346,
42630388,
42350685,
42286745,
41952003,
42062232,
41891903,
42853976,
42585621,
42474897,
42343289,
43224462,
43024607,
42851958,
42481228,
43533171,
42388573,
43195450,
42015756,
41809888,
42627464,
41652530,
42470782,
42378432,
42737174,
41617213,
42465257,
42401947,
43359902,
43218899,
43091332,
42997123,
41976873,
42787110,
42643704,
42481693,
42426860,
43264403,
43923213,
44037347,
43917862,
43566221,
43455419,
43524215,
43257593,
43332355,
43240665,
43046698,
42920211,
42868477,
43766680,
42630263,
42495486,
42429206,
42272539,
41904695,
41927444,
41863381,
41742791,
41462635,
42579921,
42433455,
42087723,
42206619,
43078545,
42959790,
41791088,
41514724,
41602093,
42491394,
42397824,
42241713,
42153142,
42009369,
41870105,
42659805,
42635728,
42518271,
42376851,
42290824,
42172515,
43039052,
41950468,
41892082,
42742178,
41659997,
42444532,
42503787,
42339374,
42302130,
41931873,
42091821,
42897771,
42774692,
41583486,
42523036,
42350764,
42260149,
42151714,
42021662,
41952884,
41770239,
43635441,
42517167,
42438614,
42232282,
42114463,
43034130,
41639210,
41733416,
42651235,
43613378,
45483007,
42794832,
42755704,
42588586,
43491021,
52332516,
43102395,
42916252,
44940870,
42768459,
43644221,
42455061,
42331527,
46160891,
41996994,
42852373,
41733294,
42600944,
42453210,
45217939,
42127768,
42978726,
42853178,
42692642,
42495246,
42410407,
42220251,
43124308,
41920208,
43821789,
42709504,
41674025,
42498090,
42358345,
42248230,
42138100,
41959029,
41804288,
41659207,
42558255,
42384986,
42284028,
42142879,
42097477,
41955345,
41763405,
41391035,
42366582,
42186095,
42230443,
42092997,
41997941,
41833604,
41430224,
41599955,
42478295,
45360626,
42159204,
42135114,
43014009,
41852051,
42773107,
43660704,
42570599,
42446402,
42341619,
42188690,
43137443,
42904365,
42840639,
42646933,
42648724,
42510926,
42402509,
42197234,
42139377,
41983132,
42795583,
41665148,
42579737,
43456119,
43285181,
42201605,
42915783,
42739099,
41804715,
42650697,
43550943,
45394892,
44341113,
43554062,
41986690,
42779368,
42675879,
42491963,
43318123,
42154126,
43027045,
42897430,
42813305,
42495974,
42322924,
42198040,
42103176,
41915457,
41756911,
41646784,
42573574,
42222947,
42314139,
42106008,
41978000,
41547023,
42632214,
42233915,
42985136,
42055400,
41943606,
41778386,
43591518,
42431361,
42187411,
43078916,
43018247,
41766713,
43408821,
43226187,
43208939,
43086434,
42928047,
42801049,
43619246,
42438631,
42273617,
42117954,
44974172,
41751914,
42628879,
42450499,
42309689,
52094838,
41903276,
42651203,
45607412,
43416208,
43210606,
42999891,
41953843,
41661314,
44709370,
42455172,
44258216,
43146145,
41937693,
45765336,
42593297,
42404659,
42334859,
42048603,
42882348,
42720175,
42705123,
42281277,
42383056,
42186501,
42000460,
41826641,
42749079,
43628535,
42412790,
42202229,
42132006,
41879261,
42700326,
42566154,
42482827,
42273485,
43157991,
43357030,
43203014,
41982321,
41795887,
41632104,
43523988,
43349734,
43136506,
42956550,
42829327,
41769217,
41611569,
42434704,
43317559,
42152352,
42020442,
41802069,
43644243,
43379514,
42338772,
42151677,
41977194,
41833302,
41707882,
42555044,
42356775,
42190760,
42076525,
41577996,
41468330,
42460936,
42357826,
43174543,
42058524,
42771539,
42678436,
42522417,
42370105,
42121867,
43057079,
42907796,
43571186,
43331754,
43428481,
43280288,
43247214,
43104796,
42983485,
42803380,
43749925,
43637537,
43439109,
43307884,
43216486,
42998485,
42907514,
42772279,
42720538,
42559134,
43504136,
43333966,
43172413,
43094990,
42952824,
43779462,
44702617,
43499802,
42496553,
43350655,
44278671,
44122575,
43997972,
41832809,
43764577,
42623124,
43478003,
43310352,
44215276,
42093148,
43029488,
42922125,
43797516,
42608702,
41586492,
42475805,
43179466,
43217530,
43080410,
41905800,
42855409,
42724531,
42574300,
46458796,
43339052,
42234723,
42138148,
42968041,
52737109,
42728198,
43512333,
44493227,
45397050,
42187424,
43141378,
42989565,
42901895,
45723273,
41658813,
42494010,
42388416,
45245172,
42123038,
41885972,
42088504,
42899209,
42772051,
42445629,
43412667,
42131675,
42069494,
42922608,
42271906,
42020365,
41936616,
42681661,
42623927,
42362184,
42216067,
42040976,
41884810,
41730006,
42594908,
42369122,
42224496,
42075287,
42932016,
41842350,
42676755,
42480339,
42297383,
42064448,
41888161,
42756531,
42575132,
42419049,
42306021,
42086078,
41896137,
41763329,
42646786,
42507487,
42314889,
42077168,
41860956,
42709256,
42509739,
42338373,
42168913,
41966664,
42815605,
42631490,
42537128,
42349831,
42192771,
41938392,
41926966,
42748092,
42584426,
42149970,
42030445,
42087120,
41870272,
42697763,
42560230,
42435903,
42300401,
43108812,
43040535,
43788406,
42759288,
42576665,
43658858,
42744459,
42481174,
42280789,
42193887,
42914784,
41715379,
42597342,
43504554,
43282687,
43148173,
42894475,
43858051,
43624627,
44323809,
43143438,
43041776,
46010655,
42934980,
43798496,
44672711,
44512058,
42365918,
43318368,
42322738,
41957091,
43041409,
41912650,
41950837,
42844906,
42507186,
42663814,
43558851,
43375375,
43282085,
42120771,
43015954,
41944332,
42631283,
42661394,
42524308,
42461119,
42352392,
42182491,
43040352,
41925529,
44818076,
41657907,
42614899,
42444423,
42302252,
52110208,
42139369,
41800469,
45712260,
43559469,
43400221,
42034141,
43142609,
45993164,
42789948,
42657388,
42432792,
43220951,
47069305,
46897311,
43822524,
42705071,
42591405,
43412317,
43198973,
42003689,
42904539,
43719376,
43340261,
43359008,
48257174,
48034545,
43499766,
43286902,
43055804,
42867493,
42711820,
43597897,
43578216,
43400617,
43289126,
43153143,
43107599,
42871587,
41787910,
41746464,
42614176,
42392117,
42269720,
42090224,
41812024,
41883413,
42743219,
41737261,
42664259,
42776031,
43323742,
43261723,
43093072,
42961290,
41955819,
41832720,
42415254,
43402357,
42344465,
42093128,
42703512,
42468102,
42117757,
41927600,
41750237,
42478594,
42366444,
42214740,
42146070,
43059446,
41813581,
42006077,
42905180,
41757023,
42573277,
42282937,
42205375,
42971601,
43776606,
42651334,
45531827,
43942316,
44862320,
43644859,
44635052,
43546866,
43942811,
43602105,
43725512,
43633756,
43475928,
43328592,
43243582,
45111034,
42607388,
42655619,
43466345,
43283617,
43118138,
42994171,
43014614,
42866941,
43840806,
43399480,
43564367,
43356873,
43282558,
43117357,
44037048,
43898465,
43239892,
43054784,
43919347,
44053616,
43729004,
42624395,
43539690,
43304877,
43584583,
43380872,
43149826,
42982065,
42873139,
43708772,
43575316,
43452619,
42871485,
42465542,
43570715,
46484146,
42434402,
43594749,
43468647,
43318689,
42767078,
52515144,
43561176,
44411798,
45821445,
43601145,
44541147,
47278034,
43697359,
43602580,
43441813,
44315570,
44712896,
43541483,
46390906,
43274846,
43120629,
42907167,
42533899,
43593588,
43342351,
43282960,
43076620,
44031613,
43250846,
43023203,
42930380,
43803871,
43266212,
42105780,
41849785,
42743028,
42182244,
42056990,
41951024,
42783690,
42209678,
42056883,
42696778,
43731563,
43131338,
41975452,
41861174,
42600593,
42027852,
41962784,
42792602,
42662281,
42020336,
41866646,
42743518,
42668569,
42057019,
41635138,
42791200,
43642349,
44910833,
41803529,
43533609,
43532657,
43012145,
41869281,
41827959,
42584746,
42045327,
41821759,
42443884,
43595485,
43025616,
42810249,
41749168,
43604570,
43040427,
41831233,
41693678,
42620729,
42054944,
41879007,
42818382,
42695597,
43091744,
41896717,
41762135,
42621416,
42053344,
41882782,
41751581,
43572715,
43114069,
42968988,
42896251,
43776748,
44608218,
42936607,
42833659,
41715627,
42496120,
42379203,
43308293,
42678766,
42025549,
41926009,
42746452,
42620965,
41865114,
41797675,
42642665,
42345815,
42853330,
42736121,
42852506,
43708780,
43132455,
42931281,
42762056,
42595246,
42971018,
41825362,
42726919,
42492249,
41801454,
41784339,
42725208,
42556085,
42863406,
42745430,
43674944,
43386868,
41931822,
42711864,
42100848,
46994857,
42336725,
42204653,
42114130,
52071171,
42468619,
42065177,
44016465,
43069136,
42249864,
45382897,
42222446,
43146883,
42629973,
42377465,
43298924,
43149691,
45582473,
42443018,
42312770,
42345812,
42744405,
41672888,
42528891,
42485959,
41829924,
41708987,
43661044,
42473120,
41987229,
43781613,
43493297,
43613533,
44058588,
42810417,
43769404,
43569903,
43117665,
42943566,
41720080,
42778498,
43367324,
43147719,
42444650,
43275624,
43531092,
42434742,
43301334,
43141800,
42289147,
43475154,
43360814,
43265507,
43675359,
45643349,
43525150,
43357708,
42777704,
42660871,
43524448,
42435741,
41801159,
41564124,
41700775,
43275779,
42978987,
42833546,
42738728,
43618932,
42984982,
42890157,
42653055,
42678568,
42560928,
43421464,
43252969,
43192383,
43553723,
43427265,
43388990,
43297450,
42145972,
43559169,
43397107,
44185642,
43528358,
43005432,
43175808,
44092054,
43446670,
43252238,
43159026,
44029566,
43944189,
43275976,
42162206,
41833732,
42725534,
41715866,
41717116,
43587160,
42984524,
42848921,
41877650,
42684565,
42638233,
41914281,
42788499,
41656647,
42611810,
42476048,
42362164,
43215732,
43109462,
42378855,
42270141,
42121500,
44130888,
43312100,
42288368,
44074637,
43965880,
43346795,
43303998,
46088762,
45966828,
45411729,
45301589,
45101608,
46050620,
45714797,
45853429,
45653280,
45508802,
46870167,
45785274,
45682306,
45513727,
44948943,
44834602,
51524008,
44647448,
45112708,
45941877,
44592178,
45704813,
43075826,
42993985,
42875374,
43740597,
46701331,
43562658,
46483903,
44364208,
43821865,
43702367,
43587577,
43428733,
43792328,
43746855,
43375607,
43984638,
43895653,
43985207,
44045886,
43928260,
43301686,
43164925,
44003502,
43909535,
43300147,
43149747,
43042398,
43936376,
43371499,
43270222,
44161977,
44113742,
43348965,
43284843,
44104592,
44060487,
43173443,
43277964,
43132972,
43893862,
43437004,
43510677,
43431994,
43305002,
43141521,
42999528,
41890239,
43752521,
43207635,
43069733,
41848907,
43731453,
43198412,
43104148,
43027660,
43873001,
43289262,
42178489,
42999126,
43938985,
43119463,
42255239,
41921761,
43011024,
42391231,
42187920,
42081991,
42947948,
42335481,
42245235,
42079536,
42972607,
42378621,
42301373,
43130037,
44017299,
43405640,
43088767,
43130775,
44105430,
43441463,
43316131,
43182785,
44252011,
43961169,
44183469,
43963205,
45867674,
42255562,
43080958,
42877740,
44640520,
44119803,
44071918,
43972611,
44899539,
43294729,
43182391,
44048732,
43740592,
43304120,
43227906,
43042230,
43932405,
43304375,
43247988,
44125901,
43050628,
42433570,
43169906,
42272200,
42906775,
42532190,
42399933,
42294492,
43172603,
42700596,
43570344,
42435251,
43385510,
42773162,
43673749,
42537352,
45468298,
42345364,
42755475,
43247703,
43376343,
48807310,
45700493,
42539212,
45243314,
44329761,
43172951,
42085488,
46999491,
43843608,
42201898,
42026282,
43996414,
42860995,
46206698,
42084314,
44023272,
42896103,
42052946,
42918891,
43726128,
43886558,
43199155,
42888534,
44011582,
43884118,
43322472,
43142675,
44092564,
43997219,
43357241,
43158561,
43119149,
44014116,
43395470,
43300764,
43175116,
43590605,
43486288,
43346624,
42991920,
43177110,
42636427,
41468666,
42535505,
42273681,
41676211,
42545089,
43433124,
42305467,
42679337,
43526486,
43346709,
42309402,
41758038,
42543093,
42473683,
43280627,
41656587,
41571056,
43511723,
42388924,
41738898,
43506768,
43575997,
43295908,
43682527,
43476133,
43408844,
43286645,
43088694,
42980697,
42859999,
42733098,
42599362,
43461351,
43330295,
44134730,
44089858,
41881478,
42764163,
42683325,
43546094,
42513964,
43854992,
43484755,
43396129,
43229812,
43103816,
42935356,
42843309,
41709883,
43592149,
42411517,
42301096,
42121261,
42055480,
41901327,
43716725,
42522483,
42407138,
42301376,
44191212,
42144969,
42197682,
41885522,
43731112,
41660643,
42615942,
43434408,
43832167,
41644192,
42654749,
42487085,
42982833,
43483380,
43552896,
42538934,
41955270,
41790840,
42654076,
43575869,
42968239,
43868852,
42736614,
43661705,
42102787,
43913033,
43861638,
42726204,
42146037,
45069953,
41976733,
42779622,
43246429,
42141880,
49009515,
46853404,
44338468,
43007702,
44982340,
44038707,
45432211,
43357716,
43247124,
43145696,
43572764,
42430005,
46336417,
44198662,
43635074,
43188953,
42263883,
43261802,
41677066,
42544497,
42370079,
42255167,
41748001,
41731713,
42543058,
43428573,
42873379,
42504912,
42683209,
42500937,
41927164,
41886413,
42826162,
42659194,
42129422,
41932573,
41808090,
42709940,
42147118,
42009573,
43907980,
43769830,
43167759,
43026298,
42865082,
43753384,
43649376,
43049129,
42940322,
43790873,
43744250,
43009574,
43029133,
43673656,
43258995,
43134972,
43195472,
43996279,
43189465,
43233576,
43153118,
44096050,
43853853,
43273827,
44125685,
44966598,
44885840,
43250332,
42953932,
43975684,
43950162,
43261795,
43110609,
43820913,
43902211,
43199795,
43097088,
45059778,
43902528,
43146133,
43809730,
43923660,
43883672,
43187714,
43077534,
43985252,
44811113,
43245998,
43221364,
44056081,
44752048,
42151238,
42109204,
46314953,
42661576,
42016364,
43221254,
42575008,
44501834,
41791902,
42503910,
42518663,
42396249,
41497560,
41655403,
42570884,
42418482,
41817164,
41736342,
42620693,
41853588,
41817074,
42902915,
42665271,
42571371,
41947680,
41812788,
42693024,
44633682,
43767112,
43591239,
42506240,
43251474,
43736856,
42345403,
43453394,
42335021,
43129481,
44103846,
42526164,
45360980,
43255991,
44148119,
42550952,
42391323,
49250727,
46138988,
42469143,
43342134,
45250039,
46139288,
41650844,
42579590,
42449951,
42333650,
42766221,
42680619,
45523304,
42423401,
42769663,
43677300,
42599997,
44237774,
43674351,
43747278,
43644952,
44539591,
43777216,
43809845,
43673926,
43547112,
42961310,
43884221,
43741784,
43672148,
43492856,
42773333,
43545420,
43704894,
43014013,
43777291,
43735623,
43631107,
43014166,
43698303,
42892031,
43539708,
43640181,
42989681,
43904686,
44699251,
43720091,
44113406,
43058044,
43916151,
42609737,
42966621,
42104722,
41943611,
43872453,
42677218,
45529367,
44201620,
44257263,
43738129,
43538055,
44412199,
43422065,
43760746,
43626556,
43499801,
44452192,
43765922,
43643219,
44575791,
43983579,
43829133,
43751436,
44596352,
44308133,
44826118,
43718036,
43682262,
43620870,
42887116,
43842017,
43683503,
43584446,
42897556,
43681255,
44702462,
44616859,
43907347,
44022593,
44311243,
44497774,
43305969,
43188063,
44034044,
43915323,
43231261,
43212735,
44104344,
43998829,
43338009,
43179256,
43215711,
44126506,
43420210,
43138877,
43191144,
43043805,
42945430,
42435195,
44286307,
42712860,
43608102,
42400254,
43239527,
42722612,
42647313,
43501699,
43293452,
43210389,
44596058,
43451709,
44356306,
44238182,
43413325,
43501534,
44291108,
43278736,
42544451,
42596550,
42487614,
45521789,
42819593,
42770084,
43655298,
46553354,
44895731,
44795799,
42646302,
42344367,
47008616,
42835509,
43750738,
42576333,
41929624,
41923495,
42810281,
42175762,
45065664,
41931959,
42836287,
42724427,
42100627,
42986988,
43829964,
44252200,
43159138,
42060312,
43949704,
43837301,
42164471,
42049147,
42947636,
42919618,
43268798,
42191118,
43075006,
43106180,
42401488,
42355363,
43190998,
43097923,
42470977,
43430324,
43235734,
43121342,
43413848,
42370548,
43251716,
43130978,
42564738,
42420793,
43268578,
46100613,
42526346,
42427699,
42224144,
42116719,
41943186,
46969474,
46277268,
42287352,
43125330,
42032704,
42661568,
42799276,
43608995,
43555656,
43317515,
43222454,
42074962,
42970163,
41876104,
42793173,
42578597,
43575309,
43262982,
43156100,
42917436,
42868701,
42666580,
43580319,
43425914,
43257673,
43120791,
43171032,
42759250,
42924726,
41872331,
42722900,
42620903,
42436009,
43333215,
43233840,
43156339,
42948347,
42912106,
43584040,
43090252,
42052253,
42899685,
43733235,
43570962,
43517752,
43321721,
43212298,
42888892,
42767600,
42816787,
42699044,
43554858,
43222877,
43353753,
43003843,
43062672,
42961061,
42865402,
43721228,
43506372,
43408977,
43240707,
43132975,
43009957,
43864856,
43717527,
43604843,
43489541,
43320648,
43209540,
43133933,
42930388,
42891748,
43739018,
43638400,
43491086,
42653778,
46808749,
43634916,
44487194,
43872555,
45899798,
46714094,
43622765,
46069824,
42930854,
48909765,
43759030,
43167106,
43073160,
43933866,
43892533,
42785525,
46288464,
42866553,
45602735,
42747980,
44502812,
42990680,
43789055,
43420058,
43501745,
43333850,
43984262,
43090183,
43787399,
43873950,
42714679,
43581533,
43469315,
43326827,
43225844,
43079083,
43004441,
42827452,
43752887,
42595734,
42518401,
43262683,
43071161,
43039871,
42902534,
42764685,
42605391,
43528029,
43311616,
43230749,
43123326,
42994770,
42881791,
42661791,
42323673,
43245915,
43368386,
43274310,
44115344,
43526387,
43314862,
43238286,
44139727,
42407441,
43465026,
43401514,
43212933,
43179178,
42771724,
42884849,
42755453,
42650924,
43498926,
43315728,
43252897,
43131500,
43046355,
42859893,
42665902,
42313934,
43439636,
43291350,
43123521,
42974188,
43673758,
43709920,
43582048,
44480977,
43408194,
45190699,
43113037,
42969916,
42841814,
42735994,
43643905,
43453600,
43403006,
43237977,
43101283,
44078799,
43894288,
43729769,
43623771,
43291091,
43365420,
43233457,
43073617,
43110360,
42928033,
43814985,
43665517,
43516333,
43397231,
43282237,
43125696,
43041727,
44037550,
43358748,
42892685,
42926778,
42773249,
43507495,
42511988,
42478576,
43287560,
43164354,
42039174,
41914072,
42783819,
42677245,
42354079,
42437046,
43634516,
43216946,
41797624,
44891187,
42758037,
42673606,
42511504,
44413553,
45566545,
45442465,
42277333,
45094183,
43819866,
44955087,
41677066,
42560215,
42379819,
42251120,
42250040,
42138403,
45033451,
41782553,
41685568,
42645938,
42486058,
42312981,
42186188,
42087153,
41870216,
42829713,
41786126,
42654842,
42491369,
42408850,
42196359,
43147650,
42982293,
42924760,
42766947,
41735320,
41672596,
42316486,
42429026,
42269018,
42137502,
41770805,
41842769,
41802973,
41717556,
42498736,
42442922,
42290137,
42173172,
42069561,
43031144,
42879206,
42686764,
42588045,
42471941,
42230033,
42142442,
42991740,
41940459,
43944006,
43783387,
43709745,
44596042,
43448864,
42380134,
42229581,
42095147,
42024726,
42811686,
42717389,
42549117,
42410431,
42313299,
41979875,
43076375,
41904256,
42757168,
42690122,
42473270,
42393303,
42187718,
42110473,
41976788,
42615706,
41685769,
43587095,
43191148,
42287104,
42154559,
42995761,
41762574,
41817702,
41690156,
42625489,
42440560,
42260597,
42160821,
42008226,
41920414,
41575989,
41711539,
41685266,
42515164,
42393501,
42282949,
45089854,
41990798,
41895013,
41670472,
42605201,
42523445,
42370054,
42205095,
42020766,
41741928,
41870936,
41660697,
42579474,
42375621,
42323344,
43156624,
43084097,
42419627,
42317670,
42237166,
42107476,
43129906,
42363460,
42016326,
41902241,
42690134,
41689412,
42443237,
42370031,
45284241,
41934501,
42016705,
42880242,
44747175,
44668248,
44598941,
42460497,
42416985,
47213223,
43102513,
42996168,
42797550,
42759129,
41667982,
42593372,
43188682,
46286549,
42091565,
41968223,
42843654,
43765763,
41698689,
42617984,
42417954,
42355028,
43269510,
42076126,
43917367,
43795903,
41749712,
41636040,
42533753,
42508087,
42370805,
43187864,
43068772,
44015281,
42824030,
43733125,
43565984,
43460004,
43302388,
42195974,
43001842,
41950935,
42778470,
41722496,
42624099,
42548575,
43340814,
42261844,
42081423,
41987023,
41833521,
41689292,
42543165,
42494950,
43337800,
43017993,
43096684,
42046825,
