12784871828,
145883832,
134571530,
133488201,
132056175,
131222296,
130608597,
130171456,
129689730,
129056535,
128758648,
128141895,
127766626,
127194690,
126780729,
126278434,
125709479,
125313564,
124836182,
134352886,
133790995,
133446898,
133022369,
132646653,
132229907,
131815792,
131591986,
130910770,
130557121,
130126615,
129681824,
129213563,
128604948,
128050716,
127623163,
127107833,
126633533,
126210381,
125952282,
125300720,
124859615,
134367594,
133989778,
133518871,
133109194,
132593771,
132169779,
131720575,
131248824,
130856627,
130374709,
129945299,
129565752,
129089795,
128620960,
128228969,
127746294,
127381637,
126898853,
126455252,
126033066,
125662869,
125243113,
124895674,
134396860,
133967994,
133834515,
133186916,
142756504,
132336442,
131898282,
131561230,
131101438,
130656010,
130182170,
129787439,
129378509,
128941772,
128527176,
128100752,
127604189,
127291093,
126901049,
126445191,
126125675,
125734379,
125241035,
124784129,
134345141,
133979072,
133257763,
132856452,
132525851,
132080618,
131666282,
131216463,
130846987,
130664043,
130114686,
129672333,
129320171,
128829433,
128510050,
128104079,
127908628,
127271801,
126852548,
126447974,
125969461,
125522773,
125153826,
124729890,
134298911,
133865776,
133538609,
133044056,
132856493,
132279678,
131780703,
131431551,
131005156,
130556031,
130077207,
129629842,
129192945,
128839984,
128457644,
128048932,
127519102,
127041677,
126688253,
126360425,
125859479,
125432110,
125058451,
124686202,
134299296,
133902280,
133451050,
133142377,
132718728,
132358493,
131913281,
131494521,
131097827,
130845405,
130342265,
129953161,
129346688,
138860059,
138471391,
129400763,
128883341,
128517424,
128152597,
127751642,
127336313,
127001158,
126597597,
126231548,
125799288,
125430382,
125042513,
124629946,
134224432,
133877607,
133725469,
133115580,
132828254,
132328460,
131985163,
131672408,
131240882,
132017758,
130639404,
129994213,
129571954,
129213243,
128767766,
128644373,
128053428,
127674409,
127446381,
127269527,
126674550,
126274175,
125961241,
125566329,
125142657,
124774761,
124438966,
134226801,
133499755,
133135175,
132804452,
132381489,
131948223,
131524448,
131145625,
130803830,
130411804,
130032934,
129634152,
129247937,
128878542,
128489443,
127801267,
127435008,
127009905,
126660449,
126274595,
125939701,
125588648,
125182590,
124831548,
124470676,
134042554,
133707727,
133273783,
132936443,
132463918,
132226781,
132050516,
131429224,
131039556,
130618646,
130212659,
129852749,
129442858,
129312585,
128655865,
128255961,
127919810,
127549907,
127114125,
126710121,
126542584,
125982863,
125520645,
125094424,
124719805,
134573446,
133975405,
133596075,
133232498,
132791099,
132346830,
131969993,
131547006,
131220369,
130838384,
130720435,
130054311,
129671516,
129344467,
128979769,
128546669,
127994188,
127600601,
127291803,
126930230,
126453670,
126076617,
125672572,
125347289,
124950488,
124598550,
134247828,
133799682,
133490070,
133080488,
132727484,
132336252,
131920694,
131565722,
131180379,
130805972,
130624784,
130004909,
129597345,
129470941,
129028289,
128635729,
128253730,
127900349,
127559675,
127211784,
126833365,
126451573,
126063392,
125972049,
125279876,
124891284,
124230231,
134077967,
133488870,
133118955,
132748564,
132335056,
132665559,
131670166,
131301873,
130955114,
130480127,
130161166,
129812349,
129454113,
129077216,
128920039,
128307517,
127944494,
127593744,
127140452,
126732785,
126356371,
126025569,
125632225,
125235071,
124917122,
124540524,
134101117,
133979922,
133373396,
133008562,
132603950,
132265071,
131977289,
131587421,
131196583,
130836184,
130383971,
130149924,
129736443,
129342241,
128978872,
128591034,
128330960,
127929230,
127456786,
127175271,
126796797,
126494000,
126106617,
125755884,
125408812,
125000378,
124690435,
134332486,
133903586,
133549098,
133431486,
132522495,
132185226,
131839557,
131465759,
131108753,
130775512,
130385892,
129976174,
129637662,
129269666,
129165271,
128514263,
128180444,
127792487,
127374693,
126902533,
126565652,
126198843,
125964717,
125549353,
125146745,
124854282,
134647890,
134126292,
133705228,
133342387,
132979325,
132522052,
132239441,
132042852,
131575776,
131260853,
130905440,
130560454,
130049531,
129624114,
129299600,
128853318,
128479469,
128147429,
127827236,
127404054,
127024059,
126675730,
126357965,
126004852,
125677966,
125281860,
124979343,
124637953,
134279681,
133991276,
133604422,
133254695,
132894293,
132560537,
132191938,
131777330,
131193655,
130761030,
130431625,
130047684,
129684004,
129318522,
129230418,
128619605,
128282477,
127915063,
127557238,
127240779,
126844409,
126485566,
126141227,
125889266,
125445003,
125031815,
124746571,
134351331,
134242747,
133673702,
133280766,
132921216,
132607800,
132201600,
131900842,
131567393,
131180549,
130821446,
130464613,
130149419,
129795261,
129388120,
129026111,
128639133,
128309682,
127960190,
127810558,
127205171,
126839218,
126512252,
126118215,
125715939,
125344775,
124985598,
124602460,
134235823,
133834326,
133468318,
133168166,
132795168,
132461203,
132043571,
131665949,
131342549,
131007171,
130364180,
130240710,
129873407,
129283747,
128956074,
128781855,
128434287,
127833138,
127735773,
127167059,
126854375,
126485070,
126107634,
125918657,
125295740,
124906551,
124573582,
134387441,
133824302,
133665574,
133135417,
133007219,
132425794,
132043505,
131684707,
131329258,
131001936,
130606107,
130173442,
129869708,
129487707,
129145348,
128735948,
128466396,
128198408,
128028366,
127440390,
127077085,
126718794,
126381769,
126059444,
125702989,
125323359,
124982601,
124764597,
134383123,
134051716,
133399859,
133035192,
132720522,
132365270,
132117829,
131698184,
131334931,
130999880,
130875001,
130258618,
129862498,
129226965,
128906678,
128504936,
128188406,
127844095,
127450643,
127085367,
126794653,
126425957,
126035958,
125917330,
125365170,
124984134,
124656382,
134262042,
134050222,
133695293,
133388250,
133025745,
132689046,
132302466,
131977451,
131613431,
131264863,
130822133,
130519399,
130217184,
129847258,
129707762,
129099876,
128830115,
128722025,
128126453,
127797001,
127427551,
127127654,
126703016,
126358702,
125922172,
125599767,
125252283,
124901017,
124576422,
134235116,
133876936,
133517665,
133670010,
132831473,
132476990,
132157775,
131831480,
131377518,
131030562,
130681202,
130300690,
130012329,
129622139,
129568766,
128908129,
128603203,
128186472,
127883122,
127482319,
127163611,
126731937,
126463700,
125926356,
125565954,
125172571,
124829222,
124576663,
134302485,
133825244,
133466986,
133114741,
132778359,
132422248,
132080774,
131747015,
131665501,
131350785,
130801637,
130397508,
130061613,
129715527,
129364091,
129002866,
128910692,
128426041,
128029345,
127704010,
127509396,
126975091,
126552278,
126179480,
125859900,
125535336,
125147700,
124810001,
134440297,
134102641,
133750910,
133077359,
132739370,
132327398,
132064549,
131802184,
131353412,
131017096,
130612179,
130292018,
129949011,
129604958,
129499570,
128920725,
138549458,
129986680,
129485525,
129131975,
128737354,
128447296,
128119146,
127696432,
127340211,
126912859,
126687318,
126342391,
126019946,
125626825,
125281121,
124952999,
124735401,
134322904,
134000137,
133910529,
133372518,
132962817,
132637583,
132255862,
131843131,
131507125,
131180277,
130822038,
130454661,
130062524,
129966199,
129406378,
129187458,
128699879,
128285902,
128251478,
127633554,
127250950,
126914861,
126541864,
126229162,
125832905,
125591886,
125216116,
134842587,
134155469,
133810399,
133516631,
133159443,
132732705,
132474027,
132140828,
131746470,
131444295,
131085665,
130737043,
130409121,
130088983,
129711003,
129340765,
129078491,
128663026,
128358216,
127976386,
127629867,
127267447,
126886806,
126582623,
126242566,
125867981,
125563508,
125174037,
124853649,
124539140,
134197454,
133961618,
133451548,
133256481,
132904848,
132550627,
132193709,
132099685,
131505416,
131140782,
130796050,
130449970,
130138189,
129969489,
129421257,
129050624,
128707068,
128345301,
128178298,
127617713,
127290489,
126943295,
126807115,
126253875,
125908570,
125509933,
125234225,
124961136,
134593920,
133864091,
133523014,
133412478,
132866239,
132744721,
132171129,
131803896,
131462848,
131168709,
130755499,
130469805,
130044830,
129719082,
129391082,
129018566,
128752358,
128331512,
128040411,
127693227,
127324504,
127011887,
126641593,
126279004,
125968486,
125704344,
125260750,
124831563,
124578522,
134215738,
133990656,
133531677,
133192676,
132896037,
132533252,
132192626,
131836648,
131468010,
131229616,
130808147,
130472775,
130095633,
129934090,
129374822,
129032408,
128675457,
128322661,
127956904,
127627252,
127287394,
126942167,
126613823,
126269425,
126130139,
125595290,
125306409,
125074253,
134499779,
134198445,
133532231,
133157563,
132747292,
132446844,
132085534,
131724819,
131379565,
131039474,
130662103,
130357079,
129944846,
129615113,
129204106,
128894713,
128523886,
128157401,
127799431,
127614533,
127256063,
126940068,
126546299,
126231863,
125852634,
125487310,
125147945,
124822072,
124482103,
134138637,
133732521,
133404660,
133186158,
132740052,
132382429,
132007585,
131673444,
131343359,
131000654,
130734342,
130665519,
130070903,
129739017,
129595182,
129018632,
128610608,
128301490,
127964793,
127611760,
127305363,
126883730,
126587301,
126229148,
125929338,
125593559,
125207771,
124903222,
124585208,
134379890,
133870004,
133169319,
132861685,
132504859,
132187852,
131834944,
131489271,
131290870,
130752264,
130413299,
130012041,
129839514,
129565507,
128977195,
128586006,
128263680,
127939691,
127553350,
127242123,
126902261,
126554826,
126190600,
125898783,
125813222,
125299052,
124985909,
124645080,
134298031,
133972906,
133719565,
133250341,
132873292,
132565950,
132176541,
131810711,
131471663,
131150629,
130852861,
130474434,
130079895,
129801413,
129415350,
129094286,
128984517,
128437705,
128083632,
127701346,
127439372,
127083171,
126745555,
126349378,
125985500,
125645249,
125263352,
124932205,
124628246,
134246633,
134176562,
133546425,
132966403,
132624352,
132564522,
132065302,
131749288,
131674189,
131153275,
130817676,
130361707,
130029249,
129900779,
129879685,
129115170,
128794882,
128420366,
128080624,
127753926,
127343630,
127031809,
126677505,
126380708,
126029351,
125619941,
125258113,
124972210,
124625955,
134281785,
133944577,
133599562,
133283834,
133151514,
132681711,
132209703,
132034541,
131663498,
131238327,
130840462,
130515579,
130176688,
129839367,
129465285,
129122605,
128756933,
128420847,
128068604,
127720122,
127621233,
127005086,
126620024,
126320632,
125970861,
125901199,
125269755,
124922613,
124540941,
134391932,
134001844,
133924330,
133021960,
132678537,
132335347,
132008809,
131624296,
131296921,
130990100,
130645675,
130305557,
129918121,
129619621,
129313679,
128945585,
128590858,
128175931,
127869135,
127493300,
127178842,
126906081,
126440201,
126090613,
125779608,
125458274,
125161852,
124803621,
134460364,
134085584,
133768643,
133416752,
133041847,
132683746,
132395581,
132026023,
131685444,
131247512,
130920022,
130552993,
130254271,
129883077,
129551349,
129166602,
128817194,
128510676,
128164616,
127766946,
127427710,
127117696,
126729351,
126366397,
126048106,
125934643,
125353757,
125140876,
124767544,
134277349,
133980847,
133612759,
133007145,
132657048,
132239687,
131953876,
131648730,
131240147,
130935233,
130539584,
130263077,
129876612,
129533146,
129191639,
129049582,
128532800,
128195400,
127844036,
127484040,
127170716,
126817238,
126452428,
126118876,
125738244,
125383714,
125077799,
124796225,
134476610,
134050303,
133911364,
133365328,
133000176,
132923271,
132334034,
131866035,
131579012,
131186439,
130831008,
130501629,
130274454,
130038695,
129578337,
129181536,
128799084,
128364479,
128088641,
127734673,
127404518,
127113070,
126689278,
126694571,
126189592,
125840554,
125816684,
125175160,
134912925,
134583085,
134250610,
134164962,
133415627,
132856921,
132487869,
132145440,
131844976,
131634603,
131342411,
130851113,
130682350,
130188341,
129566526,
129318996,
128990781,
128694224,
128341130,
127925557,
127626350,
127298963,
126917771,
126649923,
126317697,
126195656,
125636492,
125346057,
134952665,
134826907,
134447387,
134060537,
133908859,
133449798,
133033251,
132737138,
132558859,
132027559,
131606228,
131476218,
130935742,
130577690,
130276432,
129895526,
129520870,
129404717,
128902104,
128582752,
128197690,
127766788,
127439938,
127113186,
126784215,
126433177,
126057216,
125920982,
125447383,
125023079,
134652973,
134314144,
133983897,
133886183,
133279590,
132723956,
132532565,
131993831,
131850582,
131239767,
131154276,
130570895,
130253913,
129880416,
129788763,
129231867,
128846584,
128509635,
128137813,
128083122,
127527837,
127156612,
126825815,
126512294,
126190886,
125823746,
125699075,
125144151,
134902155,
134553166,
134362770,
133745245,
133411773,
133083818,
132708660,
132431485,
132100266,
131745146,
131568854,
131027708,
130688498,
130339911,
129975995,
129650444,
129344067,
128972125,
128591629,
128514137,
128028277,
127823058,
127225000,
126855110,
126590244,
126258476,
125901281,
125570311,
125220438,
134871389,
134525770,
134248597,
133858420,
133716092,
133391463,
132611827,
132275660,
131949741,
131550282,
131317997,
130874798,
130558339,
130326694,
129841880,
129586541,
129235221,
129012940,
128495605,
128076796,
127729069,
127419554,
127181043,
126726800,
126287667,
125961510,
125604391,
125305632,
135033553,
134589792,
134264778,
133877759,
133438176,
133171729,
132806704,
132512751,
132446330,
131905538,
131645949,
131232937,
131171795,
130546042,
130224537,
139908640,
129532523,
129314849,
129030407,
128731469,
128537967,
127932535,
127776874,
127329561,
126822279,
126678386,
126304018,
125996664,
125629900,
125289096,
124974374,
134582708,
134279555,
133897727,
133784572,
133216024,
132796813,
132322658,
132167538,
131587275,
131231151,
130883027,
130522692,
130387948,
129865353,
129682623,
129173411,
128815571,
128521983,
128116416,
127767606,
127392343,
127326326,
126970943,
116497666,
116060332,
115732244,
115377238,
105010690,
104684457,
114345921,
114149176,
113710965,
113274935,
112937656,
112666461,
112023549,
111877219,
111541836,
111185201,
110846821,
110758577,
110137224,
119876305,
159580937,
179276046,
128995286,
108502290,
108172063,
107803128,
107450815,
107120037,
106782500,
106402893,
106095175,
105730116,
115419684,
104942973,
104761376,
104371717,
104114265,
113760182,
113384098,
113048978,
112402712,
112085055,
111717308,
111369526,
111049765,
110505944,
110329581,
110055189,
109707921,
109233982,
108863752,
108639862,
108220083,
107938162,
117561590,
107213833,
106899872,
106487359,
106114133,
105692860,
105578466,
105036389,
114712549,
104481299,
104063618,
103668847,
103292405,
112945380,
112587198,
112233573,
112098017,
111669319,
111327226,
110929476,
110775215,
110233954,
109888881,
109512750,
109157425,
108865659,
108535825,
108241620,
107847574,
107494124,
107194975,
106870427,
106578483,
106142745,
105873460,
115500288,
105074309,
104826295,
104542815,
104101501,
103732059,
103482190,
103162695,
112765963,
112211641,
111806991,
111422450,
111179187,
110789135,
110422342,
110115592,
109760009,
109468018,
109110466,
108727996,
108381192,
108043790,
107745360,
107397591,
107025347,
106752438,
106419221,
106084176,
105747681,
105481209,
105124178,
104716696,
104323376,
104070431,
103639812,
103302087,
102996173,
102631058,
102347003,
101977736,
111617104,
171618892,
121321508,
110761095,
110455166,
110050514,
109743760,
109411868,
109264001,
108723530,
108384849,
108022034,
107685468,
107567105,
107089098,
106938530,
106375129,
106267660,
105703191,
105457317,
95224665,
84666340,
84478820,
84307499,
83724760,
83589757,
83059793,
82674972,
82176407,
81885657,
81646881,
91369072,
90883480,
90436053,
90337267,
89867684,
89521024,
89225689,
88792342,
88645416,
88350174,
88013345,
87423837,
87092332,
86740820,
86456324,
86091336,
85753933,
85388883,
85046844,
84686543,
84378293,
84008709,
83922035,
83326893,
83011852,
82857399,
82363875,
92002175,
81620041,
81290754,
81203442,
80712278,
90329218,
90011288,
89905855,
89311915,
89055883,
88687360,
88282453,
87988520,
87649594,
87385973,
86985359,
86656101,
86363450,
86164006,
85797982,
85243277,
84924937,
84565699,
84180687,
84107123,
83565687,
83204596,
92589503,
92264009,
101903160,
101449903,
111244959,
110987070,
110635944,
110260158,
119867667,
119581057,
119182185,
118884964,
118618498,
118271002,
117899777,
117543689,
117226676,
116854270,
116517668,
116212661,
115833968,
115539750,
115167823,
114804186,
114485658,
114116526,
113779996,
113455840,
113197993,
112775657,
112417452,
112089139,
111792605,
111498338,
111093685,
111005712,
110417674,
110079094,
109849430,
109403091,
119107920,
118816485,
118465732,
118362402,
117784565,
117399982,
117113667,
116753062,
126422040,
116135652,
115761266,
115371099,
115019658,
114676052,
114285459,
113976119,
113622158,
113300185,
122916129,
112497176,
112028249,
111684842,
111257772,
110997023,
110596960,
110204359,
109857022,
109541432,
109719357,
109070011,
118464790,
118147188,
117788838,
117431203,
117108227,
116779313,
116471787,
116074328,
115752685,
115405069,
115104412,
114820121,
114388026,
114094340,
113739246,
113403851,
113049146,
112753954,
112414292,
112048788,
111705945,
111368974,
111011882,
110683947,
110352350,
109979155,
109635757,
109350660,
109011293,
108611457,
108266393,
117918306,
117571739,
117210909,
116891736,
116516866,
116187563,
115814129,
115479217,
115131665,
114788042,
114463517,
114138970,
113799594,
113465698,
113040888,
112448890,
112178985,
111879088,
111548502,
111108860,
110769522,
110480694,
110150328,
120178374,
109520689,
109206849,
108854729,
108480773,
108079959,
107762905,
117435222,
117117196,
116747466,
116398013,
116051981,
115726922,
115394079,
115030916,
114692618,
114444446,
114113725,
113774455,
113382465,
113080044,
112669873,
112390239,
112028403,
111695737,
111308586,
110985848,
110717250,
110360552,
110111642,
109784549,
109302552,
108999147,
108679915,
108316470,
107988949,
107688699,
107304312,
106995712,
116641254,
116370070,
115949683,
115580141,
115273523,
114929464,
114560091,
114230547,
113950475,
113651785,
113320783,
112628413,
112304115,
111978092,
111628752,
111292079,
110932956,
110557725,
110274502,
109903546,
109545609,
109275697,
108906026,
108595880,
108246631,
107908261,
107539735,
107166342,
106823548,
106506302,
116194482,
115796018,
115505328,
115152631,
114786162,
114464885,
114108321,
113761820,
113444109,
113077249,
112713130,
112369519,
112024597,
111709571,
111355026,
110990094,
110710705,
110331671,
109998618,
109646316,
109274439,
108991918,
108614472,
108301611,
108025748,
107681893,
107296971,
106941745,
106631321,
106284686,
105946430,
115621791,
115253965,
114951276,
114817559,
114264296,
113895954,
113572488,
113288217,
112635548,
112316567,
111987355,
111583228,
111267738,
110931446,
110582887,
110224186,
109883953,
109838421,
109212719,
108888728,
108645091,
108200916,
107996208,
107564673,
107216220,
106852977,
106509194,
106170968,
105940863,
105485405,
105122532,
114922243,
114567250,
114216278,
113775233,
113552866,
113387218,
113056412,
112458639,
112195454,
111744386,
111422412,
111156693,
110771080,
110349656,
110041630,
109825492,
109448968,
109030179,
108731217,
108296864,
107906237,
107597717,
107320625,
106933566,
106590241,
106237211,
105889053,
105603114,
105294659,
104981717,
104551035,
114272509,
113871392,
113690602,
113205958,
112552815,
112266695,
111822857,
111535087,
111117304,
110815871,
110515517,
110365050,
109772928,
109414087,
109089070,
108752633,
108375902,
108041607,
107750720,
107348362,
107025692,
106698393,
106327545,
105982411,
105610517,
105278072,
104951494,
104590582,
104083504,
103911560,
113678850,
113333611,
112991633,
112628966,
112299376,
111964445,
111629490,
111289616,
110940898,
110625046,
110341475,
110037890,
109588255,
109267760,
108972130,
108519549,
108168609,
107760631,
107436361,
107089307,
106745327,
106386970,
106051877,
105713335,
105382627,
104999861,
104726950,
104324375,
103973788,
103633873,
113292844,
112937648,
112286273,
111983597,
111636685,
111293148,
110939801,
110578843,
110243496,
109904770,
109552748,
109397289,
108874258,
108529132,
108221120,
107838684,
107549551,
107212516,
106816646,
106442324,
106175965,
105797938,
105454139,
105147915,
104769455,
104415056,
104114586,
103801668,
103406728,
103120943,
102708785,
112378814,
122080458,
111939047,
111301669,
111007591,
110692995,
110329077,
109968190,
109631411,
109305679,
108981900,
108968864,
108292740,
107934919,
107633037,
107280306,
106932598,
106619410,
106294959,
105981133,
105635979,
105285576,
104943131,
104596764,
104263192,
103882302,
103539936,
103190280,
102858443,
102149403,
101902476,
111618032,
111252350,
110859184,
110580001,
110260704,
109974087,
109586360,
109259861,
108931549,
108565643,
108248541,
107881880,
107513363,
107175524,
106823120,
106527823,
106318409,
105802449,
105462807,
105175359,
104808982,
104504284,
104120709,
103782517,
93699371,
83088616,
82746869,
82398493,
82090606,
81731553,
81386942,
81033046,
90669754,
90347434,
90031676,
89717973,
89341724,
88926932,
88882398,
88316734,
88042734,
87706256,
87330233,
86976513,
86611699,
86268219,
85936032,
85591247,
85249966,
84932546,
84564351,
84222416,
83885621,
83565769,
83228186,
82857753,
82202470,
81854905,
81706562,
81150965,
80914286,
80856600,
90125267,
89787092,
89468852,
89161303,
88810107,
88473538,
88133521,
87789114,
87468963,
87337859,
86767666,
86647309,
86154811,
85982898,
85435987,
85072221,
84838653,
84485229,
84054910,
83673780,
83345371,
83037402,
82702494,
82322903,
82039983,
81732693,
81353529,
80952506,
80602056,
80265642,
79926154,
89591134,
89218770,
88924412,
88541917,
