12762160085,
116628012,
105957303,
105520469,
114447313,
113747667,
113096523,
112535044,
111946726,
111406856,
110862794,
110365066,
109687655,
109381872,
108825788,
108169433,
107789594,
107315771,
106855699,
106366177,
105876231,
105510454,
105131199,
104673739,
114206829,
113816998,
113363194,
112987252,
112551606,
112174060,
111760669,
111466869,
111068717,
110671411,
110228979,
109769377,
109425636,
108973398,
108623564,
108212098,
107825991,
107430591,
106987538,
106562322,
106198316,
105756035,
105363355,
104973748,
104535545,
114143066,
113850843,
113439386,
113076219,
113028555,
112273250,
111914818,
111581358,
111203905,
110848470,
110412554,
110072255,
109741195,
109411746,
109108833,
108659469,
108323969,
107977097,
107677950,
107305405,
106975131,
106553555,
106173203,
105882793,
105482375,
105102616,
104719203,
104397675,
114053232,
113731396,
113327089,
112954605,
112666982,
112345240,
111984532,
111662330,
111363034,
110994309,
110586160,
110224655,
109875322,
109519278,
109199750,
108860142,
108516812,
108174278,
107877407,
107535079,
107197875,
106856954,
106529506,
106193554,
105807038,
105470656,
105192425,
104770379,
104396898,
114085685,
113752222,
113349805,
113007494,
112669042,
112290802,
111996918,
111596901,
111303115,
110928029,
110592872,
110281313,
109854867,
109656099,
109022642,
108896268,
108456357,
108151297,
107768684,
107404506,
107161117,
106782704,
106370219,
105971886,
105682634,
105352867,
104942465,
104630281,
104302192,
113984084,
113644425,
113338408,
112987762,
112455493,
112114595,
111819597,
111430637,
111094732,
110779485,
110406282,
110083089,
109791970,
110271562,
119200691,
118913853,
109826567,
109430501,
109024992,
108776004,
108418480,
108116659,
107815115,
107465319,
107181931,
106917199,
106577282,
106287313,
105983453,
105653389,
105365443,
105045230,
104742536,
104399077,
104034062,
113797839,
113460158,
113131780,
112792764,
112430090,
112117530,
111788105,
111521688,
111241449,
110897957,
110554649,
110296137,
110013929,
109657719,
109314638,
109021885,
108681593,
108355326,
108064346,
107730888,
107483305,
107131872,
106689792,
106415329,
106064541,
105722922,
105437544,
105056225,
104874077,
104522509,
104322744,
104086554,
113752760,
113527150,
113162447,
112893072,
112562552,
112254883,
111947234,
111604751,
111295759,
110971229,
110696292,
110380466,
110126266,
109833868,
109517463,
109216704,
108911221,
108561282,
108274519,
108023694,
107688971,
107393354,
107354859,
106771510,
106465305,
106128239,
105801303,
105472301,
105132017,
104863446,
104559422,
104233984,
113894790,
113605811,
113475424,
112940578,
112634792,
112196923,
111915965,
111628360,
111294432,
111495126,
110619938,
110338565,
109993577,
109639912,
109346843,
109073532,
108701138,
108405562,
108079360,
107806421,
107457276,
107185783,
106795943,
106323228,
106069925,
105767488,
105450580,
105193485,
104877251,
104592522,
104263051,
113938788,
113651090,
113330787,
113052285,
112715434,
112451702,
112140144,
111844616,
111540039,
111192423,
110863532,
110607261,
110278224,
110060853,
109711290,
109397089,
109116728,
108787758,
108505570,
108194489,
107908924,
107607524,
107282854,
106977782,
106660774,
106652223,
106058976,
105781225,
105438893,
105074769,
104808534,
104490691,
104205018,
103878615,
113582798,
113316475,
113036176,
112708291,
112421366,
112118160,
111779222,
111540052,
111214665,
110966694,
110613203,
110297797,
110132127,
109845994,
109536747,
109209485,
108926405,
108609353,
108332152,
108076987,
107740119,
107449031,
107179289,
107180496,
106575133,
106241093,
105932550,
105678577,
105421824,
105060926,
104753268,
104452422,
104180177,
113827895,
113530990,
113269183,
112972645,
112725113,
112415289,
112096359,
111832603,
111554647,
111255203,
110910490,
110610721,
110296567,
109993095,
109708512,
109369466,
109031435,
108728535,
108431875,
108140453,
107865247,
107516648,
107193686,
106932228,
106627057,
106318960,
106035528,
105755812,
105403466,
104936942,
104844122,
104505400,
104194521,
113839961,
113459714,
113211169,
112902327,
112594789,
112310850,
112054061,
111713439,
111445352,
111159120,
110818730,
110490857,
110240576,
109881491,
109663406,
109336567,
109059867,
108824061,
108546308,
108234753,
107813486,
107452090,
107211826,
106905565,
106552990,
106347238,
106016742,
105732021,
105471366,
105163022,
104602041,
104300316,
104053254,
113934118,
113525648,
113242151,
112919431,
112673347,
112369620,
112071983,
111756057,
111514136,
111206256,
110899303,
110661982,
110371557,
110079300,
109819965,
109494345,
109238988,
108964788,
108654892,
108408587,
108096196,
107838853,
107494550,
107203827,
106923497,
106655483,
106424643,
106135435,
105832237,
105544891,
105270118,
104914789,
104618307,
104348886,
104055061,
113777806,
113443980,
113201870,
112918349,
112608722,
112322392,
112012666,
111751905,
111515092,
111229571,
110958715,
110598232,
110350443,
110085862,
109785107,
109499540,
109236327,
108940087,
108665762,
108289080,
108085804,
107677751,
107407180,
107162542,
106867098,
106562850,
106286064,
105979595,
105708091,
105393440,
105112458,
104786998,
104561847,
104283046,
104017153,
113719764,
113451003,
113177684,
112843081,
112547175,
112283049,
111959446,
111685367,
111428670,
111152057,
110875556,
110583322,
110255088,
110000822,
109707399,
109383285,
109119790,
108842797,
108441127,
108299698,
108041912,
107674764,
107421909,
107191113,
106922776,
106569979,
106244776,
106040507,
105740380,
105442458,
105155267,
104845444,
104641541,
104360742,
104013931,
113781956,
113461228,
113191945,
112945204,
112643156,
112252238,
112059073,
111936765,
111758500,
111250254,
110891618,
110611708,
110384661,
110123049,
109848171,
109531057,
109268006,
109005689,
108718855,
108419169,
108167725,
107783056,
107573217,
107299102,
107011822,
106694892,
106430746,
106116013,
105884617,
105661261,
105432314,
105073804,
104824798,
104546332,
104265344,
104014242,
113767081,
113489568,
113219789,
112946877,
112728050,
112394748,
112183311,
111912143,
111646648,
111393992,
111045010,
110824701,
110547243,
110267210,
110036160,
109718699,
109467832,
109174130,
108760498,
108633171,
108365888,
108006869,
107736218,
107414946,
107137259,
106846863,
106602689,
106369105,
106054574,
105846673,
105528552,
105264278,
104974671,
104690342,
104398491,
104091758,
113881707,
113604283,
113384550,
113031300,
112735678,
112460194,
112210295,
111926624,
111730659,
111356912,
111168991,
110895822,
110608386,
110347324,
110042076,
109765379,
109524772,
109243315,
108992445,
108680561,
108417011,
108193386,
107915026,
107635913,
107302237,
107069956,
106835350,
106595247,
106308821,
106006299,
105749742,
105471848,
105185193,
104894820,
104599542,
104382814,
104164036,
103897704,
113615005,
113268198,
113012497,
113098494,
112512244,
112218471,
111960788,
111529733,
111393770,
111037367,
110852930,
110614466,
110325136,
110056511,
109760710,
109489176,
109210400,
108965891,
108689953,
108380844,
108175126,
107826942,
107598459,
107337943,
107634290,
106844592,
116568126,
107882749,
107466837,
107078935,
106896533,
106587424,
106380806,
106068345,
105791317,
105501579,
105244362,
104981630,
104719878,
104151264,
103870716,
113577967,
113333230,
113041614,
112787550,
112497823,
112203529,
111987631,
111733726,
111429947,
111111632,
110776640,
110529733,
110250276,
110026458,
109712146,
109435095,
109175794,
108908900,
108689773,
108520362,
108155090,
107905269,
107608675,
107395707,
107143186,
106864742,
106590496,
106316896,
106045931,
105794002,
105516983,
105310454,
105058961,
104782153,
104465995,
104179295,
103976998,
113690332,
113406911,
113117311,
112856795,
112617018,
112349720,
112092095,
111806924,
111412036,
111285151,
111058923,
110787509,
110472865,
110107755,
109891116,
109607417,
109316192,
109066790,
108793655,
108506318,
108251220,
108010975,
107753577,
107500504,
107267141,
107018453,
106714113,
106464521,
106152634,
105898427,
105647839,
105356212,
105137006,
104817096,
104557241,
104363700,
104088096,
113830660,
113509606,
113303222,
113032511,
112728968,
112502966,
112208628,
112008493,
111716600,
111424149,
111201231,
110899955,
110702051,
110397606,
110131877,
109891234,
109635998,
109396241,
109129524,
108948612,
108615703,
108272244,
108032776,
107761296,
107518918,
107201038,
106908165,
106674630,
106416956,
106129513,
105881608,
105600157,
105335680,
105096345,
104931066,
104520551,
104286476,
104069215,
113779926,
113498034,
113243122,
112987268,
112696969,
112454186,
112171686,
111906283,
111645105,
111445431,
111197856,
110947586,
110704724,
110428316,
110185878,
109941269,
109648474,
109421763,
109121840,
108887261,
108568634,
108272109,
107990003,
107747587,
107498004,
107232853,
106941197,
106688942,
106397735,
106146737,
105926185,
105681512,
105418655,
105084073,
104793045,
104451303,
104202318,
103970629,
113675650,
113433184,
113051673,
112914167,
112644253,
112317146,
112132614,
111862114,
111594686,
111391071,
111080447,
110765199,
110492482,
110198290,
109977362,
109691177,
109456320,
109174405,
108914707,
108701615,
108434903,
108122889,
107885051,
107617301,
107326036,
107041384,
106977726,
106705881,
106434972,
106155686,
105887340,
105639042,
105408833,
105122608,
104880062,
104638475,
104353673,
104094672,
113819771,
113587299,
113308697,
113082947,
112846937,
112544892,
112294311,
111969158,
111836487,
111509757,
111209095,
110959767,
110661822,
110432006,
110239516,
109936769,
109645539,
109399018,
109172232,
108896981,
108619191,
108387048,
108067295,
107843433,
107572305,
107311190,
107025718,
106802922,
106537908,
106292402,
105996297,
105725819,
105436969,
105210277,
104931445,
104673613,
104384419,
104090141,
113870354,
113635706,
113326935,
113098202,
112829376,
112623724,
112395598,
112067935,
111808561,
111532523,
111263522,
110966981,
110641094,
110386273,
110108767,
109833154,
109603383,
109325304,
109065102,
108740159,
108543000,
108280996,
107986373,
107692260,
107464534,
107213191,
106747853,
106685655,
106188448,
105928887,
105631392,
105401223,
105134277,
104853229,
104555882,
104333054,
104140373,
113896508,
113578059,
113313160,
113052369,
112801732,
112532241,
112234692,
111956317,
111767940,
111436710,
111233067,
110917683,
110685045,
110420144,
110150163,
109903984,
109652033,
109356571,
109066352,
108828660,
108665970,
108389785,
108096480,
107866636,
107579292,
107318289,
107100769,
106780861,
106554807,
106281393,
106027718,
105750262,
105497636,
105221396,
104963119,
104683643,
104426178,
104251717,
103983116,
113744476,
113448027,
113204503,
112885862,
112663997,
112438887,
112147763,
111882391,
111560258,
111399987,
111097800,
110845812,
110592885,
110266854,
110047166,
109805348,
109538630,
109282100,
108977066,
109112178,
108553717,
108217010,
107967705,
107660708,
107446237,
107166764,
106948484,
106709016,
106389726,
106125131,
105864232,
105605007,
105319525,
105025562,
104819653,
104556142,
104288070,
104042679,
113678723,
113454264,
113239877,
112957976,
112779324,
112532310,
112237080,
111964748,
111655719,
111422608,
111082232,
110834773,
110548895,
110321176,
110047030,
109734371,
109540239,
109267866,
109053155,
108756760,
108482359,
108198499,
107931391,
107654769,
107379810,
107102486,
106845104,
106589002,
106337091,
106059445,
105795869,
105558988,
105286931,
104995443,
104784988,
104523569,
104234368,
103992698,
113733871,
113464263,
113180734,
112954412,
112668875,
112429309,
112171139,
111876494,
111647574,
111391562,
111137892,
110869495,
110596599,
110337435,
110072583,
109817993,
109546811,
109307832,
109013911,
108736897,
108477265,
108242836,
107975710,
107734543,
107466492,
107234525,
106929679,
106674238,
106421223,
106135809,
105827329,
105587453,
105234535,
104934726,
104660220,
104384650,
103974529,
113924621,
113660382,
113340248,
113006302,
112700388,
112407723,
112159772,
111853951,
111579647,
111306641,
111056560,
110810240,
110565993,
110291221,
109892681,
109728126,
109457237,
109176756,
109189658,
108607641,
108333934,
108081740,
107806896,
107525220,
107239809,
106961661,
106722507,
106456919,
106147404,
105870279,
105573964,
105343400,
105096532,
104830673,
104593409,
104311676,
104040504,
103746875,
113582091,
113337433,
113130517,
112867308,
112615683,
112331492,
112077195,
111776560,
111545729,
111260077,
110986699,
110716195,
110478587,
110212075,
109947229,
109679409,
109423067,
109047973,
108876760,
108621395,
108364116,
108082925,
107796215,
107540337,
107290171,
106995367,
106790341,
106517484,
106337997,
106076821,
105857287,
105596893,
105315785,
105098110,
104857895,
104588714,
104377276,
104095220,
103848663,
113616915,
113421628,
113162413,
112871329,
112612414,
112367009,
112122315,
111874322,
111613476,
111390609,
111200508,
110905103,
110665494,
110358006,
110198269,
109985814,
109696743,
109430287,
109168612,
108944491,
108701577,
108406815,
108090524,
107854165,
107580379,
107329311,
107075786,
106825808,
106528716,
106288860,
106053774,
105763161,
105505617,
105222426,
104970518,
104727147,
104443199,
104172853,
103830524,
113685191,
113435113,
113215487,
112965535,
112714134,
112404262,
112208559,
111965884,
111738717,
111484991,
111262589,
110991727,
110747409,
110499919,
110201769,
109998235,
109734744,
109448359,
109210140,
108953024,
108687768,
108411024,
108114727,
107888000,
107549878,
107363526,
107109704,
106857248,
106623125,
106362383,
106103758,
105871821,
105525602,
105255038,
104996184,
104728512,
104479721,
104228392,
103987273,
113749719,
113553582,
113301891,
113102070,
112824148,
112567553,
112298970,
112056370,
111764860,
111525908,
111268148,
111042619,
110790202,
110546088,
110280978,
110392358,
109614239,
109373319,
109342030,
109161243,
108953553,
108765743,
108457909,
108183172,
107999455,
107734096,
107468930,
107210462,
106885062,
106656450,
106395255,
106192209,
105907596,
105660156,
105415430,
105134463,
104874644,
104614087,
104355288,
114103935,
113821518,
113605955,
113353420,
113090732,
112906559,
112570859,
112335964,
112097948,
111828759,
111559952,
111301994,
111024802,
110772732,
110493538,
110244106,
109948683,
109714107,
109426599,
109141311,
108900267,
108643990,
108372414,
108112330,
107894741,
107644289,
107363684,
107143063,
106887764,
106629031,
106086569,
105815075,
105571191,
105345728,
105093451,
104837105,
104535637,
114337180,
114077642,
113785791,
113558136,
113021395,
113032843,
112737891,
112569971,
112322551,
112031508,
111805725,
111534847,
111320029,
111055215,
110705759,
110523644,
110240836,
109990141,
109736379,
109434087,
109212942,
108958395,
108710020,
108421463,
108163647,
107908260,
107642119,
107372069,
107118203,
106854825,
106530849,
106266679,
106031710,
105765249,
105505456,
105239665,
104969318,
104692516,
104350340,
114022216,
113752716,
113440038,
113198189,
112978072,
112725357,
112472282,
112226030,
111945271,
111680662,
111431104,
111214092,
110921104,
110663617,
110421299,
110131986,
109892183,
109602987,
109341398,
109064337,
108778864,
108544826,
108262025,
108014254,
107753910,
107465216,
107215026,
106945452,
106675000,
106334797,
106091783,
105869436,
105585603,
105343782,
105051864,
104763919,
104560989,
104280213,
114010282,
113746487,
113469482,
113204318,
112952787,
112692832,
112423749,
112156726,
111894992,
111677780,
111424253,
111132975,
110811584,
110623245,
110376751,
110084476,
109827505,
109531193,
109330554,
109109973,
108844864,
108582383,
108304342,
108069465,
107808596,
107520203,
107277495,
106999936,
106734389,
106461833,
106247636,
105924270,
105667362,
105395404,
105153368,
104900573,
104639768,
104358493,
114139605,
113869537,
113588682,
113319266,
113029935,
112804482,
112530440,
112325054,
112024267,
111704828,
111491903,
111220246,
110963308,
110692079,
110407187,
110161289,
109908392,
109648337,
109380552,
109119306,
108905500,
108639304,
108368497,
108100839,
107801141,
107531432,
107332023,
107038961,
106761505,
106467545,
106242695,
105987321,
105746772,
105450523,
105153983,
104911430,
104671370,
104424421,
114165162,
113841722,
113655689,
113371968,
113093425,
112822105,
112532116,
112313430,
112070518,
112094157,
111536356,
111259271,
111017573,
110750854,
110468951,
110212969,
109961918,
109730103,
109439353,
109127035,
108902268,
108626727,
108338010,
108127308,
107848106,
107574649,
107288169,
107046518,
106778103,
106490501,
106283626,
106006519,
105427414,
105228930,
104944195,
104680585,
104400160,
104192877,
113970888,
113732638,
113486867,
113219296,
112971395,
112685093,
112422590,
112143285,
111834731,
111621867,
111345714,
111088073,
110807448,
110565928,
110278953,
110021452,
109802199,
109506801,
109240628,
108984022,
108750840,
108523391,
108218797,
107976304,
107702568,
107440583,
107196436,
106914262,
106666443,
106370484,
106140021,
105844150,
105629278,
105298475,
105080743,
104811528,
104523126,
104296547,
114007083,
113751887,
113477969,
113206378,
112957790,
112710762,
112450126,
112176248,
111895565,
111457877,
111360722,
111164353,
110889939,
110575919,
110283948,
110035815,
109761674,
109551345,
109319051,
108965966,
108695905,
108451309,
108202134,
107957730,
107677512,
107379902,
107176452,
106916417,
106629952,
106386908,
106126223,
105872784,
105618274,
105355685,
105116453,
104840329,
104583187,
104362447,
104063858,
113794273,
113519296,
113259273,
113022794,
112732882,
112478618,
112178733,
111940272,
111668553,
111398934,
111111757,
110917019,
110620600,
110381591,
110085749,
109819263,
109576649,
109310617,
109040116,
108773539,
108481419,
108254475,
107992468,
107711749,
107472992,
107190610,
106923884,
106659652,
106389475,
106164881,
105877129,
105545044,
105293965,
105033519,
104697869,
104484742,
104125286,
104003716,
113703764,
113431619,
113198735,
112900626,
112653393,
112384176,
111964703,
111856155,
111658637,
111333377,
111113374,
110861015,
110565149,
110295832,
110065451,
109809905,
109553496,
109262796,
108920540,
108679238,
108435615,
108138765,
107849896,
107908109,
107342713,
107060537,
106793148,
106547837,
106277223,
106035135,
105789539,
105515709,
105254549,
105028820,
104740459,
104465590,
104206068,
103917883,
113681247,
113418012,
113147561,
112870924,
112620691,
112295455,
112083627,
111808729,
111586608,
111301668,
111038077,
110809210,
110550167,
110283574,
110038397,
109773158,
109512831,
109281703,
109020305,
108778169,
108493741,
108252475,
108019081,
107734043,
107425045,
107180874,
106960774,
106727340,
106471075,
106170988,
105891788,
105636753,
105390737,
105095802,
104832342,
104601385,
104341613,
104036465,
103767463,
113481034,
113239572,
112992483,
112728272,
112468224,
112176938,
111926732,
111644237,
111394482,
111126190,
110870353,
110614980,
110394024,
110152495,
109847489,
109568317,
109294874,
109171243,
108889911,
108400462,
108374945,
108084037,
107933212,
107613722,
107333201,
107086873,
106807739,
106528186,
106292112,
106025427,
105849776,
105542277,
105293036,
105008742,
104745753,
104509510,
104213273,
103964759,
103692764,
113444988,
113180467,
112898464,
112670597,
112418794,
112169706,
111904088,
111644344,
111450571,
111163008,
110928156,
110648899,
110401750,
110143695,
109905824,
109586231,
109343805,
109108312,
108819969,
108233814,
108025076,
107733866,
107480908,
107300146,
107028312,
106781057,
106497903,
106189696,
105987450,
105726738,
105479826,
105258283,
104884574,
104673793,
104418056,
104100687,
103824862,
103543947,
113326859,
113072837,
112801268,
112533358,
112341599,
112030282,
111753621,
111470063,
111201922,
110928773,
110698353,
110426461,
110164646,
109938327,
109669437,
109401426,
109139479,
108886782,
108582330,
108352495,
108060066,
107842724,
107514039,
107263980,
107013721,
106776181,
106567586,
106184377,
105883564,
105624615,
105347020,
105102497,
104801668,
104539810,
104309202,
104071978,
103820920,
103542515,
113293487,
112994427,
112763951,
112506495,
112276712,
112002462,
111792732,
111564636,
111307593,
111004957,
110741122,
110478738,
110188999,
109964735,
109663802,
109433306,
109192546,
108928594,
108635674,
108393358,
108097843,
107825470,
107594907,
107319706,
107047303,
106741250,
106554859,
106254735,
105977322,
105669120,
105344457,
105036938,
104789529,
104563513,
104268762,
104006247,
103727331,
113551724,
113205295,
112947123,
112725078,
112464844,
112168048,
111928590,
111638705,
111399951,
111139859,
110889527,
110643614,
110352273,
110108586,
109849175,
109623516,
109380161,
109094621,
109157462,
108552069,
108282840,
108023706,
107762421,
107493000,
107235672,
106973556,
106732132,
106528847,
106288942,
105997412,
105774911,
105481945,
105232003,
104941268,
104691869,
104421612,
104170795,
103947417,
103678975,
113423099,
113148659,
112892441,
112728456,
112380774,
112125965,
111899782,
111472372,
111364299,
111110058,
111135445,
110576143,
110304312,
110046590,
109796477,
109560088,
109286336,
109021910,
108749504,
108478474,
108233687,
107949476,
107714887,
107435911,
107162362,
106879438,
106638261,
106408950,
106092356,
105905221,
105695478,
105471856,
105227233,
104959379,
104743436,
104503546,
104227041,
103980411,
103624942,
113449875,
113147671,
112912852,
112690666,
112396339,
112168859,
111850796,
111634689,
111390015,
111131078,
110866119,
110618263,
110358649,
110067010,
109804896,
109536483,
109291089,
109048632,
108796396,
108496021,
108263937,
107968670,
107728899,
107484651,
107224038,
106955782,
106687442,
106430200,
106176697,
105909338,
105618944,
105364464,
105131634,
104890833,
104642785,
104388418,
104115222,
103851850,
113579057,
113289434,
113044837,
112807788,
112576174,
112271870,
112036318,
111748284,
111449011,
111239915,
110987072,
110733590,
110469740,
110168252,
109938010,
109665953,
109402284,
109160745,
108907750,
108647303,
108408651,
108108880,
107821998,
107548310,
107298771,
107055467,
106759817,
106506575,
106262332,
105964433,
105729528,
105441310,
105183338,
104957164,
104710129,
104430595,
104186780,
103863894,
103596462,
113410881,
113151679,
112863591,
112628551,
112304679,
112068761,
111856991,
111585864,
111052173,
110797026,
