12728085568,
104525674,
89129212,
83558870,
99800219,
94412894,
99891807,
95374634,
100979181,
96874141,
91991169,
97564151,
92964937,
98527807,
93934976,
99549386,
95351489,
100333448,
96242724,
92211006,
97838780,
94217302,
99483000,
95789155,
101037019,
96993473,
92002171,
97490674,
93385988,
98769446,
94745635,
101266984,
96691144,
101920469,
98202660,
92994980,
98648389,
93655829,
99160257,
94445930,
99647039,
94694673,
90382292,
95757735,
92038181,
97771988,
93270376,
98923912,
95120552,
100823162,
96163750,
91977040,
97780457,
92690776,
98098658,
93245879,
88320824,
94155766,
99243994,
95300680,
91619882,
97460534,
92459959,
98664338,
93393777,
89422043,
95336822,
101601909,
97591769,
92881484,
99036168,
94016338,
89823203,
95909815,
100746058,
106755847,
102327282,
117904155,
113863412,
119303383,
115363386,
122620497,
117637700,
111892922,
107562377,
113723909,
120381896,
116603534,
111807837,
106429772,
111379983,
106800729,
103053220,
108823847,
104000437,
108935860,
114710565,
120610646,
116110136,
122873448,
117443139,
113438026,
119360304,
114917627,
110947405,
116576014,
112319751,
118215211,
113631926,
120304557,
115877626,
122341284,
117565848,
113166163,
118696322,
114587274,
110636839,
115844478,
110730982,
117969577,
113623733,
120087928,
115764778,
122726516,
117542357,
112914755,
108336726,
103191425,
109461180,
115814553,
111523765,
118727245,
114789174,
110508145,
116327000,
112403285,
118130944,
113897168,
119694685,
115285087,
122315154,
117287837,
113173347,
108622730,
114304488,
110939185,
107444225,
103166879,
99070733,
94614179,
89624847,
76852599,
72438377,
77542901,
82912153,
88235554,
95153714,
101309581,
97145890,
91905864,
98697865,
93627831,
89447026,
95467550,
101748596,
97605722,
92786538,
98729841,
93896400,
99405814,
95706001,
90727451,
96813201,
91828430,
97559854,
93216380,
99088654,
93916606,
89254275,
94906131,
90337972,
96519083,
91456698,
87449181,
92925247,
88884165,
94683320,
90749485,
96241067,
91623527,
97921457,
92871906,
98658723,
94026335,
90557165,
85613192,
81568582,
77344932,
73099990,
78528366,
83799130,
78705424,
74703284,
81015177,
97595342,
94243872,
100336761,
95339334,
91313901,
97318678,
92579863,
98598927,
93749753,
99392548,
95785406,
91677240,
97645891,
93197401,
100031014,
95048194,
100975294,
96147982,
92711450,
99839842,
95397731,
91608036,
87272918,
92965577,
98784245,
94512385,
99933663,
95386039,
92009342,
87833694,
93822598,
100050341,
96178074,
92213196,
108694427,
103443123,
109694273,
105596150,
111447438,
116716301,
113064819,
119278363,
114763945,
121652862,
116487349,
112389575,
118449991,
114608948,
120715133,
116070951,
122760331,
117951164,
113014365,
118833838,
115203999,
120615713,
116714268,
122932513,
118614908,
113998553,
119951304,
115835935,
122625300,
117370331,
113509856,
119912809,
115828152,
111190183,
117693106,
113256049,
119024357,
114628384,
121217356,
116410759,
123472369,
118360545,
114234139,
110433964,
105792814,
111424274,
107218913,
113144956,
119788407,
114902158,
122345767,
117371796,
112940744,
108649548,
114662109,
120188080,
116239838,
122122011,
117397554,
113148249,
108390275,
103821098,
109186491,
114178490,
110657401,
117311318,
113018448,
109468734,
115429132,
121347945,
116481115,
111941434,
118106331,
113462794,
109673769,
115233428,
110513960,
105108418,
111634388,
118336648,
113861219,
119761164,
116011992,
122370262,
117679421,
113244229,
120598504,
116270047,
123655236,
118405914,
114536399,
131603142,
126898869,
122258795,
117820617,
112728880,
109440092,
114494642,
121728535,
117498769,
113636724,
108291112,
104175627,
99312931,
94345715,
122306019,
117345660,
112939298,
120012904,
114662496,
121628983,
116916209,
113088198,
119345226,
114926789,
120775157,
116800388,
112132636,
108224377,
114157393,
120429181,
116353476,
123737028,
118657408,
114634764,
110358188,
116544162,
122933836,
118150257,
114500771,
120637927,
116379456,
122968984,
118141710,
113075716,
109543021,
115368461,
122377516,
117599019,
112162564,
108701334,
114518575,
110699835,
115909091,
111989705,
118184659,
114078918,
108609106,
114809046,
111083072,
118315269,
113933897,
110654462,
115725691,
111798151,
117386555,
113246278,
118831883,
115008590,
121675464,
116936975,
112167916,
119164285,
114417876,
121139714,
117098629,
113656541,
109674707,
115183294,
110469580,
106663104,
111662450,
108322875,
113870281,
110160614,
115619496,
112152136,
118751786,
114299931,
121194961,
116061376,
111997600,
118775901,
114455765,
120301152,
116475992,
112129501,
128162178,
123395839,
119856209,
115716634,
122996195,
117865154,
113801234,
119565200,
114843295,
121954015,
116972763,
113141868,
118197908,
114126689,
110321232,
116186750,
123377926,
118617910,
114490542,
121496611,
117408510,
113152368,
118922972,
115157999,
120223700,
115490666,
111140512,
106292417,
102661778,
98320252,
94482818,
101316754,
97747239,
93566366,
99833305,
96150625,
90774210,
97695372,
93427921,
99232829,
94958448,
101273773,
96717354,
92136119,
98935670,
95138036,
101548500,
97651454,
93607480,
99473391,
95682654,
102403738,
98510843,
94305685,
101371722,
97340683,
92005471,
97809777,
93281308,
88776638,
94513169,
101357119,
97313422,
93794262,
99143967,
94922291,
90040241,
95557834,
91110763,
86973258,
93090975,
99661613,
95819898,
102043685,
98065866,
94193300,
100847355,
107456952,
102725646,
109601860,
115029243,
110664492,
117296732,
113461410,
119954640,
115588613,
121869370,
116622796,
111989116,
108414098,
113771693,
110339935,
115893667,
112489720,
108364287,
114620567,
119791435,
116154099,
123326402,
117884162,
113836803,
120036100,
115541862,
122781219,
117072716,
113388774,
119869209,
115903382,
111304238,
117384366,
112965799,
119052901,
114380466,
120486044,
115681806,
122796198,
117521208,
113118848,
108899515,
114905185,
110904220,
117065257,
113010633,
119905155,
115690098,
122844374,
117631220,
113373365,
108986457,
114792956,
110214682,
117182041,
112914606,
120085150,
115767219,
123060252,
118005282,
113900672,
119653307,
115805228,
111142577,
107358147,
112816466,
108135224,
114059777,
119939554,
115507489,
122634486,
117911372,
113509386,
119889683,
116400651,
123233859,
118467776,
114037522,
120392810,
115980614,
121735768,
117731489,
114263590,
109071183,
116063376,
111314829,
118308497,
114166356,
110520972,
117031457,
123530784,
118136791,
114571811,
120512155,
116408953,
123084401,
118462145,
114300599,
121023355,
116278856,
123212093,
118665004,
113893898,
109163882,
116346692,
123382726,
118548808,
114849744,
121366915,
116358003,
123305095,
117820828,
113163031,
108818256,
115708838,
112091903,
107278671,
113356697,
120116522,
115575434,
111454958,
107038181,
113364685,
119258781,
114419176,
120879374,
116433953,
111302178,
107341322,
113189390,
109351920,
114499843,
110335884,
117340488,
112789503,
118809159,
114873920,
120393536,
108575098,
114072685,
110334634,
117142926,
113215692,
119038948,
114856324,
110381453,
115484798,
122575932,
117735873,
113203972,
119624408,
115011167,
121971594,
116593714,
112897628,
108323053,
103601231,
109262098,
116391065,
122543987,
117925305,
113259351,
108916844,
104602883,
100576087,
96490178,
91852092,
98023308,
93658834,
99057643,
104462318,
100452012,
96140545,
91249258,
107297363,
103098154,
98373751,
94595830,
90707864,
96206827,
92487942,
87576684,
82744987,
89040269,
94808236,
101161291,
97440255,
92859344,
98879511,
93766484,
90686629,
86721996,
81884964,
77642142,
73924030,
79749867,
75271493,
81685271,
97986470,
94802193,
111175502,
107127107,
112840010,
109285199,
115902137,
112068856,
108318221,
114332391,
110123586,
115818963,
111921605,
117671583,
113184056,
119403397,
114355457,
120802247,
116396426,
111104410,
107288293,
103216695,
99621325,
94639357,
100635166,
96606717,
92909668,
98835661,
94428132,
99674096,
95693309,
92177827,
97840475,
93030780,
99272939,
94491090,
99756293,
96014295,
92120645,
98355378,
93246359,
99375248,
94543676,
100735361,
96800066,
92702597,
99566961,
94974586,
90848763,
96897362,
92112210,
98233646,
93579157,
99648593,
94917507,
100282200,
95637681,
90785802,
96406401,
92058798,
98103938,
93215002,
99351716,
94695068,
100423207,
96343763,
91652158,
98589573,
93540215,
99958931,
96078133,
91664085,
97852424,
92941377,
88219865,
94087045,
101694903,
97464065,
92748982,
99301490,
95220199,
101830846,
98083886,
93938930,
99780382,
95195507,
91358054,
96806478,
93865373,
99733029,
96068632,
91886979,
97219030,
92649741,
98137927,
93825028,
99319705,
95453402,
90516589,
96463914,
91900893,
97940610,
93253138,
99121297,
94479676,
99604779,
95862166,
91415881,
86872388,
92768218,
98264726,
93620544,
99004578,
95277283,
90424130,
96010221,
91575747,
97161324,
92028067,
87787843,
93781590,
100317057,
96074479,
91474340,
97468562,
92347642,
98491801,
93745706,
99576382,
95796200,
91735937,
96971497,
93327459,
88728700,
94700313,
101004378,
97276673,
92701080,
98190763,
93710913,
98917778,
94974244,
89990097,
85913974,
91971743,
97798130,
92832882,
98485146,
93862607,
99301705,
95251022,
91385688,
86803223,
93258315,
98624887,
103760581,
109106339,
105183153,
100888873,
107020919,
112372920,
107798103,
114169530,
110194623,
115733812,
111078945,
117257737,
112415474,
108040635,
114409979,
110513126,
116813129,
112323813,
107983056,
103874488,
100422852,
95900618,
92588159,
99219337,
94662641,
121476908,
116232394,
111939176,
117213739,
112633331,
108001304,
104273020,
110345686,
116335932,
111961262,
119082333,
114035100,
120812842,
116566991,
112843204,
119740195,
115873866,
122209501,
117152138,
111855594,
107695378,
113747223,
110337071,
116038165,
112202688,
108281318,
104128838,
109975406,
105452820,
110893495,
107012209,
113394724,
109154847,
114468548,
110235879,
116414994,
111443131,
107337237,
112840774,
109069163,
115149483,
121030155,
116800965,
123674076,
118962049,
114564396,
110353478,
105586039,
111381852,
118099040,
113407060,
119257037,
114810503,
121276329,
116572056,
112448222,
107443422,
102968838,
99135001,
94332866,
100681060,
96604810,
91943047,
98285245,
93347455,
89633128,
84885795,
90574853,
85975079,
81051858,
97709286,
93422364,
99295829,
95565426,
101989600,
97752989,
94137191,
100886735,
96690959,
92675367,
98314920,
94494047,
111319627,
107298507,
113202199,
109205754,
104423138,
111340750,
118031305,
114033572,
121129619,
116773730,
112852867,
118591628,
125348423,
120107471,
115840477,
121621563,
117535702,
124282252,
118954369,
114528996,
121215866,
115979661,
111483747,
118618287,
114509113,
110688940,
116521545,
112036569,
108431228,
114158919,
110127793,
115913488,
123194365,
118204409,
114276810,
119873849,
115338500,
122039291,
116854989,
112254260,
108346185,
114239318,
109599586,
115292434,
121621722,
116846962,
112121605,
119394279,
114780649,
121153213,
116246841,
111821710,
117498125,
114151967,
120358166,
116031480,
122683178,
118005550,
113610958,
120355439,
116333788,
122358861,
117503876,
113126516,
109450626,
115267255,
110576200,
116863426,
112504735,
107187669,
113360187,
109310708,
115947074,
123144775,
118106362,
113751062,
119776998,
116610511,
111508402,
127840089,
123021966,
117946626,
113765236,
108329952,
103924039,
99838652,
95326323,
100597482,
97087277,
92313851,
97956502,
93406439,
98874529,
94453050,
100168867,
95940480,
92079051,
97466402,
92803301,
98461733,
94074531,
99980832,
95958926,
91662049,
97138228,
92824114,
98715603,
93859045,
99242366,
94639955,
89828350,
95361822,
90849460,
96450545,
91801228,
86789463,
92701445,
98381595,
93668348,
88838504,
94499219,
89926272,
95525646,
90846845,
96455519,
91909749,
96982229,
92306410,
97962229,
93382597,
99048839,
94341093,
99609259,
95822599,
91978133,
97479328,
93942425,
99750030,
94819078,
90460626,
85650747,
91910169,
97020084,
92720616,
98090787,
93247975,
99090025,
94306287,
99858128,
95887986,
91633572,
97182427,
92070925,
109250509,
105405701,
101278242,
97254568,
92484143,
87893144,
93962650,
99702221,
94809571,
90343189,
96161662,
91540523,
97125809,
92537357,
98401868,
93428350,
99042149,
94613047,
100247359,
96158491,
91027075,
96734794,
92699428,
98415268,
93762200,
99195690,
95406015,
90533059,
86086267,
92920498,
99601191,
94897444,
101611924,
96992407,
92214904,
98884326,
94624584,
101672264,
97417761,
93250508,
99390728,
95417949,
101875445,
96999279,
93617595,
99128526,
94480743,
100888712,
96765759,
92035679,
108921474,
104050130,
109258836,
105245136,
111387156,
107123190,
113096635,
109092907,
115168704,
110904295,
117818948,
113131687,
118836242,
114228309,
131017118,
125950474,
122482982,
118117114,
113292697,
118770879,
114162096,
109456867,
115635500,
111677164,
118002936,
114052026,
119512276,
115583553,
122137688,
117023544,
113070714,
108743314,
113757040,
110145487,
115882160,
112161384,
107381740,
113501145,
109546941,
114787896,
109940079,
116876295,
113088122,
108983817,
114855710,
110934715,
107007476,
112796158,
108198639,
113897382,
120196689,
115645390,
121869454,
116792828,
113081950,
119771122,
115833440,
122850134,
117630213,
113624901,
118745389,
113923393,
110146945,
115801710,
111596400,
117668246,
113215010,
118995302,
113894447,
109796080,
115457231,
110867793,
107355977,
113309328,
109546944,
114560519,
109945562,
106200456,
112036921,
118248992,
113470359,
119791559,
115914500,
122429954,
118022156,
113464345,
119366072,
115127170,
111000876,
117048231,
112317161,
108297609,
113952142,
110156188,
115831547,
111373936,
116903316,
113292865,
108180079,
113913519,
110131030,
115201415,
111051615,
116744471,
112321314,
107855267,
114025250,
119804893,
115633046,
121401701,
117624444,
113121956,
108939395,
114372247,
121317900,
116180866,
112057157,
119040762,
114808293,
110067303,
106031502,
111030739,
107464352,
113095572,
109454727,
115145881,
122413574,
118846805,
114554710,
110430238,
106285130,
101908118,
97493297,
92882795,
98109482,
94756284,
99852402,
94946154,
101473110,
107060097,
102772909,
120283764,
116434965,
122468920,
118435630,
114307746,
109851350,
115658818,
122384804,
117805351,
113276267,
120138838,
116170448,
122760714,
117544309,
113080619,
119665820,
115662359,
122130349,
117783020,
113896522,
119913583,
115675895,
122287121,
117807656,
113227376,
108314701,
103988930,
100051716,
94920888,
90953881,
96222346,
92325158,
98590857,
93732542,
100969330,
97179130,
93760143,
99560364,
95098706,
91762482,
98061221,
93715793,
100270472,
96187731,
91397505,
96862416,
92491053,
98062507,
94220815,
90135005,
85669114,
91883714,
97133020,
93557321,
88379935,
94494455,
100706370,
95992671,
92532837,
87907668,
82909899,
88999014,
94544989,
100784385,
96460642,
91582386,
97387143,
93033311,
97847729,
94503672,
100401377,
96647499,
92049186,
97582833,
92884656,
98271868,
93790126,
99364815,
95473160,
91189259,
96366295,
91819394,
97222830,
92975264,
99311336,
95823981,
101729580,
96781130,
92904081,
99213770,
95200216,
101909463,
97715068,
93917484,
99225389,
95093121,
90756582,
96178710,
91941672,
97140561,
92907476,
98248025,
93873062,
98745767,
93797900,
90700752,
97225430,
92501844,
98030214,
93962563,
99260832,
104867123,
100144877,
105850840,
101604934,
118708898,
114603586,
109813435,
115457750,
111497646,
117372864,
113029863,
118863835,
114279031,
109725376,
105911972,
111693901,
108089016,
113336184,
108916307,
105325672,
110879731,
116666870,
112564167,
118695908,
114555466,
121498109,
116648303,
112236228,
108330517,
113289776,
109244234,
114482457,
109974380,
115590828,
112004140,
118766444,
114728209,
122021618,
117834078,
112871422,
108150784,
103923441,
100033214,
96412410,
92495837,
98775213,
94388888,
89686085,
96124867,
91441829,
96424416,
102497784,
97807257,
103962836,
99535464,
94444333,
90469234,
96858620,
92456494,
98120204,
93302994,
99455333,
95110537,
90218546,
97018113,
92833008,
89415791,
94728969,
90081560,
95851812,
91044822,
97113520,
92980419,
98190941,
93870755,
99225325,
95460523,
90718425,
96404873,
102091628,
97896984,
92853357,
120193556,
115523752,
121933902,
117057360,
112929856,
118579603,
114491789,
121517699,
116236974,
112014960,
107802556,
113756095,
110004657,
115430707,
111779373,
108081554,
114009194,
119651714,
115045011,
121898133,
117221992,
112238269,
108235713,
113942609,
119904458,
115447913,
122236755,
117264345,
113126748,
119126288,
115016158,
110101939,
115864254,
111707257,
118061704,
114015082,
119679281,
115502820,
122272604,
117312458,
113153876,
109283112,
114259885,
121287967,
116438988,
112217552,
117817833,
113140029,
109031207,
114920846,
110621126,
117112029,
113371881,
109155541,
114718690,
109777981,
116279296,
111873253,
107691603,
103282881,
108939948,
115856147,
112047042,
118268441,
113877677,
119343875,
115360871,
121894768,
117899550,
113689241,
109160207,
104840379,
101120962,
97642403,
92517161,
109721721,
105877490,
102051816,
98138990,
93251953,
98757927,
94339065,
89682963,
95911362,
91812528,
88065304,
82748010,
89392215,
95350707,
100657259,
97030448,
92497881,
98394250,
93803182,
99550998,
95673326,
91142336,
97281476,
92319972,
87501205,
93418911,
100032487,
96202685,
91394545,
97384522,
92526217,
99677604,
94501977,
90072393,
95894798,
91321180,
96885466,
91549545,
87928365,
83855833,
89344648,
84665270,
91402922,
97407194,
93627342,
100505082,
96784010,
92810820,
98389343,
94660308,
100044816,
95968983,
91392127,
97177810,
92765486,
99552131,
94531222,
99897861,
96089158,
92391879,
97842632,
93061908,
99287003,
94521527,
100780600,
96744132,
93014166,
99414273,
94726128,
122168253,
117602928,
112925696,
109245001,
114387012,
109860951,
116731737,
112879402,
119056262,
114458251,
121063002,
116057636,
111933704,
117991679,
113721256,
119956226,
115296366,
121976842,
116890096,
113244417,
118745926,
114449118,
120598597,
116176116,
123074177,
117885186,
113576454,
119732631,
115370887,
122361779,
117308546,
112948817,
119087125,
114733349,
109755851,
115776751,
111805003,
117646402,
113815923,
119647157,
115681217,
122133001,
117708133,
112985411,
108820286,
104614784,
101200214,
96989581,
92582769,
98231325,
93635546,
89045731,
95238609,
90306792,
97149703,
92756092,
99179665,
94735654,
100971387,
96995678,
93274544,
98861702,
95135611,
100711586,
95955112,
92652082,
98168343,
93946364,
99428016,
94593391,
91363135,
97198574,
92950206,
88826792,
83794214,
89818171,
95627494,
90929042,
96799944,
91773887,
97356686,
92757553,
98147277,
93680578,
98836499,
94497772,
100041819,
95752910,
90906577,
96672073,
92254309,
97964338,
93048819,
99028124,
94435004,
100204724,
96171790,
92282696,
108230349,
103732435,
120973413,
115947841,
111941441,
107921098,
113309447,
109240979,
104976555,
101038654,
96411798,
92875953,
99425228,
94954201,
102531591,
98045673,
93785346,
99755930,
96052725,
91488559,
109102311,
104965334,
101172599,
97320890,
92720829,
98754641,
94027071,
100378788,
96074534,
91475874,
96894029,
92438124,
98244764,
93832932,
99414310,
96001305,
90835548,
97282053,
92712579,
98393909,
93841870,
100088793,
94982022,
100890333,
95922888,
91184687,
97185586,
92600547,
98490520,
93698725,
99230319,
94704223,
100043939,
96355382,
91724237,
97815176,
92517772,
98465212,
94096379,
100772354,
96276523,
92077258,
97547635,
93161724,
99017756,
94501267,
100635907,
96854492,
91792551,
98116526,
92845821,
88706892,
94471721,
100994456,
96725361,
92225018,
98029025,
93437777,
98730059,
95479092,
90518603,
96692571,
91649160,
97604858,
92959456,
100065931,
96212742,
102258963,
98450089,
94347682,
100004555,
95346542,
91630788,
97671076,
92850500,
99086602,
94224175,
100544865,
95636097,
91217059,
96607002,
92927302,
98303524,
93902233,
100650296,
96716728,
92448182,
98693585,
94481481,
101345084,
96699035,
92215583,
98655114,
94059514,
101049687,
97503043,
93085314,
99451304,
94799738,
101226350,
96998123,
93482552,
98917149,
95416627,
112165728,
108539120,
113811708,
109157412,
114440717,
110266745,
106106707,
112470671,
107958643,
114179393,
119725949,
115592778,
121993554,
118489800,
113949556,
121061673,
116172108,
112065700,
118192782,
114158606,
109975773,
115987666,
122408552,
117399062,
112875524,
118551697,
114469680,
120989490,
115756049,
111131174,
108066418,
114714188,
121038620,
117205817,
122862373,
118835879,
113659141,
119593276,
115286764,
122521680,
117453377,
112263951,
108038490,
114220385,
130782086,
126078475,
121756060,
118131227,
113872926,
120591244,
116464026,
122993503,
117708192,
113500686,
119257789,
114917640,
121450939,
117680162,
113147696,
108171788,
104175717,
99808454,
94845893,
90735542,
96143167,
92145419,
98131403,
94493955,
99307801,
105466707,
100682225,
106022278,
122600129,
118045433,
113252062,
120422917,
115255818,
120977738,
116966333,
113199959,
120105295,
116173750,
111223756,
107104954,
112709946,
118670299,
114368941,
120833556,
116136171,
122428990,
117326826,
113598598,
109315115,
115697934,
110811361,
117071228,
112059331,
117965213,
113998147,
121266774,
116006732,
112421986,
118127432,
114494271,
110382736,
116047707,
122609819,
117420392,
112640446,
108418268,
114114085,
110269244,
115700420,
122553403,
117409972,
112885327,
108302831,
114280823,
120013198,
116214277,
122352976,
117963583,
113249813,
108289924,
103952668,
99947480,
95595819,
90781480,
96250147,
92694309,
98859792,
95656642,
92233173,
96979345,
93523436,
89027447,
84444140,
90795182,
96391395,
91588804,
96934224,
92425362,
97784144,
93520161,
98950039,
95405147,
90597532,
85799769,
91812772,
97381210,
93025047,
98525189,
93677142,
100200400,
95437093,
91474461,
96251736,
92485310,
88272565,
94880278,
90453730,
85961116,
91470020,
98221052,
94479733,
90915825,
96002067,
92172142,
97413722,
93135205,
98260363,
94563220,
90586496,
97558801,
92930122,
99978640,
95717660,
91541365,
98625488,
94888553,
101566604,
97249447,
93603635,
98963976,
95699064,
102486478,
97593747,
93538183,
99286178,
106326054,
101723381,
97504522,
93547768,
99462463,
94684426,
101721333,
97102725,
93405005,
99151877,
94532273,
89457558,
95270484,
90779817,
96904221,
91962480,
98983050,
93859141,
100684991,
96053078,
102109987,
96552579,
92570234,
98133335,
93878866,
100095812,
95226857,
91538992,
98006342,
94182384,
111261603,
107169099,
112647596,
108207960,
114600170,
109978621,
116018385,
122240689,
127922406,
123836732,
119936558,
115551162,
121593680,
117985159,
114097375,
120808667,
115971617,
122743275,
117762272,
113547257,
109154040,
104253632,
110207293,
106091110,
111132127,
118145932,
114014649,
110287955,
115876298,
111285979,
117229966,
113381490,
119366821,
114788178,
121502836,
116895223,
111948915,
108041482,
103866419,
99203876,
94668670,
100449320,
106299858,
112137293,
107920013,
113402581,
109543784,
115422967,
111372913,
116705912,
112083093,
118793468,
114079645,
119788021,
115849101,
122632208,
117546489,
112094647,
108176168,
125151319,
120300990,
115647312,
122629127,
117736565,
113050998,
109175716,
116105928,
112134608,
107069416,
114024348,
120437817,
115959946,
122850462,
117827399,
113283139,
108357111,
104100977,
110177943,
104966274,
111129214,
117707132,
113826232,
110009874,
115321886,
110881901,
116849652,
112548097,
108018914,
104021442,
109630222,
106077047,
111385393,
106920384,
103066547,
109109661,
103890536,
109855709,
115716912,
111845615,
117387930,
112711106,
109119813,
114774614,
121459401,
116689601,
112285890,
107317017,
102515018,
108066940,
113913197,
110198091,
116023915,
121682082,
117562593,
112864403,
109101854,
114567851,
121538202,
116500375,
112691628,
118503725,
114055453,
120298080,
115828407,
122512788,
117532220,
113093922,
109316784,
114320468,
120995854,
116029448,
111916551,
118415387,
114345257,
120395748,
116266485,
111893660,
118101666,
113800246,
120707892,
116051995,
122427444,
117316585,
114051154,
120166987,
116421666,
122973689,
117505414,
113958513,
119519805,
115967803,
122885697,
118663965,
114678286,
121874679,
116656793,
112550562,
118186795,
114237684,
119983957,
115624462,
122316721,
116913059,
112809154,
108106021,
113668530,
108797570,
114335297,
110108067,
116693334,
111608702,
117410325,
111925072,
107091770,
103422733,
109250401,
104884466,
110335926,
105783077,
101974920,
96888444,
92807273,
98699951,
95317430,
100722805,
95674341,
92701022,
98138619,
93465448,
98844939,
94654698,
100587461,
96681480,
91767074,
97793696,
92935674,
98879075,
93938535,
100943349,
96769186,
92895727,
98328219,
93579621,
99327608,
95493981,
91523421,
97241085,
93581402,
100178589,
96198393,
92295758,
98127220,
93710411,
100326944,
95844985,
92797299,
99159182,
95117434,
91181600,
96852335,
92307240,
98157948,
94325979,
101264737,
96999157,
93617505,
88821349,
84401720,
111272993,
117436121,
113567507,
119672877,
115138212,
110983216,
105948203,
112095526,
118078275,
114217950,
120960951,
116571228,
112003357,
107937351,
113840956,
120350621,
115563890,
111228163,
117283814,
113094009,
119749217,
115030076,
121227445,
116763753,
112481918,
109055217,
114782118,
110741973,
106590294,
112641777,
109080853,
114497693,
110067441,
116010670,
111609512,
118151085,
113607924,
119139689,
115049720,
121589483,
116555717,
112697259,
118368819,
113905732,
120628532,
116063354,
122052087,
117401216,
112327885,
108125848,
103476683,
98792049,
94327754,
100780775,
96712590,
92712857,
88097656,
93840095,
89409741,
84566292,
90533270,
96794144,
93062558,
87895453,
83995608,
79482008,
75728445,
72322966,
68364877,
64231024,
80070887,
96300171,
92469577,
98265289,
94863399,
101272279,
96795376,
92359214,
87687964,
93635562,
100231763,
95690130,
90879933,
97452008,
93479329,
100242328,
96681742,
103211617,
99196617,
95268219,
102160777,
97388799,
93083716,
98884025,
94310630,
100911000,
96791439,
92770648,
110278785,
106027824,
102753679,
98830390,
94640260,
99752824,
95720523,
91092436,
96687299,
92045593,
97240254,
93125379,
98212390,
93573368,
99112389,
94968983,
90297637,
96168279,
91311123,
97273609,
92388832,
88390853,
94322783,
100751375,
96191891,
92087657,
98698883,
94274945,
99651568,
94865792,
91281780,
97386799,
93638157,
99974068,
95119827,
101835688,
97434193,
92540011,
99101718,
95649118,
101187551,
97199641,
92294333,
98328188,
93675209,
99204836,
95276399,
91045029,
86848215,
92915904,
98561626,
93950219,
99402159,
95377059,
91083059,
96445647,
91526326,
86853114,
92697448,
99841663,
95311563,
90917000,
86691596,
81564238,
77497764,
74338046,
80775341,
76735819,
72171379,
78599550,
94700294,
100607530,
96714866,
92188534,
97819270,
93020638,
98976196,
93894574,
100516130,
96015338,
91318597,
97748248,
93548420,
99163117,
95248420,
90521805,
85559118,
91618875,
97122634,
93732360,
100317017,
95259955,
90895232,
96819847,
92057942,
87512124,
92987703,
87960108,
94543651,
100580084,
96142897,
91853967,
98533492,
93382920,
89203013,
94804862,
89989060,
96404262,
91507049,
97296319,
92591645,
98464974,
93678811,
99385444,
94703490,
90039775,
96740005,
91995614,
97867186,
93170383,
98851710,
94203515,
89754100,
95305413,
91378146,
97174342,
92679434,
98419406,
93207322,
99309415,
94760881,
100348921,
96385702,
91878157,
97187382,
92725890,
88188521,
94436851,
100390605,
95982784,
91645160,
97033860,
92742080,
98610801,
94218189,
99226609,
95636691,
90390150,
85644106,
92831740,
99070800,
94252476,
100582752,
96111831,
91426418,
97179612,
92657434,
98146813,
93692188,
99275059,
95076109,
91117085,
96442834,
91965233,
97758151,
93130443,
98874409,
94542866,
99574643,
95039094,
89745771,
96368976,
91929431,
98149091,
94716649,
100442161,
96498834,
92682643,
98151318,
94406336,
100964616,
95788806,
91511972,
97290490,
93096560,
99552572,
95305291,
101082692,
96660849,
92092244,
97834991,
93075465,
98895622,
94073608,
99462848,
95870795,
91410964,
97533608,
92751799,
98479486,
93597503,
98783750,
115801651,
90486453,
95963671,
90623755,
97254811,
92623961,
98585910,
93407244,
100026152,
95501048,
100717625,
97088209,
92501112,
98430822,
93718295,
99477137,
95218091,
91493686,
97039115,
93400462,
99017526,
94519552,
99955174,
96157142,
91211718,
97343919,
93426253,
98928028,
94539185,
100372511,
96371115,
91546250,
97115054,
93490946,
100167582,
96195488,
91279244,
86848538,
93001029,
98595275,
93536043,
99821753,
94702847,
101504483,
96943695,
92551781,
98465654,
93866935,
100531254,
96084166,
92633021,
98583984,
93633242,
99606106,
94924781,
100285467,
96415840,
91966323,
97799360,
93107703,
99203188,
94434414,
99807302,
94989565,
91599559,
98448348,
93580487,
99544820,
94590248,
100255827,
96108842,
91356992,
96918946,
92403024,
97555654,
93214858,
99529161,
94692999,
101386914,
97179832,
93846506,
99033745,
95474135,
101122761,
96738438,
92516376,
98713644,
94037542,
99163457,
95122701,
91012542,
96325519,
91618275,
96959903,
92608689,
98316175,
93317451,
99143368,
94278817,
99861356,
94843986,
90708960,
97494186,
92857649,
98369375,
93131691,
99295953,
105172089,
110499035,
105838853,
111238679,
107074439,
112971564,
109249586,
114400963,
121206694,
116006974,
112034742,
117467040,
113197056,
119855553,
115123219,
122100331,
116957745,
113054580,
109029936,
104754460,
110552869,
117754540,
113301660,
108915091,
114128131,
110128063,
106067630,
112294612,
107855086,
113844287,
109004635,
115165195,
122213711,
117931967,
114052773,
120009419,
115650246,
122290171,
117239517,
113121665,
119158276,
114688880,
121782290,
116969583,
113144570,
109338383,
105462579,
101886036,
98235035,
93391435,
100209407,
95251890,
102219272,
98345578,
94060015,
101046910,
96897780,
93145577,
99042537,
93913264,
90435788,
96107256,
92477058,
99366723,
95651538,
101174343,
97100250,
93581517,
98960795,
95191897,
91160931,
97461858,
93220480,
99603009,
94917484,
101715258,
97874350,
92802566,
99203766,
95625281,
101227224,
97429994,
93408195,
99256003,
95708064,
102692454,
98637740,
94209497,
100176706,
96430379,
92445271,
99651501,
94938207,
102837446,
98781239,
94067824,
100726272,
96263005,
92609518,
98912601,
94110005,
99414857,
94830643,
90801750,
95982240,
91903605,
97437425,
93746341,
99720448,
95441580,
101559494,
97364610,
93554096,
110162736,
116142013,
111801063,
118016339,
113728137,
120127101,
115307966,
121709168,
117183429,
112707273,
118944901,
114977178,
121915489,
116972770,
113219929,
120143039,
115589818,
121926076,
117186066,
112891104,
118933590,
114363225,
121218220,
116560317,
122689918,
118513295,
114397675,
109831573,
116202014,
111840258,
118923000,
114208311,
120873303,
116771749,
112278917,
119222454,
115264458,
111107033,
106850803,
113102889,
108732974,
105079573,
110217095,
106142872,
112035325,
117929667,
113916786,
110275725,
115620289,
111552800,
107466046,
113524232,
109335961,
114298999,
109817311,
115860670,
111996322,
118170775,
113748234,
120633039,
116293222,
123279876,
118487046,
113787920,
109160578,
104896950,
110928025,
117216240,
113061740,
108951823,
114935573,
111046420,
117647037,
113134184,
119509086,
115345260,
121997552,
118644934,
124865966,
120189542,
114874523,
110887969,
116287358,
111892797,
117601847,
113151338,
119862800,
116220820,
122989405,
118167173,
113633594,
119645352,
115169485,
121337282,
117075856,
124126109,
130394044,
125541736,
121455285,
116495517,
112021698,
117860825,
113651190,
119577540,
115150388,
122232152,
117256221,
113565910,
120047971,
115997727,
122331184,
117731953,
112440304,
108208230,
113957216,
119880294,
116061626,
122940406,
118146313,
114040373,
121248259,
116893492,
123819971,
118824681,
114723526,
121372133,
116581223,
112231839,
108163908,
103914245,
99842428,
95031179,
90809163,
97621536,
92794099,
99178632,
95036667,
91298066,
87423558,
83355641,
77953788,
83655093,
100990345,
97130300,
92287484,
98529242,
93549260,
100185506,
96148146,
101646979,
97018601,
93087737,
98979419,
93991474,
99982280,
95805628,
91128093,
96761394,
92314589,
98382972,
93624455,
88502804,
94390197,
100927645,
97330145,
92522643,
87848278,
94164684,
100386440,
96531966,
91598314,
98717974,
94446128,
101018827,
96063024,
92521151,
100044841,
95478344,
101872220,
97895554,
93381140,
88588693,
94343455,
100932925,
97145922,
93042342,
100033289,
96084660,
101676921,
97745126,
92930859,
98907345,
94373658,
99646750,
94745027,
90372835,
96359539,
91680106,
97346672,
93555320,
99511397,
94964552,
101584463,
118193209,
113451057,
119182447,
114904033,
122321089,
117138852,
113082518,
120026842,
115891777,
122157132,
116785019,
112982615,
118269502,
114393329,
120057939,
116087845,
123174472,
117604613,
113551336,
119137359,
114823736,
120997880,
116129693,
112251706,
118123367,
113101060,
118970193,
114604986,
120942993,
116092484,
111545513,
117701806,
112910819,
118509098,
114323643,
110080672,
116503802,
112548705,
118474265,
114220242,
119963713,
115598429,
122166621,
117174602,
112722670,
118790318,
114151327,
119960428,
116073525,
121258976,
116222090,
111825609,
118994584,
114437121,
121700344,
116519310,
111995003,
118034187,
113211442,
119028352,
114689783,
121100195,
115965280,
111082460,
107209789,
112981215,
119943592,
115590892,
122018139,
118111899,
113217019,
109058240,
105044362,
101244179,
96883941,
91966629,
108230673,
113961552,
120417539,
116030553,
122515096,
117443248,
113636073,
109284411,
114076242,
121354452,
116954487,
112878464,
109271454,
105010519,
101004378,
97065551,
91795177,
97521857,
93063218,
98566197,
94217396,
90091530,
96365733,
92220661,
98272033,
93791474,
99519486,
95078755,
91510912,
97154536,
93230729,
88765404,
84287158,
100761837,
97390624,
93534376,
89056948,
94718048,
102544562,
98997905,
105199602,
111218313,
107052135,
102695634,
108142415,
103548773,
110264577,
106453348,
102630855,
98094539,
94215781,
100938232,
96619687,
91784038,
98202437,
94310438,
101423791,
96996958,
92426199,
87694776,
94792426,
101602224,
97184122,
93262152,
99129778,
95094078,
90084705,
95169365,
91134708,
86525091,
92905579,
99467933,
95548799,
101788559,
97428402,
93666789,
99693440,
95837835,
91742620,
97987745,
94628838,
101334233,
97125607,
92810598,
99129697,
95152049,
101952452,
98479091,
93175125,
88583453,
95494326,
101382764,
96804671,
93275070,
99920965,
96156948,
102622851,
97791943,
93627947,
99184390,
95674626,
91335551,
97263042,
93678238,
99617856,
95553127,
101905542,
97244588,
93777968,
100589573,
96447216,
92101411,
97739748,
92807458,
99501644,
95449162,
102185208,
97352975,
93769541,
99766838,
95738236,
102431555,
97619236,
92875223,
98889473,
94325604,
100912572,
95906415,
92547033,
98429922,
94756919,
101368298,
97159801,
93051451,
99676444,
94929478,
102699209,
97910912,
94554019,
110047429,
105911476,
112908347,
109171846,
114308924,
121154226,
116255543,
111849700,
118633138,
114879137,
121678823,
117112018,
111851581,
108117116,
113447731,
110042532,
105081610,
110778939,
116779752,
112159804,
117998489,
113638495,
120186179,
116404075,
122351381,
117692051,
113099589,
119000708,
114830473,
122285961,
116908275,
113225520,
120002595,
116008170,
122112188,
118133361,
113099320,
108704061,
104267628,
100109629,
96235160,
91465850,
96525064,
91970891,
97529827,
92541803,
98195062,
94763354,
90178851,
85880461,
91256554,
97180455,
93070054,
89718773,
85265827,
80603946,
76646916,
72005694,
78149942,
74178944,
80038878,
75773400,
71374853,
78048847,
74013308,
79968557,
85678851,
80824131,
97154408,
92540626,
98477213,
93939991,
99686016,
95571781,
91603544,
97794061,
92628054,
88681729,
94603545,
100640323,
95671799,
92589178,
98285957,
93902346,
99600901,
95048364,
90275864,
96472519,
92487862,
99209804,
93519539,
89462318,
94996371,
91557432,
97315028,
92823670,
98772213,
94889752,
101364518,
97279031,
91643781,
87720862,
93561824,
99362913,
94411683,
100800493,
95801165,
92758694,
98779848,
94721149,
90748429,
96635817,
92374180,
88804008,
83720167,
79686297,
75350001,
71633961,
77661196,
74649708,
79868374,
75865577,
81664776,
77551927,
73631585,
79900192,
96291574,
93024479,
98132480,
93818463,
100207447,
96214767,
103615778,
99559829,
95541423,
102242718,
98227869,
92918131,
98608014,
94915133,
100976324,
96486162,
91764092,
97728159,
93340087,
99266785,
94652529,
101997631,
97375415,
92804168,
99489395,
95490787,
101827516,
98188143,
93551124,
99919428,
94974474,
100653237,
96706880,
92765949,
99405928,
95655802,
100763061,
96228943,
91817046,
98970447,
94047923,
99777794,
95221032,
90667687,
95765652,
91916614,
97126652,
93083549,
98139120,
93304966,
99141647,
94754287,
99606236,
95254687,
90176517,
85994421,
91365040,
97076325,
92771764,
99551374,
95847200,
102223661,
97106576,
93416234,
99282190,
95486796,
100650785,
96149853,
91649959,
97730400,
93612322,
100435309,
96120829,
102751500,
98648046,
94791044,
111409531,
126502908,
122943005,
117621231,
112984498,
118658353,
114241290,
120089091,
115471806,
111269368,
107449552,
113442420,
119035415,
114299672,
120935380,
115651116,
112036158,
107278509,
113117655,
118899492,
114454924,
121228091,
116239028,
112049784,
107944348,
113829192,
110297104,
105743352,
111697227,
117446796,
113049089,
118942769,
114340670,
121073037,
116105701,
111921318,
118251270,
113746189,
119329318,
115419828,
122073613,
117279595,
111759004,
107806166,
113894127,
110185142,
116019412,
111093589,
117077211,
112724669,
118550477,
114398887,
120169294,
115413621,
122538664,
117256766,
113115870,
118933831,
114315972,
121045441,
117069667,
111878855,
107177996,
102479471,
118220527,
114191352,
119997901,
115395879,
122230865,
118080015,
113774426,
109087732,
103901979,
99980701,
94481311,
100350718,
96070175,
91883917,
87617247,
83763739,
88681731,
94059482,
89831251,
85489430,
80398343,
96895524,
92385657,
99236441,
94925843,
90861139,
86531841,
82562629,
98962602,
95263392,
90399576,
96010249,
92315285,
107930002,
103668597,
110139891,
106083159,
102200335,
97494493,
93216368,
99052384,
94805519,
101135601,
97035990,
92576659,
98376125,
93915530,
99578690,
95302922,
90945120,
97753876,
93659911,
100187354,
107236756,
102777533,
118338879,
113989313,
120553379,
115822202,
122305735,
118607749,
114703446,
110380978,
106071436,
101717053,
97432953,
93517034,
99401497,
105030528,
99967352,
94969645,
90819051,
97111155,
93627456,
99716880,
96476988,
92484513,
98834996,
94859592,
101735897,
97184695,
92871134,
100555139,
96116988,
92676332,
99419517,
95375049,
102201293,
98134690,
93179180,
88680374,
94716692,
101142426,
97309458,
92838915,
99366318,
95246193,
102133367,
98344237,
93843300,
101425118,
97949665,
103789855,
120183933,
115392639,
110984302,
117925198,
114225706,
120068275,
116114360,
123084453,
117637681,
113274460,
108964601,
114823445,
111124298,
117311830,
113967998,
120017864,
115091000,
122035426,
117060337,
112540265,
108032499,
103311288,
109118558,
114891157,
110012699,
105964690,
111665876,
117593081,
113076396,
118984118,
114641468,
122075477,
117765604,
112429484,
108077811,
103932167,
99907298,
95388617,
91545256,
97755007,
93394755,
99002700,
93966143,
90493946,
96951225,
93278555,
98608005,
94252376,
101818747,
96936326,
93271819,
88067383,
94629861,
89651719,
95167156,
91420846,
96853998,
93697311,
100005286,
95697387,
91587029,
98350523,
94183703,
101718506,
97053596,
93565326,
99676314,
94943821,
100539777,
96410869,
91864106,
97758785,
93184100,
99505543,
95558639,
101870850,
98324537,
93444970,
98645230,
94227763,
100803201,
96879487,
92312987,
98750330,
93713126,
99402026,
95391152,
91642420,
97299707,
92316018,
98045983,
93313811,
99007722,
94358479,
100819592,
96790389,
92568707,
97886642,
93614253,
99407237,
95348072,
91468074,
96919618,
93821270,
100076821,
96522964,
102967575,
99138567,
94388850,
100299682,
95924418,
91444287,
97162726,
93474414,
99601713,
95026051,
90857355,
86667311,
81709411,
108866210,
114764177,
111013597,
107023365,
112602229,
108154623,
113580646,
109201407,
115131725,
111396927,
117904155,
113167012,
109149401,
114600032,
110376281,
115643490,
122572444,
117812908,
113289941,
109307243,
105242016,
100093081,
96210384,
91906662,
97984377,
94363656,
89441501,
94778482,
89890318,
85658096,
81661349,
98586624,
94899577,
101027464,
96992750,
91878457,
97019938,
93541602,
99944905,
106290567,
122448392,
118449922,
113768643,
119385793,
114795136,
121398084,
116166276,
112209982,
118063486,
113825406,
120543068,
116618080,
123253053,
118633207,
113175266,
108706999,
104539219,
100831054,
96394673,
92508516,
98211204,
93934971,
100183698,
96608814,
92795758,
99273951,
94866906,
100326849,
96328221,
91321538,
86611176,
92538377,
98321334,
94734104,
100940178,
96587091,
92815552,
87530205,
93533543,
89330666,
84817781,
101791803,
97732137,
93354042,
99506561,
95006277,
90250261,
85688447,
80587550,
86811838,
82927769,
99358330,
95327582,
102038782,
97340745,
93689499,
100647234,
96802064,
91664989,
97023333,
103158000,
120680926,
116773685,
112357718,
108296738,
113736731,
110324846,
104910579,
99995018,
106262179,
101430953,
107121179,
102752143,
108102665,
114055212,
110005382,
115124373,
110975008,
117551556,
113775383,
108993305,
114459471,
121421658,
116023626,
112293063,
117939345,
113404179,
119854108,
115470327,
121922608,
117467489,
113693961,
119790662,
115823350,
123292999,
118371880,
114069254,
119780538,
116063226,
123233662,
118025831,
113992513,
110128156,
115926127,
111191133,
107393526,
112766150,
109305456,
105450739,
101454109,
97417332,
93521042,
99383892,
95582103,
91535740,
86960189,
83351123,
77931827,
74054808,
79471862,
84902789,
90683996,
96946800,
93602996,
88386846,
83396642,
100717024,
96154007,
92379560,
87765109,
93986004,
89351870,
86164350,
91990659,
98256529,
93874430,
121697899,
117707176,
113011462,
109656462,
105403138,
101316971,
96810383,
91626841,
86668610,
82878334,
99414145,
94604017,
90448806,
95982896,
92576417,
98322017,
94016048,
100914246,
96837384,
92619556,
98350272,
94541954,
101157709,
97359414,
93060508,
99583478,
94967464,
100804502,
96786352,
92665433,
98742741,
94320034,
101214085,
97655602,
93055381,
98906194,
94733778,
90639925,
86327757,
81595640,
77484225,
73455702,
79861025,
75575450,
70780955,
67404510,
74246053,
102215534,
98201868,
94350162,
101072875,
97447779,
92682229,
98385764,
93434743,
99413387,
94846446,
100413593,
96427307,
102655448,
110327762,
114078152,
121190816,
116377815,
122726262,
118086329,
113511384,
119692702,
115451720,
121542597,
116791991,
112125035,
108140306,
113883776,
110195423,
105240794,
110305581,
105943366,
102148756,
108156543,
103104975,
109270845,
104966718,
101056024,
96809751,
92112213,
