131776773
127969740
134713438
130817156
126934110
133889937
130086168
126124151
133149025
118509162
136623908
132808917
129286180
136413366
132755331
128963623
135864924
132131705
128798349
134773028
131018948
127142253
133869478
130099324
126496874
133628026
129708690
125597756
131758484
128445516
135515626
131759551
127748217
134716101
130762721
126912059
132984677
129327333
125435371
132395605
118097174
135307831
130975580
127099328
133415868
129727803
125937864
132771483
118266018
135851098
132037644
128148258
133989617
130140723
125642280
132779039
118377614
135867951
132025235
139679425
135626706
131784825
127978217
134841195
131020897
127711571
134842072
130873547
127543766
135956475
131090437
126866205
133089891
128890479
125466827
131994469
128968975
124623754
131885864
117427891
134651288
130798226
127243771
133325667
129566138
125440949
132029491
117537332
134415725
130716470
126765134
133462155
129830235
125943023
131473349
127332969
123203068
129712277
115384138
132172828
127698984
123835318
130427789
116154149
133286002
129642176
125654235
132333606
118023175
135814958
132182704
128553432
135552451
131310873
126868933
133920152
128966776
125528960
133115713
129015323
125452361
132959295
129394234
125782995
132773752
129100935
125944578
132872154
118496893
134989229
131222404
126793032
134242977
130202469
126534779
133576075
118705803
136902613
133276959
129657434
136887000
133195460
129048823
136104869
132519833
139856789
136240135
132497777
128746942
125105075
121033012
106726925
102521271
109196411
105323696
90609497
107592541
103407305
88894329
106282109
102462221
109030546
105425187
102255153
119168469
115550850
112282484
108284821
104567826
100629047
107706056
104020993
109662267
105906885
102377189
108815272
105154308
111811700
107540273
92998910
110194978
106435547
92142336
109322027
94619669
111385486
107554524
92885847
109314433
105411974
95212367
108391969
93658784
110208131
106323536
97283751
109647008
95759182
102349033
108973653
105546465
90879219
107198840
103296966
108990902
105375010
90804929
107944120
104454981
89704709
108134429
104402216
90688590
108457374
104801977
95799378
107413588
93106089
110830252
107591002
93595255
110953677
107439323
92883142
110732789
107180005
93373782
110755801
107353138
92926357
110960946
107129467
93200421
111227426
107492781
93181495
111004054
107079259
93142263
110599540
107220230
94720605
110859266
107218703
93109442
111593433
108011311
94014858
111384731
107719303
92992406
110635128
106890073
95996059
110064303
95735680
113903390
110121474
95849429
113775816
110075084
95802819
113671031
109766633
95391717
113025315
109084729
96751192
113133084
109320689
95029433
112954031
108941872
95001237
112220401
108367059
105253319
122104817
107639100
114097988
109864885
95848393
113951842
110593137
106508355
115381587
119928654
106380030
111445929
129651764
115281575
134649551
118098219
135682644
131398098
127949655
135440439
130701460
126958747
133648105
129671546
136406358
132768538
118320683
135496372
131704041
138232061
134714712
130668372
126809977
133718766
129619969
125846217
132855130
128808053
135661455
131880597
127920928
134626492
130939097
127091731
133592318
129872085
125771802
132554962
128760945
124477872
130522731
115803926
133362670
129705957
125792829
132478161
128688214
124788312
131440398
117183037
134742443
130976259
127142880
133977003
130713278
126930384
133826945
130050587
125955374
133158802
118957595
135841856
132135926
128615788
136321836
131770256
128046333
134788258
131174862
127692319
133913037
129715344
125991114
131941874
128106238
124706911
132033587
117959876
135925664
131791797
127872372
135144904
130922114
127199196
134819487
130923414
127563377
133947525
130222236
126313209
132839149
118536613
135817675
131986615
128754349
135633439
131918436
127492389
134783865
131032563
127038474
133523601
129759555
125859514
132408124
128799777
124913758
131459978
116658628
133810090
129563854
126089813
132824932
128818292
125363955
132546251
118365577
135820845
131765643
127986800
134722286
130734945
126878917
133767131
129901655
126069121
133229089
119007733
136480290
132776215
128972163
135770417
131917552
128756147
134977983
131410078
127937248
134775134
130995299
127150497
134287222
130010904
126107184
132580907
118324443
135825664
132272495
128926678
135745644
131792423
127938229
134800579
130787164
126751447
133624528
129890989
126084423
133261812
119023842
136645181
132502155
128494541
134442970
130782039
126884473
133806103
129990123
125541023
132411430
118202415
135800196
132347763
128998153
135991164
132073282
128091272
134771211
130901682
126910060
133702562
129903927
125846538
132690427
128867787
124869034
131632017
117227529
134491279
130568313
126479456
133295804
129562089
126059741
132838386
118510825
135890074
131924711
128769747
136073297
132118113
128110083
124331982
130830350
116599699
134535935
130224824
126099724
132275658
127886399
124623173
130958693
117154505
134379511
130815514
137322954
133363641
129621759
125299874
132855485
118792452
135845973
132828766
129270043
135501378
131818954
128241719
135319060
131671372
127979494
134774050
130688720
126845138
133859964
130133406
126447775
133316639
119215131
136872935
133361414
129902317
136760622
132680039
128884643
135871751
132006078
128203758
135157666
130900140
127143818
133524964
129742227
126160208
133437791
119243389
136813097
133285268
129988794
136010807
132438087
128979477
135856035
132076124
128513355
135453892
131724572
127956498
134719630
130741771
126998110
132720713
128805871
125309292
131791602
117387075
135473837
131802637
127792005
134832438
131094109
127754741
134246934
130056232
125997060
132858901
128758378
135825646
132278508
117866971
135666504
132099370
128953591
135697652
131775577
128042398
135312690
131478258
127932610
134687662
130743806
126726137
133712743
129901417
126501917
132702185
128433186
124612835
131868145
117474002
135577202
132231366
128892369
135820908
132082486
128794358
135737607
131821921
128705120
135727071
131954511
127901995
134471107
130591799
126800036
133752883
129992645
125608140
132082428
117361564
135666393
132093783
128726982
135867406
132461727
128128935
134322017
130238184
126775487
133750196
129642906
125577075
132714625
118457290
135122053
130603026
126682016
133222428
129902261
126048795
133158833
118991718
136713227
132912632
129003649
136182607
132545769
128957220
135684125
132192961
128818818
135640245
131704334
127861066
134801883
130893559
126633651
133141122
129672950
125884164
133134633
118821794
136402854
132823137
128917595
136899345
133406054
129884572
136695996
132656974
128314935
134398888
130877721
126496524
133455867
129714838
125704766
132288576
118031037
135397171
131947926
128106546
134787212
130630247
127310974
134884387
131350543
127701199
134798074
131242936
127859998
134810270
130803367
127837775
135039046
131019016
126669066
132741095
128937859
125630594
132692362
118367800
135724908
131701257
127792128
135626286
131686423
127854628
134700747
131038048
127392775
134795316
131064438
127786124
134654950
131043116
127081017
134560744
130755045
126968330
133766995
130141415
126651771
133930807
129936304
125448133
132701481
128965669
125571262
132736845
118353986
136184077
132591034
128825892
135755125
131990107
128536781
135358531
131719882
128082298
134961518
131181654
127929770
135995389
130980534
127325782
134382303
130732189
127049807
134319432
130440168
137360103
133690199
129867455
125960457
133181255
118999082
135841315
132252807
127725205
134477150
130391152
126865412
133759935
129952919
125892135
132222606
128158389
124373780
130680579
116397290
133628792
130045174
126051475
133704138
129904656
126041265
133235385
119058128
136926370
133357094
128909969
135025919
130504822
126929495
133482330
129586587
125843437
132611388
118141051
135277625
131439439
127774965
134379820
130554571
126760334
133461347
129640401
125686986
132445585
118027702
135176685
131327880
127821515
134687593
130684670
126769126
133732373
129949388
125704790
132620363
118032071
135114121
130862636
126807462
132995013
129820417
126039340
133511999
129456401
126034568
133439504
129730317
126025651
132546687
128668359
124807778
131715974
117181162
134509244
130609674
126814475
133678447
129709124
125776069
132738565
118420668
135691827
131641266
127900952
134703054
130653356
126768736
133684025
129624850
125965785
133028309
118846621
136683249
132736951
128907476
135616378
131767133
128095932
135343159
131666309
127937248
134962294
130911377
137022571
133023754
128728323
124475681
120630141
118020435
112817729
130553432
126936447
133579084
129506823
125536580
132822185
118406077
135800402
131988844
139936297
136444634
132784360
128895172
135789545
131840709
128075635
134928390
131074508
137405295
132903051
129103340
125638396
132884195
118514492
135780219
131943310
128335733
134887767
130944144
127851758
135049655
131110567
127874085
134900533
131039010
137463747
133781262
129787498
126071779
133130954
118978562
136700532
132776358
128903145
135787943
132063917
128755646
136583076
132957871
128346247
124746547
131819893
117361048
134890952
131119064
127106438
133533338
130115736
126154291
133422223
130296346
125834312
132914938
128976200
126234195
132722580
129180198
125163388
132419007
118113526
135671438
131918260
127872495
134655921
131039516
126950158
133718215
129896220
136916721
133000713
118929706
136180099
132616259
128658490
135480590
131708123
127999508
134762666
131118109
127133325
133442009
129722631
126131088
133117518
118978588
136796935
133149300
129247157
135751232
131870168
127739516
134762928
130893600
127128111
133866536
130031418
125492560
133076499
118893649
136626860
132818205
128978561
135868536
132107228
128570079
135823345
131840696
128037902
134835791
131082984
127738299
135091208
131136712
128050399
135717628
132037849
128100943
134822760
131097248
127630643
134326488
130423521
126849225
133552275
129840923
125876756
132774057
118314188
135591611
131999103
127836754
134710175
130502466
126078322
132303147
128180082
124025546
130733123
116451639
133470859
129717915
125882391
132740808
118282160
135403950
131528486
127903586
134537430
130804794
126871542
133507025
129850399
125828593
132850148
118486341
135556550
131567685
127903278
134753011
130813027
126615222
132795810
129413282
125774126
132602744
118140265
135548605
131559380
127970820
134742945
130969268
127026137
133613576
129874893
126183394
133257995
118997597
137086753
132935797
129060932
135541551
131744876
127711095
134414438
130713079
126683201
133298053
129584141
125403136
132066194
117393629
134570368
130635224
137347270
133615346
129969952
136334865
132824298
128522903
134554222
130235507
116061708
134050873
130009885
125713434
132917438
129149878
125737051
132886199
129119338
125594814
132767349
129042745
124762330
131927089
117575970
135653052
132485855
128946607
135823177
132216287
128821571
135899220
131641212
138498710
135065037
131127575
127060107
133545051
119048598
136143183
132323691
128967688
135800017
132078507
128752871
135834209
131860611
127865420
134480171
130725036
137561209
133836621
130172533
125844185
132877645
129027458
125533859
132823296
128828072
124975457
132377931
118903831
135379045
131234597
137167362
132925119
128570934
124131020
130015081
116467582
133748896
130274552
136503852
133386238
129812369
126130337
133297206
118883434
136924005
133474270
129971790
136643148
132804876
129112459
136329653
132606700
128986662
135763431
132058662
128089504
134445688
130687915
126578107
133381090
129560352
125497583
132074270
117422813
134424143
119943520
137040014
122757497
138981307
134286252
130346567
126513968
132626902
128426611
125348703
132511925
118038641
135799284
131914408
128608940
135357045
132111075
128147311
135858363
132146565
128455511
135245416
131585424
127996735
134804275
131027627
127745415
135926896
131681746
127149424
133358464
129773678
125959261
132751939
118234187
135682007
131781788
128026159
134762988
130759266
127456234
134240901
130429336
126773263
133517934
129782836
125869100
132546604
118277415
136146005
132185357
129162564
136121456
132377727
128807167
135840944
131963998
128847800
136516185
132856440
128950127
135406804
131724657
127946341
134930372
131120953
128026564
134783081
130880919
126861958
133476498
119028094
136300123
132603731
128516311
135354277
131787968
127926747
134783975
131012536
127550292
134451165
130457362
127454308
134464276
130789615
127005376
134145896
129996176
126030411
133559296
130071838
126049804
132838074
129224566
125677602
132853364
129072479
125546291
132695828
129036764
125580003
132849868
128906536
125531006
132911166
129220331
125565932
132748378
118474105
135775067
131805676
127968207
134753722
130887498
127482791
134495160
130773732
126924439
133877482
130064175
126875683
133842283
130063548
126527132
133843816
130311867
125860672
131859596
127717949
113743854
131107527
127566811
133988296
130111278
126778011
133942029
129992667
126658544
133915414
130113974
126631943
133883141
129904257
126524965
133057926
129994738
125950817
133127684
118862249
136258300
132130644
138918965
135056296
130588246
126819706
133041670
129335563
135884059
132299089
138267155
133794483
129902851
126526776
133776395
130005331
126532259
133612058
129958556
126804314
133736036
129762665
125909415
132748164
118472305
135786634
131945766
128025262
135738443
131794690
127968279
134568275
130695906
126849963
133788409
130028840
126413152
133803798
129696563
126079346
133206670
119058900
136947851
133417472
129737914
136706061
132559575
128866317
135436528
130774687
127007886
133876501
130078878
126630910
133372359
129752517
126107701
132831156
118435173
135634317
131953395
127976337
134654817
130826768
126745955
132416536
128088523
134908023
131226577
117054454
134566379
130768032
126828115
133766827
130113999
126202948
133107568
118880814
136336065
132742289
128891316
135746767
131943062
128681879
135675504
131940800
127977302
134548997
130793855
126633340
133129482
129101831
125178374
131921939
117923034
136534416
132989384
128969864
135832436
132243774
128111390
135299806
131699853
127953767
134701733
130996079
127475384
135187997
131495539
127951854
134788276
131022630
127504963
134802817
131090585
127873152
134003888
130548187
127030664
132955722
128975021
125626823
132774808
118431853
135592172
131736637
127966199
134725292
130827608
127865602
134749075
130881156
127578714
134761744
131112408
127810775
134780959
130286432
136703875
133195915
129128020
125548404
132882071
128975749
125546266
132765486
128881000
125472075
132723182
118359326
135535661
131681304
127903967
134550572
130717549
126792288
133494514
129897118
125985317
132739230
118342457
135513051
131685794
127951530
134688407
130874783
126969904
133598215
119232265
136214251
132718314
128644425
124633037
130921337
116427346
133246745
129432475
125903751
132739974
118447489
135593221
131865964
128155746
133971388
130231162
126262156
133414245
118965212
136601311
132762937
128980124
135632201
132037918
128153535
135155434
130727690
126874698
133745079
129731539
126050920
132714598
118257483
135739149
131569593
128128929
135276393
131654952
128081383
135165438
130704325
126881583
133806433
130060400
126609935
133735856
129764837
126215484
133490098
119178630
136684459
132791255
128864744
135755689
131755315
127917475
134728118
130657165
126653084
133723572
129672016
126016206
132729651
118307339
135764903
131730290
127937814
134708798
130748951
126766133
133696145
129942624
125973860
133236770
118962089
136898159
133390796
130000305
136982792
133293550
129947935
136831130
133111394
129585160
136611291
132353156
128962508
135716054
131980444
128084967
134921633
130963951
127147897
133021817
128713796
124554379
131729626
117404041
134770005
130787258
126800655
133674044
129781951
126104969
133379623
119047137
136915251
133113346
128784358
136113535
133030496
138846221
124059665
130097827
115846792
133832671
130117838
126573348
133850036
130046011
126543587
133821404
129999733
126651724
133864256
129998566
126471751
133778259
130210289
127122818
133036870
129326974
125936344
132726390
128695653
136018337
132251369
118019051
135658368
131835439
127970475
134811651
130857220
126904979
133745922
129702585
126115850
132987155
118861663
136566166
132759925
128618704
124550862
130884493
116362028
133545953
129656292
125757929
132676333
118337960
135428625
131703498
127876047
134910865
130561499
127068169
144235497
140490892
136208979
132006878
128427788
124520721
130943080
116324419
133516676
129475972
125747546
132315921
128653546
124708093
131422958
117087823
134140317
130683811
126785286
133710870
129695107
125957107
132774103
118410504
135700760
131703073
127836289
134689261
120366772
137432204
133395544
129602516
125117848
121249183
117423717
123637048
119042275
136390897
133078737
128900598
124902441
121614597
106924176
103701320
99986680
106889824
103853030
88934245
106787214
102737088
88038585
105913992
102652628
87844408
105873447
102589355
87938625
105822412
101688323
87471086
104929056
91213986
108427154
104315712
89708251
106229536
102669557
98185071
105705701
91180610
108307743
93986605
101691523
108112023
104038485
110523374
106242283
91782092
108436207
104418650
89876397
106488318
102969670
98922705
105919259
91835321
109639887
105969209
91554723
109477708
106003449
101942465
109450953
94898663
112060750
108398668
93856496
110872990
107026354
92780258
110537959
107128572
103727511
110064613
96367997
113469133
109862816
95170480
112788491
109086478
95757508
112968257
109526910
95165505
112963947
109357050
95622921
112868559
109346339
94907715
112788427
109236253
95662089
112827594
109240258
94927556
112238105
108406570
94559932
111453464
107867911
93301719
109483891
95046166
111674049
107533923
94380874
109261736
95169232
112036667
107846112
93277280
111184240
107151655
103131464
110054244
95821062
113208224
109295737
105056990
111985800
97542633
114571504
110845299
96656524
114779090
111026382
106855655
135801336
131854796
127849985
134762256
130845195
126867340
133406166
129694885
125887269
132692377
118175555
135200753
131417869
127762808
134262149
130570263
126770328
133232433
129500490
125671650
132283871
117826845
135301419
131635121
127959304
134339325
130726698
126829252
133364301
129575562
125964604
132800572
118382622
135737758
131813042
127993329
134787570
130806427
126875087
133784831
129773387
126014641
133003755
119100499
135592345
130750611
126939878
133905201
129968668
126230465
132955661
118625319
136177595
132330702
128959060
135742647
132035126
128172049
134570027
131058117
126888025
133440869
129477725
125841842
132979621
118499864
136043339
132300878
128785783
135569491
131785719
128292418
135060388
131208307
127347882
134046801
130254167
126255979
132580508
129085195
125381948
132480969
118079175
135226228
131703409
128232796
134971090
130962959
127013242
133807210
129911789
126104218
132814423
118518840
135813680
131826973
127966466
134840863
130783595
126731730
133556586
129834707
126193812
132912801
118396369
135711535
131767835
127955435
134631731
130831696
126884176
133745435
129699793
125615976
132489021
118090010
135344749
131517142
127746195
134389445
130306146
137456457
133600069
129833661
125878297
132804157
118250420
135667781
131824361
127859926
134834779
130821447
127046173
133608785
129768099
126118557
132832187
118564512
135834359
131799761
128004054
134742415
130700753
126834428
133589183
129748843
125709828
132693259
118227143
135446896
131546209
127942200
134579790
130721760
126843827
133540415
129732797
125748481
132694777
118405574
135459520
131602470
127904320
134466134
130846017
126881868
133454246
129395722
125217592
131750893
117259425
134023729
130122055
126125773
132222236
128225925
123977036
130303606
115999881
133705115
130363527
126199958
133053102
118250801
135767694
131843408
127735974
135047240
130975709
127496966
134957495
131052551
127558721
134848706
131006197
127120984
