134529196
119660654
125846284
132275738
117547632
135727962
131890449
128205880
135129522
130814008
127007857
134310223
130817238
126923685
133655859
129633251
125377387
133095653
118229626
135909691
143134516
139298347
134336618
140998334
136663287
133119258
129510677
125819386
121387137
117094030
124316925
109718613
125750098
131443876
117420771
123586369
129989492
126784984
133305474
129491283
126331856
132826095
117979002
136174653
131711476
127695254
133617216
129982270
125610535
132485300
118248160
135247958
131977966
127762030
135268999
130925030
126383863
132522757
128634982
125176624
132415156
118225242
135752942
131114675
127095955
134039571
131037431
127196435
133776311
129991322
126745678
132931011
119158137
136511935
122110184
140685411
137233984
133245468
129151905
135179454
130990871
127150252
133733046
129728179
125369283
132634077
118180806
135582018
131373078
127048445
134112182
130381560
126945806
134074310
130143478
125770446
132876406
118808213
137028300
133024441
130073133
137290852
133849046
129385400
126011251
132881472
129715461
126415010
132663163
118089292
136021254
132043147
128134787
134887233
130930399
127258453
133723378
130211911
126188358
132837329
129185198
125147683
131384280
116851668
133592347
118902276
136080072
132146998
128125442
134011209
130145210
126359805
133874160
119389598
137388326
133052682
129358783
134770012
131062596
126633026
122568204
118926707
114417281
110296651
106534316
113529177
109676965
95006119
113162934
108682082
94147753
112115173
108276518
93338491
110853475
107171421
93013180
110762466
106902303
92660968
109893345
95972449
117233037
102488604
109841553
111253546
112805042
103475624
110868891
106771007
92023346
110072661
107067403
92482284
109697676
106178734
91703997
108717959
93972533
111729256
108582936
93856148
111585711
107628664
93239765
111144777
101858265
109624504
112533585
108746246
94007524
111751989
107666098
97298395
110942694
107727602
93784056
111534737
97256868
115091086
111574681
96988158
114655994
111148844
96780102
115182451
122182939
117524185
134958993
130279171
126213164
132994250
128924964
125315033
132646451
118193252
134871510
130651706
137363953
133519966
140302632
135735838
131625789
128711131
135347338
131556194
128029033
135234357
130826539
137670817
133082211
140344541
136459167
132718291
128093719
135196263
131013694
127796628
134008311
130734045
127362181
134042310
130096074
126429163
133580110
119616527
137543067
133462004
130006526
137091108
133162875
129377114
135544210
130988077
138166598
123195340
129370730
125990052
133542891
130150892
126415408
132394240
117608974
135048405
131004372
127346766
134473919
130960427
127422884
134171337
130008067
126350555
133315286
129667471
126385609
133644145
119206211
136253582
132128789
127693751
134917899
131404428
127948054
134061805
130062533
126259105
132513634
129092756
125826545
132099684
117296374
135460403
131215365
126965553
133342030
129328715
124988545
131179939
116311132
133140224
129041580
124652222
130510997
115438989
132972305
118364054
135646284
131808508
127667894
133706173
130002548
126104840
132957323
118912663
135841154
131656682
127871843
134566205
130995958
138283645
133826151
129531549
136870636
132420473
128023462
125023712
132247933
117585608
135442071
131176009
127554940
134723136
130430660
126799678
134099806
130498291
126891513
133402051
129554786
125595308
132392565
117717309
134531949
130405686
126139089
132807282
129048323
125562446
131994666
117344107
135129732
130893602
126986037
133430280
129544809
125448357
132398449
118453673
135174921
130709753
126455291
133802404
119563653
136140284
133259549
129536403
135379929
131587979
127451563
134473160
130126098
125888707
131564632
127383474
123011411
118946591
136761450
143599248
140034634
135688508
131156650
128323890
134399055
130954111
127164866
133746529
130138268
125300316
131786890
117805978
135920195
132065425
128626020
135263379
132050853
128089283
135513083
131352099
127200593
133812000
129849917
125740195
132073151
118355300
135605279
120712618
117242506
113478616
119048990
105262839
110974900
107297334
135023279
130770179
126841809
133698903
129189198
125161319
132221769
117905341
125395927
121091468
117705526
113210700
109096954
106196539
102473944
98746056
105369447
112709398
98383755
105100755
103887154
108258592
104035857
100714351
107196442
103878387
89515503
107370369
93114681
89431557
107401844
103393778
109660632
105961687
91287808
108392822
104805773
90321211
107591053
103893282
89669185
106574283
102025522
87727032
105700409
92485038
88618423
104602415
100782568
107051373
104221734
89642599
106444207
102899794
88741390
106116157
102367089
90430018
104788745
90172088
107832359
104911576
90395667
108634529
104768609
90383878
108132142
104222360
89795120
107290508
105861929
90929382
95894709
103089363
100090533
107477301
104059390
89448242
106820787
103175767
99200693
104868781
111047343
86040762
114293234
100061856
107560569
103184505
88806859
107125921
103418095
88743293
107171002
105553042
91719316
106159696
102297118
108387993
104861402
101298176
107668346
103900484
99737381
105835100
102303699
98793512
104798649
100850643
107990063
103641447
89260370
107522514
103534200
88897299
106853506
108252789
94116561
95288968
102248835
98120839
105561597
101134259
97625150
114611965
110316668
95755666
102442501
98444672
105089561
101774350
87162218
105601632
102250700
88195273
106208122
103373139
121425768
117586496
103144645
120447136
106824086
103155358
110455762
107165607
92996048
110548134
107111993
92950239
110616147
107398995
92904444
110297479
96065434
113318886
110021789
95862818
113934949
109530721
94989070
112943339
109828921
95770652
113431220
110270317
95652515
113769053
109868070
95210300
113638098
109539820
106213677
112724645
109073508
104633379
111865420
97037610
103193278
109745944
106117274
113300549
108668447
94420841
111771181
108266647
93975599
111119652
97262887
113814839
109576599
105305934
122002338
128125617
123862869
120358700
117908632
124826407
121186549
117248131
113754703
110421042
105886589
102378647
108901281
104695045
90365751
106743955
92395101
109261666
105458560
91106087
107872695
93273856
110437302
96055630
92424508
109107834
105467549
102276039
109557961
106545284
91912243
110011881
105633312
101848281
109283194
105396772
90764504
97642326
94867040
110018660
106318270
103164332
110168457
106584688
91891061
99553300
115671487
112302230
97571268
104132855
111135631
107101633
92438461
109625284
106580136
92331686
109734548
108135239
91109534
99533973
118083162
113993775
106480936
102892304
112567677
97612969
101071838
108116385
115993235
113039180
98583383
104995800
102052313
109221666
105825330
102448904
109104421
105586117
91314365
108610899
104950143
90990321
107164249
92728966
111089121
107191309
92835778
110540249
96213525
103041786
110144099
106769321
92077025
110546658
106134550
92115985
110475187
106728106
92215190
109800527
106058322
92885815
110486209
107249074
93242595
110173536
105949991
112225384
108410268
93713104
112470251
108256198
93753253
112606685
108356970
93829334
111841950
108944139
95176638
111119220
107253527
123570417
130470967
117375896
133194068
129446311
125602158
132468051
128521617
124746566
131247721
118077279
134399120
130413152
126232471
132908938
129555525
125638550
132848715
118428031
135496602
131267365
126943908
122796887
120229760
110427282
100724801
104060642
105608775
101543410
87253510
104932798
101285753
94979251
104673765
90262856
106918259
92147647
109958771
116148000
122652067
129067942
125090390
132230763
117872108
134874761
130845997
126936399
133759174
130283096
126145998
132942145
129460823
126273409
133015214
129287065
136044995
132150758
139192790
135953397
132344566
128542860
134803063
130285725
126380174
132949456
129311040
126053833
132332437
117715203
135232910
131226493
126731671
133262701
118715652
135987484
132272142
128880836
136011717
131799271
127478147
133896326
119615950
157594416
153158383
138980894
134913558
142107038
138587680
134314895
130514367
126456509
133107089
129399397
125658426
131714137
117099087
134300919
130549400
126990411
133084241
128778637
125405278
132822965
117758480
134210214
131118728
127006134
133010591
129579584
136837211
133032307
118394078
136323346
133079905
129637034
136229926
132680430
129189343
134886910
131546491
127394991
134214566
130068360
126045077
132753332
118619205
135446739
132137191
127976181
134806733
131013421
126662001
133423754
129543900
136257642
132709086
127963344
124020951
130539340
116225492
133868190
130184530
127062867
133844124
130022641
137405011
134497346
130132242
125616571
131954890
127683201
124217499
130300641
115480006
133903632
119390005
137523426
133824591
129050858
125080469
131696881
117213491
135077580
130980154
127544046
135310848
131549065
127270607
134801355
130985094
127577215
133938386
130048010
126389896
133367119
129330175
125159383
132064889
117329841
135577126
131633167
128106353
134422161
130216179
136884349
121754236
127599818
124097040
130944316
116756264
134269745
130990514
127013233
132959833
129112630
124843262
132309170
117611663
134398129
130291061
125795541
131871440
117324337
134956912
130797032
126975018
133097550
129064303
125734642
132234680
117658413
134965056
131530999
128328888
134356299
130573352
126375266
133119164
118575447
135857279
132221029
128211723
134967762
131540660
128382847
134368087
130589419
126749676
133274801
118599043
135702976
132169865
127287267
134479642
130559814
127227356
133576061
129331833
125173456
131554140
116922574
134055381
130313767
125934937
133565018
119525497
136258360
131895940
128418500
135129078
131090212
127049246
133319036
129708308
136930011
133958134
119693086
137632427
133175914
128766624
124948375
131801282
117226023
134996319
130950760
128300309
134295139
130505754
126513163
133849830
119710480
137464887
133939896
129373334
136421434
132412416
138917000
134992499
131528749
127117822
134755109
130698490
127042041
133544498
129802202
126317588
132784659
118554857
135586089
132176106
128117669
134125196
130746729
127091448
133552987
130173579
126122802
133019737
118568829
135627819
131844810
127395143
134549362
131352857
127230059
133332057
129448058
125294034
131403042
116630866
133174164
129050693
124479908
131146515
116165919
134113527
129989421
126118509
132689569
117593872
134899069
130720809
127053311
133615383
129903168
126086554
133264586
119185540
136785219
132950853
128806886
136433011
132360783
128055180
134264790
130541963
126739645
134003690
119662669
137385072
134073371
119101020
124696798
120660071
116312208
112692183
129118380
114477940
131951121
117268693
134058150
130257792
126444190
132985994
129380824
125897490
132881071
117894495
135887924
132084049
127784331
135129191
131147055
127307721
134206304
130075983
126490079
133870445
119416400
136770804
133542090
130090105
136858494
132215279
128034726
134294436
130727642
126319677
133330560
128907567
124903429
131727253
117827649
135229865
131645545
127377953
134006855
130511439
126902019
132730735
128472780
136001033
131622559
128159141
134789221
131235513
127505443
123315061
130059409
125691446
132752036
118314071
135665686
132043274
128008889
135239652
130902456
127382041
134310730
130076327
125717907
132105719
127945424
124109539
130753618
115916654
133277113
129335694
125159432
131522327
117192898
135307272
131435173
127214246
135036733
131237918
127748016
135050614
131262581
127961646
135045361
130587429
126636119
134007260
129664812
125800200
132035020
117504648
135005799
131569868
128063018
134175585
130224657
125982241
132703162
118564519
135972168
132234698
127788167
135225016
131168828
126846183
133411743
129233216
135637748
131481475
127204402
134476451
130336811
125918993
132946034
118787020
135981729
131839611
127574766
134280607
130250402
126704417
133257773
129373050
125584153
132445235
117892732
136363807
132377525
128237932
134430116
130550940
136883471
132834594
129421884
136700894
132945907
129066932
135855673
132074751
128328578
134788991
131084358
127468447
135160871
131551598
127456416
134488900
130625803
127044046
133522815
129362947
125677125
131986602
128411960
135541400
131989691
127726902
134908978
130961264
126905585
133815811
130126766
126322870
132605201
117905112
135273520
131417796
127555383
135208586
130731340
127231379
133470661
129163906
125207592
131544593
127630604
133721709
129581376
125449635
131876216
128336278
124502331
131252610
117203210
135131408
131226763
127345737
134170393
130421557
126386358
133186699
129616960
125677513
132855230
118933383
136604649
133184516
128839714
136179355
132049897
139406127
135289769
131203752
127775089
123498282
119050978
104599585
100359732
107645964
103494310
99248426
115560534
111535328
117722393
134600827
130270511
127035050
133433419
129540700
125585616
132508347
117702967
134995010
131276473
137619760
133658750
130062591
126084736
132530080
128676818
125049691
132252625
117894849
135207494
130886884
127251461
134566849
131122149
127950895
135234504
131182588
127252761
134138239
129576647
126652551
132974573
118607116
137168778
133726089
129102452
125023756
131241788
127423709
133536370
130607061
126925118
134261704
130200660
125971627
132853305
129116407
125779359
132480591
118218140
135891792
132172708
128020953
134700261
120250763
136740280
132541964
140047010
136015536
131659810
139217373
134638974
131629720
127264944
134231060
130341348
126706754
133212091
129587540
124763488
132925343
116924702
135411634
129473986
125774883
121957065
117551948
114208936
110509090
106947181
102853653
99254636
105103297
101703972
109217567
105388085
101801758
87288938
104587956
101047994
86593905
103957017
89156371
107951796
104270999
89891165
106627243
102829694
88343277
106499491
103182705
99068054
115927553
109646242
108664077
116167835
102140063
110497386
106815680
98592574
110052065
106662965
92523929
110009312
106190683
92168351
108672262
94128647
111646875
107844614
98831699
111175766
107625485
103728234
110613819
107476887
114326105
110997392
96343657
114660237
110571749
96326257
114143566
110608355
106708066
135238283
131530786
127476920
134568217
130661485
127249285
133428985
129386089
125335052
132139045
117369965
134374951
130577559
125868158
132692442
127683617
135017308
130792650
127146633
133799250
129233521
125810011
132361963
117497510
134201275
130191891
125699444
132037314
117494571
134493115
131125247
127895453
134375402
131048924
127293267
133276222
129372417
125145788
132042467
117820725
135133538
131174315
126945121
134407706
130156947
126170848
133150826
118932588
136086369
132015495
128121475
135477711
131915375
127736490
135457556
132184077
128074196
134174100
130055272
126105644
133422743
119197452
137062238
133775267
130488771
137456810
134049882
129803097
125598550
132924306
118615558
135983835
131927328
127466053
135207510
131237424
127086809
133395712
129830328
125530700
132268875
128340413
134980043
131136928
127023483
134082890
130045410
125720248
132519833
128371098
135697220
131378506
128098704
134264179
130358347
126274980
133735871
130302903
127166265
134570042
131034829
126901713
133479373
129360375
125076064
132368800
117638328
134366306
130528415
126478601
133268142
118675907
134985115
131037273
126777997
132847993
129071702
125165763
132950793
118374803
136016264
131896456
128088968
134528232
131091023
127208570
133983630
130245113
126996410
134518707
130399217
126091975
132350110
117760580
135222203
131157852
127273655
133354394
129327827
125362091
132228060
128167423
134340834
130394949
126572970
134072134
119350225
136908050
133151470
129178376
135286765
131362351
126988172
133592560
129327540
125364342
132245370
128462125
125154970
130421313
116935166
132355372
129234346
125372568
132026847
118096006
135530002
131228765
127150096
133821446
130073220
125693669
132833010
118135076
135620295
131698757
128125701
134262721
129959322
137307110
133282422
119223071
136872901
132631592
128482647
136221066
131815965
127011768
133726488
129548615
125848591
133808489
130060014
125832160
131616505
116768175
134094335
129565774
126418037
133586903
119432183
137241333
133774469
129591445
136812480
133116799
128850062
124982241
132244158
118395528
135414568
131431512
127667714
134468219
130476426
126366717
133392620
129367015
125502997
132628685
117658767
135534920
131760311
128471825
134204395
130381781
126655298
133045993
129172598
125285980
132261479
118890253
135070626
131293925
127003822
134342373
130465413
126400108
133404033
129362744
125647368
132750209
118300863
136188812
132036474
127397193
134074946
130177694
126255530
132938757
129480084
126464627
133583226
119583654
136228056
132481729
128041537
134896044
120466177
158917575
155042561
140854579
148247614
133363895
129250276
135716925
131288777
116673544
133339189
118776925
135875800
131906388
128009575
135826921
131715602
127691226
134905618
131080546
126953078
133204305
118900946
135886304
131910612
138900474
134434765
130542110
127533786
135209672
131132352
126910142
134011101
130070161
125995863
132690821
129334670
135267829
121656585
138310821
134354087
130071495
125708091
121491060
116809347
112567015
128539362
135931349
130887820
126925309
133543118
130222484
125689211
133458026
118899032
135669810
132034822
127913465
135199467
130931228
138158149
134658541
130357580
136527445
132298049
128497787
145085115
130381079
148089766
144237868
140437486
136502333
132644321
128140519
134636383
130923839
126952824
134142642
130969692
126477679
122580800
117937936
135302163
131598276
127946728
135352695
132069410
128306107
124028633
131118046
117709233
134429674
130695496
127154144
134052212
130572396
137802213
133678547
129729663
126012269
132975014
118401456
135961619
131808567
127258869
134848310
131135302
127840439
135155267
131157567
126898737
133350369
129225828
124977174
131162337
116496341
132873432
118079571
135901017
121870178
138679114
145348556
141151573
137382077
122438609
128341333
134110101
120294273
115850604
111858974
108206298
104208363
100961564
106310825
102310660
87991284
105974067
102880255
88337466
105948957
101719573
87326113
105224130
101085783
86746253
103636906
88758366
105939721
102109252
87954494
104893041
100907424
86410914
103420169
100043021
85878554
92588703
99069628
106566444
103018925
88563603
106673153
102864657
88939159
107459885
104916838
89896691
96061535
104072261
100264393
107652292
104155430
89779180
107424509
103654206
89674363
107586105
103335862
89236067
107274407
104143233
90039702
108046690
93359691
109888791
105544446
91014937
107348720
96726922
103414148
107242670
103837588
89378692
106585433
107693952
87816450
104825065
121377323
106706048
107421170
103382558
104869685
101601146
87175996
105003617
101062916
91753512
105651148
101725087
87653711
104553305
90369250
107890773
103753596
89407111
107699395
103684542
93777068
107684798
103511839
99813997
105859138
112719035
109218676
95359514
107697266
104055018
105631425
101735886
87508463
105434920
101436619
103113518
104303519
90059700
107758228
103950977
89372652
107316380
103500034
89135862
107463414
103399658
89560377
107589860
103599526
89201368
107781004
103487199
99050332
117645701
114109956
111001253
128829217
125668833
115400413
107332749
114817458
110886518
96384796
107403632
109514486
105312564
96077031
107830271
98804954
110621640
106666173
92284106
109080385
105054512
113333354
109404940
94893969
113004070
109042486
95061319
112455010
107922623
93297156
111052820
107565415
93580745
111434466
107662581
93321244
111242555
107897817
94090662
92042735
106817300
113950085
109620501
95363150
112586652
109720606
95022401
132951754
128945523
124893650
130928492
116934620
134255676
130511054
126206416
132713923
128534683
124910283
132126778
138416450
135064685
130721491
127005322
132863305
128919222
124824879
130945151
115915491
133189292
129137336
125004107
132218965
117909849
