13220679835,
82460214,
44445741,
50284308,
45426658,
48189403,
45010200,
43849465,
45630904,
54038540,
35742447,
40720590,
37079216,
35156217,
34406925,
40813270,
37129457,
46014308,
36323551,
38118871,
36152168,
38758098,
38208682,
35571064,
36242432,
35825094,
34543160,
34354032,
31933672,
32287017,
36903196,
44554152,
31945113,
33521460,
33253325,
32201221,
39938486,
36521695,
42446430,
39756077,
50233760,
41303751,
34981906,
34836020,
35125975,
44657176,
38638433,
39465983,
37708802,
53204877,
33011102,
48931561,
36200373,
35581070,
37740541,
35864401,
35104783,
34456395,
34281281,
33524674,
34572911,
34010031,
34863389,
61098048,
36068599,
33709399,
33434386,
33288681,
33828214,
33565478,
34551007,
35246564,
33836032,
33358898,
34247688,
33966792,
33421550,
33305950,
33125745,
41825535,
38705122,
33897508,
33636054,
33268899,
33976705,
37957865,
34329967,
34019441,
34844015,
51022565,
38790361,
33038287,
35785326,
39766562,
40903157,
45280101,
33266229,
34807188,
36279478,
38464744,
40770656,
34272006,
41061984,
36365049,
40743836,
58208470,
35485690,
38904756,
34157621,
33836998,
34437019,
34850678,
36916236,
45053543,
41060834,
34069638,
33700952,
33523719,
34221745,
32484453,
34221506,
34506077,
54874002,
46324962,
51843330,
36526080,
153775157,
128546721,
103262951,
77898920,
52475887,
40797351,
34327756,
34534326,
37775895,
49833811,
45775938,
40907771,
58540616,
37309663,
47088651,
43927279,
38721265,
48321172,
42739922,
34564646,
35241845,
37556503,
34424718,
257313734,
255635228,
48938148,
49457205,
46183014,
46015285,
50937219,
45877181,
39531560,
40461705,
37200153,
35602718,
38946921,
33994718,
32872290,
32192166,
31988590,
51792288,
39592451,
40694796,
35339939,
37762669,
33824765,
37780161,
34270267,
33865302,
33621660,
33489577,
33863862,
34659696,
31352741,
32298980,
35004521,
37201641,
32808574,
34267681,
33971244,
33838408,
33490258,
33674557,
43775162,
33853188,
33530809,
33051434,
33971912,
43003562,
34198628,
31969858,
31618528,
32410295,
34203725,
34859087,
35593688,
34261668,
35382158,
33631573,
33562884,
34413093,
33839478,
33770105,
33643022,
33244092,
34116485,
33646673,
34908922,
33158132,
33720533,
33467330,
33374398,
34070751,
34008154,
33808012,
33521086,
36159493,
37465771,
35640995,
38322472,
33990988,
33762602,
35545213,
42189929,
37948162,
39043099,
45370239,
38267172,
33710843,
34634983,
34500652,
35995369,
33977704,
33463185,
33190466,
34104287,
33974399,
33478988,
36438985,
35799443,
35574790,
35619954,
36457593,
35870784,
35447418,
34144659,
33741958,
33374666,
34054177,
33889570,
34320581,
132276972,
107023528,
81591077,
56299616,
36839963,
46022334,
34537686,
39036695,
34079616,
33815325,
33232823,
37439313,
41330857,
33992577,
37852391,
44446852,
47375709,
45517962,
50812940,
46543416,
39889577,
33565973,
33288353,
33127347,
33848972,
33355756,
35229687,
38145060,
42879607,
38686414,
41356032,
50822172,
47441370,
35550507,
46050971,
37948709,
36226350,
35603279,
39812768,
36942175,
45836851,
63215589,
37959044,
35939411,
35890917,
40674126,
42007902,
44580835,
36444624,
43419045,
34789968,
35284129,
37517145,
43847504,
46423828,
37115577,
41876814,
53214221,
46269206,
39896273,
36814977,
36311059,
36771753,
36267219,
35611037,
35169743,
35808794,
35862957,
35708009,
34559183,
47609952,
35597168,
36631833,
40345088,
34333175,
46574637,
37751299,
47394162,
48084184,
38990777,
50430469,
40505319,
40046006,
33878831,
49372021,
34138951,
36004443,
38373301,
34345014,
35943042,
40351012,
31833230,
34466650,
34401047,
33551258,
34316768,
33904723,
33692563,
34346154,
33987827,
43032920,
46872977,
39628280,
35557140,
43010162,
44225978,
34833028,
34460619,
34023443,
33696469,
44161934,
53932878,
35613945,
43730459,
48036827,
48711892,
36479544,
34282234,
33783495,
33561834,
34774790,
39467487,
44869613,
33957442,
33667698,
33287583,
37231699,
41458808,
39859818,
36269121,
36050589,
41654902,
35461126,
35132442,
34139539,
34238671,
37022539,
34716331,
34325611,
37152406,
33960897,
33591077,
39770135,
33989416,
34540754,
35166736,
35856273,
40247636,
39636490,
36062788,
41622422,
36414540,
43822705,
40551943,
43291438,
37114326,
39227189,
36283044,
40569625,
33107745,
37916293,
40829621,
38322249,
57860540,
36008306,
70567139,
45380374,
39832196,
36301158,
34037004,
34842675,
34589165,
62991514,
37722756,
42839053,
39414896,
34804147,
33645363,
33335593,
32919611,
32698228,
32263868,
33990639,
39795479,
35718283,
36904337,
34991817,
33801810,
33657759,
33551951,
33197597,
37335608,
34163591,
36035642,
35839525,
36330999,
35077345,
34670990,
35540206,
35343369,
34230923,
34000738,
34524394,
33326119,
33000349,
33748768,
33400453,
31123467,
34067919,
36019405,
41447594,
34353418,
34175395,
33860607,
33503737,
34261320,
33832515,
33664590,
35347134,
33295231,
35037725,
38077655,
46998069,
35733584,
49014217,
38289696,
34249190,
34053221,
33686232,
36283275,
37657625,
47013346,
37243809,
34915396,
32490435,
32398327,
33497363,
31134864,
31768170,
31805750,
31446620,
31350074,
32141786,
31924699,
36539937,
44392134,
35324798,
32146755,
33688165,
34874122,
33180114,
33014115,
33911723,
34969402,
34555956,
39584690,
34094132,
33583498,
33419510,
34246159,
34043934,
33831895,
33637015,
33232407,
33860197,
33849878,
33787754,
47274774,
40709652,
45160833,
47013102,
44481772,
36523815,
38753818,
46412379,
33644120,
34450183,
34109381,
33526927,
32309621,
33101596,
33969057,
34002407,
33663483,
33318354,
33855973,
45825207,
33570062,
34620587,
33184716,
34156432,
33846143,
33654755,
33498564,
35353551,
32999909,
34109210,
33785495,
33569437,
35382444,
33053645,
41161687,
33088743,
33762507,
31839170,
31422002,
31962686,
31940680,
31601165,
31430093,
33156487,
34966810,
33986735,
33414777,
33829132,
34169038,
33273612,
33839641,
33832582,
33925599,
33572954,
33431467,
34354176,
34123837,
33743675,
31167245,
32071645,
33753484,
33461501,
33209144,
34178596,
33668250,
33467808,
33317245,
34073432,
33830863,
33574027,
32986692,
33897376,
33460619,
33159610,
32983598,
33592783,
35511821,
35243980,
35029534,
36101570,
36210009,
35735535,
35762918,
35090064,
33880251,
33700592,
60613399,
35404895,
31224538,
33026724,
33706395,
34446402,
34197187,
34100608,
33804131,
33329844,
34178723,
33822085,
33690632,
33218433,
36054800,
33896461,
31438419,
31190180,
31790426,
31508079,
59250889,
33964653,
31692725,
33642209,
33337776,
34043712,
35482192,
34307017,
34904312,
577576101,
34141240,
34600616,
34282934,
34967569,
35466933,
35216636,
33994550,
33821978,
33267404,
32949626,
33823200,
33535724,
33236715,
60219839,
34980586,
33610059,
35561649,
35283202,
36287628,
44586515,
35668723,
35769211,
35295091,
35132105,
35691821,
35622049,
34448776,
33246427,
33154632,
33236755,
40819252,
33735753,
33345937,
33974998,
34800834,
34443809,
33288688,
33939254,
33675941,
43693784,
33569459,
33226676,
33982844,
33616014,
35552979,
35394621,
35277186,
35020767,
35140814,
34150409,
34047642,
34660139,
48516232,
37758396,
31053647,
32019890,
31690895,
32604264,
32002654,
31718168,
31657055,
32119676,
31646221,
32631743,
35587103,
35299761,
36226733,
43304489,
34671565,
33461311,
33117057,
34088890,
34763457,
33643907,
33556398,
33238066,
33193157,
32929891,
33869271,
33564887,
33171745,
36015759,
31874727,
33696997,
33523362,
33504891,
37829740,
48577287,
41202168,
43776018,
45727893,
31759620,
42084708,
38794592,
37316735,
32116043,
34947078,
31644704,
31455572,
31234273,
33107984,
33772393,
36909693,
31578748,
32192359,
31972412,
33986714,
33535673,
34490444,
37436251,
35387530,
37270745,
37757502,
35038299,
34002891,
33785998,
33280741,
35122151,
35306311,
35067150,
35274924,
34983442,
32593637,
31569055,
31483945,
31201002,
31326259,
31816858,
33745203,
33652000,
33555344,
33400331,
33235242,
60409585,
35281953,
32900845,
32879177,
33788701,
33682850,
33731342,
35539663,
35330368,
35179674,
35033906,
35051302,
34014047,
33597657,
33830114,
33609763,
33460849,
33510719,
35437813,
35169891,
36066305,
35888628,
35590731,
33355065,
33600153,
33282133,
33040143,
32839450,
33700804,
33475811,
38602067,
37089726,
35269544,
42339831,
42832446,
39412669,
36982991,
37684141,
34650377,
33394380,
34055477,
33548806,
34327008,
34111128,
61161849,
36086221,
37094503,
38659203,
39121475,
32152835,
31613555,
31642615,
34296236,
34160972,
42166117,
38493444,
36821352,
51240733,
34134074,
40290344,
38883904,
34100104,
33530796,
33353947,
34240575,
32879769,
33784830,
33458724,
34474444,
36264602,
38033658,
33829752,
33419161,
33212895,
33927464,
33914988,
33403488,
33686723,
33355107,
33190499,
34983997,
32929629,
33635107,
33759947,
33537955,
33344336,
32954749,
34068476,
33676800,
33357432,
33239314,
32899422,
34882225,
34699741,
33327251,
34425033,
33388668,
32967863,
32817847,
33382033,
33202237,
32164926,
30921423,
33746379,
35565883,
35471455,
35257367,
35211100,
35032553,
35096450,
35965487,
35276531,
33703232,
33611294,
33088681,
32903787,
33874994,
33481882,
33407023,
33107273,
34117238,
33941231,
33489592,
33570729,
33076262,
33992276,
33832950,
33379361,
31144228,
31165890,
30868641,
31786361,
31390368,
31291430,
32135232,
32974548,
33514371,
33412052,
33333108,
33142239,
33929579,
33825142,
33469506,
33348704,
33013662,
33759861,
33541834,
33361393,
33098785,
33086376,
33532772,
31283514,
31332112,
32021724,
31741050,
32542907,
32282179,
36467387,
60029754,
34922555,
32911277,
33852287,
33533913,
33212403,
33010881,
33818096,
33452374,
33339339,
33080274,
31930055,
32542703,
31310938,
59065049,
33944788,
30752798,
31535354,
31547807,
33348544,
33987432,
33844288,
33622005,
34307526,
33232824,
35133103,
35771646,
34474620,
34222734,
33994321,
32764548,
33719226,
36397812,
33114308,
33342402,
33852644,
33764500,
33560448,
33162094,
33914335,
33493901,
33376033,
33002488,
33762958,
35399013,
35405785,
33036522,
33656436,
33214146,
33176526,
32804904,
33564223,
33347155,
34074032,
33633881,
34369695,
33931232,
33277841,
33493350,
32971343,
33966421,
33633856,
33421994,
35002812,
34936303,
35729368,
34570722,
35431719,
34989355,
35894193,
35644666,
35643710,
35193933,
37823845,
35686953,
35317533,
34136043,
33723384,
35755797,
35343229,
36367046,
35089066,
34759898,
34561765,
35420934,
35097830,
34941403,
35687092,
35329051,
35151713,
34941617,
34750710,
34581667,
35383483,
35227216,
35123485,
35140955,
35006434,
34880535,
33886478,
34394465,
35397238,
35392113,
37053927,
34826323,
33250543,
35201357,
35092461,
35645123,
35635090,
35319244,
35376431,
35044232,
35953406,
62315772,
36762056,
34872965,
35711630,
35663089,
37576458,
35401379,
33230453,
32961161,
33888740,
33708437,
33457368,
33143174,
34031004,
33745822,
33559515,
33192957,
33013101,
33191505,
32981296,
33576098,
33485913,
33138571,
33237054,
32860532,
33800853,
33509000,
36471148,
33120924,
33740046,
33712983,
33537643,
33416054,
34920688,
35217826,
35912935,
35816643,
35222306,
36244761,
35827103,
35485148,
36227991,
36017079,
36026870,
35997587,
36084218,
35519191,
35063195,
35767077,
35504297,
35066547,
35194667,
35970337,
35570875,
35392707,
62651881,
37462810,
35430902,
36345725,
35772663,
35396524,
35327611,
34864241,
33824695,
33405063,
33280120,
32916338,
33806488,
33365853,
33356800,
32972945,
33863522,
33616159,
33346881,
35763939,
35147782,
33736528,
33579841,
33494893,
33124882,
33068053,
33958924,
33660850,
33310712,
36277753,
35106007,
35877091,
35717171,
35525111,
35218451,
33952878,
33769591,
33597376,
33463305,
33157859,
32818989,
33429522,
33058192,
32920693,
33866603,
33609718,
33409850,
33159410,
32881226,
33725794,
35749566,
35547144,
53312981,
34870287,
34927052,
35707269,
34539251,
33606497,
32352740,
32313832,
31271075,
30875667,
31829260,
31644771,
33460683,
34462561,
33192221,
34102899,
33868855,
32879359,
34746776,
35840278,
35467938,
35430463,
33500712,
32542677,
32636913,
32180847,
31350654,
32873807,
88433479,
63198803,
46511499,
33243351,
33031580,
32768650,
33809163,
32729433,
33535506,
33503195,
34315165,
34275678,
35429213,
35411951,
34994367,
35208057,
33930937,
33756543,
33442943,
33492475,
33946874,
33983571,
33656372,
33203488,
36085492,
35584271,
47096387,
34148245,
37100210,
33790171,
31628386,
31860785,
31414227,
31260367,
31187616,
32264321,
33321930,
33043180,
33097081,
31938727,
33172357,
31857614,
31552982,
32679692,
34234292,
33256546,
31030210,
33190186,
34360329,
34081009,
33648245,
33826115,
33595196,
40303357,
33340530,
33274823,
36109277,
34891242,
35828559,
33902895,
40605278,
33464657,
43576687,
36052364,
39390936,
34994494,
34656232,
35819135,
35588477,
35448594,
35461726,
31527554,
31105080,
33926501,
36105850,
33900023,
33509665,
33326527,
33214599,
35982790,
41934738,
37720479,
33436139,
33915383,
33786895,
33338868,
32259691,
33093945,
42651514,
43248986,
31495010,
31399097,
33520435,
33221081,
34170913,
33880624,
36802486,
33345408,
33210688,
34040400,
33995568,
33576746,
33673582,
33374678,
33328073,
33140670,
33867106,
33748672,
33447899,
33349761,
33155221,
33181868,
32894925,
33944247,
33696216,
33490833,
34249761,
33155753,
33798045,
34703087,
34238485,
33118621,
33104239,
32857507,
32896098,
33639880,
33538228,
33590094,
37116890,
33236946,
33262969,
34166868,
33802522,
33768741,
35778535,
35464935,
35187068,
62530856,
37470828,
35460657,
35350809,
35757468,
35694726,
35595980,
35521633,
34915396,
35868251,
34552890,
33241959,
33071095,
38750343,
37348591,
37058846,
37685550,
37379029,
33911538,
33521193,
33286910,
33955350,
33792158,
37306573,
36932387,
32922057,
35696646,
33648534,
33295832,
33149836,
33701644,
35535686,
33213403,
33034960,
33934255,
35777867,
35407577,
35246251,
36893617,
37499874,
33430190,
33354619,
33106368,
33952187,
33599393,
33337928,
33378012,
32969946,
33780490,
33620819,
33108340,
33832693,
33545130,
33373244,
33177289,
32971132,
33668656,
33379964,
33351534,
33173998,
34148854,
33924898,
33283031,
33162085,
32973455,
32955491,
33723697,
33515857,
33391758,
33134232,
33137382,
33827439,
33564273,
33282161,
33072440,
33736852,
33586576,
33352145,
33043289,
33680694,
33624491,
33498477,
33167972,
32997742,
33734275,
33458692,
33269608,
32956692,
33797421,
33707208,
33451959,
32202250,
32107443,
33094168,
32973586,
31539000,
31531869,
31158400,
31030806,
32775465,
33586066,
33519426,
33161783,
33980024,
33682760,
34470003,
33422441,
33329496,
34109406,
33674559,
33545558,
33275039,
33039243,
33757520,
33581646,
33287749,
34104428,
33620721,
33516239,
34186068,
33761677,
33371400,
33103116,
34031408,
33942992,
33613686,
33149684,
34005910,
33682730,
33352849,
34189340,
33775633,
33522926,
33359839,
34072559,
33744732,
33426045,
33020772,
33780587,
33468067,
33306207,
32883969,
42294471,
38487916,
46734693,
33473021,
33319367,
45105135,
33741365,
33699763,
33522660,
33182692,
33919997,
33560963,
33208456,
34062831,
33689473,
33449925,
33428303,
33120898,
33998277,
33659942,
33494151,
33257318,
32929526,
33892745,
33519084,
33364116,
35121136,
35919618,
35476769,
42825372,
38522192,
35058068,
35858266,
35635247,
34343804,
34161552,
34618390,
33496397,
33312056,
33506522,
34008712,
33694647,
33482276,
34143842,
33175191,
33884596,
33577579,
33387217,
33165384,
34003432,
33797574,
33760638,
33402726,
32216414,
30965939,
30993552,
38487414,
31649230,
31576181,
31269839,
31126471,
30847718,
30694703,
38801843,
31603295,
32549074,
32463688,
32324752,
32902185,
32709499,
32563782,
31300978,
32013668,
33923970,
33438207,
35169317,
33946992,
34749705,
38649103,
36250017,
37097603,
33990686,
35918220,
35627433,
35393191,
35302104,
35964314,
35820529,
35366528,
34984748,
35908566,
35537350,
35531212,
35368995,
35752323,
35424082,
35255056,
35089377,
35151043,
35630517,
35495759,
35116395,
35247052,
34631446,
35601971,
50581813,
38308537,
35125651,
35937236,
35521069,
35406969,
36008001,
35864302,
34691237,
34277083,
34927993,
35631284,
33096254,
32940033,
44853425,
33425835,
33377300,
33118927,
33815105,
33361810,
41853135,
35085210,
35971341,
35628603,
35596095,
35067735,
35916255,
34544950,
35259797,
35132364,
35917426,
35512716,
46532574,
39614814,
35848663,
53527123,
38297262,
35203754,
35805039,
35493948,
35417593,
35137557,
35093952,
35827494,
35680466,
35597387,
36285302,
35913574,
35569903,
35276374,
36189692,
35972890,
35620131,
34417857,
34380438,
33039938,
33826774,
33791634,
33359629,
33231266,
32833780,
33697068,
33430307,
33332623,
34251558,
33168910,
34016575,
33734017,
33524358,
33209589,
34082036,
33901658,
33565185,
33343407,
33160826,
33004663,
33824921,
34047677,
33438241,
33567124,
33043328,
33914531,
33693817,
33622544,
37139508,
36868085,
37640965,
33896944,
33508193,
33475395,
33278850,
33180331,
33939776,
33738924,
33511661,
33365526,
33131393,
32811169,
33793446,
33478270,
33386126,
33120079,
33091006,
33749323,
33603612,
33017192,
32846514,
33670363,
33545990,
33358194,
31226836,
30893818,
30771438,
31554708,
31479290,
31056101,
30942662,
31728989,
31569857,
31360870,
31128294,
31119189,
31912529,
32577055,
32498304,
32465380,
32221739,
32171356,
31706724,
37017572,
36729910,
37719402,
34411370,
34073707,
32944951,
33783503,
33621417,
33268192,
33159972,
33224990,
33037817,
33684826,
33566888,
33540526,
33600093,
33473931,
33302707,
33118404,
33766534,
34977498,
35758681,
35377530,
35353363,
35067403,
34976606,
35933602,
34817785,
34623534,
33460034,
33447065,
33258805,
34183381,
33922834,
33597100,
33553520,
33255066,
34309911,
35093995,
35155601,
34983463,
35957648,
33877608,
33739414,
33576487,
33336124,
33438784,
64364451,
39289169,
33175512,
33797567,
34940868,
33731572,
32355236,
33327827,
33352697,
34106723,
33654030,
33654630,
33367693,
33110084,
34028989,
33860951,
33463153,
33277036,
33912426,
33753324,
33554195,
33285783,
33065100,
34017826,
33783347,
33740091,
33284199,
33103703,
33994154,
33773894,
33550802,
34491935,
33172198,
35277891,
34028212,
33864295,
33451630,
33267101,
33147070,
34061569,
33715785,
34234915,
35128796,
35915851,
37709833,
35142706,
35897791,
35508480,
35297520,
35119019,
34801088,
35665284,
35528044,
33550999,
35344671,
34154808,
34045685,
33700776,
33913787,
33478564,
33134854,
33216304,
33865691,
33703788,
34363570,
33414612,
33078735,
35981510,
35753443,
35681833,
35413345,
35299013,
33058445,
34001985,
33902034,
33594944,
33470931,
33371710,
33266591,
33261500,
32913538,
33079456,
37247067,
42978363,
39488519,
43373377,
42165738,
38898091,
35876563,
32662123,
40669902,
34736625,
31358616,
31168426,
34039669,
35653839,
35556038,
35230174,
35164039,
35152853,
37060352,
41751420,
44299956,
40034795,
37644311,
35205125,
35084139,
34803500,
35659705,
35544514,
35692213,
35357523,
35138454,
34914049,
38499671,
35799348,
37602688,
38196615,
33430569,
34971262,
33078177,
32968006,
33623033,
33367843,
33142641,
33086631,
32873088,
33748803,
33281283,
33402661,
35135757,
32870761,
34945091,
35796948,
35546487,
34503619,
33265819,
34156755,
33887860,
34941257,
39478360,
41201157,
34996116,
34735154,
36121994,
34415149,
34646399,
33211149,
33241275,
32963673,
60479431,
35224157,
33478788,
32466979,
32172809,
32962391,
33333361,
33077143,
33059673,
33835022,
33610314,
33052339,
33931174,
34824753,
34475491,
35263822,
34416358,
35025681,
34973630,
35830093,
35766938,
35388370,
35556963,
34995440,
33085792,
33911664,
34621931,
33493389,
33418326,
32900986,
32667919,
33434553,
33441523,
33372286,
33259861,
32844822,
33854068,
33860768,
33513614,
34112870,
33839884,
33297874,
36705257,
35461289,
35344749,
35238400,
35985852,
35699050,
35512858,
35285374,
35090383,
34818898,
35556537,
35430248,
35251960,
34097976,
33916120,
34636811,
34441909,
34468335,
34404120,
32300244,
31071845,
31975080,
33460116,
32523466,
34257997,
33330285,
34050688,
33689291,
33389161,
33340277,
32958810,
32813329,
33864361,
33634726,
33568106,
33158656,
32946389,
33615624,
33624529,
33494060,
34172847,
33808127,
33456850,
31114067,
32054321,
30965092,
30995687,
31627598,
31481426,
31307327,
31086964,
34158346,
31893887,
32761798,
33661812,
31402522,
32083946,
31897346,
32836227,
32747843,
32583818,
32190356,
31185930,
33059629,
32797711,
32900840,
33627099,
33560911,
33554314,
33172774,
33164669,
33054772,
32921540,
33707825,
33541549,
34554697,
33359498,
33339377,
33195130,
33148017,
32991909,
32537186,
31393911,
48419082,
31192065,
30793352,
31644474,
31324861,
31394261,
31071554,
30747068,
32471840,
33444853,
33179788,
33028096,
32957380,
33652714,
33529099,
33218852,
33075828,
34070782,
33549419,
33514316,
33258747,
33430719,
33094759,
33835662,
31646180,
32406501,
30952773,
31858055,
32734214,
31355422,
31040753,
31596091,
31514618,
31129433,
31809647,
32553804,
32187775,
35034744,
34796704,
33734074,
33223690,
34197240,
33756959,
33660156,
34203869,
34017684,
33838500,
33332143,
60410328,
35257296,
33011852,
33885360,
33755857,
33466332,
33125112,
33003264,
33975554,
33502991,
33470086,
34026113,
33498726,
31350097,
31093952,
31992261,
31621836,
31122081,
30873252,
31657522,
31372091,
32104125,
31838312,
34022931,
32326937,
33014139,
33903241,
33577638,
33587482,
33100844,
33078322,
33622754,
33520171,
33173768,
32866835,
33676952,
33699387,
33424414,
33258076,
34077107,
33673997,
33564028,
33225735,
32971355,
33756712,
33639748,
33478659,
34188458,
33698594,
33223746,
34212938,
32542757,
31401982,
32262062,
31747104,
31484180,
34173732,
33837275,
33440937,
33353436,
33878553,
33668554,
33301678,
33100629,
33712702,
33274410,
34095435,
34145591,
33315314,
31953808,
31321123,
31054268,
31890634,
31422219,
31103191,
31982840,
31522812,
31110839,
34109818,
33960022,
33467476,
34264912,
33813710,
61156964,
35981699,
35980920,
34612447,
35261851,
34005990,
33735624,
33415811,
33035494,
33800712,
33463577,
33237916,
33871627,
33545205,
33360315,
33974786,
33713863,
33283492,
32854870,
32647743,
32456969,
32070829,
31900420,
33338605,
33227710,
33802099,
33620106,
33151732,
32058650,
33679789,
33331796,
33004309,
34731520,
33453149,
32992196,
33806746,
33680932,
59598980,
34303059,
33624319,
31284701,
31063185,
31701839,
31339362,
32048593,
31378864,
31181020,
31830002,
31418288,
31149754,
31807077,
31695137,
31229291,
31931488,
31683830,
31383370,
31057436,
31653737,
32559692,
32158510,
33757534,
33430390,
33116144,
33860144,
33750057,
33415009,
33119934,
33813503,
33537034,
33257591,
33846981,
33426452,
33161444,
32900617,
32542143,
33310041,
32973379,
32832953,
32361120,
32207175,
31839876,
31542158,
31163582,
30825684,
31550192,
32325369,
32126487,
31794092,
31355582,
31003803,
31719053,
31410700,
32165610,
32799007,
32610687,
32150800,
33978273,
33759944,
33426441,
33160112,
33790235,
33475337,
33965220,
33566544,
33275600,
33029361,
33763220,
33395505,
33164421,
33721108,
33538912,
33128491,
32900383,
31700187,
31404488,
30940311,
31754099,
31575987,
31386214,
32006027,
31636187,
31446053,
31207837,
31659533,
31417248,
31159972,
32003475,
31690564,
31281772,
31110833,
31715480,
31385457,
31207379,
31833205,
31462271,
31336954,
31951518,
32621339,
32193876,
31868233,
32627065,
32382211,
32230011,
31863677,
31533864,
32482429,
34125815,
33790390,
35531830,
35250717,
35800225,
34542020,
33289584,
33812682,
33671395,
33240736,
32995514,
33715643,
33271458,
33939679,
33341755,
33552448,
32920569,
33700483,
33511482,
33278394,
34142484,
33880225,
33483753,
33114962,
33836239,
31664654,
31340583,
32070798,
33891787,
32447273,
31301657,
33026422,
34659388,
33373741,
33118468,
31034033,
30867739,
31547146,
31623916,
31145357,
30890698,
31785843,
32410249,
33167453,
32839372,
33656490,
33568360,
33426584,
33254654,
33956463,
33892241,
33362090,
34069372,
33917412,
33669652,
33701157,
35619161,
35227722,
35071601,
33825428,
34838773,
33529921,
33429040,
34027513,
33727438,
33614947,
34529360,
34364566,
34134398,
33865124,
33590454,
34147913,
33536478,
33325166,
33813214,
33578611,
34371165,
34031674,
34747403,
33632747,
33310733,
32019560,
31860913,
31597627,
32336969,
31123513,
31786855,
31607141,
59476922,
34114978,
31550015,
31388660,
31390224,
31904898,
31578004,
33229500,
33262933,
33703980,
33545461,
33204228,
33081113,
33960894,
33682168,
33499845,
33428516,
33119008,
33917140,
33609484,
33308891,
34070468,
33730333,
33309433,
33193744,
33007203,
33878068,
33542594,
33349179,
35321700,
33960012,
33720455,
33382870,
59551109,
34241501,
32764284,
33609159,
34345357,
34241579,
33953236,
33527254,
32380789,
32726816,
32569149,
32128839,
31861640,
31624434,
31617046,
31251725,
31214606,
31840338,
31770038,
31409476,
31176598,
32823559,
32547750,
31165602,
33066649,
33762677,
33775011,
33117652,
32949771,
33537285,
33439625,
34054427,
33827962,
33352378,
33289104,
33927801,
33645509,
33256429,
33218935,
33828798,
32474604,
31548090,
31285139,
31765122,
31707515,
31282094,
30763435,
31654497,
31321241,
31298342,
31940917,
31642974,
31360276,
31782082,
31650754,
31230825,
32036217,
31735857,
33673190,
32295470,
33839115,
34532607,
33360032,
32997560,
33780633,
33303838,
34284745,
33721549,
33544069,
34133108,
33938806,
33385991,
32087944,
31885777,
32520717,
31166588,
30855791,
32537095,
32285823,
33044417,
33569530,
33304618,
60091600,
34755306,
33516035,
33209232,
33789676,
33767231,
32234389,
35255074,
33970596,
35959558,
35640418,
35437305,
36335213,
36316955,
35619092,
35301553,
35217498,
35869882,
36505626,
36011968,
33838194,
33538077,
33042227,
33932127,
33577214,
33316672,
34038038,
33696638,
33274967,
33877461,
33608274,
33478668,
33794546,
33534427,
33114947,
33717127,
33581963,
33295355,
32920413,
33836883,
33439720,
33332144,
34126587,
33303895,
32146063,
32738972,
31464601,
31088089,
32774926,
33469009,
31057792,
31827315,
31597438,
31283789,
32116715,
31827823,
31642965,
33376963,
32003883,
60966422,
35691241,
34293743,
36193886,
35846533,
35486251,
35112832,
35791939,
35330918,
35097032,
33771914,
33511703,
74842550,
49492773,
33559777,
33197326,
32975184,
33722024,
33542615,
33143794,
33894752,
33511075,
33325625,
32935436,
33910610,
33789856,
33087052,
33627432,
33401982,
34240100,
34889824,
35540874,
35459308,
35237647,
35766271,
34484094,
33303548,
33993828,
33393421,
33277088,
34094133,
35867487,
33302701,
34095648,
33599329,
33492602,
33302500,
33707324,
33700260,
34057608,
33935025,
35578195,
35221852,
35917151,
35639803,
35220255,
36169639,
35577039,
35407641,
35054654,
35625043,
35328457,
35092969,
35705083,
35632626,
35166283,
34936122,
35789502,
62330935,
37118820,
35751870,
33639767,
33189151,
34068462,
45293968,
33559176,
33274386,
32894421,
33716144,
33307342,
33049504,
33724167,
33508158,
33418240,
34177243,
40976055,
33707860,
34499840,
34170372,
33602838,
33709415,
33071474,
33804425,
33565575,
33088515,
35023630,
35896659,
35356724,
34230423,
33975758,
33320666,
33172921,
32974884,
33656277,
33417854,
33315018,
33875331,
33765712,
33376601,
33201588,
33654062,
33651605,
33461477,
32958785,
33931963,
33710227,
33248768,
32994973,
33433844,
33339515,
33993041,
31601630,
31381614,
31034356,
31884067,
31638656,
31482634,
31984465,
33737221,
33176717,
31875073,
32661746,
33650466,
32981045,
33854311,
33633064,
32186997,
32824518,
33512616,
34261390,
35825010,
35638640,
35291877,
36070772,
36744270,
35233639,
34031233,
33867718,
35620049,
33286726,
34899121,
33625295,
33284827,
34933239,
33660924,
35256501,
35040218,
34970999,
33713963,
33156891,
33946724,
33577058,
33434934,
33028345,
33671526,
35555766,
35100675,
35996448,
35709686,
35236045,
33886475,
34717462,
33398289,
34017905,
33742872,
33391583,
33230881,
33917148,
33401691,
33167927,
33998060,
33516690,
33252985,
32915587,
33562532,
33275099,
33801511,
33818580,
33432867,
33223773,
33081049,
33739661,
33592245,
33141184,
32984867,
32896853,
33581045,
33448024,
33038662,
33975176,
33700257,
33417535,
32960416,
33713418,
34251440,
34108706,
35690937,
35373035,
35135085,
35689439,
35361285,
35239644,
35875678,
35522889,
35155101,
35841042,
35197110,
36002375,
35913511,
35528955,
36190961,
35896485,
33612867,
33059251,
33621729,
33598168,
33316819,
32874163,
33567932,
33438228,
33036763,
32802303,
33615575,
33418107,
33097739,
35569612,
35311345,
35172390,
33630248,
35416016,
34979394,
35723375,
35460496,
35191709,
34880792,
35665901,
35274245,
34812583,
35497057,
35261303,
34987573,
35686878,
35317857,
35057539,
32731006,
35526158,
35277711,
34881870,
33637870,
31349822,
31059441,
30852824,
31381368,
31023732,
30688411,
31459799,
31128015,
30859406,
31544665,
31470154,
31243403,
31822820,
33600221,
33064497,
33569220,
33450871,
33093972,
33663632,
33291033,
33183132,
32760014,
33564098,
60485990,
35247202,
33446568,
34325215,
32998202,
34738811,
35290695,
35349398,
36017857,
35624636,
35211651,
34918990,
35646000,
35248230,
35035392,
35629759,
35325535,
35117965,
35923944,
33645116,
33268445,
33801012,
31548350,
31139005,
32959660,
31557396,
31176821,
30891814,
31840908,
31591033,
31281160,
31689831,
32444152,
31143204,
31742089,
31453498,
30970470,
31854735,
31711501,
31090824,
31864077,
31493970,
59884253,
34597275,
33649439,
33410157,
32964539,
33839841,
33354190,
34391826,
33726850,
34437337,
34199242,
35775769,
35631851,
35064705,
34861091,
35593725,
35201553,
34794827,
36961498,
35577331,
35295503,
36059845,
35745148,
36373214,
36036763,
35486557,
35192203,
35040422,
35304741,
35891707,
35643581,
35473663,
34256054,
33002939,
35811030,
33868284,
36100384,
43652149,
37417843,
33137519,
32297304,
31907186,
32661259,
32546671,
37320377,
33121063,
33911677,
33633202,
34633676,
35371449,
35834592,
35349944,
35186299,
35723790,
35263803,
35122743,
35826719,
35528813,
35386155,
35988774,
34489123,
33083087,
34024726,
33700868,
33376648,
34038330,
33240374,
33123087,
33576363,
33257227,
32934936,
33523925,
33415246,
33922163,
33702823,
33187118,
33000912,
33737911,
33184262,
33786925,
33453578,
34260160,
34249110,
33584956,
33325226,
31782190,
31612114,
32376492,
34790215,
34556365,
35507664,
35015229,
34675947,
33373358,
32997361,
33732271,
33339949,
33156174,
33927115,
33285290,
32961446,
33793772,
33398427,
61130798,
35793365,
33323500,
33011904,
45631242,
33475330,
34078359,
33604674,
33377444,
32940340,
33743550,
33490157,
33069329,
33750680,
33440662,
33007206,
35865534,
35545356,
35146321,
35880722,
35487109,
35798764,
35611642,
35146187,
35930965,
35702861,
35406368,
35999151,
35774633,
35352192,
35930197,
35598676,
34106265,
33807904,
33395071,
33293418,
32919676,
33645845,
33100056,
34945891,
33543451,
32201774,
33763062,
33716867,
33173930,
34005747,
31618199,
31321262,
31929635,
31649292,
31220504,
31924849,
31483294,
31459232,
30911075,
31900039,
31573152,
31050732,
31890408,
31363123,
31312597,
31853382,
32503032,
32386994,
35047776,
34734431,
34246975,
34941455,
33515379,
33483084,
32896114,
33787380,
33498160,
33997076,
33859587,
33505571,
33979689,
33732304,
33356189,
33683818,
34269069,
33061672,
34671673,
33270700,
34126874,
33661084,
33404864,
31063472,
31691812,
33409815,
32924040,
36779937,
33207682,
32953630,
33818103,
33502082,
33027489,
33664412,
33414179,
33168912,
36010202,
35603994,
35087786,
35900613,
33508515,
33257073,
33811770,
33530315,
33209181,
33892988,
33623979,
33376731,
33839310,
33600778,
33293039,
33074179,
33908972,
33525050,
33333656,
33809148,
33427162,
33118588,
33040127,
33717070,
33436339,
32202474,
33871681,
31418322,
31073478,
31693026,
31478534,
31484423,
34909922,
32535734,
33448331,
32998642,
35735102,
33122254,
31746377,
31652485,
33260462,
33793057,
33522009,
33162779,
33090275,
34862366,
33629207,
33316358,
33105659,
33752773,
33539195,
33273775,
32958157,
33561397,
33467389,
33077691,
35853943,
33660201,
33234583,
36003430,
34733982,
35389697,
35134549,
35837163,
35878617,
35463758,
35140156,
35978742,
35495348,
35244728,
35945465,
33649510,
33507784,
33043941,
33749079,
32684047,
32318761,
32032876,
37916369,
34611983,
33276782,
34042054,
31769874,
31637079,
31371738,
31239792,
32955202,
33501177,
31112285,
31910174,
31680679,
31411769,
30955806,
31783497,
31745784,
31066296,
31598478,
33164593,
33213807,
33918106,
33397397,
33362425,
33843974,
33540723,
33142967,
33902534,
33553221,
33132216,
32754892,
33583654,
33627270,
33507963,
32987533,
33716486,
33400251,
33142137,
33856612,
33580032,
33118366,
33003851,
31596810,
31295239,
30848637,
31652167,
31505727,
33178664,
33016558,
33818615,
33454006,
33186786,
34064496,
33673772,
33355367,
33038677,
33922248,
33507796,
33074434,
33934740,
33654152,
32072850,
30985338,
31639018,
31289032,
31144971,
31829068,
31873692,
31257809,
58772988,
33441993,
31783175,
31241613,
31179144,
32067396,
33781303,
32889036,
36034617,
35616953,
34638478,
33324852,
34128897,
34656314,
33590056,
33280372,
33002593,
33567310,
33390281,
33368678,
32915457,
33863222,
33384139,
33055258,
33845413,
33461038,
33215109,
33072561,
33873116,
33564744,
35314761,
34974699,
33716299,
34612498,
35035050,
35883376,
35784509,
33257300,
33051563,
32759431,
33560497,
33286959,
33084134,
33729060,
33712393,
33368573,
32967517,
33815778,
33469090,
33243883,
33000568,
33799529,
33427164,
32959375,
34054299,
33678012,
33264037,
33103891,
33708423,
33324903,
33145568,
33853173,
33664329,
33519358,
32708002,
33358767,
34213055,
33049898,
33709065,
33537916,
32933605,
33859276,
33614390,
33216123,
33750210,
33543390,
33380507,
33875061,
33631522,
33295366,
33191075,
33880611,
33515424,
33197243,
32827670,
33688387,
33523831,
33178527,
33840136,
33564045,
33730811,
33258224,
33034235,
34908768,
32533424,
35053443,
33867225,
33718008,
33457890,
32972949,
33760586,
33406781,
33200754,
33204687,
33783275,
33407778,
33198805,
34772784,
35433892,
35454101,
35852141,
35652884,
35349127,
35086389,
34992397,
35660711,
35618547,
35226791,
34975421,
34775162,
33529542,
33290095,
33802276,
33445316,
33099127,
33018944,
33962750,
33318891,
33185028,
36215573,
33633848,
33573702,
35299505,
34032955,
35670535,
35421054,
35235010,
36021476,
35652029,
35498383,
35161000,
35930116,
35518071,
35499453,
35196833,
32999389,
33836274,
33492934,
33287574,
33993518,
33791503,
33259270,
33148879,
33775269,
33502904,
33141383,
33811326,
33434870,
33323596,
34157503,
34781924,
35641310,
35487521,
35290842,
34908870,
34802800,
33509958,
33003993,
32077627,
31755887,
31313339,
31143023,
32033662,
31824021,
31323150,
31309989,
30856525,
31681826,
33513731,
34134607,
33408638,
33152097,
32895577,
34027643,
33585351,
33171932,
33866272,
33521683,
33494922,
33221580,
34077824,
33674240,
33250116,
34019298,
33757676,
33551678,
33255614,
34898378,
33492460,
33517752,
33383340,
32954099,
33580629,
33587094,
33313137,
33234802,
32731575,
33463307,
33349557,
33316605,
32781917,
33717672,
33320985,
33016930,
33821890,
33326839,
33179034,
33039583,
33903675,
33543599,
33073763,
33929811,
31805048,
31478768,
31363606,
30908981,
32635212,
33403829,
33292173,
34993579,
35807583,
35514047,
35139581,
35859191,
35632005,
35191463,
35127286,
35566168,
34993889,
34960012,
35885651,
35257391,
35164229,
35754022,
35636585,
35444066,
35136027,
34837578,
33691004,
33290810,
32897562,
33665543,
33494819,
33180778,
33970075,
33422147,
32999444,
33951297,
33549070,
33227017,
33054080,
33688111,
33376007,
35040953,
33644139,
33203572,
33249069,
34031545,
33511442,
33358274,
33162897,
33680207,
32345302,
31319158,
31827720,
32557052,
33207634,
33055885,
32679248,
33526507,
33178679,
33888426,
33582467,
33305350,
34029598,
33895695,
33344655,
32942841,
33910063,
33526009,
33082128,
33905285,
33459037,
33455252,
33242030,
35777730,
33616476,
35551088,
34219631,
33949199,
33477646,
33364244,
33264451,
35033857,
33433941,
33191496,
36004478,
35826324,
35464029,
35321440,
34955321,
33641369,
33372686,
33262978,
33742776,
33561077,
33050287,
34027885,
33720313,
33618811,
33166296,
33768105,
33604825,
33428630,
33008608,
33959728,
33588353,
33425430,
32994768,
33798082,
33535619,
31360228,
31949482,
31776406,
32192021,
32907714,
33641724,
33438960,
35072982,
35745607,
35480098,
35289485,
62701531,
37393723,
35541325,
35296564,
35980699,
34296116,
33009022,
31823832,
31400787,
31195807,
30907885,
31621613,
31328471,
58694437,
33361276,
31313451,
31340158,
30884886,
31645457,
31458574,
33295269,
31888366,
31516194,
31347433,
30961179,
31896470,
31432182,
30999433,
31899724,
31679798,
33429809,
33992762,
33651959,
33376845,
34088583,
35883073,
35547870,
62799771,
37453103,
33579656,
33092235,
33729454,
33373009,
33403473,
33025691,
32662920,
33686923,
33159828,
32973890,
32876163,
33571652,
33367581,
32944137,
33668594,
33510148,
33064536,
32923475,
33624298,
33449340,
33055985,
32757938,
33465727,
33542469,
33041090,
33737423,
33478083,
33190270,
32013831,
31782862,
32388389,
32063193,
32947893,
32731770,
33179407,
33025430,
33123196,
33683859,
33139286,
33093645,
35799034,
35598040,
35129516,
34963975,
35588704,
35544631,
35098892,
34005853,
33741140,
33244505,
35279334,
35070710,
34743526,
35492542,
35029495,
36154341,
35458331,
35259384,
35872007,
35481307,
35131530,
35068596,
35854500,
34714556,
33306816,
33058115,
33637788,
33518969,
32300654,
32062529,
31547273,
31528654,
31062340,
33083147,
33721287,
33455116,
33211873,
33869211,
33619364,
33240892,
32803673,
33651404,
33119654,
32848969,
34008740,
33502344,
33113478,
33724628,
33511594,
33472121,
32809265,
31575944,
31300280,
31075386,
30816079,
31745894,
31453863,
30994465,
31856595,
32654613,
32109204,
33828640,
60341300,
35001674,
31919213,
33634048,
33351197,
33000275,
33988273,
33455109,
33331601,
33060234,
33827567,
33599093,
33261306,
33911677,
33753480,
33209307,
32837007,
33620637,
33448325,
33052527,
33873044,
33645269,
33332085,
33406473,
33706381,
33519691,
33336381,
33796067,
33640859,
33561918,
32957974,
33202981,
33626363,
33082452,
31843591,
33469109,
33056492,
33967929,
33523412,
33239044,
32946629,
32736812,
33553674,
33310450,
33049360,
33810693,
33133888,
33083306,
33908489,
33662488,
33168359,
32907558,
33459070,
33191596,
33123913,
33686899,
33546417,
33221103,
31969924,
33773233,
31560823,
31242492,
30756040,
31577241,
32400560,
59698689,
34427281,
32556958,
33417833,
33333553,
33733413,
33536325,
33602973,
33117793,
33818789,
33435668,
33029449,
33899080,
33353878,
33245067,
33991070,
33789974,
33599772,
33065235,
33845077,
33752217,
33644082,
33217318,
34023038,
33672645,
33553486,
34184080,
34781432,
34310106,
35330592,
34732000,
33421302,
33994707,
34482793,
35455151,
33003884,
35955769,
34517925,
35142900,
33976497,
34551709,
33133762,
33113925,
33800683,
33330043,
33142309,
33951383,
33601527,
60648852,
35312178,
33808264,
33262940,
33153456,
33896500,
33772923,
33497091,
33145562,
33757468,
33462957,
33087508,
33855510,
33481916,
33344471,
33059097,
32979250,
33729599,
33288485,
35940619,
35724566,
35343092,
35126450,
35741763,
35591550,
35095250,
35893827,
35644846,
35392324,
35005496,
35571170,
35324176,
34967256,
35750784,
34546271,
33236322,
33028705,
33530754,
33439628,
34064509,
33674068,
34098005,
33533771,
33413085,
33349161,
31857772,
31451185,
30964701,
32876858,
33711275,
33162629,
35016569,
34659886,
33336316,
34969961,
34658540,
33526646,
33114521,
34090725,
33519422,
34952853,
35749652,
34610345,
33347018,
33049119,
33655532,
33350860,
33171837,
33814730,
33317653,
33027823,
34015432,
33494911,
33128536,
33676211,
33464340,
33192212,
34919413,
35468113,
35116119,
35855693,
35529505,
35193756,
34816440,
35716685,
35047212,
36011400,
33706860,
33414156,
32959877,
33593636,
33386053,
34045711,
33737941,
33477001,
33037961,
33854738,
33402515,
34145086,
33529046,
33206100,
32950043,
31603810,
33343563,
33926371,
33510036,
33362276,
32979207,
33633841,
33545327,
32863981,
33711946,
33442880,
32989425,
34645965,
33294723,
33181894,
35849501,
35537114,
35216916,
34655798,
33451037,
35146449,
35865792,
35327266,
35152843,
33631257,
33489536,
33163459,
33888393,
33677246,
33235259,
33897955,
33758304,
33147861,
34080509,
33484576,
33168396,
33893515,
33670309,
33243825,
33887928,
33444721,
33261254,
33012076,
33636110,
33370509,
31849031,
32636248,
32384620,
32985747,
33712513,
33501617,
33063296,
32947865,
33639494,
34337860,
33484440,
33265767,
32907023,
33811095,
33364788,
34130177,
64425435,
39084340,
33152179,
33723565,
33527620,
33040685,
33937572,
33572775,
33318209,
33850213,
33336500,
32960104,
33627150,
