20568923,
8632042,
8269980,
8145690,
6778526,
7004466,
6697662,
6964461,
7143671,
6591080,
6477319,
6318193,
8705373,
6370578,
6378270,
6872052,
6619846,
6358650,
5844809,
6480914,
6313089,
6566694,
6406765,
6154135,
6235934,
6416187,
6832131,
6717785,
6720581,
6796828,
6403234,
7064646,
6348264,
6267220,
6942826,
6401506,
6293062,
6867116,
6657823,
6529135,
6844523,
6593184,
6497692,
6225086,
6311137,
7144193,
6689070,
6438669,
6785200,
6582927,
6635170,
6264094,
6649527,
6166755,
6852329,
7024617,
6568330,
6518163,
6644825,
6580727,
6142324,
5868060,
6386365,
6152762,
6121861,
6358054,
6541917,
6514351,
6593427,
6257112,
6460170,
6314359,
6567135,
6141003,
5992739,
6657306,
6414542,
6061151,
6572855,
6151368,
6613911,
6436599,
6284389,
6072689,
6300125,
6360393,
6591229,
6284412,
6267402,
6877332,
6262670,
6334919,
6733323,
6747282,
6227363,
6608904,
6357416,
6808989,
7254744,
6246070,
6757850,
7308683,
7494608,
6900556,
6482090,
6488279,
6997440,
7035954,
6676162,
6783615,
7120108,
6785599,
6995286,
6471045,
7658538,
8500781,
6959280,
7400183,
6879974,
6902895,
6462773,
6504243,
6443487,
6283420,
6192057,
6706092,
8368467,
6661376,
7212823,
6771686,
6408993,
6584741,
6339800,
6440182,
6947511,
6710012,
6736690,
6376511,
6392253,
7486191,
7721399,
6695649,
6410633,
6785932,
7131738,
6634585,
6642383,
6737578,
7497045,
20000781,
6516838,
6774778,
6755078,
6728423,
6390612,
6995431,
7009630,
6597334,
6676340,
6523729,
6729836,
6244650,
6762018,
6561850,
6398180,
6437733,
6982312,
6708256,
7322430,
6489728,
6152613,
6388979,
6488515,
6391202,
6331931,
6479220,
6451449,
6461816,
6052844,
6762669,
6811386,
6330072,
6099918,
6470401,
6411153,
6139261,
6793466,
6224298,
6487905,
6630044,
6207634,
7307173,
6611038,
6404013,
6500598,
7039689,
6667956,
6534156,
6212888,
6169653,
7114336,
6056962,
6501281,
7136225,
6693329,
6457224,
6418576,
6465082,
6234594,
7230201,
6424195,
7135714,
6545274,
6520418,
6484232,
6827373,
6417675,
6156625,
6085077,
6876283,
6170879,
6723136,
6180678,
6783496,
6408591,
6300794,
6815671,
6467348,
7118352,
6782963,
6232120,
6541149,
6769366,
5805697,
6688726,
6833138,
6515714,
6889437,
6577930,
6251258,
6785291,
6455034,
6154101,
6695306,
6494368,
6192153,
6725403,
6684633,
6690543,
6844214,
6617007,
6627528,
6148220,
6755495,
6636705,
7223207,
6288845,
6271548,
7491429,
6305507,
6363879,
6688045,
6703390,
6477160,
6288993,
6529502,
6448961,
6186367,
6623631,
6458936,
6524989,
6970911,
6337842,
6320642,
6546829,
6779717,
6029759,
6269732,
6666933,
6254590,
6225665,
6624813,
6655138,
6648784,
6069415,
6363076,
5779046,
5928231,
6563976,
6123062,
6170825,
6560674,
6116684,
6557880,
6563154,
6027463,
6542610,
6435202,
6804251,
6248761,
6361199,
6342591,
6247433,
6518338,
6104785,
6626359,
7124895,
7188645,
6501314,
6549663,
6453588,
6793125,
7098067,
6864664,
6767635,
6661299,
5978607,
6606248,
6699139,
6974943,
5885349,
6693312,
8373815,
8397429,
6732372,
6232768,
6567330,
6598117,
6816895,
6050633,
6653955,
6876387,
6879317,
6479084,
6740321,
6628673,
7219124,
7988645,
6292293,
6614009,
7006581,
6104358,
5951719,
5777088,
6632612,
6465541,
5973007,
6483774,
6177654,
6316776,
5947078,
6881726,
6268897,
6435216,
6686044,
6432959,
5970998,
7616991,
6881174,
6980753,
6479929,
6515385,
6060594,
6952894,
6378970,
6537343,
6248643,
6264578,
6664337,
5761161,
5857714,
5866067,
6014687,
6415901,
6564397,
6976272,
6499613,
7066483,
6859808,
6203280,
6452712,
6455671,
6792707,
6401555,
6252705,
6404790,
6371693,
6371785,
6125204,
6177860,
7063165,
6458193,
6698264,
6840411,
6951396,
6797281,
6364664,
6108075,
6387569,
6250538,
6425397,
6763098,
6494478,
6344529,
6625804,
6424738,
6429263,
6220652,
6387997,
6288543,
6340053,
6855095,
6716435,
6485002,
6950014,
6854392,
9804259,
6943311,
7417169,
7043976,
6270114,
6661196,
6899858,
6578881,
7196687,
6621283,
6357476,
7278131,
6884544,
6050451,
7229808,
7039090,
6943053,
6557019,
6350544,
6913543,
6423863,
6328765,
6275274,
6540583,
7796456,
6749252,
6250943,
5945103,
7306784,
6271182,
6518187,
6324499,
6448659,
6432038,
6738435,
6180427,
6560764,
5991469,
5997870,
5848261,
6578637,
6258126,
6277504,
6390696,
6739485,
6546419,
6410959,
7000987,
6410083,
6324457,
6217421,
6876683,
6460790,
6537422,
7246898,
7797053,
6697386,
6466752,
6696773,
6359769,
6235997,
6821468,
7055839,
7181895,
6649336,
6946519,
6959456,
6926295,
7309837,
6380961,
8532998,
6434482,
6434562,
7986260,
7293210,
6657600,
6607524,
6709740,
7142254,
6845164,
7552850,
7186574,
6928157,
6469818,
6662928,
7186752,
6750181,
7020021,
7025512,
6214582,
6064879,
6452314,
6208550,
6150478,
6156841,
6348879,
6160605,
6436368,
6979867,
6496748,
7491624,
6042796,
6465252,
6551431,
6647540,
6481683,
6309936,
6264307,
6123392,
6587467,
6141124,
6384648,
6582234,
6237101,
6716493,
6302560,
6727476,
6730671,
6783995,
6356686,
6204590,
6231780,
6214693,
6448521,
6509818,
6351476,
6438624,
6217841,
6498159,
6208114,
6433673,
6854683,
6420338,
6144367,
7695457,
6200431,
6373980,
6910391,
6061376,
6235430,
6432122,
6444995,
5997543,
6411485,
6123345,
5812442,
6746904,
5966460,
6090392,
6212542,
6024788,
6148550,
6792856,
5978409,
5731270,
5978872,
5846240,
6297362,
6022859,
6102192,
6220610,
6273968,
6418111,
5810060,
6301769,
6142019,
6055234,
6108512,
5757041,
6330503,
6044105,
7245880,
6455423,
6177978,
6373578,
6179717,
5685886,
7255345,
6311810,
6348497,
6284280,
6174196,
6798325,
6234598,
6118931,
6299923,
6008797,
6306443,
5867259,
6741132,
6417771,
6964043,
6305866,
6596730,
6498746,
6821701,
6049297,
6446730,
6334426,
6235548,
6452965,
5901023,
6317516,
6272091,
7331587,
6012012,
6274020,
5821075,
6389528,
5998569,
6040909,
5969943,
6069399,
6260684,
6104353,
6105399,
6050401,
6209262,
6687633,
6188078,
6627574,
5993216,
5608868,
6537764,
5968210,
6119335,
6243100,
5920599,
6151077,
5736533,
5871514,
5990079,
6105464,
6139450,
6294276,
6021695,
5996313,
6328425,
6029833,
6133329,
5797268,
6206147,
6221375,
6115622,
6030697,
5920647,
6666126,
5913577,
5984819,
6427102,
6211347,
6196757,
5795071,
6656439,
6367769,
6815735,
6271038,
5845318,
6327220,
6700805,
6541945,
5933511,
6253710,
6512348,
6514104,
6259794,
6161667,
6129879,
5863286,
5696437,
7234623,
5907636,
6141635,
6628253,
6647442,
6148871,
5722887,
6053511,
6620803,
6294530,
6956267,
5958370,
6417032,
6591251,
6548139,
5836006,
6619008,
6185878,
5967473,
5949570,
5578763,
5629573,
5779868,
6048815,
6047857,
6050656,
6480302,
6573848,
6188513,
5613182,
6154064,
5841321,
6265697,
6448045,
5542292,
6074725,
5958153,
6457622,
6723522,
6375425,
6747049,
6256433,
6453695,
7254900,
6301517,
6277568,
7244161,
6376223,
5739737,
5889044,
6363569,
6246677,
5941099,
6277820,
6415192,
6406411,
6118158,
5927306,
6216142,
6062694,
6153709,
6189214,
6481278,
6324804,
6817512,
6466458,
6474224,
6367008,
7279384,
6529510,
6054734,
5677347,
6592634,
6130800,
6227629,
5972671,
5566728,
6026777,
6215497,
6104822,
6046640,
6134106,
6218833,
6109672,
6197711,
6719916,
6271248,
6493956,
6434757,
6164902,
6046925,
6220652,
6908940,
5968102,
6500662,
6449236,
5823073,
5689294,
6010914,
6226046,
5835821,
5755804,
6412288,
6439460,
5724588,
5603516,
6051454,
5922289,
6102904,
6195081,
6622054,
6217432,
7228305,
6221313,
6358115,
6318256,
5994236,
6741211,
6133321,
6215581,
5878791,
6266917,
6360555,
6218105,
6012397,
5635665,
5798128,
5601270,
6434022,
6582487,
6143175,
6670974,
6414123,
6230297,
6391929,
6533025,
5815920,
5945954,
5907220,
5873966,
6290130,
6094242,
6378849,
6082774,
6031022,
6809082,
6096469,
6246896,
5864970,
5771562,
6448965,
6045318,
5835923,
6275786,
5934173,
6161182,
6208790,
6461368,
6602827,
6576485,
6261247,
6214658,
6572544,
7211751,
6280647,
6160643,
7060196,
5785805,
6338776,
5719286,
6212610,
6570534,
6801419,
6859596,
5727192,
5652689,
5806151,
6105247,
6103328,
5335629,
5611636,
5567968,
5889169,
6460812,
6246599,
6177428,
6048026,
6034333,
6138571,
6111828,
5880878,
6026541,
5971662,
6154110,
5903144,
6166810,
6136597,
6016879,
6001805,
7049581,
6020195,
6059776,
6081433,
6450279,
6335208,
6030896,
6228953,
5545791,
6183023,
5993902,
5663716,
5920617,
6174157,
6047955,
6553379,
6353633,
6083740,
7047399,
6349147,
6242776,
6324424,
6943063,
6096327,
5783397,
6220438,
5835165,
6292092,
6228647,
6340999,
6324202,
6741466,
6219850,
7636228,
6261970,
6422756,
6024212,
6490496,
6788905,
6724569,
6463693,
5806712,
6525558,
6542715,
6321053,
6476642,
6986540,
7862647,
5961473,
6587946,
7608780,
6096882,
6887804,
6338685,
6793325,
6439675,
5748782,
7217738,
6679495,
6472785,
6206437,
6410228,
6251347,
5939297,
6956763,
6721138,
6440628,
6021772,
6157757,
6501948,
6121724,
6532899,
6697662,
6095822,
6690616,
5897834,
6602037,
6062212,
6383846,
6493608,
7005403,
6019099,
5875798,
5902217,
6372316,
6371962,
6511935,
6157029,
6064571,
6327901,
6157202,
6709246,
5998881,
6926324,
6145704,
6331659,
6649160,
6318867,
7440810,
6217693,
6308206,
6433011,
6710429,
6243203,
6898864,
6176985,
6484604,
6593584,
6345816,
5908028,
6032039,
6120281,
6883990,
6187335,
6323349,
6450724,
6001759,
6983181,
6792609,
6480060,
6661793,
6512008,
6724769,
6677843,
6727638,
6880235,
6899243,
6210047,
6020572,
6462161,
6397346,
7088423,
6555457,
6337831,
6433252,
6200714,
6875864,
6245128,
6456285,
5794589,
5850783,
6129318,
6493618,
6058838,
7008213,
6161005,
6231554,
6265773,
6510068,
6918530,
6377659,
6400218,
6156284,
6449459,
6966937,
6050076,
6458424,
6375485,
5894877,
6517371,
5949496,
6872938,
6534304,
6632349,
7090612,
5995589,
6193880,
6265883,
6511565,
6198771,
6390135,
6020182,
6270109,
6364442,
6102695,
7158966,
6442318,
6661317,
6809721,
6355050,
6600687,
6789838,
6326070,
6510515,
6417570,
6720469,
6634807,
6450708,
7383585,
6431478,
6526454,
6373132,
6188991,
6550733,
6515481,
6802788,
6270747,
6948624,
6113825,
6252867,
6753565,
6572387,
6156695,
6329020,
6542117,
6305309,
6504204,
7071152,
6339452,
6325843,
6178069,
6820302,
6482878,
6493040,
6737213,
6916784,
6793431,
7163444,
6403706,
6999241,
6328216,
6778759,
6405994,
6354639,
6659101,
6312089,
6590284,
6332261,
6977340,
6861188,
6343941,
6426288,
6548158,
6633220,
7218422,
6599544,
7127312,
6744382,
6318365,
6815968,
6587717,
6542744,
6247233,
7158158,
6481655,
6852185,
6377906,
6632377,
6494705,
7859832,
6484611,
6665232,
6675580,
6430791,
6879731,
6381656,
6659573,
6687953,
6220466,
8453043,
6589731,
6460725,
6770287,
6294662,
6479858,
6900629,
6699726,
6650777,
5836437,
7585917,
6047923,
6560893,
7217744,
6189981,
6698517,
6871184,
6769839,
6641616,
6429048,
6181871,
6146636,
6832895,
6816808,
6154234,
6121945,
6012277,
6650817,
6718345,
6715156,
6275431,
6395550,
6935921,
6636717,
6480048,
6639553,
6085961,
6605760,
6580704,
6547550,
6737473,
6174197,
6259603,
7044879,
5859003,
6324969,
6724428,
6801182,
7765755,
6542298,
7188141,
6307590,
6577187,
6678706,
7196471,
5767308,
6228615,
6588657,
6225384,
6005603,
5486405,
5837021,
6008503,
6005696,
6908617,
6107968,
5608483,
6588594,
6713549,
7232481,
6655136,
5891506,
6287726,
6312526,
5718091,
6461181,
6828084,
6547722,
6468927,
6067990,
6580529,
7215250,
6971017,
6888797,
6933873,
6398754,
6164355,
6873141,
6741912,
6854424,
6597686,
5960033,
6796865,
6420931,
5758416,
6516948,
6346700,
6836495,
6161674,
6243583,
6795545,
6225405,
7268469,
6115999,
5923421,
6278364,
6460871,
6780329,
6417879,
6060162,
6701806,
6068052,
6099191,
6553681,
7124812,
5729612,
6650651,
6674418,
7105266,
6506851,
6755018,
6602227,
6058366,
6449095,
6325782,
7123929,
6759103,
6178461,
6469845,
6256960,
6356049,
5956263,
6197206,
6171996,
6331817,
7192221,
6074278,
6867084,
6648079,
5998523,
6425645,
6793462,
6814353,
6169592,
6143938,
6247841,
6067082,
6084998,
6561741,
6063282,
5732042,
6334040,
6775286,
6917551,
6946714,
6364533,
6698056,
6804081,
6412381,
6283517,
6146204,
7078209,
6396235,
6909601,
6414585,
6938349,
6697641,
7010150,
6398399,
6212101,
7010252,
6847368,
6895848,
6032359,
6214044,
7029286,
6576094,
7767266,
8926535,
7958691,
6576664,
6442909,
6347040,
6993267,
6335213,
7632667,
6563537,
6988409,
6761926,
7123252,
7486589,
7058449,
6452621,
6834704,
6576447,
6725313,
6436319,
6232010,
6614383,
6231520,
6973313,
6599288,
6289939,
6133872,
7231727,
6699430,
6268999,
7204603,
6422162,
6395072,
7068699,
6651550,
6767027,
6171455,
6488470,
6427851,
6658543,
6071021,
7404066,
6354273,
6769488,
6249547,
6726222,
6279734,
6816387,
6703989,
6921091,
6809598,
6738028,
7099779,
5760135,
6868475,
6929951,
6930017,
5886117,
7926934,
6737788,
6786055,
6735348,
6951248,
6960958,
6784673,
6688844,
6461824,
6778832,
6990026,
6947967,
7148396,
6495764,
6834735,
6361603,
6666383,
6865394,
7038096,
7788539,
6890424,
7352724,
6506028,
6815987,
8068225,
6944247,
6873252,
6884458,
6370242,
6588617,
6874708,
7222388,
7803553,
6732093,
6580030,
7026380,
6851811,
6884329,
7158545,
6450888,
6337092,
7213184,
7026943,
6692217,
6159742,
6472432,
6013628,
6532520,
6393102,
6673606,
6572027,
7022360,
6398657,
7115426,
6214697,
6417979,
6054812,
5975212,
6239997,
6019199,
6888181,
6000885,
6642568,
6306272,
6127915,
6926804,
6694516,
5991180,
6192050,
6459178,
7200954,
6450865,
6661434,
6563055,
6960286,
6784531,
6686206,
6691500,
7314065,
6714352,
6385562,
6618137,
6623969,
6761239,
6620723,
6765698,
7694321,
6783295,
6275760,
6658446,
6580214,
6183080,
6493275,
6238960,
6792498,
6457199,
6398627,
6861919,
6333684,
6422722,
6462067,
6304513,
7118745,
6162154,
6761078,
6503608,
6209818,
6613497,
7711019,
7066212,
6496135,
6933310,
6664194,
6489805,
6382085,
6494372,
6888281,
6413892,
6591806,
7303970,
6361706,
6460678,
6655439,
6622087,
6172598,
6307312,
6746302,
6446658,
6943464,
7169241,
6687095,
7179872,
6888272,
6866848,
7098173,
6814422,
6373303,
6538857,
6536215,
6968094,
6644003,
7047842,
6659087,
6269696,
7271321,
6644278,
6427558,
6707799,
6549918,
6278717,
6684503,
6572970,
6653513,
6349229,
6775902,
6664837,
6632964,
7058287,
6769078,
7735606,
7120445,
6870184,
7279037,
6803818,
7297938,
6470699,
6533776,
6344389,
6986122,
6730240,
6012379,
6814695,
7422878,
6902307,
6818304,
6638206,
6712256,
6127919,
6840147,
6921361,
6837972,
6435015,
6902430,
6510712,
6166711,
6541534,
7072423,
6162580,
6889854,
6354316,
7100082,
6869481,
6419384,
6539817,
6135531,
6680979,
6455810,
6880987,
6566403,
6498451,
6320949,
6431601,
6304580,
6569904,
6983989,
6715556,
6631954,
7198547,
6644540,
6330249,
6341724,
6231767,
6255699,
7317277,
7012586,
6489338,
6426153,
7260077,
6533634,
6252300,
6348222,
6169898,
6242250,
6660730,
6817341,
6920771,
6721079,
6719493,
6814632,
6234780,
6914054,
6678344,
6386992,
6863200,
6944197,
6567811,
6495958,
6332533,
6296178,
6723060,
6700112,
6528885,
6652924,
6751899,
6918470,
6733749,
6748379,
6968279,
6675823,
6122094,
7424036,
6679412,
7052009,
6229151,
6915041,
6652216,
6515221,
6282980,
5868282,
5687232,
6422032,
6840628,
6936518,
7096869,
6489025,
7133483,
6624381,
6469625,
6395283,
6940134,
6983420,
6397094,
6296774,
6425445,
7585921,
7597349,
6239311,
6597633,
6938104,
6848074,
6868298,
7239825,
6659637,
7300000,
6722676,
6237010,
6575414,
6552581,
6626127,
6814857,
6691853,
5945843,
6641544,
6712761,
6531678,
6646933,
6369612,
6793972,
6561627,
7044210,
6554983,
6109018,
7051688,
6924521,
6861577,
6959173,
6966753,
6561403,
6537134,
6655256,
7232958,
6512890,
6956396,
7403512,
6823401,
6774445,
6808205,
6209800,
7226903,
6915011,
6658956,
6540737,
7087328,
7042598,
6284619,
6640669,
6219741,
6274857,
6264833,
6285943,
6438173,
6391853,
6363168,
6423896,
7344353,
6512205,
7141944,
6532074,
6563115,
6871515,
6660880,
7182309,
7053666,
6293737,
6465505,
6324029,
6419232,
7703710,
6417162,
7475279,
7775579,
6889464,
6419795,
6592474,
7095432,
6184640,
6901781,
6796419,
6423012,
6524271,
6239704,
6813868,
7032550,
6411509,
6300225,
6174195,
6310030,
6403975,
6558003,
6822308,
6649636,
6551397,
6376885,
6605527,
6273077,
6098161,
6413973,
6352440,
6618197,
6150588,
6064873,
6594829,
6280710,
6382552,
6286685,
6376650,
6725123,
6191870,
6269461,
6405087,
6434375,
6128165,
6828395,
6903594,
6586651,
6013375,
6859291,
6310996,
6593364,
6265392,
6659319,
6583860,
6916100,
6773466,
6459585,
6544784,
6298431,
6486708,
6511413,
6734055,
7098169,
6402502,
6509432,
6727372,
7954694,
7508655,
6308443,
6328863,
6463878,
6428401,
7403983,
6753654,
6132841,
6623166,
6484261,
6490368,
6881971,
6879236,
6557900,
6491295,
6177591,
6746653,
7870182,
6429625,
6474123,
6497935,
6994419,
6231753,
7113195,
6321497,
6288240,
6441116,
6699779,
6595414,
6593340,
6449914,
6395246,
7057897,
6245597,
6275313,
6028245,
6251411,
6428618,
6417641,
6123992,
6139701,
5986413,
6111472,
5811863,
6427442,
5989500,
6850466,
6805536,
6755030,
5610152,
6657063,
5919386,
5971289,
5961685,
5896683,
6187758,
5808917,
7190426,
6718193,
5608216,
6373982,
5994236,
6293440,
6694343,
6149132,
6661386,
6325752,
6533388,
6295151,
6367609,
6932354,
6114745,
6458168,
6147804,
6246567,
6390037,
6509672,
6537523,
6411478,
6048688,
5596758,
6031741,
5871726,
6227395,
5906123,
5808452,
6027317,
6533683,
6082549,
6095240,
5952990,
5528105,
6073332,
6429999,
6221750,
6434753,
6894548,
6208863,
6131629,
5969573,
6321670,
6453946,
6681859,
6187874,
6454952,
6565863,
6479553,
6077062,
6268447,
7336406,
6487182,
6642846,
6721199,
7743034,
6429582,
6463861,
6255936,
6417203,
6802205,
6109766,
6519327,
6479408,
6336700,
6053653,
6318552,
6140391,
6892184,
6435293,
6148874,
6381175,
6187155,
6170698,
6426988,
7008199,
6447962,
6211367,
6845398,
6980253,
7062570,
7211461,
6994379,
6733876,
7639551,
6764628,
6266326,
5876167,
6819469,
6988090,
6850939,
6191937,
7205274,
6638243,
6837147,
6159651,
6995687,
6617600,
6754091,
6921334,
7008913,
6156061,
6548559,
5998634,
6198228,
7285642,
6368051,
6475583,
6504122,
6769367,
6379219,
6531265,
7012180,
6210210,
6461956,
6598667,
6249157,
6526315,
6721411,
6174131,
7392394,
6738907,
6688613,
7007412,
6830760,
7026017,
6345499,
7098992,
6771310,
6441628,
6512162,
6672456,
6504529,
6405971,
6898904,
6784965,
6680753,
7533488,
7054363,
6188679,
6378662,
6137912,
5674442,
6207004,
6296283,
6028419,
5620126,
5911194,
6365483,
6439793,
6161148,
6046050,
6631317,
6266097,
5834895,
6069425,
5510302,
5895263,
7167738,
6010694,
5603921,
6022865,
6034282,
5984026,
6069594,
6214030,
5656116,
5974215,
5730165,
5918460,
5843866,
5809182,
6518136,
5985424,
5950505,
6164365,
5892164,
5766161,
5966083,
6287106,
5890392,
5600199,
5799244,
6125308,
5789882,
5772278,
6649136,
5975606,
6028982,
6687690,
6634863,
6086268,
5991100,
6783032,
5961096,
6442662,
6414424,
6442666,
6047658,
6234301,
6712666,
6931547,
6650450,
6125029,
6621456,
5968477,
5724737,
6604307,
6145102,
6206751,
6016388,
6765528,
6319170,
6765718,
6585237,
6446822,
6466684,
6592428,
6424249,
6226974,
6088439,
5858518,
6698246,
6256704,
6576074,
6615430,
6395566,
6497665,
7695877,
6060305,
6602034,
6312612,
5962875,
5860437,
6672266,
6210700,
6424161,
5982916,
6258905,
6108848,
6573003,
6449455,
6471596,
6062450,
6010558,
6584992,
5960690,
5833896,
5876430,
6281343,
6000572,
5997498,
5759651,
6071221,
5864245,
5842005,
6104063,
5836339,
5771004,
5768809,
5816104,
5686323,
5805079,
5888548,
5957627,
5791226,
5541134,
6042026,
5607500,
6674389,
5773994,
6596727,
5789111,
6953491,
6259577,
6233149,
6420980,
6499731,
5943673,
6465131,
7173501,
6680380,
6025072,
6166405,
6522295,
6595987,
6888114,
6754712,
6503274,
7167575,
6566984,
6293366,
6517904,
6123786,
6442212,
6434051,
6368260,
6375861,
5900325,
6885575,
6659952,
6322824,
6881191,
6480931,
6733740,
5808409,
6071463,
6373621,
6447212,
5860988,
6978020,
6439648,
6234981,
5922588,
6094082,
6853114,
5965691,
6644153,
6083352,
6188022,
6067478,
6117802,
6183771,
6364049,
6051516,
6128041,
6725804,
5862567,
5989509,
6721733,
6317944,
6134675,
6431466,
6643140,
6915110,
7001273,
6575684,
6730812,
6410781,
6195905,
6516866,
6925421,
6094641,
6299044,
6878861,
6183197,
7096685,
6569294,
6580827,
6335380,
6186647,
6222643,
6455124,
6293550,
6326620,
6006908,
6505411,
5945749,
7042869,
6667490,
6208204,
5976320,
6451095,
5892981,
6525725,
6225220,
6078672,
6113091,
6235700,
6189487,
6421744,
6333203,
6471548,
6432848,
6140561,
6297721,
5748268,
6524748,
6753855,
7016763,
6159895,
6396597,
6309979,
7236088,
6673076,
6352215,
6105592,
6578860,
6975533,
6294882,
6353959,
6389094,
6419152,
6086865,
6474295,
7191224,
6353016,
7132156,
6207885,
5502570,
6819138,
6986723,
6235336,
5688256,
6370172,
6447512,
6446111,
6027879,
6680870,
6433585,
6249669,
6454035,
6376395,
6530505,
6713053,
5974209,
6455161,
6269269,
7257857,
6337089,
5841798,
5991117,
6164398,
6188211,
7089202,
6520470,
6262483,
6358987,
6547260,
6718864,
6329817,
6606067,
6934909,
6429932,
6768953,
6878801,
6718652,
6470488,
6618737,
6601347,
7011070,
6742226,
6441588,
6656440,
7453556,
6262341,
6583404,
6608804,
6292281,
5982791,
6621567,
6557971,
6847394,
6508209,
6416822,
6243934,
6525291,
6346643,
6218058,
6308489,
6859155,
6323620,
6294533,
6796090,
6552213,
6904584,
6603530,
6739793,
6261226,
7047920,
7808505,
8077688,
6257563,
6701063,
6316751,
6649007,
6559880,
6765626,
6446162,
6033993,
5802338,
6100687,
5985036,
7285967,
7805340,
7277144,
6821721,
6165124,
6341833,
6297503,
7117932,
6278680,
6249563,
6595074,
6300083,
6511501,
6747340,
6450259,
6562067,
6116835,
7397189,
6639996,
6646352,
6220207,
6536248,
6098348,
5761364,
6017912,
6580727,
6295387,
5885526,
6388382,
6172345,
6180228,
6195495,
6436398,
5820781,
6634624,
5889290,
6428078,
6075122,
6046224,
6630740,
5969460,
6023921,
5703816,
6247829,
6354823,
5665913,
6172724,
6527208,
6592740,
6104028,
5716798,
6101102,
7147998,
6333901,
6181196,
6072101,
5842538,
6455952,
6415113,
6198718,
6246880,
6144114,
6247444,
5985813,
6354412,
6333143,
6715178,
6532880,
6938497,
6314236,
6803169,
6244799,
6068062,
5950117,
6062002,
5927540,
5771574,
6944349,
6012136,
6174088,
6409544,
6569604,
6887841,
6157058,
6489075,
6286826,
6293418,
6016208,
6505451,
6447672,
6731699,
6263813,
6176358,
5840348,
6192671,
6049662,
6866858,
6724783,
6562993,
6197267,
6670163,
6382649,
6030071,
6483931,
7313036,
6419909,
6471588,
6118182,
6474854,
6539158,
6955516,
6941513,
6243183,
6161438,
6539137,
6740926,
6403666,
6241843,
7029176,
6448116,
6233580,
6465851,
6662000,
7101826,
5991753,
6031393,
5856071,
6048623,
5799419,
6711920,
6614200,
6248817,
6571496,
7086472,
6062292,
5909848,
5905733,
6360469,
7043100,
6085285,
6503200,
6372499,
7169630,
6046266,
6690783,
6275653,
6343203,
6459825,
6111501,
5982496,
6566920,
6743570,
6964294,
5939296,
6554673,
6306282,
6280113,
6347279,
6314026,
6764311,
6105757,
5990426,
6466455,
7218291,
6043000,
5988083,
5540757,
5819556,
5539708,
5824908,
5671917,
5868806,
6255286,
5688569,
7121552,
5457580,
6674280,
6112479,
6600293,
6186815,
6120275,
6929837,
6138422,
6291506,
6710169,
6023826,
6282283,
6198878,
6274867,
5994893,
6392776,
5463573,
6698023,
6397323,
6552292,
6232671,
6071806,
5807772,
5913755,
7136349,
6176415,
6221315,
6493864,
6097812,
5899897,
6276270,
6148547,
6079168,
6969363,
6566538,
6501993,
6985336,
6489457,
6443861,
6273803,
6053145,
6733773,
6056424,
6902200,
6833589,
6342532,
6675293,
6485819,
6422150,
6660944,
6167784,
6382263,
6351689,
6261416,
6441803,
6214010,
6266029,
6139334,
7196472,
6381999,
6650874,
6411440,
6314877,
6142726,
6209824,
6398763,
6270150,
6073942,
6312023,
7308669,
6748771,
6895854,
6640562,
6192115,
6506695,
6756824,
7002893,
6490741,
6551444,
6301030,
6602980,
6392988,
7472198,
6120434,
6660496,
6981853,
5887887,
6487135,
6370352,
6976555,
6211244,
6382908,
6379739,
6365143,
6244206,
6823398,
5936843,
6015966,
6194269,
6322460,
6687063,
6453898,
6315893,
6299186,
7061985,
7018146,
6321765,
7029727,
7050838,
6284727,
6289237,
5961763,
6800215,
6725132,
6155935,
6916065,
6055742,
5996060,
6605172,
6441352,
6306960,
6531710,
6295229,
6323990,
6727837,
6758353,
6480845,
6450355,
6013823,
6396145,
6291611,
6673922,
6647893,
7118382,
6478524,
6297614,
6222887,
6485713,
6651251,
6580753,
6354753,
5944987,
6365495,
6419516,
6531257,
6689129,
6693073,
6073743,
6868037,
5608754,
6156799,
6161099,
6952145,
7208225,
6054996,
6446755,
6182208,
6524020,
6937004,
6670309,
6601411,
6663870,
6437894,
6316083,
6988190,
6304019,
6748696,
6282677,
6589991,
6332950,
6521653,
6146596,
6917464,
6511850,
7024133,
6431185,
6514265,
6711313,
6372162,
6404196,
6431631,
6213084,
6437932,
6685635,
6382209,
6173695,
6836318,
6629630,
6542422,
6205125,
6294906,
6593700,
6388269,
6076165,
6430138,
7400936,
6614774,
6820162,
6520428,
6749673,
6662529,
6577227,
6308077,
6516497,
6923697,
6259074,
6834085,
6294100,
6554817,
6303887,
6273308,
6445839,
7249968,
6425167,
5586124,
6262743,
6793592,
6875711,
6759475,
6388218,
6015646,
6626746,
6406056,
7238654,
7323997,
6250187,
6990843,
6661925,
6593128,
6120514,
6481544,
6397531,
7113445,
6199667,
6424115,
6117816,
6969726,
6481619,
6443078,
6347305,
6342542,
6477046,
6084951,
6128168,
6488852,
6454602,
7052767,
6145215,
6079929,
5792491,
6398453,
6506958,
6540297,
5745835,
6792785,
5917418,
7052569,
7018050,
5998422,
6443457,
6618030,
6440388,
7194668,
6459351,
6864957,
6175658,
6608027,
6704832,
6349977,
7312926,
6143568,
6590661,
6705486,
6012869,
6177351,
6662445,
6248884,
7325946,
6426346,
6781132,
6143021,
6699480,
7241768,
6392242,
6739212,
6525998,
6038407,
6399523,
6600230,
6654494,
6410289,
6143126,
6287910,
5965129,
6299304,
5894051,
6643890,
6254046,
6574471,
6198944,
6417841,
6074298,
6638853,
7255567,
6963851,
6917194,
6396829,
6258791,
7466874,
5902504,
6110348,
6958474,
6591235,
6939051,
6561240,
6378029,
6485785,
6272918,
6284973,
6451829,
6731816,
6315072,
7767146,
6555524,
6136377,
6087005,
6272960,
6650791,
6776221,
6430750,
6022713,
6830030,
6545022,
6173525,
5910188,
6537298,
6522747,
7088462,
7236691,
5555406,
5934654,
6127674,
6485150,
5926196,
6596140,
6496553,
6015453,
5687935,
6045369,
7111741,
6068354,
6239086,
6736585,
6265484,
6085314,
6136954,
5735926,
6209737,
6487072,
6569664,
6021323,
6495474,
6723602,
6525370,
6624537,
6367143,
6332190,
6371066,
6705745,
6915291,
5945090,
6357329,
6682456,
6410865,
6462042,
6213018,
7158410,
6565840,
7533942,
6774055,
6230859,
6681890,
6320741,
6370425,
6389655,
6873517,
6928430,
6636670,
6768549,
6457539,
6414512,
6239380,
6589121,
6330773,
6758285,
6750146,
6686006,
6349499,
6665766,
6866185,
5941630,
5784514,
6785113,
6414913,
6752319,
6807772,
6923877,
6320794,
6226580,
7026913,
7232967,
6970093,
6136495,
7290190,
6452975,
6699680,
6359695,
6241220,
5899360,
6296826,
6662614,
6620533,
7367657,
6421464,
6321451,
6410469,
6804512,
7222321,
6009370,
6677263,
6641794,
6771836,
6653454,
7430883,
6584342,
6787188,
6785345,
6271618,
6873698,
5858400,
5949536,
6815282,
6381713,
6999466,
6901097,
6526246,
6763006,
6296834,
6974677,
6581547,
6319027,
7145221,
7599726,
6754565,
6679244,
6568797,
6572064,
6403257,
6366626,
6585057,
6363569,
6449474,
6614470,
6921957,
7024719,
6301713,
6785105,
6085352,
6940180,
6188064,
6863109,
6458528,
6509410,
6225228,
6746335,
5956017,
6551405,
6024490,
6144408,
7173211,
6775338,
5879531,
5998237,
6804656,
5966060,
6546792,
6306359,
6565280,
6083428,
6247027,
6190500,
6198225,
6108262,
6251287,
6161312,
6475648,
6301816,
6375116,
7215181,
6246318,
6713624,
6541777,
6508104,
6033842,
6529377,
7737943,
6784718,
6659409,
7137115,
6799675,
6541975,
6420526,
7254984,
6593197,
6833924,
6706706,
7119046,
7255825,
6997349,
7122472,
7510396,
7198841,
6589707,
6345539,
7162031,
6724763,
6853135,
6890229,
6411062,
6298380,
6830662,
6086739,
6497788,
7283985,
6714444,
6085688,
6430118,
6842427,
6993203,
7319006,
6476459,
6171001,
6515256,
6413306,
6503890,
6404247,
6807618,
6273756,
6176158,
6853052,
6472785,
6681569,
6978890,
6312284,
7090895,
6792319,
6726626,
6674816,
6559408,
6705859,
6272023,
6424125,
6315975,
6620180,
6424688,
6793181,
6600170,
6264798,
6492357,
6762007,
8287414,
6757248,
6205644,
6459754,
6430899,
6400385,
6475841,
6187751,
6225107,
6448494,
6547921,
7339793,
6622808,
6766999,
6756876,
6425295,
6357790,
6232171,
6485398,
5833727,
6522307,
5674595,
6499558,
6072252,
6529228,
6378762,
7173038,
6647713,
6911837,
6800188,
6417422,
6408215,
7209721,
6100254,
7210825,
6760448,
6487358,
6534775,
6741302,
6948149,
6560020,
6656203,
6883301,
6796575,
6785485,
6871251,
5952923,
6753375,
7113260,
6202835,
6879650,
6172680,
6499936,
6138340,
6466473,
6074095,
5976769,
6888895,
6426226,
6783182,
7059640,
6561207,
6830694,
6217920,
6718299,
6775237,
6809278,
7182478,
6517334,
6189040,
5989763,
6884504,
6672613,
6547444,
6792975,
6389637,
6138327,
6293076,
6974264,
6555240,
7306596,
6150424,
6794435,
6504651,
7006096,
6415002,
6922877,
6330130,
7151368,
6676897,
6973957,
7179895,
6716196,
6467898,
6784492,
6945794,
6822295,
6719399,
7172248,
6594334,
6529314,
6576217,
6442039,
6187563,
6678952,
6808032,
6387429,
6388079,
6229231,
6577608,
6503492,
6463054,
6491757,
7233144,
6530604,
5793140,
6670336,
6718565,
6588177,
6521311,
6636413,
6036753,
6512491,
6554072,
7036768,
6747228,
6570407,
6477684,
6736810,
6410739,
7646253,
7840618,
7096722,
6873921,
6746105,
6908657,
6566450,
7239749,
6798519,
7112792,
6996553,
6413301,
7292003,
6078519,
7307600,
6611130,
6674481,
6600007,
6488844,
6715549,
6709303,
6505140,
6845908,
6924680,
6966217,
6475648,
6285250,
6686866,
6440242,
6067989,
6471713,
6986666,
6434057,
6398412,
7059972,
6434572,
6119485,
6310927,
6144728,
6314231,
6439001,
6370300,
6625960,
6289433,
6674552,
6071896,
6100534,
6429598,
5928449,
6186411,
6399113,
5799030,
6173554,
5903337,
6584447,
6197883,
6145064,
6352312,
6165161,
6509272,
6595163,
7010333,
6625955,
6255811,
6580078,
6499291,
6192047,
6899061,
6138501,
6673689,
6286069,
6431818,
6873925,
6580387,
7494441,
6397342,
7124271,
5868524,
6437875,
6344147,
6446685,
6527292,
6912627,
6829953,
7109626,
6672127,
7818118,
6852002,
6882924,
6619616,
6468322,
6675094,
7021398,
7038304,
6825357,
6873464,
6444213,
6788121,
7131397,
6632193,
7375569,
6638021,
6916390,
7041054,
6280280,
6435206,
6628603,
6586984,
6666480,
6621197,
6433092,
6806382,
8713656,
7544553,
6693416,
6124342,
6930843,
6632727,
6929947,
6776468,
6591597,
6343100,
6487578,
6593576,
6527040,
6200118,
5451144,
6203207,
6210112,
6623366,
6521183,
7303584,
6846130,
6497928,
6839708,
7086387,
6484116,
6966173,
6470588,
6751145,
7424969,
7246107,
6842175,
6852672,
6726066,
6676987,
6865731,
6493047,
6862850,
7136601,
6749980,
6452374,
7063335,
6419766,
7208251,
6447942,
6214960,
6744796,
6873135,
6743466,
6455012,
6779321,
6661010,
7042566,
7178058,
6954934,
6981133,
6719810,
6682772,
7012683,
7072056,
6626516,
6706907,
6322476,
6444508,
7000142,
6780261,
6588614,
6713986,
7227512,
6414299,
7031508,
6510672,
6473614,
7348123,
6380951,
6413169,
7161338,
6881945,
6651369,
6681549,
6850162,
6358779,
6365583,
6906807,
6481847,
6260580,
6745634,
6528901,
6425996,
6944254,
6486911,
6797707,
6483840,
6843141,
6705022,
6894501,
6986639,
6597523,
6343930,
7027523,
7169674,
6417879,
6938381,
6272340,
6777762,
6752081,
6332976,
7170739,
6171223,
6313187,
7262424,
6794480,
6639890,
7502041,
7283308,
6534584,
6350005,
6294005,
6706009,
6471885,
6519648,
7021495,
6349892,
6799119,
6450569,
6251754,
6819067,
6382842,
6809332,
6623371,
6412004,
6544758,
5694454,
6355476,
6760105,
6601120,
6070082,
6326429,
6531367,
6409169,
6742795,
7319362,
6543449,
6609453,
6391066,
6600941,
6615175,
6554651,
5632853,
6303730,
7717359,
6398995,
6151441,
6540111,
6236401,
6543174,
6574837,
6766675,
6294156,
6473788,
7167099,
6832316,
6482991,
6795275,
6407085,
6140225,
6568077,
6312935,
6697406,
6778885,
6279012,
6764893,
6601971,
7059402,
7065982,
7534964,
6663017,
6574204,
6336856,
6254965,
6331495,
6557084,
6022576,
5856640,
6025939,
7011544,
6345519,
6563530,
6926094,
6443678,
7164492,
6708854,
6952038,
6933692,
6835879,
7117215,
6383448,
6280698,
6338136,
6503151,
6230923,
6386039,
6776815,
6839866,
6612916,
6407190,
6380237,
6508497,
6537357,
6678763,
7101118,
6555431,
6804072,
6315304,
6945041,
6342605,
6635847,
6379316,
6789452,
6417598,
6435956,
6891998,
6684253,
6412376,
5706189,
6057273,
6076305,
6396050,
5930426,
6358746,
5932174,
6696313,
5893079,
6619866,
6712629,
6184388,
6109538,
6430295,
6026748,
5599432,
5889673,
5580904,
5599693,
6038572,
6637476,
6118888,
5865574,
6325605,
6508342,
6816819,
6333700,
6274678,
6113987,
6174165,
6443448,
6975854,
6710522,
6407142,
6474508,
6029547,
6229394,
6306347,
6344799,
6360767,
7179561,
5747971,
6174394,
5893892,
6458264,
6399561,
6671936,
5926340,
5808409,
5961071,
5960051,
6130105,
5701328,
5877725,
6410142,
6976992,
6476391,
6257370,
6883925,
6813565,
6262120,
6517198,
6348358,
6351999,
6295463,
6454713,
6482335,
6377311,
7155339,
6221067,
6309973,
6287346,
6859895,
6714396,
6797665,
6502315,
6559824,
7107119,
6024679,
6072305,
6030292,
6338352,
6421247,
6410318,
6988853,
6225454,
6923421,
6494358,
6516704,
6535677,
7494658,
6441673,
6834876,
6758809,
6411625,
6492461,
7028833,
7403092,
6869174,
6121297,
6445231,
6558985,
5994783,
6218697,
6519625,
6721582,
6195285,
6211406,
6151231,
6124818,
6334166,
6465066,
6157758,
6874697,
5981183,
6546666,
6303777,
6961943,
6732693,
6760169,
6010546,
6254492,
6323918,
6766689,
6541614,
6006964,
5731540,
6334262,
6783298,
6218717,
5959877,
6254090,
6548113,
6303623,
6652009,
6721457,
6226381,
6689704,
7029342,
6252516,
5873148,
6024086,
5781554,
6362696,
5727082,
6164487,
7403942,
6527777,
6288773,
6594411,
6992841,
5951191,
5985501,
6180639,
6168079,
5746903,
6585729,
6728196,
6855981,
6371043,
5982963,
6349572,
6094036,
6246106,
7811606,
6595963,
6118668,
6325839,
5813900,
6502828,
6088718,
6556060,
6832435,
5712083,
6916157,
6338049,
6563476,
5946958,
6501414,
6125635,
6720389,
6577215,
6569590,
5871410,
6907135,
7074119,
6000118,
6043396,
5832558,
6023068,
6214860,
6451248,
6009159,
6699882,
5839511,
6142771,
6476601,
7400902,
6126005,
6616125,
6702216,
6123149,
6472574,
6652574,
6494198,
5997950,
6288950,
7290031,
7114845,
6844587,
7014174,
6170718,
5924309,
6255190,
6188367,
6961887,
6425411,
6449558,
6026493,
5789062,
6387556,
5878761,
5913650,
6774376,
6399731,
5857754,
7197356,
5928511,
5741368,
6271662,
5960306,
5590777,
6060249,
6376717,
6281506,
7077515,
6107144,
6242735,
6099732,
6173521,
6232047,
6475745,
6570437,
6200960,
5583782,
5807339,
5898807,
5940213,
6654136,
7232493,
6364089,
5775778,
5828409,
5896891,
6379846,
5994225,
6176021,
6204524,
6263254,
7047217,
6344431,
6421988,
6597194,
6284884,
6300796,
6097558,
6683729,
7016896,
6301167,
6578733,
6505287,
6692266,
6339932,
6793148,
6076989,
6230301,
6351118,
6963226,
7124800,
6260457,
6384022,
6495941,
6117555,
6435221,
6287544,
6541671,
5971102,
6480229,
6484185,
6410377,
6402547,
6723254,
6517601,
6027110,
6430233,
6375562,
6298311,
6194291,
7204341,
6203780,
7568580,
6434968,
6724016,
6466558,
5955240,
6687438,
6353564,
6216376,
6205977,
6745842,
6036865,
7055596,
6367238,
6299176,
5993407,
6072102,
6212374,
6188531,
5823124,
6391392,
6121999,
6444205,
6253321,
6685279,
6051209,
6189830,
6398452,
6334362,
6454412,
6028314,
7207049,
6159032,
6330093,
6415725,
5830281,
6329740,
6303400,
6251867,
6712477,
6338207,
6120404,
6860437,
6337699,
6953827,
6306213,
5723776,
5953669,
6301660,
7295961,
6707035,
6637471,
5859487,
6122848,
7458281,
6152364,
5863711,
6359242,
6545748,
6779352,
7949297,
6250827,
6468828,
6386103,
6838192,
6364190,
6440948,
6312679,
6871298,
6314340,
6233820,
5944904,
6339342,
6521865,
6767051,
6266847,
6243680,
6538057,
6294725,
6505473,
6887530,
6192401,
6367410,
6816356,
7165144,
6181582,
6580867,
7694280,
6247163,
6945257,
6123350,
5986185,
6397363,
6449481,
6614793,
6536874,
6586266,
6169387,
6309554,
6713126,
6025530,
6058682,
5791083,
6111055,
6506249,
5810367,
6461098,
6335076,
6636666,
6721156,
6211201,
6385014,
6639170,
6443043,
5873304,
6301641,
5996493,
6171474,
6824373,
6744817,
6280247,
6285615,
6573967,
6542827,
6626386,
6112238,
6730775,
6968977,
5952627,
6490211,
6424480,
6633863,
6883881,
6860538,
6250476,
6753486,
6933951,
6453907,
6851614,
6738709,
7558868,
6357878,
7185301,
6828455,
6688650,
6747088,
6552538,
7115198,
6596969,
7431016,
6908708,
6268063,
6675722,
6584564,
7495780,
6646481,
