23755448,
10878592,
10973950,
11434468,
9826904,
10441075,
9827986,
9648327,
9705729,
9953597,
10230023,
9875685,
10487516,
9988132,
10165059,
10040217,
10900793,
9751793,
10252874,
10530069,
10001353,
9742398,
10048261,
9937400,
10927504,
10704803,
10818667,
10125053,
11050717,
10895386,
10330822,
10600321,
10157666,
10215379,
9901852,
10783653,
10370009,
9525407,
10596043,
9501670,
10229960,
10303656,
10436889,
10892818,
10214202,
10557439,
10289668,
10234215,
11863244,
10199634,
9709254,
10068003,
10569383,
10604448,
9796492,
10379714,
10492052,
10437436,
10077761,
10451560,
10152772,
10714447,
10709185,
10569839,
11613895,
10469528,
10528740,
9705268,
10188713,
9605087,
10480009,
10567625,
10462871,
10285491,
10273341,
10850846,
10022521,
10052833,
11667116,
9788685,
11592691,
9600113,
10539391,
10793425,
10747665,
10650790,
11427860,
9384010,
10287277,
9744902,
9545884,
10024949,
10424182,
10544697,
10601892,
10869828,
10138875,
10661912,
10878885,
10613572,
10931859,
9914795,
10685111,
10988601,
10333392,
10760740,
10033650,
10050574,
10905056,
10751999,
9917168,
9790847,
10934628,
10419990,
10826675,
10753862,
11408801,
10581243,
10755823,
10577085,
10056642,
10300944,
10540354,
10168985,
10776058,
10945854,
11272613,
10145564,
11160766,
9914442,
10098165,
10858850,
10812804,
10443216,
10906321,
11291355,
10235737,
11225106,
10064096,
10162335,
10073323,
11681399,
11007755,
10755634,
11315322,
10714422,
11648904,
10770699,
10697952,
22295962,
10373031,
10237316,
9950797,
10690901,
9983994,
9955087,
11006758,
10414603,
10378275,
10595468,
11469959,
10845993,
10817060,
11022384,
10790802,
10631761,
9912932,
9568464,
10213098,
11241790,
10670954,
9747126,
10142519,
9770229,
10656558,
9803962,
12070778,
9963137,
11051194,
10656577,
9833639,
10277185,
10086471,
10395287,
10854457,
10337019,
9989105,
10491184,
10652324,
10769633,
10673599,
10931778,
11257404,
9852165,
10675009,
10350703,
9675894,
10625828,
9378571,
10470413,
10366123,
10530913,
10637758,
10537645,
10280543,
10289227,
10267632,
10719178,
11390026,
10545059,
10456035,
10385045,
9744034,
10373658,
10201082,
9860276,
10423562,
10361066,
9930102,
10498113,
10491394,
10671770,
11574176,
10872436,
11375368,
10348213,
11097549,
10015725,
10253305,
11302556,
9587636,
10997510,
10100616,
10137281,
10135454,
10426995,
11493293,
9860937,
10414394,
10984697,
10488922,
10666885,
10514643,
10232984,
10351494,
10702675,
10244650,
10074771,
10238725,
10490660,
10306850,
10456734,
10437252,
10578480,
10333133,
10206966,
11261194,
10551374,
10855191,
11725712,
10912528,
10262153,
9521971,
9977785,
10444720,
11199062,
10324394,
10138188,
9987230,
10496094,
9857946,
10415863,
9725964,
10636182,
10424177,
10624228,
10119258,
9882579,
9717784,
10188126,
10248991,
9758759,
10203158,
10311263,
10644510,
11416320,
10477897,
10530292,
10724283,
11369539,
10566325,
9579362,
10114985,
10407338,
11087667,
9770101,
10351476,
10320994,
10228646,
9809484,
10364711,
10752197,
10597275,
10757196,
10799770,
9767112,
10641989,
10374124,
10015811,
10354041,
11224535,
10584051,
10287488,
10335182,
10368125,
10371479,
10568249,
10939277,
10918993,
9649653,
9542248,
10774569,
14266050,
10657834,
9386872,
9963742,
10797588,
9728386,
10267640,
10230321,
10186316,
9550178,
10194818,
10048736,
10230456,
9946585,
10653671,
9976564,
10131975,
9543442,
9969885,
9950802,
10630119,
10029037,
9802739,
10341143,
10124297,
10237571,
10221229,
10902382,
9981111,
10124642,
10821629,
9671751,
10466869,
10638228,
9850872,
10888061,
11644837,
10489431,
10559208,
9488476,
10577182,
10309679,
9541542,
9894644,
10486368,
9856468,
10086134,
9932719,
9571301,
9434650,
9882949,
8522785,
10383254,
9716286,
9331838,
9373800,
10569108,
11285391,
17715796,
9866831,
9933316,
10147216,
16039322,
10318683,
9897455,
18967340,
9672554,
9950447,
10696421,
17660573,
9890034,
9961005,
11417046,
21544211,
17211970,
10259322,
9959921,
10050689,
10645774,
20663093,
10152392,
10243892,
10749941,
9910318,
10561322,
10596708,
11038210,
11674025,
10945974,
10907076,
10508082,
10041567,
10820527,
10782828,
10513390,
9813120,
9693137,
10091473,
10419035,
10547629,
10451652,
9947088,
9988142,
10332423,
10343032,
10778490,
10464777,
10980990,
10091577,
10602998,
10540431,
9834563,
10925453,
11276668,
10042278,
10951135,
10981447,
11025112,
10105774,
10465770,
10771450,
10690860,
10765956,
9482702,
9576599,
10326515,
10430140,
10082712,
10180832,
10409833,
9817176,
9486299,
11214423,
9775563,
10258275,
9893325,
9846203,
9748246,
11222528,
10744092,
10144616,
10498135,
10243716,
9706829,
10562799,
10760309,
8987753,
10476374,
10492321,
10503458,
10850529,
10877746,
10643521,
9929157,
9493480,
9690973,
10382964,
10445904,
10846156,
10578142,
10710524,
10123548,
10740260,
10416678,
10557763,
9732675,
9697524,
10054994,
9964165,
9776922,
10242438,
10507609,
9794243,
9959904,
10217386,
10768030,
10978614,
10980823,
10066792,
9952380,
11118176,
10411181,
10539684,
10540072,
10232875,
10195449,
10418042,
9795628,
10259892,
10461363,
10256259,
9341400,
9901235,
10445073,
9514231,
10012387,
10776461,
10098315,
9574657,
9710700,
10619575,
10385494,
10407870,
10788845,
10450289,
10460170,
10365400,
11007420,
10095883,
10258326,
10929375,
10988845,
11134838,
10636305,
10684018,
10249382,
10594545,
10143315,
9661948,
10110772,
9969471,
10529075,
9966458,
10164515,
9814793,
10131255,
10419586,
9915115,
10733353,
10150678,
9785193,
10219348,
9871737,
10031599,
10454154,
10251712,
10641790,
11382066,
10620522,
10354341,
10732857,
10522724,
10615720,
9566241,
10873005,
11009734,
10655422,
9585787,
10702189,
9453949,
10702927,
10579274,
10343175,
10516636,
10217363,
9998548,
9945801,
10550400,
9682893,
10439080,
11286798,
10277182,
10535942,
10267595,
10247144,
9694587,
10791225,
11062229,
9801751,
10139016,
10244025,
9246899,
10324783,
9610634,
10559398,
10174129,
10639577,
9368070,
10536225,
10427819,
9523055,
10097805,
10504760,
10464916,
10661207,
10637688,
10530539,
9721752,
10104486,
10090921,
9720167,
10612928,
10411887,
10312968,
11024306,
10359310,
10780436,
10849890,
10208814,
10213882,
9678511,
10938120,
9703014,
10548468,
10497739,
10890425,
10005623,
10491136,
11006910,
10391183,
10090946,
9664670,
10300691,
10168619,
9935068,
10135484,
9521391,
10336167,
10233668,
10473003,
9474452,
9754052,
10815764,
10803741,
10288302,
10611565,
10495373,
10389394,
11513322,
10607591,
9786603,
10155666,
9649025,
10566015,
13360132,
10737239,
9311613,
10109804,
10752393,
10868076,
11052124,
9771113,
10757667,
10617053,
10223589,
10183286,
10778745,
10454959,
10303231,
10684260,
9968101,
10760010,
10684228,
9528017,
10952843,
10476886,
10860885,
10141524,
10083783,
10316240,
8809456,
9525886,
9721280,
9798458,
9953361,
9988859,
10063552,
8601491,
10270385,
10038506,
10444110,
10287484,
10190299,
8969060,
10439939,
10108205,
10346315,
10786706,
9513661,
10232634,
10611487,
8832295,
9994891,
10195945,
10415144,
10391836,
10822089,
10886485,
11334071,
10484853,
10563531,
10277367,
10683070,
9923285,
10470386,
9655265,
9924186,
9766852,
9284314,
10389430,
8908626,
9673295,
9107271,
10256988,
10962316,
10095312,
10573109,
9397627,
10292272,
10446020,
10181445,
10186711,
9875809,
9652910,
10167132,
9857003,
10869595,
9388867,
10501737,
10495451,
11122353,
10592895,
9494136,
10106179,
10154345,
9771552,
9847048,
10395860,
10168983,
10205753,
10383760,
9551106,
18894895,
9561109,
9731023,
19202421,
19873228,
10169506,
10234927,
9568802,
19088420,
9404330,
9405562,
9355211,
10106372,
10967648,
10064016,
10155109,
9469653,
10361207,
9606394,
10216165,
10906162,
10120769,
10260479,
9260824,
10352443,
10173255,
10047753,
18445658,
18359337,
9994389,
10818003,
10356127,
20533292,
9350020,
10021998,
9935235,
9815949,
9145210,
10779550,
10867826,
10504973,
10889633,
10521775,
10468516,
10528905,
9730550,
9896509,
9493015,
9578615,
9364344,
9498147,
9574348,
10525870,
10097259,
10656657,
9578291,
9202700,
10053487,
9365233,
10057514,
10307818,
10240967,
10050868,
9112642,
9168844,
9259768,
9512116,
10238981,
9503860,
10104085,
9496061,
9548421,
10420245,
9789131,
10426886,
9528313,
9466217,
9847698,
10249961,
10352638,
9399136,
10306794,
9434893,
10480939,
10025497,
10192409,
9715753,
9462279,
10153726,
10698199,
9871417,
10118046,
10210169,
9061023,
8856686,
10764180,
10030206,
9219778,
10221327,
10235529,
9537264,
10290644,
9523795,
10479645,
10699527,
11433028,
9850276,
9301910,
10925571,
9071187,
9484039,
10630378,
10247017,
9962626,
10688955,
10313980,
9619370,
10862428,
9348580,
9597789,
10862328,
10545332,
10516398,
9624311,
10339410,
9412720,
9789296,
10061060,
10548879,
10361138,
9497146,
9834364,
10661527,
9405650,
10569199,
9921862,
10109896,
10915624,
10579236,
10638911,
10009266,
9660377,
10540002,
9962624,
10166290,
10382551,
9275827,
9924945,
9859132,
10063470,
9762386,
10387233,
10795136,
11168139,
10114721,
10405477,
10029219,
9745888,
11008403,
9907841,
9653663,
10329044,
9243242,
10515353,
9294671,
9851583,
9647867,
10656388,
9708646,
10874556,
9622162,
10585448,
9642544,
9648431,
10630438,
9372018,
9835803,
9991503,
9249238,
10710489,
10476346,
10357872,
10594298,
10585314,
10122154,
10849379,
9034360,
9640837,
9859720,
10346715,
10555753,
9665723,
9349942,
10296383,
9693630,
9998255,
9191715,
9566910,
9671004,
9993137,
10387670,
11208529,
10029931,
9611498,
9767085,
10630535,
10540717,
10325522,
10199692,
9422094,
9924803,
10394573,
10667478,
9320800,
9387319,
10489307,
10655790,
11315465,
10584552,
10998820,
10790123,
9563807,
9237345,
10563467,
9312942,
9189821,
9929644,
9658144,
9338675,
9909682,
10056210,
10226092,
10253805,
9972637,
9251391,
10190117,
9128619,
10657270,
10383760,
10343680,
8979397,
9600646,
9630077,
10156406,
10305955,
10099056,
10316181,
10400237,
9895426,
11033646,
9684697,
10247575,
10379527,
10413517,
9470903,
9185561,
9703854,
10330573,
10147584,
9489393,
10572740,
9933618,
9594925,
10319814,
9831852,
9418890,
9625334,
11299911,
10351384,
10466859,
10466703,
9568381,
9434443,
9339477,
10475497,
10242995,
9417697,
10101232,
10536319,
10729227,
10193398,
10711387,
10370148,
10227314,
10377694,
10560804,
10412700,
9132582,
9457679,
10287346,
9657444,
9413670,
9631420,
10195392,
10465156,
10470614,
9890829,
10076699,
10080813,
10483713,
10403527,
9489209,
9812414,
10391690,
9953350,
10179066,
10296904,
10613825,
9737342,
10751001,
10394503,
10065042,
9758146,
10336943,
9697867,
10497634,
10754611,
10065871,
9694254,
9923375,
10493848,
9608493,
10038134,
9401697,
10176147,
9943222,
9715143,
10407473,
10301266,
11256897,
9591678,
10461916,
9447232,
10489479,
10296653,
10065784,
10233484,
9584708,
10382140,
10615314,
10132976,
9664315,
9684741,
9721617,
10291417,
11248961,
10494839,
9726636,
10412166,
9635593,
10286070,
10450327,
10609502,
9918525,
10778306,
9835332,
10444229,
10576185,
10147681,
10443474,
10532390,
10463220,
9764081,
9852428,
10255304,
9321080,
9925839,
9795896,
10394074,
11219210,
10390061,
10146482,
10929365,
10000731,
10580589,
9984994,
10566373,
9966679,
10522331,
9443972,
8593092,
9696237,
11001989,
10200986,
9436856,
9929707,
9994758,
9963698,
9483660,
9844869,
9523795,
10211303,
10401140,
10516749,
10313678,
10629657,
10098785,
9528699,
9625654,
9595788,
9617291,
10312971,
9647301,
9800291,
10269047,
9695469,
10193016,
9664800,
10817096,
9678465,
9858847,
9039120,
9660541,
9663692,
10874138,
8937775,
10205622,
10171285,
10446215,
9868728,
10707721,
10592366,
10636327,
9497769,
9785554,
10135093,
9722436,
10226389,
10490989,
9736769,
10478336,
9072018,
9779825,
9741947,
10254528,
10416300,
10451830,
10351071,
10118757,
10672324,
10673129,
11134193,
10766250,
10298061,
9976848,
8904075,
10600181,
10328735,
10016281,
9373215,
9748706,
11410796,
10357346,
9741436,
10360050,
10261151,
10516326,
11036288,
10295203,
10239759,
10197705,
10484791,
9968548,
10062817,
10350847,
10629662,
10733417,
10485652,
10752043,
10324467,
10767796,
10486713,
10254376,
10693238,
10489056,
10612921,
10630599,
9970607,
10090123,
9879175,
10123589,
10557973,
10284931,
10014681,
10832076,
10067787,
10528963,
10641502,
10026271,
10192909,
9748200,
9926365,
11242766,
9676321,
9927354,
10742664,
9196386,
9609442,
10619600,
10509633,
10402756,
10443207,
10542626,
10409553,
9958852,
10557302,
10256473,
10584929,
10306508,
10237611,
10490228,
10437967,
9972535,
9571756,
9510998,
10553480,
10029283,
10503252,
10636561,
10536182,
10467037,
10251306,
9392234,
10625205,
9533268,
10354667,
9978254,
9586335,
10638755,
10206644,
10504405,
10302654,
10875808,
10296224,
8826167,
9819502,
10277094,
9180372,
10778839,
10623254,
9364031,
11243015,
9270434,
10716064,
9394470,
9408423,
9294781,
9384622,
10409130,
9249723,
10410642,
10419909,
9377880,
10384104,
10599307,
10081307,
9681187,
9716501,
10452757,
10786682,
10173575,
10152117,
10380900,
9618374,
10283558,
10627675,
10512437,
9966437,
11616135,
10138050,
9431406,
9920264,
9160774,
10632811,
9751602,
10041091,
9776551,
10249531,
9670590,
10523230,
9155769,
10558921,
10082993,
11353727,
10709108,
9431536,
9814178,
9796776,
10270405,
10428898,
11125219,
9964275,
10087905,
9777812,
18678571,
10701902,
11017202,
10796644,
9445996,
10899647,
10065127,
10566992,
10648521,
11145259,
10799107,
9563406,
10452249,
9640930,
10632308,
9529963,
9926478,
9398306,
10722398,
9383700,
10892327,
10734087,
10008017,
9618022,
11001581,
9695693,
9657128,
9576940,
10434120,
10750263,
9585852,
10394673,
9769482,
9575110,
9659827,
10144949,
9822995,
11229452,
10237568,
10742446,
9815067,
10010443,
9205708,
10672694,
10646555,
9211682,
10701677,
9896635,
9443399,
9752742,
9396750,
9923250,
10499116,
10134309,
10286037,
8988690,
10328098,
10036845,
10098211,
10126423,
11042037,
10342461,
9895215,
9408096,
10254714,
9714814,
9426499,
10257762,
9475149,
10070845,
9651345,
10815269,
11308225,
9502205,
10941218,
9781793,
10943364,
10331281,
10669652,
10134443,
10911708,
9482795,
10809999,
10854310,
9992619,
10591236,
9514618,
10534372,
9803639,
10590805,
10175299,
9844241,
11114231,
9784742,
9588764,
9505612,
9414730,
10085008,
10276071,
10423957,
10294539,
9238885,
9663154,
10337010,
9677517,
9943431,
9481453,
9801656,
9631117,
11513959,
10005388,
10358178,
10708727,
9845255,
10770609,
10773762,
9841846,
10540811,
9909555,
10585544,
10408970,
10192721,
10563178,
8962936,
10363719,
11178735,
10154758,
9975696,
10803656,
10128027,
9698233,
9122361,
10885356,
9802625,
9871133,
9635418,
8951903,
9757591,
9632754,
9913144,
9779821,
9875780,
9937327,
10224496,
10711724,
9343165,
10401949,
10065383,
9887924,
10254991,
10603345,
9950063,
10288024,
9415096,
10236116,
9254308,
10391367,
11686592,
11001986,
9691895,
9683557,
9362727,
10638870,
9819729,
10594118,
9544282,
9795437,
9546790,
10166635,
10589071,
9568967,
9939622,
9739777,
11464709,
10664713,
9667964,
10776176,
10171272,
10280412,
10884761,
10407794,
10465633,
10624901,
10780444,
9925260,
9504368,
10176322,
10535685,
12336516,
9779290,
10257838,
9021905,
9787229,
9799935,
10433503,
10374485,
9921015,
9353147,
10388554,
10399800,
10456976,
9758195,
9603502,
10225475,
10171922,
10215262,
10447833,
10513892,
9621336,
10568922,
10402986,
9860202,
10041864,
10239629,
10024856,
10189615,
10430832,
9557886,
11182869,
10184298,
9590985,
9700138,
10025514,
9367314,
9671490,
9337300,
10128914,
10446676,
10040174,
9634325,
9991081,
8809204,
9476326,
9536818,
9734785,
10427257,
10858461,
10227134,
10662255,
10238293,
10790162,
10653955,
9933332,
9584336,
10461786,
10257603,
9968531,
10239733,
11019665,
10133930,
10380303,
10311721,
10906088,
9429344,
9815386,
10440135,
10491082,
10541279,
10603566,
9356929,
10769154,
9556272,
10435576,
10085403,
9751926,
9784626,
10981481,
9073586,
11217087,
9811513,
10771965,
9694220,
10673125,
10491615,
10649719,
10505506,
9122259,
9955365,
10326410,
10633644,
9584840,
9736295,
10382301,
9825685,
11779777,
9790416,
10377970,
10294731,
10575559,
10460896,
10643128,
9670422,
8915594,
9661470,
9526091,
9740449,
10586622,
10417136,
9637790,
10082681,
11288426,
10390437,
9235147,
9865250,
10136803,
9995231,
8485830,
10332315,
10092604,
9905595,
8827587,
9277560,
9954124,
8927224,
11185321,
9595197,
9709585,
10312975,
10359479,
10210632,
9859126,
9375524,
10594894,
9580895,
10254740,
9997555,
9261286,
10128453,
10507592,
9657014,
10885391,
10014394,
10931436,
9671553,
9499925,
10613044,
9914241,
9566683,
9807559,
9106640,
10242714,
9944631,
9754960,
10557176,
10362264,
10050304,
17186798,
9580093,
19551488,
10898539,
10252202,
9283114,
18977430,
10478830,
9339666,
10285458,
21568521,
19248580,
10399979,
8816991,
11283746,
9651424,
10812023,
9506002,
10749912,
9772920,
17667142,
10587267,
10426966,
10180174,
9472062,
9251591,
9876250,
10294733,
10572679,
10360141,
10502162,
10172442,
10122625,
10097135,
10472970,
9487752,
10352505,
10235422,
10550211,
10216675,
10791282,
9940795,
10652875,
10340681,
11378161,
9568371,
10416636,
10233019,
9406567,
9723388,
10415925,
10760200,
10255302,
9366730,
9470063,
10688892,
10349220,
10341053,
10061974,
9721028,
9286054,
10490183,
9988360,
9698267,
10704774,
9239532,
10827172,
9388191,
10612603,
10090795,
10005312,
10476698,
10514062,
10552649,
11492044,
9748670,
10584362,
9656814,
10026544,
9631721,
10374413,
9743619,
10647962,
9558046,
10121403,
9463403,
9594660,
10633049,
10490794,
10153929,
26139983,
9769157,
11135024,
11408890,
9855762,
10580031,
10406090,
10966775,
10042694,
10156793,
10664452,
10379288,
10528883,
9523498,
10802048,
9656428,
10055520,
10424055,
10527500,
10171314,
10475955,
9733240,
10640795,
9917661,
9962821,
9799990,
9558984,
9572088,
9431697,
9692687,
9691571,
10146440,
9754219,
10370284,
10758531,
10273882,
10207660,
10648703,
10631004,
10041030,
9785592,
10921848,
10569328,
10779171,
10797329,
10918492,
9554511,
10416923,
10873559,
9398787,
10706498,
10302554,
9843464,
9614947,
10824206,
10423905,
9753488,
9883248,
9774429,
9699399,
9728938,
10287378,
9916381,
10677248,
10102135,
10450826,
9771625,
9712787,
9983962,
10764789,
9401816,
9723490,
9647566,
10414353,
10641094,
10808805,
9649870,
9211389,
10430642,
9598743,
11214032,
9574259,
10898684,
10892257,
9743703,
9610040,
9369682,
10459712,
10415817,
9882560,
10190718,
10482370,
9633223,
9234194,
9706091,
9805862,
11129178,
9664335,
10034531,
9258888,
10155463,
9237195,
10586462,
10631298,
10914530,
9507249,
10366949,
9710577,
10247002,
10149909,
10947247,
9493879,
11157426,
9921840,
9540019,
10844789,
10481952,
10846411,
10952708,
10669928,
9750590,
10755988,
10128632,
11208850,
9854215,
10434980,
10725254,
10405504,
10333321,
10189188,
10100340,
10226290,
10507531,
10159793,
9463363,
9952090,
10148978,
10562058,
10926426,
9602769,
10536924,
9682444,
10854476,
9655057,
10845539,
9464154,
11117187,
10493696,
10696286,
10444359,
9766256,
9937502,
10814585,
10467149,
10587584,
10872942,
11330586,
9864132,
10337738,
10284626,
10176292,
9630617,
10339171,
10815433,
10097039,
10718574,
11193731,
9885216,
10587582,
14868186,
10248715,
9441593,
10995644,
9565412,
10767451,
9711736,
10407879,
9900621,
9246128,
9900559,
9813035,
10064073,
9803406,
11310372,
10595897,
9342324,
10849650,
9646285,
10759686,
9873071,
12654971,
10073900,
10033556,
10124866,
10795782,
10651233,
10478265,
10061666,
10801316,
9308104,
10564021,
10828620,
10654394,
9641758,
10449085,
10503816,
9980291,
10454833,
10976564,
10295925,
10127856,
9953364,
10811833,
10184539,
11410007,
10909059,
9959507,
9494829,
9789278,
10875996,
10801532,
10237858,
11360840,
10740332,
10516048,
10506022,
9823384,
9778019,
10390088,
9913438,
9627594,
10677993,
10620465,
9866118,
9834645,
9502278,
9769651,
10352108,
11523715,
10598156,
10016427,
10055842,
10934279,
10028404,
11622678,
9864584,
10654438,
9405019,
10907332,
10480273,
10694070,
10708131,
9748296,
9771891,
11279921,
9955907,
9649374,
9836035,
10358478,
9613338,
10465786,
9210361,
9655966,
10812899,
9748253,
10553548,
10397200,
9615258,
10482586,
9485525,
10703432,
9668237,
10235053,
9838047,
10733813,
10454946,
10000155,
9430291,
9810648,
9390480,
10121681,
9750032,
10502365,
8960434,
10626311,
9925273,
10495601,
10535895,
10040689,
10048959,
9251630,
10216543,
9667205,
9805488,
9617405,
10642992,
10491048,
9250554,
10844450,
10248235,
10498606,
9549902,
11264668,
9899462,
11053454,
10664931,
10708390,
10711907,
10525652,
10356645,
11317659,
10675311,
9763642,
10483216,
9934132,
9680421,
10757839,
10101896,
10809500,
9825755,
9769171,
10709097,
9863584,
10017813,
10565828,
10034827,
10776269,
10511039,
10337235,
9860426,
10371574,
10049395,
10059575,
9878696,
10691210,
10096364,
9544067,
9333840,
10121982,
10206317,
10445513,
9543425,
9661950,
10400562,
10918230,
10610410,
10923196,
9557225,
9869225,
11357590,
9777303,
10353493,
10976170,
10571388,
10055126,
10076010,
10168396,
9765780,
10466410,
9636556,
10005914,
9919745,
9482934,
9420260,
10589498,
10131832,
10042623,
9560350,
10776026,
10875948,
10545961,
10882799,
11069378,
10726198,
10524839,
10406466,
10411373,
9861412,
10856457,
11370939,
9369630,
10162974,
9525488,
10477923,
9802049,
10768883,
9463360,
9458362,
9727196,
9962385,
10215903,
9655503,
10624051,
9496083,
10459249,
9980997,
10206547,
10474356,
10080826,
9953004,
9793662,
9588900,
10184538,
10200156,
11126996,
10483486,
10147343,
10560446,
11505809,
10220892,
9875065,
10718492,
10613042,
10772947,
10972849,
9655969,
10279698,
10868523,
10004188,
10144942,
10422111,
10005788,
10144528,
9980550,
11172704,
10910224,
11117847,
10133621,
10897888,
10481407,
10561678,
11150332,
9982894,
10451308,
10980220,
9266747,
10822399,
10195832,
10575068,
10214729,
10933493,
10436938,
10278295,
9671225,
10165582,
10162833,
10133231,
9970437,
10741886,
10206145,
10481659,
10241180,
9738866,
10472550,
9890523,
9538352,
10584256,
9981451,
9059726,
9890534,
10382220,
9831330,
10030934,
10283008,
9377266,
10396790,
10777320,
10355494,
10974153,
9838885,
9579515,
9785587,
11374663,
10129366,
10918206,
9981984,
10322700,
9709379,
9963369,
10644000,
10036153,
9369568,
10203465,
10216806,
10597102,
10379452,
10014654,
10851543,
10737118,
10626694,
10105160,
9891131,
10671761,
10159729,
11290802,
10602561,
10578158,
9935175,
10095840,
10052790,
10302197,
10573244,
10485177,
10276601,
11385204,
10539138,
10639790,
10309574,
10227629,
10124135,
10382244,
9684943,
9826424,
9695885,
10393810,
9409559,
9644471,
10155643,
10257387,
10085026,
11201873,
9610596,
10501574,
10391007,
10943863,
10640061,
10387515,
10222685,
9302517,
10577201,
9853486,
10775803,
11058694,
10397452,
10445297,
10365780,
9749268,
10803220,
11556067,
10642928,
9932735,
10516651,
13881947,
10192602,
10764506,
9839291,
10555865,
10001184,
10117155,
10402354,
10155065,
9821765,
10822092,
9640339,
10343437,
9622465,
10277535,
9814023,
10408443,
9593797,
9923245,
10438460,
9870046,
9775777,
10146633,
10954563,
10835220,
10635255,
9511341,
10468219,
9970924,
10895889,
10546972,
10629606,
10607278,
10391198,
9588704,
10319993,
10279291,
9269015,
10070809,
19172918,
10183523,
9994436,
10723329,
9238035,
9605280,
10927321,
9856470,
10269039,
9925269,
10298132,
18030807,
10259677,
17829933,
11295357,
10201041,
9724909,
10050411,
9939147,
10011399,
9005803,
10764018,
18026946,
18428162,
10393914,
10256136,
18537111,
16809921,
19267597,
19781039,
18465869,
20454936,
9985941,
9732596,
8492897,
9742776,
9916274,
9454369,
9906434,
10479987,
9399976,
10774622,
9410090,
9842054,
10517220,
10744984,
10749520,
9741472,
9462136,
10749305,
10784416,
10147402,
10039440,
10740127,
10879218,
10736533,
10647824,
9513853,
10054660,
9789733,
9698552,
10042311,
9552629,
10564311,
10408977,
10660998,
10305344,
10428479,
10156897,
9193693,
10732570,
9939381,
9584246,
8865579,
9861086,
10284011,
9835173,
9971153,
9193215,
9807631,
9225928,
10556216,
9984321,
9645526,
9886071,
9980086,
9693270,
10381983,
10837946,
11087866,
9799272,
9962054,
10403936,
9867735,
9888335,
10680443,
9844995,
9590282,
9276179,
9669088,
9202299,
10037561,
11140176,
10288629,
9740000,
9106208,
9600070,
10429587,
10254144,
10396103,
10537169,
9843153,
9380326,
10076493,
10114973,
10054781,
9732513,
9517172,
9931235,
10101029,
10129826,
10285741,
9926948,
10084146,
9718820,
10636222,
9887468,
10823013,
9597654,
10759652,
9981007,
10371798,
9709607,
9945314,
10273495,
10174062,
9510808,
10241427,
9604027,
10572342,
9775753,
10750861,
9712303,
10442287,
10547769,
10643038,
10126230,
10565720,
9598425,
9313547,
10598458,
10458570,
9755299,
10627038,
9915679,
10205779,
9756819,
9051788,
10496839,
10391500,
8926018,
10712267,
10565921,
10316317,
10333984,
11405151,
10860789,
9350709,
10263708,
9793234,
9771021,
10526204,
10435636,
10350599,
9453232,
10461779,
10897082,
10736849,
9981446,
10109168,
10172689,
10608853,
10284516,
9962958,
10644530,
9600552,
9667741,
10047599,
9453045,
10553435,
9782296,
10465085,
10459698,
9797848,
10145747,
10380256,
10533149,
10619954,
10505246,
10825229,
10431009,
10787690,
10038670,
9788370,
9313582,
10230476,
9908742,
10533051,
11083390,
10678665,
9653592,
10612121,
9702258,
10826649,
10269583,
9964144,
9826189,
9909637,
10377870,
10751510,
9782514,
10393684,
9573757,
10729983,
11046884,
10053290,
10579884,
10526482,
10530405,
9852938,
10717597,
10462692,
10807723,
10074549,
10200275,
10881057,
9399350,
9767879,
10308848,
10089102,
9912445,
10055283,
9004107,
10445443,
9591692,
10253137,
10719484,
9908518,
9638999,
10325960,
10736688,
9446974,
10690020,
10996598,
9840875,
10176108,
11431793,
10289651,
10587067,
10986468,
10736321,
9886522,
10620854,
10787918,
10495398,
11501073,
9808078,
10843758,
10706885,
10678051,
10128639,
10907438,
10857989,
9745903,
9829289,
9998857,
9801573,
9588044,
10969814,
10934839,
10215101,
10887482,
10092183,
10849069,
9498658,
9631668,
11435822,
10972910,
10377750,
9795232,
10758510,
20338592,
17791288,
9814039,
10193634,
19481789,
10251524,
10113708,
10085881,
9988733,
17227334,
9506812,
10458507,
10342289,
10473713,
11072931,
10196093,
11110249,
10577593,
10412353,
9726803,
10842159,
9989875,
10637984,
10893621,
9644996,
10664438,
10865200,
10790103,
11468016,
9982760,
10629041,
10088206,
18489768,
18392542,
9883262,
10694737,
9959065,
10386466,
10056555,
20317685,
10092756,
10565861,
10972961,
10012387,
10063574,
9801250,
9814228,
9757968,
10696870,
10501496,
10343509,
9131645,
9230985,
10625415,
10625371,
9585057,
10047439,
9661248,
9942454,
10302899,
10319691,
9662745,
10368910,
10515847,
10340452,
10526772,
10755210,
10748888,
10530803,
10071416,
9503837,
10236405,
10350775,
10183871,
10578941,
9982072,
10555908,
10392353,
9966679,
9710655,
10363875,
9839015,
9169791,
9430943,
10440994,
10262552,
9651141,
10498375,
11237999,
9448744,
10412104,
10012415,
9762056,
9423796,
9498078,
10208080,
10272691,
10640394,
9580828,
9784477,
10740593,
10091868,
9586584,
10177563,
10620931,
9684800,
10602458,
10064157,
9749712,
9784799,
9764223,
9300584,
9063324,
10535801,
10377452,
10693577,
9679204,
10621718,
10845382,
10831048,
11544168,
10462097,
10181892,
9623637,
10686117,
10408447,
10750194,
10568386,
10718350,
9357331,
10643240,
10416939,
10296417,
9740574,
9627951,
9731386,
11376413,
9978830,
10826623,
9980181,
9947391,
9736715,
9857418,
9547088,
10687130,
10499942,
10953488,
10003005,
10719649,
9782136,
11104362,
10875132,
11174736,
10632907,
10624429,
9720970,
11109096,
10547825,
10670936,
9989989,
10315546,
9057515,
9851503,
9595821,
10243785,
9978619,
10632715,
9679452,
10696614,
9378321,
9934624,
9689946,
9897429,
8809378,
10223487,
10162059,
10173043,
10566698,
11035475,
9387038,
10162732,
9047282,
10721490,
9629438,
11418081,
9882198,
10445067,
10166351,
9791916,
9247717,
10595876,
10982198,
10170935,
8716686,
10359856,
10182310,
9552750,
10622715,
10692668,
9383994,
9650304,
10503631,
9989005,
9463441,
10660586,
9937885,
10146841,
9868952,
9617156,
10200395,
10810597,
9442680,
10668027,
9538046,
10087141,
9629207,
10569692,
10085928,
9763746,
10451077,
11498219,
9840098,
10568251,
9980281,
10488779,
10405454,
10809626,
10517219,
10098413,
9845856,
10816134,
10285361,
8785914,
9904049,
10930264,
9980724,
9465552,
10284998,
10093091,
11313410,
9408644,
10330951,
10372510,
9263842,
10513750,
8987964,
17878949,
9741967,
9327318,
9227682,
9799709,
10338359,
10454127,
9937062,
9035737,
10101293,
10512379,
10510217,
10666665,
10257211,
10154284,
9714766,
11084190,
10330837,
9870278,
9830922,
10815800,
10573070,
10696597,
11514719,
10132008,
10386720,
10842306,
10595873,
9767900,
10825838,
10614274,
10645278,
10571364,
10280318,
9891009,
8955653,
10456388,
9885745,
10559756,
10771849,
11408534,
10281681,
10110160,
9994574,
10554733,
9903611,
10026844,
10033643,
10946939,
10112911,
9478219,
9852186,
10112201,
11567772,
10031411,
9595285,
9938755,
10409438,
10755257,
9571371,
10125696,
10503250,
10676588,
10436995,
10356839,
9891578,
11413178,
9536839,
10543879,
10443760,
10925709,
10065830,
10493066,
9286040,
10236603,
9731007,
10324750,
9809342,
10234660,
9622491,
10645826,
10029820,
9877791,
11016717,
10440933,
9835825,
10246017,
10024044,
9894319,
10535395,
10159749,
9995498,
10893871,
10530303,
10716109,
9595041,
10048187,
10040802,
10259160,
9751433,
9805476,
9676717,
10528532,
10128623,
20813326,
20729876,
10372702,
10415444,
10056184,
10626071,
16305829,
10012707,
10639193,
8967084,
13891513,
18091073,
10183852,
9951665,
11449928,
10674474,
10543099,
10148502,
9812865,
9607417,
9763462,
18406833,
10983015,
10021358,
9908915,
10800764,
10660507,
10472069,
10803018,
10850746,
10792146,
10613117,
10668571,
11038480,
9828046,
10690014,
10619132,
10551296,
10881239,
10271321,
9914689,
10588564,
9965256,
9661330,
10525404,
10832067,
10591230,
10314661,
10114243,
10376043,
10018270,
9501330,
10236862,
10131133,
10924167,
10242548,
9967664,
9943931,
10846033,
9567536,
11130095,
9523732,
10136866,
9574114,
9401376,
10024933,
10239284,
9237159,
9911465,
9547182,
9655263,
10595448,
10055290,
9584968,
8835601,
10034307,
9979911,
9223825,
9499009,
9876729,
9812568,
10083723,
11075019,
9404289,
10681758,
9201736,
9922228,
9470519,
10192258,
9413664,
10239156,
10142027,
10552999,
9287389,
10407059,
9643764,
10399510,
9608919,
10488332,
10725864,
10431310,
10438679,
10585673,
10302086,
10121999,
9579918,
10391717,
9564579,
10450113,
10174399,
9770390,
9658463,
9581678,
10116776,
10553181,
9518245,
10283945,
9850591,
10398966,
9676448,
9661099,
9719415,
10768524,
10768370,
10612071,
10170988,
9853322,
10176875,
9443054,
10390663,
10114769,
9514564,
9900755,
10119812,
10748612,
10402737,
10558695,
10170926,
10653047,
9874625,
10125538,
9464462,
10691386,
10698827,
10527033,
9599224,
10675464,
10634405,
10044301,
10187532,
10568923,
10220301,
10276585,
8998758,
9764430,
9741249,
10466827,
10400960,
10085663,
10589954,
9042303,
10361371,
10042746,
9966225,
10455690,
9919892,
10656864,
10749781,
9809922,
10089410,
10510503,
10643514,
10868591,
9910363,
10090907,
9698416,
10552738,
10596844,
10728910,
10006440,
9566938,
10255701,
10310537,
9552989,
10421790,
10821419,
10581527,
10799792,
10335468,
10079555,
10445096,
10386910,
10378464,
9588742,
10744354,
9455307,
9244302,
10461332,
10259642,
10181885,
10636802,
10475496,
9593681,
10544456,
10915057,
9199155,
10288045,
9418182,
9986935,
10587492,
10471177,
10103389,
10160891,
10374098,
9996544,
9592865,
10720290,
9561281,
10426009,
10424417,
11032304,
9840191,
10225639,
10625390,
10117073,
10854092,
9795559,
9620762,
9558888,
10449626,
10483196,
9730399,
10803329,
10701264,
10713127,
10042788,
11091705,
10124775,
10600175,
10285867,
10715124,
10083913,
9821916,
10806133,
10564055,
10552786,
10989121,
10636802,
10536009,
10847283,
10068404,
9585942,
10310997,
9793113,
10774423,
10434658,
10721005,
10736000,
10517210,
10707306,
9846836,
10046163,
9879688,
9516655,
10497513,
10614887,
10219779,
10176855,
10533622,
10059055,
9852972,
10476369,
9703010,
9915710,
10011059,
10675148,
9904641,
11081062,
10989788,
10926946,
9602963,
10942277,
9344286,
10391949,
10788910,
11033930,
10043247,
10807905,
10584291,
10121902,
10010697,
9758988,
10702630,
10719968,
9539107,
10708881,
10040021,
10737738,
10369559,
10909371,
9975342,
9984978,
9625230,
9206952,
10766207,
9947470,
10700367,
10851459,
10635093,
9737412,
9661607,
10575672,
10766638,
10469333,
10960585,
10464132,
11358113,
10440349,
10481622,
10349783,
9885135,
10427903,
10611437,
9020833,
8968827,
9495966,
9872535,
10928931,
10413466,
9612594,
9936182,
9858665,
9662591,
9009463,
9257424,
10058556,
10356227,
9752600,
9715973,
9588688,
9679302,
9781985,
9995287,
9970688,
10262499,
9549685,
9364422,
9722737,
9697437,
9871314,
9416790,
9950147,
9437707,
9639530,
9878138,
9888295,
9838751,
9577821,
9902598,
9684399,
9462461,
10439163,
10045864,
10248497,
11001554,
10322074,
10085216,
8997639,
10007947,
9226318,
10686958,
10579985,
9091202,
9636172,
10749053,
10273758,
9989967,
9415216,
9945278,
9550131,
10695778,
10229407,
10050413,
9554718,
10650808,
10214212,
9886898,
9220522,
10520696,
11084133,
9607180,
10374440,
10351180,
9214919,
10447513,
10329331,
10399516,
9929435,
9664813,
9800769,
10328674,
9978862,
9410273,
10427276,
9742374,
9965496,
9880607,
9912189,
10320314,
8878827,
9075860,
10299743,
9536874,
10180798,
8932950,
10200765,
10401168,
9567958,
10354002,
10219003,
10919182,
9122799,
10410603,
10532059,
10690423,
10672621,
9722384,
10134373,
10221099,
9496444,
9978187,
9844532,
9723863,
10665362,
9599357,
9807026,
9783048,
10227804,
9851085,
9784056,
9644067,
9178468,
9798431,
10673132,
9562434,
9880721,
10103366,
10922811,
9724123,
10611311,
10634961,
10711768,
9657021,
10350090,
11207923,
10717804,
9675557,
9806112,
10583738,
9792748,
9260050,
10362469,
10374212,
10764590,
10470057,
9606423,
10569245,
10741160,
11018004,
9236047,
9902241,
9878375,
9373986,
10076183,
9752203,
10118250,
10349724,
9374570,
9905922,
10663216,
9803872,
9575318,
10465653,
9520247,
10501405,
10848396,
9879198,
10277456,
10064146,
9796493,
10019818,
10284904,
10089018,
10558071,
10903295,
10082651,
10242407,
9932324,
10121410,
10199136,
10157910,
10719784,
9667471,
10822473,
9679354,
9676178,
9803861,
9823791,
10228870,
10792652,
9529205,
10578631,
10528486,
9942727,
9429783,
10115578,
10216734,
10583509,
10741681,
8899638,
10119658,
9538326,
10349951,
9757773,
10237699,
9951341,
9389143,
9975621,
9827792,
9693586,
10870576,
9863958,
10741547,
9563463,
10127212,
10160495,
10352681,
9543968,
10566952,
9292513,
9779556,
10827317,
9399163,
10006811,
9239949,
10187652,
10521980,
10436106,
10223763,
8976127,
10197082,
10063502,
10372463,
9795769,
10327477,
9851847,
10337869,
10276585,
10661517,
9786022,
9710351,
9777244,
10910277,
10464800,
10743590,
9568168,
10466416,
10364564,
10596216,
9790206,
9424737,
10469038,
10665057,
9853535,
10102732,
10113933,
10106172,
10760101,
9752762,
10734785,
10566373,
9473558,
10592388,
8829603,
9428773,
9679064,
10277935,
9658394,
10594361,
10607823,
10360123,
9723270,
10988060,
9464336,
10309074,
9635711,
10249208,
9782856,
10138322,
10545119,
10730140,
10838795,
9630464,
10748014,
10862867,
10676395,
10379530,
9504046,
10526639,
9758686,
10652501,
10619454,
9821326,
9774753,
10469927,
9562358,
10701539,
10580602,
10873899,
10510689,
10639905,
10890525,
10888256,
10969688,
10717484,
10830307,
10593805,
10248555,
10134219,
10158872,
10338448,
9966834,
10910985,
10945775,
10899282,
10523500,
10428013,
10852511,
11076913,
9550143,
10462662,
10569354,
10883195,
10762064,
11060635,
8909635,
9514452,
9510461,
11017888,
9914882,
10155294,
10412215,
10787123,
8968771,
10554617,
9578172,
10702059,
10290353,
9634790,
9427499,
9708041,
9982265,
9911990,
10418927,
9964759,
10234809,
10925534,
8940232,
10003090,
10265605,
10418350,
10748377,
9429372,
10558455,
9553908,
9991856,
10716080,
10617932,
10650577,
10450634,
10378424,
9500281,
10448164,
10280354,
10813921,
9551061,
10019066,
10564032,
9673064,
9499264,
10874558,
10571539,
10802594,
10026239,
9662616,
10289675,
10657808,
9866444,
10000307,
9374683,
10120716,
9807181,
10009014,
10468492,
9649461,
10768793,
9920939,
10298667,
10559888,
10698576,
10862500,
9689253,
10631230,
10068577,
10741144,
10583535,
10679151,
10099553,
10923796,
10489406,
10500773,
10181689,
9737760,
10596127,
10764349,
9651326,
10847572,
11113689,
10425898,
9743557,
10638127,
10410782,
11224707,
10098325,
10843716,
11001587,
10391641,
9723570,
10800876,
10993968,
11017874,
10387427,
9657400,
9737714,
11029377,
9583575,
10815472,
9813098,
11068312,
9660959,
10152289,
9913410,
10555984,
10871261,
9706947,
10925099,
10120492,
11062236,
10654501,
11199155,
10834623,
10737886,
11719227,
10258215,
9825675,
10543526,
10082022,
9805512,
10869294,
10891258,
9572550,
10721483,
9855502,
10759865,
11068944,
9715549,
10722687,
11039113,
10955281,
9386337,
10374833,
9892632,
9709029,
10670382,
9979191,
10729087,
9525948,
10837955,
11290132,
10112722,
10648174,
10561798,
10572871,
10675858,
9934805,
9649115,
10741509,
9583467,
10211070,
9704835,
9842653,
9696233,
10523536,
10449649,
9284054,
10575525,
10450265,
10833807,
10766140,
10515079,
10374063,
10286534,
10471723,
10428389,
10238618,
10595705,
10717684,
10952312,
9532224,
10485772,
9965256,
9818876,
10390909,
9656082,
10297897,
10267161,
10296701,
10350170,
10319731,
9605993,
10578865,
10505643,
9820730,
10229629,
9363690,
9170669,
8985994,
10688853,
10627755,
9659690,
9328647,
10528013,
10915415,
10061136,
10382584,
9691147,
10925492,
9497204,
10153817,
9067689,
10773319,
9590564,
10159307,
10588301,
10655507,
9041232,
10431276,
10656547,
10732278,
9616894,
9732363,
10103591,
10145376,
10710350,
9356701,
10437039,
10390560,
10533038,
10025797,
10178612,
10707844,
10049419,
9883910,
10099526,
9715905,
9382379,
10911834,
9724400,
9912078,
10445562,
9702593,
9977787,
9714707,
10171958,
9737199,
9615068,
9477315,
10475069,
10044102,
9923164,
9740426,
10896744,
10542421,
9540742,
10829369,
9704407,
10603223,
10133831,
10391890,
10468813,
9751326,
10661415,
10375346,
9168258,
10029737,
9902032,
9689085,
10768883,
10527768,
9579535,
10164866,
9917735,
10517623,
10008644,
10694513,
9758113,
9796930,
10220441,
10550828,
10136396,
9960169,
10272894,
10727488,
10358925,
9542648,
10165031,
10492052,
10281798,
10653638,
10675561,
10677377,
10458165,
9828643,
9974653,
10494099,
10723824,
10628397,
9883069,
10432659,
9681237,
10695570,
10764334,
10876246,
9640417,
10539792,
9831175,
10165035,
10566036,
10871181,
9945110,
10508576,
9649473,
10442136,
9738187,
9760068,
9559330,
10646048,
9233175,
10576142,
10980821,
9762435,
10474981,
10219789,
9152783,
9806305,
9375217,
9666032,
10333636,
10722727,
9752700,
9139172,
10687807,
9422839,
10701218,
9671050,
10601565,
9622101,
10222968,
9701927,
10193589,
10198403,
9543459,
10217386,
9692379,
9661981,
10364380,
9291354,
10099904,
10303155,
10248111,
10594442,
9561135,
9821292,
9897240,
