20133482,
9902080,
8623448,
8861478,
7410166,
7440928,
7567258,
7328344,
8387487,
7336357,
7128516,
7175491,
7807703,
7966995,
7535566,
7799710,
9707989,
7712676,
7580814,
8413874,
7792353,
8213945,
7408915,
8182275,
8019473,
7033144,
7559455,
7481161,
7488929,
7688035,
7311675,
6753687,
6943428,
7079289,
8409736,
8139206,
7555534,
8119256,
8227770,
7720712,
7050536,
7348283,
6881490,
7388673,
7177661,
7068982,
7360785,
8051096,
7331221,
6995499,
6999483,
6803015,
7404863,
7411489,
7191412,
8087259,
6972747,
6936195,
6721935,
6676830,
6755139,
6609839,
7046749,
6936848,
7644651,
6798835,
6809193,
7719896,
7009303,
7376909,
6603442,
6750769,
6869526,
6900823,
7029815,
6600311,
6333888,
6700928,
7250600,
6374930,
6463741,
6651940,
7292414,
6413231,
6639593,
6919201,
6448656,
6353988,
6582247,
7638394,
7825275,
7469232,
7026969,
6887029,
7861749,
6695076,
7313800,
7664577,
7849315,
7683692,
7093064,
7613411,
7166315,
6886964,
7302324,
7971274,
6670186,
7078604,
7195294,
7884488,
7880349,
7202471,
7216225,
7128338,
7937609,
6984715,
7428270,
7223978,
7225632,
7195134,
7176331,
7000173,
6871348,
7006987,
7049734,
7075936,
6989833,
7492761,
6690456,
7690371,
7946419,
6893803,
7450866,
7225394,
7486571,
7175760,
7818582,
7308646,
7331610,
7432939,
7291470,
6921401,
8519068,
7223038,
6945758,
7172707,
7634570,
6799301,
7259243,
19831095,
7834255,
7828949,
7408557,
7425068,
7750019,
7262497,
7084647,
7336621,
8010540,
7659557,
7129188,
7052605,
6890524,
7201851,
7410609,
7616840,
7261143,
7225691,
7709103,
7415626,
5967146,
6974184,
7413736,
6570778,
6542502,
6934677,
7132798,
7679672,
6603185,
7231342,
6575188,
6966192,
6823529,
6937541,
7101387,
8290644,
7213033,
7077693,
7340432,
8214214,
7013223,
7224924,
6962873,
6906294,
7059324,
7020248,
7159317,
7743532,
6818075,
7270150,
7584668,
7026666,
7647617,
7766640,
8293554,
7200461,
7961540,
6918707,
7387229,
7486738,
6868753,
6552853,
6625789,
6423597,
6676829,
6293554,
6420357,
6315046,
6909211,
6829753,
6158892,
7364859,
6581903,
6445021,
6650199,
7111616,
6122654,
6749813,
6704534,
7202181,
6502170,
6226063,
6848736,
7103605,
6457290,
6624790,
6892714,
6826975,
6962944,
6720246,
7226774,
7040412,
6751292,
7135365,
6885249,
7029103,
6686239,
7108252,
6343732,
6827088,
7373647,
7693147,
7343202,
7281590,
7360215,
7602791,
6993046,
7525670,
7248779,
6909444,
7584767,
7153064,
7497737,
6557596,
6969590,
6495167,
7163417,
7111516,
7259361,
6916647,
6772565,
7090943,
7206037,
6482273,
7006746,
6859897,
7010090,
6693959,
7130729,
7594112,
7126515,
7390002,
7186925,
6725192,
6523344,
6939135,
7199411,
7036073,
7287355,
6997233,
7290600,
7099188,
6807375,
7114404,
7173348,
6846851,
6496873,
7736485,
7195218,
7011546,
6621719,
6825484,
6894489,
6402297,
7028762,
7356143,
6837466,
7162793,
6532808,
7644651,
6684146,
6827225,
7142939,
6800856,
7228808,
7445924,
7684221,
6838040,
6934417,
6658039,
6635299,
6316313,
8560498,
6907289,
6623193,
6176981,
6421343,
6932359,
7494041,
6931830,
6902654,
7388215,
7175994,
8089612,
6472982,
7722909,
6518645,
6822218,
7416029,
7205085,
6615369,
6755615,
7075210,
6881815,
6732259,
6814057,
6498605,
6507687,
7072233,
6872807,
6749029,
6446958,
7005036,
7283551,
6752072,
6675130,
6861745,
6841151,
6808831,
7043740,
7303780,
7880059,
7359696,
7320254,
7065928,
7119950,
6867618,
8293123,
7030343,
7014937,
6960091,
6836538,
7069996,
7183370,
7864942,
6640884,
6799241,
6939901,
7458725,
7103556,
7408729,
7035293,
6984247,
7564804,
6830618,
6805361,
6756434,
6533797,
6693122,
6560009,
6953366,
7449511,
7038319,
6620459,
7834515,
6719582,
7296157,
7249658,
6520074,
6571901,
7020760,
7113654,
6701388,
7205678,
6649488,
6641417,
7121215,
6776330,
7234534,
6724376,
6526367,
6473384,
6213104,
6018634,
7213893,
6179440,
6518951,
6683726,
6478028,
6333002,
6574939,
6422160,
6188938,
6778692,
6480354,
6173793,
6631843,
7212868,
6708261,
6761078,
7005460,
7353417,
6781515,
7530315,
8819653,
7350333,
7514485,
6702312,
7145251,
6781975,
6685482,
7613460,
7517543,
7048906,
7157942,
7021356,
6573144,
6976036,
7236071,
7047313,
6567266,
7178202,
6655097,
7090629,
7460286,
7581075,
6215561,
8043206,
6558787,
7042300,
7208248,
6463651,
6775799,
7040782,
6405902,
6736319,
6849535,
6702726,
6939584,
6999576,
7304210,
7173621,
7153902,
7938575,
7681893,
6989047,
6578552,
7055816,
7314580,
6322183,
7067462,
6967374,
6583640,
6968271,
6779382,
6681138,
6973297,
6174571,
6512243,
6569640,
6664538,
6313316,
7386314,
7217614,
6863877,
6615953,
6487200,
6840370,
6146268,
6950920,
7177024,
6934260,
6362059,
6845012,
7093706,
6960630,
6665647,
6432746,
6500932,
6402049,
7180374,
6721259,
6547851,
6510668,
6355143,
6496116,
6733536,
5990219,
6706409,
6385302,
6353752,
6806438,
7153701,
6587331,
5801144,
6262424,
6624573,
6855854,
6561081,
7011203,
6965895,
6867127,
7078136,
6432770,
6594064,
6764009,
7826645,
7141097,
6762131,
6974632,
7506691,
7125202,
6636913,
6473058,
6910541,
7309883,
6931387,
7316043,
7278457,
6490701,
6840189,
6882236,
6496857,
7061093,
6918673,
6903794,
6515322,
6997897,
6764153,
7229086,
7673512,
6806583,
6702055,
6227109,
7107718,
7127849,
7206377,
7506762,
6832108,
6573792,
7059103,
7320473,
7138378,
6550618,
7332740,
6979313,
6659170,
6603021,
7118252,
7377809,
6684163,
7030306,
6911811,
7965087,
6979527,
7332669,
7057514,
6755385,
7700644,
7239690,
6852491,
6866450,
6845984,
6452431,
6324609,
7598754,
6866753,
7522567,
7203463,
7056362,
6475815,
6856354,
7115995,
6928413,
7228585,
7242925,
7734267,
7360253,
6742378,
6711907,
7189712,
6589606,
7193421,
7352472,
6456530,
7145161,
6984135,
6173444,
7011651,
6444075,
6814350,
7672905,
7580252,
7761410,
7012704,
6075297,
8034471,
7425950,
7362763,
6676766,
7282560,
7229922,
6868024,
7010510,
6947626,
6980051,
7197735,
7072791,
6836077,
7279887,
7278645,
7390831,
7413124,
7254853,
7784226,
6474221,
7354196,
6925670,
6643146,
6667601,
6439740,
6634816,
7494471,
6698592,
6514820,
6435975,
6467167,
6866955,
6208308,
6436415,
6467461,
6732309,
6235872,
5882758,
6090813,
6465157,
7818000,
7857144,
6581222,
7598018,
7453149,
7635114,
6979405,
7027090,
7446275,
7262958,
7168944,
7105332,
7139440,
6267730,
7378265,
7652520,
7146082,
6970885,
6810611,
6899017,
6928118,
7406896,
7191509,
7045199,
7497260,
6324997,
7242594,
6965183,
6922711,
6631184,
7541743,
7209924,
8088725,
6803564,
6886443,
6890789,
7679344,
6870127,
7590070,
6816621,
6520682,
7230574,
6790194,
6624949,
6806411,
6760851,
7971111,
6889637,
6974298,
6802890,
6919491,
7006175,
7128070,
7410595,
6921435,
7269129,
7826908,
6657045,
6701485,
7019704,
6553107,
7022422,
6673409,
7025734,
7075845,
7153281,
6749686,
7154405,
6710529,
7862400,
7329934,
8438679,
7214604,
6820617,
6861576,
6512401,
7158888,
8173092,
6637666,
7059504,
6731839,
6492677,
7005058,
7082945,
6741795,
7400060,
7176071,
7101835,
7391139,
6792832,
7377812,
7163601,
7237380,
6874057,
7272066,
7881711,
6861542,
7056932,
6756538,
7267641,
6608408,
7611484,
7779752,
6254846,
6855206,
7074751,
6495778,
7657717,
6829995,
6747294,
7261078,
7008471,
7364955,
6487531,
7249801,
6348462,
6885934,
7001576,
7386992,
6884857,
7195114,
7148962,
6676949,
6716876,
6889550,
7367519,
7407825,
7323646,
6740153,
7826693,
7650742,
7062993,
6341123,
7117934,
6386282,
7002406,
6153493,
7675147,
6438896,
7146550,
6719712,
6524107,
6424306,
6886885,
7371188,
6512120,
6376483,
5975139,
6293459,
6751373,
6744191,
6726809,
6435172,
6139195,
6495293,
7405554,
6622341,
6973419,
6244563,
6936996,
6554427,
7684651,
6781734,
7480174,
6780675,
6015963,
7072290,
7172392,
6357915,
6732089,
7331209,
7178309,
6860212,
7221701,
6966087,
7379746,
6848955,
7069080,
6985576,
6674891,
7337720,
6895408,
6397309,
6802730,
7776450,
6627587,
6906954,
7257661,
6687553,
7059856,
6613420,
7533932,
7031325,
7217214,
6976127,
6770652,
6630961,
7161462,
6739248,
7485362,
6675772,
6660968,
6513622,
6938186,
6682283,
6824900,
6733470,
6797465,
7454730,
7622350,
6921464,
7084546,
6979703,
7854211,
6896454,
6872590,
7127562,
7027153,
7500005,
7335820,
6655143,
6362130,
6774058,
6982733,
6857267,
6721246,
7549551,
7452986,
7114989,
7490713,
7293893,
7682790,
7313676,
6615218,
6461541,
6278093,
6841475,
6976778,
6985383,
7144715,
7067219,
6791478,
7067600,
6943891,
6752585,
8371697,
6947454,
7104088,
7195005,
6893050,
7266206,
7079957,
7815439,
7072095,
6933237,
6924176,
6892536,
6771061,
6722686,
7251013,
6887651,
6648619,
6480474,
7122846,
6585788,
6821265,
6727395,
7506925,
6718038,
7269719,
7042696,
6660978,
6344604,
7278510,
7019823,
6695259,
6938240,
6837430,
6550731,
7623025,
7754943,
8306196,
6898954,
7721263,
7336033,
7588055,
7498302,
7103099,
7100368,
6764855,
7336013,
7083798,
7067209,
7061062,
7201068,
7621967,
6371206,
6297117,
6708105,
7324490,
7122911,
6942533,
7150840,
7406597,
6746323,
7379571,
7132250,
7490685,
6833335,
6544221,
7684904,
6740239,
7539238,
6733916,
7188135,
6905417,
7234128,
6923897,
6960475,
6831508,
7096542,
7087205,
6963950,
7417976,
6956127,
8221425,
7612734,
6677200,
6792826,
6987126,
6906988,
6734478,
6788148,
7139055,
7119988,
6786149,
7285595,
6799821,
6742880,
7554490,
7532645,
7330255,
7964751,
7127965,
6949850,
7132205,
7733320,
6811820,
7067075,
7073028,
7308002,
6718774,
6468451,
6500988,
7023506,
6843805,
7088709,
6640750,
7236711,
7730583,
7356780,
6828065,
7105689,
7243565,
7655444,
6785155,
6658296,
6657956,
6870024,
6760515,
7129992,
6755745,
6675813,
7007639,
6541476,
6597356,
6783191,
7258348,
7109902,
7209094,
6892198,
6876685,
8248218,
6359155,
7074519,
7156092,
7183625,
7027032,
6609330,
6891351,
6737876,
7035696,
6748252,
6744938,
6867753,
7188406,
7205069,
7593287,
6587687,
6821352,
6508335,
7091140,
7042487,
6373036,
7123502,
7256170,
6906758,
7525538,
7056212,
6735773,
6547670,
6675733,
6527074,
7339287,
6600819,
7021113,
6207423,
6619052,
7011783,
6690928,
6843994,
6731272,
6429655,
6911291,
6570410,
6348549,
6246981,
6206425,
6798118,
6707193,
7160238,
6744544,
6620797,
7398324,
6514531,
7177575,
6255165,
6882730,
6939707,
6213163,
6288715,
6943724,
6314722,
7010703,
6795809,
6819265,
6340672,
7020360,
6992024,
6689082,
7237611,
7375880,
6427202,
6934279,
6840023,
6568689,
6846972,
6714649,
6555060,
7151838,
7295965,
6670316,
7222161,
7229560,
7110405,
6794755,
6694069,
7063267,
7145952,
6540684,
7233807,
6583694,
6751748,
7213321,
6974366,
6660304,
6218161,
6693722,
7073319,
7558721,
5852287,
6287695,
6929860,
7072940,
6632223,
7111610,
6636340,
6161978,
6423792,
6942637,
6750282,
6625311,
7618693,
6711513,
7038796,
6549352,
7328733,
6621355,
6854743,
6575479,
6898333,
7148118,
7171417,
6779984,
7334050,
7230818,
7108542,
7133649,
7405099,
6706806,
6711572,
7297603,
6904840,
7688979,
7762916,
7147948,
7057109,
7091802,
6358682,
6886738,
6976569,
6099208,
6638019,
7371781,
6602460,
6480055,
7155527,
7893190,
6863248,
6968832,
7332267,
7760419,
6896663,
7553401,
6928538,
7145702,
6857127,
6475317,
6950571,
6809795,
6742935,
6564926,
6598545,
5811005,
6360887,
6308061,
6568464,
5898900,
5915833,
6106534,
6737237,
6239436,
6060454,
6432569,
6288788,
6499835,
6895684,
6128226,
7228761,
6393898,
7033710,
7140279,
6811255,
7696754,
7511085,
7357808,
6908034,
6836875,
7282097,
7185939,
6875724,
6433442,
9469052,
6841118,
6677698,
6651670,
7898735,
7383669,
6402012,
6769726,
6590131,
7076083,
6909721,
7417911,
6850346,
6553883,
6457665,
7206687,
6568409,
6452219,
6459489,
6901534,
7584164,
7335971,
7223963,
7497087,
7011572,
7054108,
6967441,
7323405,
6912034,
7245919,
7056694,
6785874,
6757006,
6615330,
6533986,
6813290,
6862568,
7227450,
7229072,
7145806,
7596546,
6552607,
6433032,
7192425,
6555849,
6811093,
6853337,
6965159,
8045167,
6824495,
7030823,
6678139,
7960150,
6831358,
6703376,
6656839,
7623169,
7937567,
6625867,
6695413,
8436280,
6889494,
6842514,
6972316,
7335918,
6994110,
6852492,
7214948,
6797874,
6848164,
7601460,
7205292,
6917011,
6818397,
7277253,
7718096,
7396886,
7285440,
7587244,
7200021,
6718392,
6768975,
6908423,
6780668,
8569968,
8018801,
7242648,
7020519,
6652746,
7970124,
7189239,
6964574,
7027993,
7045217,
6728679,
6992950,
6893374,
7427090,
7474836,
7404819,
6498121,
7108589,
6818036,
7253751,
6482282,
7766874,
6649373,
6847081,
6863798,
6533113,
6799021,
7203098,
7745077,
6681060,
6565397,
7358287,
6523434,
7404580,
7019137,
6999753,
6870209,
6767483,
6580159,
7284780,
7240937,
6795715,
6593350,
6778341,
7007489,
6946470,
6738442,
6952804,
6669819,
6794092,
6166638,
8094713,
7008576,
6665137,
7191176,
6965724,
6483595,
7865618,
7669516,
7374638,
7214728,
6944362,
7148412,
6457332,
6561195,
7308451,
7165799,
7041217,
7018499,
7955740,
7070621,
7185739,
7405629,
7285835,
6942565,
6608007,
7099492,
6699402,
7462358,
6856072,
7161339,
6369425,
6798874,
7358929,
7021414,
8249769,
6736968,
7258865,
6428530,
7633579,
7035334,
6517466,
6675471,
7648033,
6369711,
6618051,
6390225,
6799856,
6467254,
6534895,
6240881,
6501739,
6186775,
7058273,
7445854,
7259976,
6574916,
6883174,
6644063,
6947790,
7025669,
6235841,
6947755,
6821361,
6061174,
6496787,
7157161,
6593029,
7093473,
6892460,
6692140,
7211251,
7870342,
8011485,
6729340,
6903588,
7353327,
7087722,
6938013,
7015112,
7119074,
6259922,
6838884,
8611749,
7028210,
7461307,
6878916,
7927718,
20154448,
7938956,
6693986,
7336612,
18565849,
6501899,
7100229,
6702325,
7350052,
7068917,
6411489,
6712876,
7113259,
6311543,
7127418,
6726800,
7398683,
6840082,
36219613,
6625159,
6428628,
6308994,
6910185,
6674691,
7011746,
6338093,
6721550,
7094499,
7000343,
7250431,
7432169,
6844354,
6606135,
6667996,
6572727,
6855751,
6507814,
20444213,
22411258,
7050550,
6918547,
6387309,
6157117,
7237831,
6954391,
6413532,
6947210,
6597190,
7089690,
6710543,
7099436,
7495908,
6791898,
6634254,
6543530,
6980033,
6260570,
7323890,
6954473,
6962550,
6130057,
6834084,
7242266,
6889730,
6673026,
7079157,
7024739,
6780478,
6810468,
6585427,
7089088,
7041856,
7100716,
6274183,
7653865,
7344839,
7140934,
6801850,
6419059,
6688990,
6512135,
6905758,
7071657,
7040206,
6795498,
7125558,
6716080,
6300166,
6831304,
6519974,
18631703,
7318464,
6519352,
7953087,
7747622,
6843138,
6309717,
6845298,
7274283,
7014689,
6384534,
7031419,
6581109,
7017949,
6579864,
6403676,
6933991,
6730269,
8765999,
7239678,
6171439,
6640540,
7246754,
7605787,
6296943,
7110119,
6603626,
7237777,
6839455,
6347962,
6688008,
7103921,
6629313,
6607176,
6457497,
6926467,
6391323,
6702606,
6786942,
6810097,
7022834,
7221445,
5937577,
6199949,
6465689,
7281121,
7503226,
6782951,
6773780,
6956965,
6779717,
7044550,
6929434,
7699221,
6887670,
6455164,
6643716,
6004420,
6293383,
7752340,
6413550,
7336985,
6731201,
6915150,
6381074,
6455092,
5679399,
6113567,
6138699,
6883195,
6303859,
6450496,
6589758,
6840097,
7039812,
6701481,
6315910,
6767208,
7332983,
6127352,
6370366,
6161868,
6924812,
6819449,
7163801,
6819685,
6111531,
6944477,
6903044,
6669680,
6776712,
5643802,
6902014,
6947050,
6334822,
6165663,
6620188,
6644377,
6412845,
7093981,
7163961,
6459962,
7404526,
6206058,
7017780,
7044946,
6571561,
6919617,
6463838,
6818161,
7142904,
6879194,
6736187,
6499418,
6470335,
7492971,
6740952,
7902610,
6018388,
7152285,
6887404,
7020667,
6704122,
6495274,
6122367,
6513731,
7051605,
6770913,
6351724,
7033926,
6605396,
7281553,
7369389,
6407518,
6978093,
6419916,
6237426,
6011350,
6006896,
5805625,
5516268,
5454311,
6685912,
6287424,
6142390,
6103016,
7031595,
6373146,
6303369,
7009846,
6855465,
6714477,
7282429,
7557046,
7741502,
7307423,
7381571,
7511235,
6331412,
6090494,
6305457,
7022066,
6567206,
6828286,
6885839,
7256534,
6862304,
7353633,
7265800,
7146571,
7021796,
6614183,
6654363,
7497454,
7568641,
7365274,
6990426,
7568218,
6819872,
6677653,
6465603,
7369396,
7000873,
7282780,
6522312,
6739468,
7799293,
7291808,
7670055,
7255978,
7273940,
7069892,
6773005,
7536319,
7136481,
6955231,
7014402,
7027559,
7354005,
7103371,
6888828,
7126691,
6922401,
7459219,
7175339,
6907101,
7681407,
7704142,
7094731,
6978012,
7169389,
7065984,
7085254,
7861123,
7113751,
7473514,
7216110,
6991296,
6971153,
7301102,
7352918,
6550680,
7732273,
7291494,
7184111,
7637129,
7041341,
6995257,
7527202,
7086465,
8064626,
8068043,
7180778,
6628893,
7644468,
7522218,
7817709,
7470320,
7612892,
7259721,
7313670,
6906762,
6715102,
8476265,
6705359,
7034639,
7454112,
6731961,
6646364,
6974518,
6659182,
6891498,
6603952,
7177154,
7062825,
6641213,
6502758,
7044413,
6697577,
6888721,
6010847,
7382423,
6807704,
7314206,
6620807,
7082583,
7062836,
7076173,
6921457,
7008961,
6716493,
6698439,
6875564,
6716896,
7501766,
7431873,
7242265,
8036133,
7090715,
6553798,
7453556,
7222335,
7030295,
7401913,
6986645,
7076486,
7130798,
7027721,
6531764,
7625680,
7304447,
6520094,
6947108,
7051496,
7677745,
7326544,
7021864,
7324553,
7164161,
7021220,
7636046,
7105852,
7279705,
6580349,
6688346,
6601062,
6621494,
6217074,
7647673,
7007497,
6102794,
7150329,
6201676,
6584004,
7014983,
6497148,
6215041,
6838040,
7037166,
6695033,
6455789,
7165456,
6254415,
6970126,
6716098,
6526964,
6737063,
6973198,
6907451,
6928467,
6466701,
6670343,
6220331,
6046389,
6371729,
6317589,
6549404,
6643857,
6718629,
7305846,
7288968,
7877477,
6508018,
6917230,
6920545,
7032905,
6844878,
7502634,
7149118,
8051013,
7222991,
6700498,
7495767,
6600957,
6766356,
6243025,
6974800,
7370464,
7165405,
7130688,
7553136,
7045691,
6406863,
6499391,
7042617,
6812284,
6710981,
6892244,
6461209,
7497587,
6536233,
6413504,
6850248,
6887435,
7187550,
7095121,
7308653,
6774819,
7199411,
6998773,
6335302,
6811408,
6478818,
7855675,
6951978,
7642919,
6890391,
6518747,
6834656,
6636874,
5750005,
6797072,
7169003,
7216774,
6416656,
7664027,
7147365,
6742019,
7242426,
8186478,
7271158,
6298330,
8455210,
6200368,
6356599,
6533457,
6826058,
7849588,
6725723,
6315673,
7553568,
6301809,
6948989,
7326044,
6586951,
6457178,
6780168,
7447665,
7097402,
6928931,
6315484,
7033610,
6529210,
7022463,
7919571,
6497482,
7029040,
7082915,
7233498,
7001895,
7306660,
6658161,
6517378,
7258921,
7496938,
7343294,
6816701,
6858324,
6269412,
7008093,
6661710,
6835229,
6522902,
6736646,
7430537,
7096956,
7231481,
6771215,
6119331,
6962976,
6845221,
6449300,
6644077,
6624252,
6017553,
6869260,
6493283,
6489953,
5692570,
6855447,
6758017,
6720645,
5605403,
6971631,
6809643,
6964824,
6593199,
6717518,
6531094,
6425441,
6575224,
6523916,
6478408,
6440055,
6183864,
6333166,
6534104,
5158118,
6494822,
6647223,
6160884,
6195644,
6705705,
6593860,
6538275,
6740847,
6467708,
6738428,
6433042,
6766386,
6852857,
7106325,
6762411,
6341902,
6733506,
6251404,
6681139,
6996901,
7210052,
7137164,
7377106,
7071299,
7268048,
7418052,
7228000,
6248235,
7428518,
7207571,
7312770,
6724523,
7281510,
6359817,
7288190,
6746833,
6602819,
6688566,
6943234,
6941463,
6578773,
6530124,
7309067,
7040065,
6893767,
6585074,
7588184,
6516864,
6950737,
7082972,
6965746,
7338593,
6204272,
7129595,
6783031,
6511138,
6917600,
7014620,
6622809,
6172530,
7170121,
7814475,
6682576,
7182249,
6784081,
7735699,
7123478,
7143178,
7207226,
6229996,
6396799,
6883849,
6379782,
6310802,
6896867,
6498305,
6472941,
6872418,
6854111,
6886875,
7079368,
6953440,
6107292,
6746179,
7167163,
6915380,
7033480,
7802856,
6469568,
6409687,
5690821,
6366564,
7258990,
7177616,
7687173,
6404046,
7145129,
7028234,
7895591,
6611347,
6446222,
6478142,
6011347,
6383019,
6426709,
6688936,
6814325,
6124814,
6988598,
6541302,
7525488,
6486594,
6008932,
6831411,
6849647,
6338269,
7222694,
7278501,
6974321,
5752899,
7173902,
6362114,
6859478,
7080722,
7066982,
7414392,
7395803,
6311423,
6902288,
7323389,
6490101,
6950871,
6576545,
6732715,
6826765,
5907873,
7088265,
6760374,
6496774,
6313616,
7069416,
6989053,
7456176,
8120500,
6765088,
5963178,
7137241,
7674209,
7306646,
7077719,
7104668,
7227714,
7098509,
6769301,
6623013,
6594699,
7090842,
7291294,
6692996,
6878017,
6759872,
5991071,
6934552,
6818551,
6399282,
7629500,
6959810,
7155698,
6875398,
6220907,
6897208,
7294570,
6961283,
7377606,
7211916,
7367767,
7118565,
6619036,
6982750,
5978542,
5614779,
6258966,
5683492,
6900823,
5797882,
6391103,
6608484,
7570164,
6755842,
6486987,
6059407,
6112075,
6381783,
6299013,
6930640,
6530412,
7898773,
7278453,
6376593,
7050928,
8222507,
7751976,
7268533,
7157774,
7244193,
7204933,
7025851,
7272316,
6879868,
6933646,
7178104,
6954262,
6959987,
7026939,
6190604,
6553428,
6628010,
6447259,
6318698,
6994311,
6653426,
6776066,
6965872,
6550089,
6703839,
6282013,
6362798,
7270680,
6388908,
6914056,
6535913,
6991222,
6863370,
7011613,
7040783,
7209449,
6593270,
7404523,
7013213,
6569097,
6653775,
7112291,
6900613,
6784928,
6583197,
7673660,
5791958,
6915042,
6689461,
6526191,
6834521,
6289726,
6342753,
5959813,
6795308,
6699116,
7107722,
6062594,
6080924,
6823037,
7180904,
7118568,
6628711,
6791868,
6829473,
6362743,
6958877,
5935123,
6733285,
7916978,
6788521,
7047014,
8116319,
7157917,
6750526,
7062630,
7226161,
6945027,
6880894,
6963710,
7043026,
7087252,
7823698,
6985026,
6841555,
6672376,
6981279,
6661759,
7107573,
7434692,
6603640,
6892264,
6981920,
6584784,
8379799,
7901013,
6515756,
6316745,
6774018,
6869915,
6311616,
6605173,
7227694,
6532977,
7389290,
6708545,
7806681,
6667852,
6697822,
6725582,
6584994,
6648367,
7002912,
6933651,
7357385,
7004588,
7059942,
6871186,
7176421,
6853297,
6833311,
7185013,
6938646,
7007023,
6899550,
6967024,
6890147,
6939260,
6818778,
7421285,
6873556,
7521735,
6673511,
6250070,
6410413,
6708406,
7204314,
7227982,
6369027,
6687639,
7381283,
6780796,
6499207,
6968069,
6386853,
6200221,
6641711,
6610360,
6915091,
6481199,
6089094,
6225551,
6756309,
7064153,
6688497,
6869093,
6830672,
7056062,
7095542,
6070992,
6873672,
6388889,
6303863,
6278716,
6249448,
6581415,
6228522,
6099914,
5874370,
6422469,
6360987,
6403272,
6146825,
6749511,
6665063,
6538372,
6819916,
6646416,
6645158,
6301500,
6876340,
6746332,
6597809,
7035847,
5958769,
6146825,
6144572,
5691543,
5987766,
6547748,
6609378,
6366494,
6313106,
6571168,
6298326,
6653730,
6492858,
6205361,
6786196,
6461642,
6071581,
6380909,
6238221,
6312132,
6263352,
7000113,
6302529,
6422244,
6824500,
5964654,
6421428,
6550754,
6817948,
5810601,
6483015,
6298233,
6462543,
6868721,
7031263,
6071925,
6143616,
6347772,
6459440,
6367952,
6791355,
6058078,
6859825,
6142355,
6557528,
6222207,
6361179,
7410309,
7162412,
7122798,
6322755,
6987800,
6576747,
6823972,
6586197,
6835904,
6792717,
6630912,
6880390,
6955561,
6644603,
6825221,
6884165,
6342959,
6498165,
6639581,
6674086,
6518252,
7071478,
6663890,
6799701,
7490846,
6704023,
6282958,
6807028,
6513055,
7419750,
7370712,
6539537,
6264102,
6558827,
6857840,
7258861,
6606057,
7889085,
6479901,
5895075,
7049397,
6660743,
6991117,
6628250,
6424199,
7540891,
6885985,
6127775,
6239964,
6751050,
6750996,
5470231,
7072079,
6526120,
6508533,
6745918,
6075939,
6335778,
6843493,
6912474,
6319974,
6819478,
6485776,
8210478,
6717926,
6535305,
6703581,
7172751,
6689729,
6729226,
7015770,
6256633,
6800551,
7121371,
7214282,
7423765,
6921656,
6601735,
5887883,
6341174,
6616134,
7093953,
6931528,
6797005,
6909792,
6126641,
6289892,
6533984,
7440335,
6507742,
6698246,
7502455,
6690227,
6832555,
7112982,
6651890,
7086619,
6355867,
6652399,
6697533,
5974994,
6646586,
6310626,
6622617,
6856435,
6952024,
7153225,
7387903,
6295053,
6125920,
6571837,
6411646,
6659983,
7334330,
6642100,
6719297,
6957294,
6649142,
6695502,
6647026,
6751058,
6833714,
7074596,
6578944,
6428518,
6595772,
5985090,
7145981,
6215090,
6135677,
6775002,
6626163,
7155095,
6532658,
6860333,
6697910,
6485162,
6540340,
6419069,
6771988,
6307788,
6789507,
6719730,
6732123,
6228714,
6742133,
6294296,
6884998,
6387127,
6669466,
6538058,
6120289,
5286042,
5652180,
5762704,
6139644,
6282330,
6404941,
5499590,
6045159,
6326860,
6558515,
6364140,
6576727,
7029470,
6323857,
6202669,
6314037,
6473862,
7019460,
6734846,
6758406,
6433159,
6883755,
7092481,
6380596,
5757888,
6350849,
6377655,
7166153,
6360979,
6973051,
6674033,
6797009,
6145244,
6326650,
7589410,
6680199,
7385199,
7118295,
6778218,
6456292,
7416039,
7163627,
6471544,
6764975,
6143785,
6997680,
6529171,
6573890,
6259783,
6105347,
6400311,
7200114,
7007243,
7001948,
6012607,
6792471,
6577824,
7035737,
7676709,
7556507,
7089649,
6644186,
6845657,
6837154,
6502121,
7038636,
6421345,
7064790,
6704053,
6920847,
7031702,
6733488,
6559807,
5971552,
6868796,
6118264,
6409670,
6856897,
6903205,
6946426,
6322449,
6555667,
6135781,
6278614,
6820100,
6830951,
6979766,
7638763,
6535577,
6564615,
6931324,
6095213,
6357056,
5865808,
6292517,
5971599,
5467468,
5719729,
6352276,
6066983,
6284430,
5630055,
5612089,
6033448,
5927937,
5826330,
5900284,
6422572,
6834998,
6063439,
6017386,
5993259,
5695208,
6274268,
6143368,
6433012,
6705786,
6658440,
6751741,
6520614,
6436366,
6353622,
6643419,
6423475,
6767474,
6783028,
6072982,
6657912,
6895863,
6096145,
6694925,
6459588,
6659123,
6722969,
6278522,
6688796,
6424771,
6882319,
6681947,
6443789,
6494715,
6636997,
6801967,
6577711,
5893450,
5902979,
6651961,
5916795,
6032137,
6964213,
6396892,
6571319,
6433066,
6170648,
6259950,
6122326,
6000999,
6756329,
5855906,
6268963,
6613772,
6265694,
6658166,
5869585,
6919599,
6597067,
6249687,
6845757,
6867586,
6300659,
6104946,
6518444,
6542730,
6091732,
6838603,
7166337,
6656446,
6704993,
5972773,
7267170,
6190451,
6266203,
6853487,
6385919,
7018883,
6306504,
6946017,
6261232,
6459215,
5574789,
6518770,
6478363,
6088630,
6474911,
5610853,
6178657,
6117939,
6416785,
6085579,
6362182,
6519128,
6322951,
7384682,
6961816,
6239956,
6776346,
6691332,
6986629,
7075103,
6468388,
6874233,
6917657,
6778965,
6219391,
5836114,
6852052,
8000806,
6627386,
6992646,
6722645,
6321669,
7017570,
6770169,
6727862,
6658006,
6259106,
6132343,
6860974,
6822569,
7028232,
6474768,
6607460,
6790158,
6241153,
6650906,
6248943,
6529743,
6857135,
6480756,
6648439,
6687832,
6838928,
6903014,
7081930,
7035132,
6687356,
7121268,
7540185,
6855349,
7132342,
6629807,
6525697,
7107852,
6823979,
6762055,
6550020,
6319250,
6827503,
6320159,
6028668,
5990230,
6120931,
6419978,
6487736,
6113234,
6983503,
6154308,
6969207,
6045862,
6760225,
6384779,
6287674,
6965453,
6762445,
6639856,
6583387,
6308873,
6918191,
6346268,
6456108,
6696195,
6655080,
5802175,
6880202,
6810062,
7673586,
5873320,
6086485,
6757909,
6791222,
6979649,
6683126,
6599943,
6591394,
6644612,
6123082,
6015652,
6270783,
6448676,
6448865,
6945531,
6553774,
6366545,
6138564,
6470574,
6509874,
6952986,
6308682,
6638675,
6519547,
5936867,
6509851,
6234577,
7258394,
6923418,
7015724,
6836988,
6403089,
6977413,
6674876,
6730887,
6791889,
6590622,
6616174,
15985898,
7139979,
6490985,
6677035,
6663879,
6245699,
5882190,
7139902,
6864441,
6194961,
6705765,
6732326,
6680050,
6398806,
6583856,
6604050,
6730757,
6995311,
6786178,
6720421,
6600710,
6691347,
6601767,
7861399,
6965969,
7060532,
6643350,
7686961,
7037438,
6790755,
6742651,
6734496,
6334280,
7013102,
6830232,
7323418,
6743423,
8263751,
6678599,
6733302,
6735975,
7261061,
6215856,
7444648,
6554210,
8218896,
7403485,
6919430,
7424285,
6801609,
6780439,
7332259,
6863704,
6854961,
7441622,
6740428,
6445919,
7073108,
6489775,
6832492,
7144364,
6612850,
6354257,
6605397,
7420438,
7249649,
7470901,
7525705,
7043213,
6767152,
7865139,
7770011,
7700183,
6951589,
6992469,
7439146,
6847620,
7520402,
7101705,
7219007,
7068838,
6855908,
6994599,
7338323,
6746130,
7176901,
7068678,
7329096,
6694392,
7865660,
7336083,
7104749,
6879834,
7105135,
7199281,
6921417,
7568159,
7246711,
7490172,
7172498,
6455628,
7474495,
6952213,
7027203,
6830495,
7075332,
7424045,
7003538,
7717956,
7059158,
7153417,
7240791,
6457582,
7233764,
7176707,
6793468,
6644167,
7010420,
7171886,
7632633,
7270578,
6906231,
6534083,
6906667,
6793572,
7022004,
6566300,
6942097,
6999954,
7028966,
7206395,
7738965,
6504118,
6661576,
6524714,
6863487,
6879834,
7176801,
7211494,
7028172,
7042292,
7563807,
7023934,
7207905,
7005483,
6758071,
6913930,
6952250,
7318787,
6831918,
6765368,
7401652,
6924471,
7258891,
7241494,
6918731,
7137082,
6811386,
7271033,
6449598,
7083632,
6669263,
6775482,
6091500,
5968936,
6540810,
6579467,
6231815,
7017106,
6337472,
6711085,
6915090,
7044355,
6580155,
6693814,
6386493,
6914963,
6448218,
6691040,
6078591,
6178690,
6612290,
6337125,
6397501,
6674286,
6778373,
6496328,
6802588,
6781595,
6885948,
7206613,
6911846,
7269172,
6881751,
6911020,
7106735,
7250047,
8068722,
6822725,
7234987,
7136135,
7113342,
6962370,
7102329,
6785505,
6400536,
7271981,
6911650,
6546127,
6515071,
7125181,
6793169,
6567411,
6418735,
6969664,
6662333,
6818448,
6548867,
6568650,
7096558,
7119268,
6920183,
6855465,
6916970,
6795772,
7131982,
7034423,
6992826,
6728346,
7278519,
7155519,
6991073,
7143947,
7491204,
7456892,
7727156,
7759302,
7399955,
7177305,
6946533,
6944094,
6767852,
6947926,
6747754,
6580440,
6460292,
7509214,
6880063,
6796182,
6527923,
7151204,
7371386,
6946473,
6379636,
6887321,
6682532,
6703319,
6457716,
6644350,
6886204,
6987303,
6571270,
6508758,
6576813,
7649020,
6548517,
6706896,
6701258,
6700666,
6280276,
6247763,
6441084,
6461288,
6538354,
5963977,
6343674,
6592639,
6442905,
6334468,
6559079,
6853219,
6647351,
6959528,
6750118,
7277464,
6680102,
6094432,
6336460,
6749036,
6533820,
6810939,
7266489,
6684060,
6780547,
6611576,
6701736,
6211264,
6752166,
6351690,
6514943,
7193524,
6708217,
7611423,
6980753,
6584291,
6512413,
6855767,
7289813,
7205054,
6877714,
6736009,
6900070,
6273770,
6940559,
6380351,
6362964,
6523788,
6529204,
6772921,
6732567,
6702656,
7412404,
6787275,
6800998,
6635590,
6386946,
6762956,
6639486,
6418703,
6517654,
6638769,
6624109,
7333953,
6963277,
6917721,
7014508,
7274653,
6642756,
6640360,
6335371,
7141391,
6670107,
6739865,
6330528,
6553624,
6508021,
7303200,
7154190,
6983663,
6821408,
6843254,
6583427,
6632711,
6243257,
6630013,
6419299,
6370826,
6712769,
7505338,
6618339,
6160384,
6878224,
6909416,
6958140,
6764216,
6476731,
6192548,
6003282,
5954796,
6405300,
5682552,
6291086,
6045698,
6226133,
6340654,
6536963,
6756456,
7468106,
6701879,
6888967,
6596661,
6689874,
6899555,
6890507,
6610860,
6880397,
6789908,
7956887,
8163342,
7084471,
7264580,
6795068,
6607181,
7048232,
6203201,
7046764,
6680027,
6645929,
6648391,
6572531,
6533047,
6106367,
7804354,
6268579,
7081905,
6194469,
6565686,
6506347,
6935657,
6383870,
6344214,
6478268,
6713498,
6676612,
6459909,
6189207,
6259233,
6953067,
6495754,
7214101,
6583174,
6497480,
6847797,
6552587,
6738142,
7250734,
6352855,
6755697,
8208818,
6896042,
6514460,
6599406,
6856301,
8107067,
6776118,
6348926,
6651320,
6889807,
7084533,
6960374,
6497272,
7006650,
6754465,
6513371,
7033862,
6744685,
6866283,
6684402,
7266766,
7540344,
7080057,
6903538,
6122336,
7023626,
7134181,
6405754,
7009508,
6838494,
6816998,
7974127,
6631387,
7130462,
7311506,
7214044,
6968969,
6804892,
6977180,
6594323,
6892780,
6885378,
7405789,
6795222,
7287942,
6926218,
7490866,
7047939,
6473598,
7032250,
5896856,
7132072,
7049549,
7375127,
7275997,
6824865,
6331903,
7205277,
6856918,
6570797,
6469518,
7293413,
7302280,
7030945,
6888452,
7063100,
7794266,
6838944,
7669069,
7110533,
6812355,
7438162,
7777861,
6987673,
7869557,
6863178,
7014219,
7301219,
7232634,
6669762,
6633443,
7062526,
7083279,
7226729,
6938117,
7555008,
6872008,
6744235,
7181034,
7129875,
7234028,
6831341,
6801158,
7099297,
6993815,
7232532,
6840878,
6664543,
6775507,
6964690,
7012697,
6444256,
6565484,
6630353,
6612550,
7165392,
6699887,
6711539,
7376594,
7095939,
6826702,
7044012,
6637321,
7339965,
6885177,
7510788,
6861260,
6559271,
8441999,
7449562,
7284063,
7126785,
6752811,
6930256,
6762599,
7308507,
6896950,
6904384,
6642603,
7068803,
6900874,
6899658,
7656094,
7030883,
7360882,
7164678,
6989068,
7207481,
7251894,
7484895,
6945972,
8117144,
7023313,
7656964,
6878717,
7024153,
6739809,
7708433,
7628749,
7250047,
7178567,
6853755,
7018280,
7073705,
6864398,
7054545,
7137449,
7172067,
7322410,
6677325,
7797224,
7015996,
6778614,
7126782,
7300953,
7164185,
6794597,
6984916,
6842205,
6795018,
6893198,
6498451,
7069075,
6859517,
6642659,
6575977,
6362585,
7061955,
6916687,
7074322,
6777221,
6923395,
6787399,
6345069,
7183225,
6871245,
6930357,
7034355,
6713189,
7568573,
7087459,
7086971,
7817646,
7186656,
6651036,
7042979,
7270452,
6969054,
6461998,
6849889,
6804844,
7665460,
7023726,
6981387,
6973134,
7254291,
7325213,
6990937,
7202821,
7074758,
7095905,
7038783,
6870078,
6736496,
7128412,
6951081,
7173105,
7008176,
6767561,
7184767,
7074599,
6828129,
6729285,
6983124,
6521118,
6293556,
6773518,
6662148,
6787043,
6506456,
6415760,
6582968,
6553094,
6601244,
6367548,
7554081,
6821709,
6957545,
6742906,
6078911,
6409492,
6933036,
6875414,
6216120,
6647535,
6786387,
6706176,
6659317,
6881832,
6335988,
6295524,
6679959,
7514681,
6917072,
6582978,
6805577,
7321794,
7858252,
6947967,
7175981,
6621877,
7104742,
7280087,
7051282,
7068238,
7302920,
6805977,
6652906,
6941248,
6515181,
6792228,
6984352,
7042415,
6582732,
7493417,
6483794,
6436007,
6743146,
6128552,
7609630,
7263543,
6387469,
6084830,
6574350,
6032159,
6209109,
6608199,
5754255,
6321602,
6015219,
6576403,
5861652,
7239826,
6685773,
7286736,
6804945,
6550044,
6991983,
7114615,
6766208,
7004376,
7035602,
7020219,
6609845,
6546008,
7019654,
6393657,
6735855,
6628254,
6831493,
7329260,
6977126,
6975526,
7030222,
6724176,
7067796,
7516791,
6718035,
6825441,
7542434,
6609884,
6955398,
6637280,
6498191,
7217343,
6765905,
6613343,
7341416,
6610349,
6948511,
7189395,
6830918,
6440239,
6778272,
6705332,
7047702,
7314454,
6717649,
6405166,
6644339,
6644751,
6911901,
6739009,
6735101,
6406251,
6364799,
7014350,
7075585,
6892630,
6953460,
6828408,
6779248,
7120072,
6617522,
6935727,
7617674,
6928533,
6329570,
7143065,
6821071,
7288028,
7370072,
7001130,
6734330,
6312086,
7095686,
6903857,
6832865,
6667849,
7038819,
6188496,
6428425,
7051380,
6705862,
6655986,
6451622,
6116450,
6508445,
6489516,
6833403,
6349707,
6598219,
6492869,
6410800,
5695864,
6290869,
6234024,
6810860,
6232685,
6955847,
5858114,
6633223,
5958870,
6583437,
7101952,
6555715,
6791515,
7184102,
6474232,
7553669,
6506141,
7216287,
6863924,
6475875,
7161347,
6666708,
6976936,
6724875,
6858628,
7235731,
6919270,
7239770,
6220061,
7006451,
7573315,
7067761,
6688533,
6724306,
7457084,
6655656,
7176925,
8111919,
6337492,
6964626,
6628961,
6587883,
6465672,
6609526,
7731519,
7380435,
6866805,
7113701,
7289543,
7341100,
6937180,
7147572,
7663009,
6848251,
6940780,
7244729,
6846431,
7587083,
7244160,
7242508,
6961846,
6690448,
6924770,
7416586,
6885627,
7099742,
6705172,
6812757,
6577570,
6638373,
7252662,
6690166,
6161677,
6622413,
6764174,
7195867,
6784650,
7210821,
6972525,
6488965,
6880944,
6968794,
7169672,
7486954,
6739008,
6851345,
6421820,
6471885,
7419012,
6969820,
6814801,
7366370,
7252073,
7014406,
7578841,
7036740,
6720042,
7400012,
6937754,
7028896,
7131735,
6905630,
6592249,
8286790,
6844432,
6824861,
7237028,
6735706,
6310181,
6672967,
6127251,
6301776,
7498697,
6715645,
6843551,
6881875,
7107399,
7157020,
6505592,
6895480,
7114745,
6673275,
7615994,
6637919,
6476321,
6292646,
6599749,
7368280,
7484603,
7120892,
7120828,
6389436,
6527078,
7229140,
6465898,
6729245,
7192601,
6225487,
6914420,
6550440,
7063845,
6633336,
7154109,
6296453,
5974260,
6763202,
7691480,
7144047,
6717460,
7191577,
6539165,
7900237,
7031592,
7632514,
6965391,
6890164,
6882563,
6657686,
6649339,
7029986,
6758818,
6746255,
7071626,
7284974,
7512935,
6978193,
6623481,
7067288,
6921634,
7782261,
7623433,
7087894,
7102615,
7019423,
6421388,
6461168,
6778918,
6998968,
6927104,
6732109,
6830154,
6688533,
6921173,
6646750,
6510292,
6659797,
7039566,
7620101,
6591397,
6787481,
6808663,
7781370,
7306464,
6584320,
6713850,
7105324,
6879584,
6976373,
7186831,
6235687,
6460961,
6995770,
6810867,
6827841,
7106925,
6654222,
6795668,
7205589,
7162509,
7006450,
7360945,
7175688,
6808081,
7043195,
6767974,
7624944,
7158057,
7678671,
6824474,
7341330,
7237881,
7107665,
6750493,
7280150,
6959892,
7166048,
6797368,
6847323,
6633997,
6867241,
6781728,
6737716,
6499122,
6424629,
6790835,
6925566,
6477551,
6635584,
6679422,
6995987,
6504143,
6650654,
6388486,
7365027,
7139212,
6918744,
6789281,
6924952,
6938681,
6808078,
6391162,
7002649,
6666832,
