133772608
130032587
126751629
133999743
130359098
126779568
134067055
130273949
126659499
133904662
130394526
127323681
134171660
129830599
126047233
133448680
129721098
125861881
132832542
118407656
135989627
132238529
138574583
134253288
130322161
137405764
133786915
130036084
126752056
133731048
129831979
126182275
133244486
118976668
136696553
132760125
128880053
135758880
131940685
138410991
134778402
131072414
128018890
135030939
131091703
127742123
134879753
131232209
128401235
134716659
130990230
137524518
133615787
130148750
136272339
132216995
127637482
134548138
130914005
126821218
133565409
129804170
125472133
132487287
128750674
124778020
131608895
117030290
134350290
130612913
126629841
133483724
129477337
125917770
132536669
129144390
125159355
131964224
117369679
134632064
131071060
127086617
134122536
130967860
137994847
134402991
141616024
137248558
131323882
117543015
123842548
130846911
116339519
133867734
129916892
125802861
132545599
128452603
124761799
131299621
116813090
134030674
119390092
136409754
132953511
128696816
124495311
141325953
116312901
112320646
130061378
115443817
132521791
128583283
124525612
131091223
116290980
133372510
129599562
125538024
132247887
117446580
135521388
131845511
138699550
135165213
131734102
127888562
134735857
130936642
127702897
134516398
130816365
126766633
133792941
129874460
125805386
132686379
128861682
124772482
131342940
116963323
133926682
130968028
127053473
134729140
130790116
126853182
133781955
130131637
126119967
133129501
118934558
136629492
132637357
128680246
135636373
131704191
127867147
134828922
131230321
137386195
133491994
129160080
124612311
130984084
116296823
133185190
129368337
124680298
131699718
117393465
134998824
131025051
126785771
133642880
128731578
125106218
131677002
117440173
135044224
131180075
127498791
134679519
130664847
126891375
133740887
129909566
126640893
134829698
131020838
127832885
134462595
130464721
126302084
133428277
129647168
125726913
132551321
128447355
124602842
130877655
116455754
133650782
130449625
126523974
132819923
128812663
135496443
131864343
117351995
135066783
131048670
126702068
133747943
129967129
126322729
133612506
129747691
126076728
133772064
130035924
125698429
132440417
118046934
135220606
130841509
126898030
133581920
119278664
136577792
132813135
128253581
124627472
130827648
116450743
133838903
129911588
125976255
132853298
128988596
124955406
131577615
117150870
134323484
119997316
137524238
133946663
129343491
125674037
132700125
118405035
135914611
132377884
128919385
135779576
131841216
128653949
135218919
131741461
127854703
134745044
130750738
126863292
133797272
129890271
137780434
134787729
130714948
126641026
133199195
118948780
136679928
132797845
128946954
135712049
131926150
138708112
134906969
130529456
126479269
133157275
129121470
125937285
132795619
129032509
125525899
132543759
118255844
135430777
131730379
127955260
134745152
131061264
127177939
133809176
130117600
137998276
136512190
130031055
126037750
133513999
130334471
136898306
133116055
129619785
136388339
132588383
139352660
135822605
132045830
128054599
134889003
131271130
126573801
133404581
129588494
125680354
132466092
118125747
135341173
131787078
127760033
134480442
130837224
127077556
133463020
129921873
126277958
132745905
129133723
125365254
132001766
117343046
134724093
131131248
127148203
134229953
130421378
126765941
133817063
130195911
126419240
133588618
119362518
136828216
133445293
129907018
136848058
133156016
140206470
136532137
132712223
128903579
135689695
131684648
127922294
134758091
130802822
137498606
133523881
129290232
125137594
121003666
117458822
113922561
110759701
106576470
102806950
108928137
104579082
90122181
107801049
103826547
89112986
106468160
102596280
109257534
105664054
101507047
107987941
104670424
90136643
96015965
113062978
109617734
105949870
103286332
110113627
106671781
101829708
108976571
95049829
112018522
108021925
93836173
110729943
96285565
113222023
109301955
95017330
112057585
107849924
93859381
110978542
96321551
113005099
98589147
93939253
111184620
118339686
114574338
110563960
106724315
114251906
99460156
106023545
112973969
109247948
105716566
112977035
109042602
94750776
112378449
109004769
93884820
112522989
108609170
104031421
131696758
117384803
134706719
130530688
126871132
133364562
129637274
125287414
132548994
118223037
135532582
131871339
127976732
134643063
131111730
127415532
133561803
129859718
125913715
132638581
128948677
124870916
131761709
117296390
134277262
130778265
126948725
133689993
129733143
136736918
133166276
118753822
136408087
132095900
128022017
133923016
130021525
126424127
133528973
129465765
126128318
133704538
130099099
126173724
142841295
119201052
137142008
132808676
128901766
135439738
131682335
127821095
134899689
131155740
127498704
134563951
130454227
136493971
132868760
139051985
134943560
130469492
136790977
132799934
118443745
135830418
132027306
127891333
134713929
130854668
137483388
133734391
130083650
126197190
132763667
128989429
124843138
132710998
118440902
135776370
131783985
127937712
134694823
130757477
126782897
133822725
129441831
136220805
132086299
128092106
134718517
131015828
126935935
133827833
129869892
126452377
133286235
129883478
136842933
133333133
129947565
136782264
132661197
140192609
136270906
132112655
128145718
134805648
130831293
126841350
134489482
130773279
127140788
133748246
129838548
125708692
133287730
129253700
125861398
132845484
118401770
135823587
131921687
127842691
134390620
130972792
126936423
133449432
129761314
125682717
132430928
128652601
124601931
131089271
116397526
133586237
129864256
125799140
132568909
128783765
124819378
131492626
117191195
134009066
129804780
126053153
133625733
129996875
126068068
133173561
118998040
136688014
132900609
139987181
137064469
132612207
139553240
135744003
131880819
127839672
135017146
131447733
128036788
135176711
130842040
126622520
134072080
129819589
126041672
132750916
128843415
124868271
131724393
117210497
134849349
131021446
127398336
133601034
129847551
125792682
132679751
128589812
124920730
131432736
116889467
134233784
119994554
137408534
133809630
129341945
124637927
131535469
127997812
134862914
130880664
137996223
134154444
130042079
126049597
122018258
117352240
113991850
130760780
116341719
133758610
129924369
136317811
132855722
128816178
125415845
132532601
118245908
135776102
131999643
128799318
135193498
130927226
127524219
134466288
131235387
137311741
133548805
130064762
125968421
132795200
128939951
125692868
132657783
118339751
135816099
131982704
127789150
134335176
130440672
126459500
133100893
128556243
134947512
130885690
126892485
133565485
129817521
125769409
132253599
128613723
124491544
131073334
116524157
133771041
129894253
136120205
131925436
127888595
124135170
131772204
117317645
134155354
130168609
137213512
133688349
129738164
136347260
132394585
118090720
135477237
131700980
127913282
134380461
130559563
137210420
133516118
129671136
125900010
132788656
118240015
135414912
131539963
127887575
134450849
130643784
126799582
133591928
129831361
125857730
132855908
118491621
135862881
132062864
127885788
134528219
130401177
137032462
133117337
128877720
125002189
131793961
117411224
134663561
130915025
126464068
133613862
130063084
126287198
133031310
129229576
125557997
132813353
118396217
136017278
121667677
139416462
135167108
131586973
139269243
135201282
120087059
126869912
133782036
129783385
136314825
132344719
118035511
135705650
131745926
127977284
134756276
130979695
126747664
133554056
129783810
126036623
132310949
128126870
124139429
130663250
116217144
134985938
131700306
127731024
134510907
130851339
127154113
133874428
130046395
126052774
132525046
128771895
124547172
131217867
116923927
134997233
131412797
127181602
133716983
129744707
126043383
133365851
119046542
136604688
132727196
128932961
135762703
132034104
127670475
134168060
129678494
125700308
132439533
128666875
124626058
131124885
116577717
133527631
129756287
125877007
132569694
129004064
125142752
131846205
117513252
134576632
130989311
137308527
133663821
130113254
125533294
132831321
129028828
125600424
132662652
118401550
135722671
131956500
138911452
135016985
130968660
127006178
134762095
130974719
127504332
134871119
130986554
127457355
134890649
131032629
127525432
135095917
130939899
127120499
134401930
130818127
127225557
133773866
129822524
125777570
132803140
118514112
136285091
132616300
129022708
135748191
131753887
128179260
134766783
131050171
127642091
134596383
130766547
137372723
133703734
129673219
136974511
133327108
129997013
137039221
133331115
140502066
136007431
142868746
139139841
135268018
131116032
138247628
134698862
130801972
126881550
133038478
129046422
125131310
131587642
117199016
134453311
130900785
127034643
133683876
130006449
136981063
133799338
130180252
126876447
133779385
129657258
124964905
131756461
117325870
134704960
130725638
126857922
133718737
129706848
126012400
133314992
119057574
136899796
133180862
129855951
136756998
133223308
129937308
136844375
133190132
129926939
136100927
132450032
128617132
135712836
131836766
127788351
134629717
130883838
137420521
133802616
129297686
126057678
132098102
127846952
124073832
130905411
116557822
133513086
129593822
126060233
132802499
129086873
125357108
132350357
118152315
135776682
132067332
128701958
135532789
131775657
128158607
134709199
130935428
126973075
134811361
130886741
126790895
133508603
129977268
125403235
132189918
117773255
135752519
131767974
127898047
134766796
130751653
126738778
133411692
129365628
135403652
132050319
128144139
124973518
132304002
118016903
136004246
132753988
128894300
135542849
131360254
128537644
135543922
131845147
128076193
134802219
130978926
127855320
134505468
130783703
126951302
133850880
130031543
136899734
133846571
140829765
126829373
133668801
129954585
136322121
132856439
138679443
134861438
131058924
127688751
134566600
130533943
126917846
132804550
118484746
135747134
132039106
138758858
135141724
130769923
126132380
133035808
129567086
125373936
132537365
118281306
135609236
131828815
127910383
134809653
130914077
127672390
135807844
131776280
127968719
134622820
130824207
127217593
133791727
129848581
125842221
133083895
129080049
124652844
131764632
117456234
134791861
131131442
127817183
134786493
130902470
126818990
134380995
130973299
138322044
134884625
131133602
116393918
122626239
129574922
115279242
133181187
118464003
135600210
131928210
127494408
133918971
130367040
125800371
132334281
128182814
124765007
131655980
117233199
134971207
131290917
127739470
134743774
130700406
126793872
133123363
129017545
125392747
132366900
117974448
135130799
131143874
127876239
134740680
130760893
126824340
133803282
129377010
136615300
132308822
128375851
123666099
130746137
116322584
133773856
129778328
126055474
132785100
118447717
135725941
131751223
127950776
134756237
130780727
127121268
133822286
129948902
126808881
133764232
130017141
126449442
133840269
130109160
126061712
132187508
128087940
123763399
131020774
117043950
135035140
131627347
128506520
133952342
130046379
136571982
133203084
129947106
127127208
123344272
108013709
103979852
99715335
107294086
103857104
90048382
107160186
92742993
98828598
115373937
111620906
117400756
134894790
132023626
128091794
134869140
131166866
127948180
134733593
130766321
126837824
133483777
129689652
126110095
133094699
119002129
137356564
133655114
129095663
135352900
120939768
139005141
134829674
131422054
127697997
134517638
130809274
126856783
133748768
129955749
126082632
133238854
118975747
136846082
133338919
128781771
135737814
132038813
128869026
135665703
131903215
127834618
134558444
130838707
126820224
133529456
119117000
136562352
132730044
128143236
124804330
131744108
117318369
134748274
130962197
126594029
134676442
130893609
127321213
134381251
130627859
126890442
133790770
130005265
126698161
132483135
128817426
125030293
131799173
117423467
135102058
130972499
127510158
134875855
131039526
128138493
135046637
131098563
126819826
134034716
129882620
125971320
131861273
128006870
123765576
129767271
115920913
132504082
128486419
125010421
131681255
117162747
134125625
129575029
125705612
132565559
128681951
125032504
131741551
117331018
134742384
131013564
127799950
135767669
131494844
127513825
134101430
130231439
126803453
132931593
129106365
125018843
131734394
117101279
134497421
130195612
125653321
132213130
128633719
124618179
120713876
137935263
145173998
140404328
136517915
132894859
128348541
123601192
130766055
116434641
133788023
129667495
124967820
130430435
116094193
133824672
129648860
125628447
132322766
117593388
135603573
131801693
127913385
134823549
130924599
137937542
133949926
130373199
125868474
132277984
129003054
135629074
131769694
117370596
134759544
131254847
127800227
134940296
131469923
128095080
134736915
130863722
138801524
134435348
130750468
126860454
133765093
129832643
126555790
133352026
129755242
126042105
133173988
118944976
136555353
132333985
129017452
135762720
131904016
128808529
135950962
132467970
128876156
135800429
131758387
127941828
134790131
131012526
127014939
133335584
129804708
126686106
133681586
129690861
126169739
132647519
118332844
135762823
132072746
128543315
135604630
132284574
127782805
134981334
130742865
126845681
133972175
129981867
126318969
133605820
130107124
126892187
133663825
129795820
126123714
132685189
118449506
135659270
132019954
138795462
135067630
130744982
127412707
134537562
131514487
127780882
134982470
131000791
127460292
134874812
131392052
127917486
134825104
130782975
127230505
134362263
130026741
126364635
132783549
128756815
124838822
131557811
117199343
134682738
130726783
126843713
133615166
129777985
125972510
132838596
129014881
125737365
132796111
118405827
135405511
131829715
128082679
134780818
131102427
127128468
133826998
129990363
126193589
132982979
129338910
136477256
132533617
118415858
135413572
131834073
128036830
135795921
132037261
127733906
135239385
131832904
128135594
134755869
130871366
127080193
133620735
129716975
126100727
133354668
119000892
136783502
132794901
128966637
135747300
132072597
128837192
135941428
132527094
129092218
135024307
130994564
128018742
134133598
130779714
127104816
133751957
129771429
125629062
132412734
117963914
135750861
131748131
127956973
134740842
130683807
126860076
133696749
129676842
125991495
132587378
118226679
135798034
131950759
128710523
136600805
132815839
129030672
135956165
131777422
127930618
134774603
131054770
127092263
133734216
130083329
126041863
132260933
128830927
125150112
132106809
117912131
135454132
131802312
128083607
134845742
130971415
127362235
134314426
130754636
126858323
133686706
129668095
125939247
132775342
118388812
135745512
132393512
128692902
135889330
132486113
128842536
136003061
131677177
127531322
123711226
130780994
116449110
133755078
130014114
126513468
132820813
128836305
125676982
132852290
118394714
135794477
132127742
128203359
135193527
131074233
126865384
133789206
130135517
126294033
132976694
118313283
135835048
132102579
128040928
134836204
130960596
126771522
133841537
129690105
125960581
132701475
128721042
125133768
131316468
126733724
133940869
130246445
125977725
133428148
129620736
125522668
132508503
128983470
135778232
131756112
127960954
134731713
130738078
126907384
132796309
128934397
125538142
133315124
119134528
136751348
133053599
129656174
135950284
131917368
127781880
134788332
130586832
126803777
133822849
130031265
126049388
133333290
119029565
136558867
132349154
128873958
135711228
131689176
127872344
134699147
131217437
127708453
134622457
130673110
127215238
133688765
129995830
126727615
133439571
129645758
125887540
132680950
118161406
135431726
131675585
127749519
134667177
130681394
126779176
133916787
129925023
126431128
132937027
129924545
126034018
133281216
118911819
136620146
132680974
128846437
135635422
131676550
127810334
134620553
130698238
126819368
133781951
129973493
126429712
133442740
129766703
125977634
133496914
129989805
126713764
132755461
128856543
125567181
132777017
129076043
125665583
132723890
118316855
135860652
132202950
129235660
136238279
132323106
128989724
135685988
131817476
127738031
135205934
131960366
128343260
135923688
132102851
129159961
136183538
132789842
140211824
136146648
132329007
128740974
124930709
132104669
117848425
135547280
131713725
127863672
134648451
131030163
127705038
134574315
130617653
126740911
133570849
129632102
126001085
132726585
118229718
135696711
131826023
128677097
136408335
132680215
128696925
135368500
131667488
127876607
134679146
130701408
126814239
132576678
128259289
123607109
130690298
116217899
133590000
129885217
135630738
131695354
127786787
134852418
130884616
127413124
134922654
130893490
126946277
134423445
130762905
127018890
133717478
129866253
125698439
133184449
129370973
125664395
132531082
118222120
135686767
131530931
127908796
134620068
130686833
126730395
133414275
129668096
136661394
132716179
118378975
135932763
132027894
138143968
134508234
130885417
127287789
134227845
130599087
126688747
133586886
129689843
126077202
132741675
118321527
135720171
132123931
127985092
134714954
130887615
126986772
133385470
129055130
125545483
132721803
129194743
125498232
132683678
128942768
125407280
132154446
128899476
135648895
131878367
128064528
123624693
140358477
136300226
131934360
128044238
123806714
129320073
115658381
121725971
128079595
124162539
119781085
116226686
132912173
129620160
126815465
133663360
129658527
125985925
132616893
118220378
135640025
131794557
128606804
135926763
122273111
140268851
136287008
131931960
128084492
123720105
120028755
105110747
100851107
106653163
113685932
109153588
126234272
121718479
118137391
104045000
100752940
107945095
104618693
90010398
107945988
103820988
89705763
107715528
104793437
90608791
108293870
104510852
100269788
106986460
102865483
109623554
116341896
112940194
118847862
125989498
133155338
118829865
136589062
132173539
138319295
134489008
130836907
137297795
133656842
129983873
125927735
132702529
129094775
125324009
132125687
117994652
135644872
131961882
128379109
134748973
130545957
127390684
133669990
129654771
125967872
133120450
118380969
136651951
132761515
129060103
135151248
130641367
127276474
133709058
129764831
126514994
133736257
129988300
125679526
132446242
117645569
134919955
130919980
127953975
134890517
131100469
127599656
134839159
131167149
127561558
134817989
130862825
127425081
134044479
130680493
126009537
133091912
128994363
125904439
132124391
117957823
135786879
132194258
129280230
135796015
132352641
128673201
135835503
132335293
128301185
134742218
130938601
126441046
133968974
129948893
125601272
131625145
127929139
134488062
130435602
127046053
134476816
130987144
127365672
135001250
131019956
127395000
134829067
131025637
127559581
134803266
130879383
127443459
134993035
131186883
128175250
134931011
130810362
138400318
134159263
130608768
126151796
122562460
118531122
114832799
120860995
106967120
113848886
99539903
106933230
103650315
89009614
106501181
93466190
89470397
106540722
102797074
109930770
105954333
92756876
109788727
106377552
102193356
108945403
105669111
102627644
108907195
104769248
110340721
117362387
113805566
119261352
115304281
132482842
128573574
124739221
131557463
127703158
134480551
130857800
126837021
133653092
129948057
126040382
132821145
128893179
125068862
131792846
117455082
134376511
130821354
127188927
134260731
130254383
137282881
133736785
129669126
136696589
132745160
118241028
135960587
132479915
128957611
135172846
130823905
128051209
134802472
131148832
126760736
133953974
130046833
126142586
133448330
119066388
136457440
132752458
129034665
136215387
132483985
128766020
135348349
131642664
127874345
134595199
130600475
137258191
133685805
130020709
126590693
133835853
129850597
126442161
133793723
130125294
126443112
134042217
129775810
125954302
131921233
127933911
124409170
131709306
117491706
134135398
130852568
126969291
134134084
130766288
126983726
134494420
130958616
126932314
134486906
131001171
128182707
134705201
120353317
138036111
134191524
129328341
126650831
133657853
129700041
126046180
133121396
118760418
136479367
132838053
128951500
136078194
132673877
128814445
135642637
131664441
138445998
134674324
130654225
126711652
133710313
129915471
126629958
134376144
130776618
126728802
133249754
129682723
126013923
132687571
118382356
135741708
131878969
128661087
135798288
131635285
128157575
134906963
130986282
128194846
134700181
130928935
127603226
135095718
130670745
126774612
133831995
129889255
126382699
133725548
130002007
125622491
132143034
128787994
124912491
131977167
127776375
134697249
130785189
127124014
133330576
129683739
126022413
133023034
118840752
136560749
132647553
128287284
123688925
131015314
117321381
135697280
131730455
128123018
134675249
130669265
126694720
133689544
129349037
136882980
132844247
128960131
136416485
132717589
128885356
135648707
131970288
128623174
136578562
132889295
129068728
135637813
131894806
127848510
135150943
131742711
127889142
134679941
130874410
137698548
133982181
129870741
125493237
132254955
129398093
125854474
132734235
118273380
135607499
131884660
128017429
134727308
130996011
127176917
133955507
130164374
137254811
133412560
128807595
124600590
121623381
117567624
113150579
130044059
115308718
132473907
118178199
135644934
131892643
128005325
134807305
120624099
138738671
135005936
131104267
127115978
133854255
130068604
137366848
132723488
118320672
135654919
131675394
127845997
134674662
130634659
126749799
133669073
129593912
125580852
132688793
128842343
135719986
131893191
128289930
135197740
130918139
126921028
133185630
118728947
135874714
132082574
138074495
134246864
130879215
127023023
133506136
129798619
126023723
132686157
118424695
135698258
131977299
128631493
136619675
132706287
128823894
135719665
131980106
128113667
135193996
131579399
127910943
134696058
130712132
126792094
133321418
129580860
125405252
132236697
127932921
134999907
131658307
127935843
134053931
129808590
126381588
133183890
118841584
136421514
132731163
129035143
135805897
131660105
138838332
134565461
130539462
137369192
133438963
129410485
125286952
132137407
128769993
135676245
131862408
128016254
134729166
131138970
127480181
134491008
130776873
127026275
133682737
129644398
125955250
133100310
118802953
136484405
132729504
128909024
135615571
131800305
127972799
134639540
130651332
126750829
133667780
129713625
126023009
132732408
118305960
135248805
130990914
126884422
133519772
119144228
136404335
132711714
129125473
124625998
130993035
116362368
133436711
129967743
126121657
132708229
128681116
124966388
131672761
117312377
134625458
130911251
127002738
133695566
129858713
136586793
132229701
127901224
134925754
131004371
127852159
134833301
131002979
127938645
134671029
131169981
128033245
134767992
131034488
128062857
134556719
130707032
127038610
134127151
129429822
136477820
132704245
129053491
135700748
131739504
127989088
134691564
130899888
127124601
133835491
130229196
125868096
132231441
128390565
124665309
130979640
116291832
133518334
129923162
125861419
132257170
128667570
124953370
132247153
117897868
135642756
131702938
127737672
134373286
130658041
126788680
133635370
119293722
136782037
132988081
140801328
136971336
122546818
128946435
125120650
131781995
128007791
135702891
131704760
127939244
134628051
141632201
137923997
134154746
119024010
125576560
132727275
118376648
135649503
132003869
128404948
135504330
131873727
128014224
134663220
130944661
127420578
134338564
130666791
127010934
134193224
130565681
126803209
133678317
129826776
126792998
133635126
130037378
127041888
133670901
129637115
125995394
132695588
118255355
135693407
131686092
127864501
134666964
130798484
127009099
133672047
129818652
125449598
132538791
128794580
124891146
131752844
117318583
134604131
130924596
126828993
134782007
130892203
127637411
134577103
130961868
127034313
133754012
129899604
126529907
133726259
130280155
126912446
133966237
130278623
126713774
133763320
130269327
126719201
133553920
129627107
125966878
133283347
118944562
136793450
133356236
129838643
136534416
132344567
139250348
135606220
131383196
139042101
135357944
130879677
137728235
133661180
129948410
126293349
132735206
129108711
124833278
131501760
117215339
134367747
130740782
126976744
134725467
130785521
127126032
133709508
130158527
126312000
132941739
118606734
137549083
133785984
129256968
125293109
132063824
117387134
134191671
130190507
126736328
133555895
129675974
136772232
132664240
128797330
135616176
131427743
127815271
134657040
130512017
126996190
133764230
129010463
125031152
132285633
117867301
135724526
132212843
128348880
135561731
131627832
127821051
134644857
130652352
137284244
133758714
129994678
126388578
133268810
119011342
135907328
132457364
139767692
136020710
131371255
127965425
121561913
127931779
104853789
111980521
108190868
104229531
89773665
106345501
100041998
95949118
105435959
101626460
108569285
104343259
89816922
107247434
103271793
88739273
106168005
102234034
87769279
105387076
90564982
107762351
104487617
89721142
107172844
103514732
88887334
106171740
91748395
108792542
104845200
90865459
108989932
105520417
90800496
107744717
103608970
89377839
106645869
103523203
88780180
106396931
103095249
88710438
106320347
91495936
108842237
105978908
91633310
109048677
105237986
90565604
108475272
104520589
90526095
106501181
91797064
108738257
104707470
90247329
107901562
104559956
90744994
107700956
93895466
110858457
106677411
92445437
110481889
106444248
91960718
109472920
105601877
90843388
108266753
104309689
89801838
108006644
93666080
110348967
106394040
91958205
109231048
105178336
90578842
107639874
92946898
110443482
106305402
91989706
110185546
106429293
92148281
109405185
94913489
111950506
107693039
93232119
110681563
106706646
92165495
110375218
95924688
113944120
110041883
95301517
112896623
120521333
116885029
133769316
130258594
126750624
133635992
129907541
126066032
133211340
118934711
136764303
133091274
129791220
136761499
133048017
129502935
136453706
132685592
128801982
135703936
131715985
128083670
134651799
130646448
126634557
133634181
129621610
136500469
132619625
118275455
135287993
131397831
127881630
134503196
130486737
126747851
132962525
128990925
125642970
132718682
118402219
135707047
131636967
127892135
134640596
131086589
127434365
134399218
130660428
126748490
133574693
129645163
125901374
132752721
118415817
135402983
131585241
127834468
134720002
130773972
127575915
134617763
130901621
126860134
134430174
130678224
126768506
133673029
129676134
126002340
133130264
118721898
136483098
132718175
128872987
135650670
131661935
127859936
134682595
130707151
126708388
133525366
129867833
125999242
132883160
118737208
137343653
133107521
128727400
134725793
130652200
126784723
133686892
129734184
125447429
132709857
118319778
135488041
131814016
127959217
134384052
130517002
126760887
133527788
129761503
125692348
132335929
128622251
124669674
131395519
116986644
134009830
129776894
126144867
131954412
127945242
123966789
130793515
116353759
133463393
129709825
125690962
132369634
128034373
124552895
130682897
126874022
133713976
130036308
125883943
132012618
128012532
134380349
130590862
137152370
133525387
129925763
126122629
132940518
129138659
125581350
132705608
118307187
135732258
132079391
128066198
134676211
130656731
126755600
133696538
129915341
126521502
134675389
130643127
126728888
133707216
129727083
125749188
132654787
129085427
124993480
132185839
117755013
135497625
131731922
128032086
134684722
130664668
126798547
133743572
129649591
125946509
133086496
118733683
136552791
132683947
128796379
135680223
131683812
127886028
134787242
130957047
126987104
133924551
129994206
127057724
134209299
130541934
126757270
133713933
129737079
126002136
133191031
118861382
136617772
132728236
128857236
135631165
131696001
127805133
134669619
130692830
126792489
133679757
129676550
125939192
132942592
118962056
137524693
133314128
128189215
124502742
131678833
117331718
134610188
130553292
126731851
133668013
129873905
125989606
133087218
118946485
136467870
132735259
128979797
135672515
131701660
127539345
134221672
129901117
125814766
132738194
118195255
135716538
131722381
128043456
134720725
130723530
126754217
133678156
129072306
136191727
131585708
127320904
134413025
130661556
126665748
133607805
129797879
125991325
132823905
118366375
135709111
131620116
138257104
134551670
129993065
126143726
133280709
118978136
136867185
132287405
139491099
135481004
130754761
127446480
134515570
130762089
126777868
133807198
129947164
126049257
132677287
128596802
124069402
131607788
117385704
134716166
131059815
127098676
133641690
129677197
126042196
133350734
118896933
136696476
132686576
128855222
135493694
131659150
127803366
134645177
130637421
126782053
133641161
129687059
126117492
133262234
118976406
136552349
132934310
139904741
135877880
131652373
128037653
133933183
130291633
125720038
133275174
129209453
125289152
132570702
118220626
135680484
131915685
127937682
135070600
131804832
127958244
135509697
131426132
127276896
134871856
130928053
126695432
134338533
130688567
126935498
132971844
128589815
123891575
130447913
115575558
132713651
128962862
125627297
132734205
118375938
136203415
132330764
128846003
135702487
131648744
127864365
134730743
130762811
126298306
133731198
129635083
126184783
132476236
128694256
124942042
131727903
117378591
134713266
130696900
126740448
133708107
129691935
125937054
133306419
118815250
136670208
132739678
128984171
136249589
132741940
129058611
135640215
131716858
127991575
134736305
131153575
127576719
134689990
130840190
127519523
134322356
130675728
126678974
133841149
130113838
126780364
133592927
129706047
126057409
133415794
119043056
136693513
132739202
128842991
135654146
131887786
127859678
135645165
131678956
127827779
134703696
130959714
126997165
133692454
129795268
125896245
132684815
128727526
125611924
132666730
118288542
135544983
131704767
127975745
134329099
130561120
126812023
133953810
129422790
137479373
133158073
118640485
124881301
132147052
117698177
135676354
131678353
127847857
134737272
130972633
126676540
133302337
129607524
125691928
132402001
128714099
124636132
131285186
116949941
134678657
130748575
126992565
133607928
129990286
126116707
132642195
128730637
125065741
132229615
117865704
135651053
131672869
127921471
134740559
130917735
127530243
134655403
131029873
127344513
134529388
130862899
126490013
133509045
129295297
124782066
131944713
127949758
134709272
130723506
127497669
134725863
130724239
126723819
133671756
130080724
126463643
133639665
119207561
136813888
132177528
139768259
136195094
132515982
128886392
135708829
131688564
127678022
134433567
130695169
126767145
133459567
129715762
126086020
132768032
118311688
135602571
121227456
139223746
135909908
142149498
127798005
134268539
130586126
126666212
133457964
129672194
136377408
133077310
128600052
124326547
130994861
116620227
134309275
130475106
126758190
133502962
129690502
125912620
133064807
118188180
135020464
131038317
126834117
133410758
129331931
124935959
131455027
117257507
135020612
131131846
127154759
133735437
129684526
125982166
132765942
118280560
135644595
132886983
129007986
124798229
131277623
116937887
134266992
130508738
126622266
133331711
129578658
137116725
133448857
129597064
125998015
132580078
118079903
135688430
131639625
138321575
134648800
130662351
126761713
133696584
129968864
126588077
133958294
129663781
125937553
132757688
128903025
125857504
132720587
118378963
135707056
131821773
128347352
135218034
131577905
127878896
134700634
131005939
127390416
133558719
119182839
136591238
132788171
128979279
135532900
131901513
127389022
134026391
130154717
125431276
132609170
128971596
124605367
130634834
116008396
133756356
129952449
126455637
133836083
130163946
126375319
132689319
128701017
124617954
131502031
117105489
134151774
130579220
126564163
133240185
129584737
125646542
132234969
128355369
124118052
130917829
116295371
133280452
129553011
125373093
131949259
117179280
134128256
130450495
126443436
132943263
128985182
124918450
131262749
116720850
133619700
129476018
125975459
133187614
129324831
125711823
132729246
118312455
135597266
131691436
127887381
134690319
130675639
126809980
133383975
119010651
136579890
132693892
128898418
135597338
131699807
127745103
134840579
131390852
127867992
133905475
129895976
126552757
134011835
129702950
125916016
131751539
127876549
124424233
131677404
117334838
134625519
130738355
126643821
133429932
119029534
136378850
132683237
128144423
124831050
132111087
117716976
135607295
131697213
127873399
134701717
130967358
127539482
135225202
131396521
128042669
134921542
130212429
125518003
132113690
128377001
124333964
130946523
116279610
133316030
129738281
125632316
132004332
127971206
123969145
131106811
116836057
134904514
130997065
127320618
134730385
130827683
127087259
134293516
130731909
126947106
133180933
129633638
126118717
132699146
118345961
135453761
131773963
128084316
134705296
130756662
126960121
133815414
130037102
125436013
132719933
128976074
125521818
132669817
128902010
125426058
132528391
118080397
135565620
131688694
127983409
134716590
120324379
137584993
134129267
129972257
136916168
132945945
138781689
134890637
130834450
127843837
134616148
130651540
126861806
133761945
129575196
125494584
132080354
128298084
123708720
131096160
116891652
134441103
130698253
126791645
133664133
129833269
125442020
132688182
128848297
125678326
133182551
129817000
125781355
122169052
138966943
135286978
131034609
126935507
134009092
129923520
125348591
132733783
128745828
124760427
132632128
118140535
135686901
131693818
127855189
134671552
130741244
126961849
133741524
129953171
125932625
132840372
128937554
125740682
133196152
118990881
136893635
133241860
129873092
136845675
133202728
129731996
136839757
133077630
140306187
136777929
132719244
128584443
135991269
132697646
128910836
135639809
131612386
138212710
134492757
130598182
126738973
133318700
129559553
125544829
132126714
117803279
135103019
131391926
127738258
134278160
130648456
126726412
133222209
129603658
125235798
132263320
117972175
135176057
131538160
127721121
134307555
130592512
126702813
133075950
129489936
125558302
132627045
118146073
135318571
131660663
138279855
134751827
130181162
126425057
133089907
129351673
125487019
131884348
117568594
135549086
132145896
128286491
135071365
131445150
127843524
134693047
130972101
127456545
135533996
131894164
138866785
134595723
130807332
126964291
133288901
129415782
125465741
131960602
117287417
134323300
130312676
126865021
133913408
130153507
136785927
133164324
129730732
136662074
132677039
128945333
135734241
132019424
128035351
135024255
130600674
126233600
133662661
129975388
126208453
132667303
128744854
125110873
132280226
117986740
135665022
131623863
128042739
135210280
130320731
126791129
133674832
129971176
125713273
132595064
128938300
135614151
131905062
117239651
134142646
130836825
127049734
133761692
129796490
136613289
132732132
118416380
135759569
131851828
138755949
135179280
130384308
137315012
133732511
129753261
136214841
132643858
128652922
124793297
131653060
128611604
135956488
131872419
128587373
135785297
131535198
128197016
135941541
132752759
128989185
135002695
130812929
127044456
133370054
129269092
125264172
132278076
118083395
135308258
131706372
127832520
134925248
131004167
127245544
133059665
128717905
125544258
132701440
118342782
135713344
132103097
128472830
135596201
131795025
127880574
134654832
130671776
126741655
133679238
129600118
125925700
133146280
118808036
136924851
132472031
128875659
135926374
132269418
138650481
134845521
130917743
126949386
133680046
130000724
125991900
132758719
128837498
124788500
132253287
118070798
135806445
132388602
128760047
135057596
131477955
127854031
134721084
131098470
126995894
133913778
129963762
125822088
133674266
129692524
126083674
133371381
119070577
136942003
133350229
129921181
136925422
133258392
129855695
136833151
132997712
129680057
136989738
133058382
128915163
125057044
131975820
117222276
134662261
130905086
127013000
133838142
129989920
126404041
133386273
129741684
125875260
132520471
128759295
124855499
131630532
117118030
134507016
130620239
126667769
133523197
129779808
125821115
132704621
128457812
125135071
131803226
117436549
134798494
130165036
125711734
133559728
129843654
126061859
132799394
118162585
135609120
131772830
127089810
133760311
130179357
125625547
132301344
117923872
135799853
132036633
128611389
135504606
131669478
127959096
134795408
130769025
126796217
133710804
130317558
126882526
133708959
130012534
126037683
133285802
118989094
136775059
133314574
129949048
136787201
133417400
129903345
136774653
132778539
128825459
135429218
131170476
127091545
134559321
130369475
127439797
134469434
130793622
126903738
133667992
129816563
126049978
132749677
118046640
135402741
131785029
127609604
134379290
130799150
126883003
133923515
130541184
126726247
133659032
130058612
126279563
132760337
129117118
125423840
132561819
118324486
135779624
131620559
127911667
134766718
131095096
127845876
134774049
120457097
138828162
135013437
130521534
127162767
134703697
130755263
127128628
133790769
129816721
126180175
133415788
119112006
136865332
133358449
129952608
136815933
133236453
129952981
136990650
133129102
129815314
136556130
132743814
129001022
135758850
131652916
127870645
134718254
130805274
127065650
133945874
129999939
125614578
133670838
129784487
125948802
133209114
118896426
136609789
132694255
128978836
135831645
132223542
128727597
135797384
132021657
127825670
134505560
130992859
127385259
134869165
131069289
127516342
134129980
130656153
126813452
133810266
129909604
126223126
133407723
129764415
125934254
133007410
118744599
135852765
132684287
128935949
135740315
131989884
139111967
134819493
131154325
137434790
123216731
140160681
136371421
143682442
139010588
135319803
131138813
127134764
133537036
130309903
126855332
133782329
130031532
125971047
132330169
128495626
124876261
131764067
117440713
134738361
131118901
127739567
134642743
130936105
137884625
134098982
130427551
126845942
133836374
130050656
137215742
132979853
128789358
124983679
131938550
117007347
134680404
130925575
127128774
134070680
130730896
127060175
134595113
131140561
127739736
134439820
130738551
126033296
133273942
129678191
125713956
132420213
128704787
124806604
131644801
117290818
134640118
130972729
126953712
133731141
130030600
125997323
132321399
128981938
125064790
132541697
118164564
136298656
132795864
128915597
135791989
131985780
128053158
134629043
130906325
137615972
134108204
130313758
126888096
133780295
130125076
126526878
133706874
129861316
136949163
133405280
129914484
136938588
133190495
129911017
136450446
132707006
128933267
135758155
131747082
128792558
135762352
131952663
128048505
134761244
130684948
126883646
133678676
129730777
126113922
133118726
118905129
136842646
133414329
129959329
136968146
133250528
129901404
136929181
132484828
140027921
146105106
142469546
138453043
134959211
131748963
128786591
125761452
122480775
119118008
114894045
111180739
106370775
102607137
110286776
106479792
91994953
109094560
105306375
90782835
108068037
104315564
89952151
107253713
92777783
109416898
94944061
101873401
108987040
104712753
111471742
107338429
92858213
109929858
106261200
91313226
108586989
94622314
101241320
120272819
105802063
112632831
108785170
94044107
111130492
107378692
92843787
109504912
105878326
101326677
108483992
94125090
111358442
107327179
92753195
109489562
105834176
95091943
108354289
93800048
110572975
106098399
96954496
98944426
105971601
113383672
109775547
95142858
113126829
109271533
95127206
112765321
