132324907
128260057
134979382
130607109
126961144
133170378
118879803
136688382
132703621
128262750
134583009
130057411
126339662
133262705
118375831
134713613
130221032
126350074
133037384
118267864
135052905
130866597
127010309
132870476
118722698
135619791
131199672
127879163
134529478
129890342
126318820
133215486
118514939
135238352
131084390
127098605
133690572
129099735
124721261
130698809
115861271
133032361
118836116
136235128
131609690
127955960
134502869
130966963
126591306
133008979
117986673
134595995
129830096
126018997
132457680
117970213
135165933
131647305
127043761
133446925
118710903
135359343
130856840
127800372
134156382
130593459
126959189
134359868
130093437
125547951
132190718
117522470
134695997
130873788
126864770
133478517
129660860
125638365
131812110
117969681
136054799
131851888
127859523
134916240
130506603
126939501
133778580
129810541
125970858
132963787
118320116
135850186
131809297
127785651
134289477
119287599
136476296
131894467
128644089
135384023
130878269
127073633
134313673
129862674
126310949
132978243
118660896
136540586
131939797
128384644
135748908
131213348
127858883
134367157
130068154
126053646
132678440
117848969
134971012
131221932
127394459
134193512
129666590
126086086
133007801
118152316
135689429
132071288
128329434
134893420
130457000
126600126
132854855
118551304
135534005
120610732
137892683
133953877
129934538
134921070
130893017
127149709
133124852
119110682
136490730
133359874
129037096
136622168
132100956
128184892
133987590
129804416
126345115
132543277
118283607
136396855
132011152
128470652
135114477
131520811
127421715
133942694
130073992
126329687
132305496
117512624
134845577
131208671
127749830
134930283
130796346
126949357
134447542
119941625
137507722
132791235
128386647
135097081
131304007
127267483
134327779
130943516
127815260
134565417
130154361
126371513
133093292
118771845
136428464
132499844
127923349
134494236
119738154
136729084
132286191
127607792
134176279
119076334
136256252
131974846
128292599
134475296
130131440
136538178
132550113
128879988
135008904
130881648
127516435
134201807
130213480
126348678
133433002
119129874
136408581
132288483
128345130
135220962
131608439
127576110
134746683
130307552
127088785
134442912
119753928
136884872
132963092
129400127
136272753
132296607
129031077
135845893
130926580
127880977
134343144
130136658
126571774
132966518
118681527
136455698
132142979
128370129
134390299
130116007
126756103
133820976
119325625
136977990
132725963
129196296
136151814
131977559
128028942
134761889
119753906
137787994
133845284
129850462
137025662
133004556
128970686
135773314
131194020
127132794
134175521
130858672
127401286
133567062
129097995
125489616
132737027
118752263
135732625
131014691
127237668
133951497
119229446
136527966
132032852
128255299
134599927
130222056
126858523
132420291
127826347
124550399
131492962
117213533
135330429
131338130
126945657
133082726
118582483
135402746
131010354
127361921
133819943
129294429
125550192
133093401
118338007
136272358
131847456
128063093
134440868
130095552
126038306
132978300
118986186
136423872
133027411
129055591
135763751
131075886
127353855
134076382
130024612
126706867
133492688
118776936
135510213
131279450
128050083
134899838
131020439
127930070
135067370
131090106
126843010
133861243
129549330
126005881
133245676
118427801
134884682
130524652
126578116
133313722
118632966
135915330
131517303
128078202
134831385
131084706
126807759
133134571
118262360
135399807
130552148
127063130
133233330
129547321
125780102
131881290
117771244
135536296
131191780
126706416
132992352
118939664
136349976
132304437
129146481
135967572
131827230
127901350
134664984
130574019
126809923
133240173
118916218
135866706
131555575
127337225
133405473
118869504
136222924
131997704
128079824
134748890
130716673
127155356
133435095
118433018
135580277
131657776
127463319
123205776
129577666
136591255
132702710
128257714
135640429
130852126
127140563
134686753
119695407
137510354
133137680
129091887
135601486
131457820
128171197
134601626
129970660
126677164
133102643
118870295
136225919
133106701
129176255
135673299
130607483
127500963
134437980
130975128
127036257
133184197
129138374
125183674
131479086
117119821
134497983
130329313
126903806
133188287
129071517
124949437
131939579
117266413
134698089
130464863
126342070
132687465
117866787
135084046
131143912
128100047
134662878
130828800
126637559
133264622
118497040
135660729
131215692
127313071
133624751
119151598
136070670
131875702
128485745
134100631
130133930
126342789
132562654
117737674
134675823
130629218
126324428
132515890
117632128
133889292
129321407
125067506
131920443
117676091
135318368
131005926
127655653
134257287
130410232
126356996
133003671
118569925
135794307
131878336
128417409
135572990
132115241
127958518
135972824
132121485
128098587
135135376
130714781
126938924
133331824
118779910
136289744
132738274
129350063
135457134
131336958
127264146
134017731
130730862
126689252
133469415
119015664
137218177
133139362
129528505
136167065
132416925
128899873
135314013
131617350
127415960
133945015
119331908
136054974
132707355
127875679
134171571
129828476
126353438
132880917
118658229
135733691
131631798
127490813
133898541
129335520
125310164
131852581
117072599
134383354
130283921
126353558
132965452
118071420
135035474
130806286
126597872
132273766
118302651
135051466
130800406
126967066
133734043
129390239
125344773
131836428
116728670
133805248
119213523
136966257
132162328
128215436
134467086
130259420
126338862
132489670
118670576
136459244
131857791
127856711
134468257
130579715
126847506
133275161
118634391
135133759
130572839
126822689
133297317
129092362
124689228
130876086
116230109
134013272
129545992
126013914
132624849
117607739
134207677
130701840
126702836
132903269
118161147
135216488
131125074
127117318
133834295
129208375
125628589
131555558
116991122
134188464
129566795
125058950
131097141
116489299
133682422
129762585
125287644
132597968
118225823
135890263
132323743
128309449
135063849
130989402
126747478
132966373
118455048
135667269
131396171
127681643
134100778
130226770
126129107
132359802
117555123
134818059
130931893
126952076
133183367
129214605
125692179
132723801
118090882
135001670
130580206
127218352
134046675
119483578
135647161
131539301
128258413
134208863
130756691
127519728
134611461
130695415
127150163
134233348
130157613
125833649
132040729
117510490
134796621
130739383
126650598
133055702
118654590
136139051
132296684
128927121
134867008
130606574
127244085
134815481
130530863
126712636
132966646
117817751
134727097
130111993
126150677
133117329
118607893
135547660
131843231
128049224
135135499
131213396
127124615
133527335
130106756
126657948
133136299
118735662
135522593
131533187
128132451
134861357
131602741
127554912
134402339
130112679
126355860
132680299
118277595
135811855
131873152
127201225
133503955
118760923
136194182
132302110
128603376
134877588
131209674
127210160
133987339
129791392
125989716
132078837
117497998
134768523
130902215
126995997
133356215
118771608
136009643
131883020
128164623
134866287
130673036
126647269
132792470
118223591
135126290
130632204
126945435
133930882
129302495
125681063
131801010
117063456
133625051
128984964
124994481
131413976
117114533
133911652
129875058
125809024
132361446
117421672
133558534
118880604
135514594
131488988
127326395
133989095
118824682
135925604
131469926
127775901
134441521
129959380
126017708
132678816
118488545
136395147
132596617
129244129
136744719
132503847
128930121
136563361
132204128
128344679
135200523
130863288
127350806
133796694
119138393
136889883
133149925
129238373
135655559
131713021
138250023
133845107
129855567
126019786
131952064
117279355
133560712
119126227
136613634
132919307
128937210
136261064
132222445
129096031
135997684
132057538
128506288
135256416
131117798
126917659
132838830
118758980
136007192
132516433
128345165
134864149
130858922
126305305
132476403
118132714
134623937
130592869
126842348
132917855
118335244
136323135
131862559
127979499
134741853
130342993
125992023
132694095
117937293
135474144
131366163
127674409
134857888
120407122
137464497
133256713
129057051
135670677
131501512
128335790
134571232
120217914
137647309
130865345
127649958
134362621
130375334
126319854
133146988
118708548
135726931
131508378
127345566
133683834
129428926
125677793
132726294
118648651
135633167
131778142
128149396
135200783
131499030
127601126
133659687
119766227
137415403
133695617
130431474
137093898
133075052
129637896
135844117
131517609
127060253
133538160
129055515
125564975
131949712
117919589
134962163
131226106
127042309
133774228
118716673
135703656
131514975
127291851
133621846
129780392
126289234
132130038
117279928
133873966
129664912
125513270
131876292
117451535
133882342
129498623
125567179
131747851
117064698
134066056
130307522
126742821
132917082
118486118
136674017
132503895
128909078
135386241
130932938
127177175
135179674
131085149
126669040
133086328
118959021
136050467
132135576
128603810
135191324
130812490
126844114
133851462
129500391
125154428
132178697
117594071
134832684
130360912
127151013
133755445
119396057
136056086
132038709
128064960
134630065
130754208
126741807
132781601
118051782
135424704
131378983
127547965
134674881
130296360
126325677
132252233
117857272
134652895
120797176
137163375
132789163
128631340
124573533
131298366
116471677
133499837
118764743
136333833
132733608
128959622
135193131
131681771
128309879
134326587
130782503
126522721
133035107
118274328
136049111
131609825
128505307
133874281
119552171
136673365
132825966
129323934
136655745
132020221
127547165
134426565
129781596
126375851
132581917
117842779
135262715
130735082
126038493
132970808
118270020
135543355
131203701
126666939
133273239
118755002
135875547
131563162
127882615
134396023
119549353
136100769
131482358
127791086
134407244
129991876
126386024
133273277
118876629
136022735
131440314
127334641
133464687
118808264
135714196
131763842
127916245
134614210
130190028
126346127
132100987
118083425
135627687
131891979
128104231
134692632
130227895
126723539
133798681
119361142
136518868
132249595
128558538
135166925
130662804
126919261
134721266
119858702
137661676
132951438
128859174
135197814
131174157
127106457
133136050
118754688
135965427
131691571
127819375
134278672
129723077
125807491
131952166
117660810
134495266
129922106
126031217
131961399
117588431
135416593
131008628
127502492
134552055
119834293
136907087
132392998
128437837
134958555
130784894
126744280
133155491
119222525
136569651
132271502
128189785
134402964
130519163
126440473
133321212
118418688
135509138
131362852
127372167
134128837
119544276
136581883
132129837
127987882
134806298
130380513
126593796
133262748
118574913
135894007
131439480
127233454
133457067
119208710
136496270
132105622
127738689
134630621
130472573
126512593
132988661
119120334
135579539
131867329
128377214
135330053
131534827
127285868
134106649
119562779
136539219
132278791
128982565
135252500
131366101
128047275
134544562
119577766
136668352
132699150
129291581
135942463
131734895
128794944
135034153
131373892
127499683
134276920
120079642
137122443
133584019
129805985
137657916
133389683
129159479
135220677
131188367
128118611
134506211
119470707
136360653
132015653
128461743
134564093
131061631
127030823
133475875
118999108
136501663
132695203
128913450
135598871
131187334
127364022
133386186
128966727
125335275
131702336
117130283
134401191
131272119
128417031
135119943
131332149
127680854
134050108
119647016
136784846
133593449
129401502
136282926
132138940
128196862
134862127
120422820
137317770
133187887
129180041
135227406
131389905
127293001
133510072
118886824
135954820
131628216
127569435
134314073
119448658
136459123
132849229
129817076
136434746
132166288
127987028
134262079
119451204
135916793
131619865
128119738
134464681
120133315
136887982
132772647
139991155
136683664
132344297
128278743
134517205
130863109
126907359
133528634
129292890
126002785
133139594
118375569
135098819
131314690
127741599
134271189
130730229
127572029
134046921
119505762
137609029
133577719
129150414
135882836
132375553
128351006
134746512
130288043
126937804
133001914
118460559
135511636
131835327
128257799
135047363
131001301
127342882
134254516
119879107
137040457
133014716
129233173
135023260
130853013
127941385
134938711
120767972
138080623
134118720
130570091
136720218
132633475
128227474
135057758
131958157
128021851
134651032
130431402
126941477
133590082
118946120
136259016
131973865
128475621
134948795
131017358
127318314
134444969
119491758
136489157
132354113
129061010
135358007
131593628
127345149
134244403
119892158
137106648
132986957
128654144
135246014
131493385
126923329
133592446
118716083
135174330
131727954
127897390
134486059
119692400
137531817
133639855
129182425
135349228
131497194
128074796
134322465
130056670
126701566
133698432
118862999
136236717
132441671
128288605
135809865
131890259
127982473
134407517
119345675
136499392
132509678
129209783
135239771
131373897
127373880
133863683
119450151
136425115
132049366
128512817
135495716
131122432
127443879
134011611
119420909
136742647
133321777
129557942
136776787
132561281
139459329
135028152
131569637
127718288
134991157
130955684
127151374
133126399
118804751
136412904
132157139
127914910
134165989
130532919
127349495
134584432
119740644
137380712
133156480
128990954
135846878
131701157
127832760
134078808
130144158
126705452
132986741
118744440
136899274
132700761
128947685
135896878
131714456
128233107
135293066
120759308
137596441
133334358
129472454
137117043
132833598
128965472
135990800
131879911
127973520
134859341
131232509
128543439
134786893
120311594
138367176
134150011
129917447
136319020
131947333
128512745
135077902
131095672
127044075
133791762
119456489
137274498
133220018
129701240
137011982
132760546
128845813
135423405
131896090
128150271
134487324
131259501
127336507
133695192
119084975
136237330
132637880
128938262
135850833
131800173
127973979
134697329
119712418
137200238
132675330
128808431
135212664
130874813
126861486
134269492
119656927
137182612
133037989
129264762
135928580
131919664
128333918
135482049
131029327
127132658
133706681
119248790
136592761
132542928
128576934
135288725
131332731
127307000
133986356
119376875
136741803
133353724
129059903
135763066
131697550
128042867
134022809
129680972
126022043
131725019
117583129
135350093
130968065
127878391
134788598
130603942
126945537
134002645
119445584
136453651
132820243
128452527
134394416
130943346
126975007
132843273
118589272
136103408
133097677
129078979
135685389
131566263
128024465
134634100
120494682
137587361
133769271
130089195
126599481
133933655
119255050
136548401
133197083
130041705
136437224
132613991
128346083
134828513
130290565
126721267
133097524
118780085
135840439
131671478
128024937
134203931
129599646
126673418
133916889
119257491
136223316
132083241
128929521
135926117
131478912
128245383
134972315
130490707
126583372
132762212
118286647
136356247
132107684
128894156
135094010
120193176
137236113
133503520
130236326
137484160
133885115
129602595
136218963
131924726
128087744
135330313
130894736
127063097
133021266
118364957
135608323
132254263
128266467
134319092
130226619
126573807
132589781
118064320
135614260
131477890
128043434
134424833
129977375
125708245
132876440
118144425
135744285
131464334
127700877
133989748
130213451
126866738
133454566
119036164
137202446
132566757
128379642
134927305
130579846
127056733
133009979
118653403
135618806
131646815
127432023
134283338
119325498
136480142
132148818
127669268
133955389
130357162
126673081
133777174
119207349
135588100
131179221
127183295
133725092
119151490
136031716
131452547
127359936
133524010
118956767
135801622
131369837
127574384
134798987
119875284
136833797
132894786
129025206
135904911
131670279
127411783
133116844
118850189
136057906
131630218
127618309
134294806
130749805
126573992
132929780
118207521
135319238
130622988
126516248
132204383
117914540
134912598
130422156
126586439
132722301
117607450
134870046
130382755
125997622
132658796
118433175
136043379
131538161
128026667
134256160
119781972
137167301
133522595
129346767
136079298
131576883
127109801
134248217
130254461
125965793
132717200
118105764
135211728
130544140
126869791
132806836
118421733
136029850
131661996
127684315
133877923
118823322
136278025
131822232
127558536
133592955
119163106
136980850
132650637
129174141
135782159
131581345
128208700
134275633
131026423
126660682
133473714
118329839
135777614
131775025
128031755
134357971
119455535
136513419
133065185
129333881
136036148
132012274
128347599
135074851
130958621
126579275
133152156
118427115
136150474
132865146
128757141
135281444
131076362
127397299
134021128
119398743
136550115
132551289
129765806
136949980
133366793
129562388
136678925
132735505
129176193
136501309
131788551
128075409
133838636
119268443
136263077
132057630
128350214
134772315
130495672
126644381
134100345
119242872
135967810
132789977
128319142
135116621
131111697
126641193
133052086
118260891
134754519
130422982
126650227
134216948
119241641
136329634
131896576
127916201
134023997
129510643
126016570
131816372
117272845
134452534
119830884
136918046
132792507
128597945
135887572
131561488
127243264
133855435
119444532
136797124
133238572
129251115
135165528
131057518
126904028
134261043
119787581
138121901
133528687
129173699
135986813
131711992
127846911
135265997
131188382
126881366
133458654
118935911
136164258
132010093
128740903
135472134
131359496
127401992
133621824
118799215
136246828
132050813
127946186
134720687
130508204
126777330
133035658
128599356
124942506
132319321
117387564
134725509
130991497
127192722
134294489
119589893
137427707
133062848
129365976
136053681
131102468
127300695
133718720
118884147
135925205
132244478
128521468
135361113
131462936
127927362
134121069
119775701
137104937
133049098
129277315
135802680
131274766
127753258
134574107
130610926
126706808
133801340
119160167
136236576
132241779
128494429
135777914
132013730
128230724
134497381
120192757
138078753
134417389
130432134
136805905
132683101
128671190
135477165
132055704
128069397
134712308
130578833
126624235
133821279
118969855
136411636
132545709
128367274
134625996
130282125
126338302
132539236
117651786
134291204
120146205
137650096
133992858
130414602
137597410
133700008
130309663
136825291
133581911
130175316
136065809
132199181
128984944
135656779
131521840
127597088
134676465
130673956
126421082
132579746
118470433
135533401
131846817
127502304
133280960
119048235
136940936
133131383
129244372
135356289
131420921
127399827
134015360
119373196
136976699
132757539
129472774
136683067
132055487
128264523
134796930
120093163
137341717
132856866
130007887
136122505
132749768
128088594
133937402
119664890
137113780
132895268
129208158
135264567
132378679
128221585
134514452
120248733
137749691
134189388
130066279
136485605
132393224
127943068
134722639
130663600
126614122
123438969
118082730
135352648
130561227
126653869
133938888
130140426
126364960
132955972
118423383
135333683
131595590
127903360
133929072
119690077
137147105
132800970
129096428
135257875
131212424
128241079
135428007
131654238
127964694
135317397
131364402
126933982
133994120
119258034
137067459
133179287
129527957
136421370
131985277
127583851
134264348
119468221
136535472
132092152
128114101
134712891
130904160
126867442
133614357
118623345
136340505
132974865
128613751
135747791
131888039
127741783
134080739
129729309
125802067
131764334
117254587
133979842
130735014
126863915
134733923
119965599
137095521
133006402
129085055
135280467
130875582
127132866
133328162
118959646
135717324
132008099
128080833
135055023
130667779
126879422
133776507
119602829
137176304
133283636
129320175
136312573
132202188
128335819
134763881
130595223
127075106
133926628
119627461
136579528
132064685
127910907
134991672
131014553
126948410
133143094
118720301
135915343
131733542
127677191
133471222
129739116
125778335
131946431
117257618
133801632
130054001
126317345
132131430
117738463
134136007
130759637
127141072
133739187
118875538
135809542
131542281
127328836
133745050
119149128
136696560
132053923
128051411
135039413
130620576
126553710
133033981
118940525
135882916
132618437
128240560
135179051
131049570
126913775
133830583
119088311
136863689
132168790
128059836
135587043
131551939
127204024
133753419
119169853
135773793
131701020
127831806
134468754
129772051
126574517
133034529
119005078
136066104
131606207
128490499
134457602
119804492
136425351
132730513
128331716
134774939
131242692
126633327
133193949
118528787
135767289
131458636
128073696
134818727
131132262
128269071
135075433
131449288
127419491
133270454
118822623
136500144
132803940
129075352
135962514
132328355
128143446
134373204
119474138
136700811
132985523
128781878
135335784
131013041
126745171
133735228
119636846
136722901
132852051
129406393
135707379
131661102
128026711
135126985
130875900
126771514
133283167
119346234
135972814
132209024
128442972
134891015
130863923
127226631
133260237
118789567
136188099
132199003
127904093
134925711
119883931
136650266
132637043
128964681
135859998
132459600
128275875
134730061
119898139
136391696
131711997
127657188
134318795
130961929
127167410
134335446
120073068
136943059
132620489
128849581
135625783
132238419
127858330
134413254
130414791
125662134
131877424
117987875
135021085
131543690
127604701
134587406
119652995
136696640
132357442
128313777
134931265
131489319
127329919
133801068
119121448
136043288
132069125
128423478
136015554
132291077
127475225
134041932
119826211
137675959
133920170
140280345
136304650
132955329
128897551
135410312
131002820
127422415
136243392
118991486
136085711
131654317
127789391
134689251
130259036
126396186
132906247
118786654
136402417
132276234
128055217
134450787
130869405
126841688
133256738
118891469
135802165
132457445
127897823
134194608
119688715
136299606
132372693
128899896
135703992
132030863
128270453
134624817
130540139
126792336
132760127
129193213
126421255
133256982
118616919
135898640
131327068
127196608
133731308
119338922
136244074
132601558
128801915
135855629
132224686
128257592
135289645
131115940
127918593
134464827
119675328
137010827
132964034
138936198
135206807
130708603
127421186
133800348
119928586
138893854
134518660
129959373
136125558
132062512
127891231
134912042
130634070
126592042
133298889
118546603
136140122
131801896
128043225
134755492
119853178
137565434
133364715
129361765
136393182
131860808
138553334
134243634
130682573
137464644
133095055
129297616
136019395
131892277
128355426
134997035
131252762
126936374
132673956
118753532
137259596
133355470
128929702
135563348
131402005
127319776
134199310
119291359
136091245
132657061
129291000
135678739
131296151
127597532
134352753
119482016
137166344
133452543
129362625
136126342
132532397
128373190
135462075
132037255
128120582
134119206
129847051
125348690
131716248
117080444
135066713
131168345
127236926
133780386
130422477
126430125
132741807
118043305
135194117
131750182
127901463
133935433
119553330
136104465
132618667
128285522
135326129
131259132
127947229
134379007
130251086
136767212
132746730
129218689
135485137
132123717
127796072
134332186
130213101
128686589
132478024
117801852
134890980
130478006
126545479
133115464
118942018
135762511
132024534
128110540
134514822
130125497
126565652
132739436
118173089
136125388
132450364
128935225
135750654
131150934
127505455
133747874
119474548
136953684
132593710
128399687
135246871
131444400
127538287
134033436
119536600
136616795
132298926
128175217
134715180
130791106
126927696
133259498
119200468
136751218
132726171
129275984
136052228
131332405
126972857
133821740
119215142
136270679
132320783
129018781
135619644
131340983
127336247
133191811
119195158
136871381
132586900
128887540
135250432
130749950
127233212
135657968
118368500
135317300
130695476
126858419
133353460
118781313
135802395
131258638
126960732
133213790
118662951
135647522
131497116
127715297
133799992
129432665
125315184
131844873
117265657
134295356
130128310
126774686
134617742
120257841
137453605
133138507
129530775
136689217
132074832
127682569
134319005
119855582
137600101
133668114
130184383
137137458
132847051
129117087
135653949
131464438
127078837
133687982
119600166
136698690
132310663
128100623
134776393
130592216
126729008
133127027
118598978
135473733
130815667
126936420
133448875
118664984
136643892
132280787
128525933
135724053
131482263
127317698
133487866
119026215
135578771
131527955
127465005
134812466
130410156
126702345
133448640
119135725
136117948
131720358
127685867
134286967
130529382
126520553
132920055
118389885
135664635
131062746
127282355
133914193
118847971
136057788
132061723
128046031
134490618
130486171
126657085
133681490
119008324
137373150
133313408
129263150
135359907
130931182
127001575
133103611
118427065
135914487
132035948
128484575
135142258
131610579
128354357
133919313
119227786
136965962
133241274
129393183
135892595
131875880
128874165
135252893
131389161
127297494
133750490
119247314
136867725
132393240
128865502
135689881
131568646
127524262
133419778
129260970
125367571
132051063
117234687
134871485
130547246
126744593
133488994
119676954
136527745
132308758
129126065
135164149
131715825
128385492
135199710
131172920
127124607
133403575
119068527
136678264
132412681
127965116
134067867
130445610
126786272
133254006
118252297
135368736
131275678
127837567
134697617
120557629
137209947
133611282
129315422
135728432
132196643
128055757
134373814
130669017
126968529
133027567
118981185
135595804
131334598
127246766
134474051
119724548
136225621
133147637
129631830
136257568
132854734
128572304
136318866
131961141
127643856
133966248
119147385
136107751
132121887
128790310
135289045
130775303
127392221
134522137
119551560
136423765
132188897
128452482
134497243
131009732
127087234
133488268
118898856
136765896
132906613
128930793
136156214
132069942
127687123
133948840
119784692
136610940
121808474
138888333
135122540
130354429
126979873
133854947
119871369
137436395
133502845
130150203
137113803
133071781
129641843
136217647
132242111
128208984
134894340
130910183
126935022
133834923
119199965
136910999
132760512
129214619
135644878
131490753
127909489
134321879
129813804
125717733
132763986
118695662
135760324
131278928
127581823
134498255
130218073
126346060
132241772
117725432
134600317
130262179
126502010
132583105
118111839
135121136
130764322
127400328
133617506
119177219
136517946
132821343
128920962
135711510
131351211
127493342
134134742
119436162
137291286
133160701
129142665
135160554
131116017
127682822
134592841
130275424
126558570
132399550
117839825
134915963
131172986
127362295
134082259
119346366
136679268
132427511
128880988
135915403
132201847
128308885
136111058
131872263
127992753
134395945
119240775
136348606
132424618
128873580
135551151
131391813
127681774
134384780
130405962
126604278
133047488
118356291
136016168
131843475
128552871
135471573
131246949
127539610
134109835
119732833
137221395
133127791
128700190
135302839
130888938
127443674
133653548
119402560
136201175
132061273
128355060
135040872
130532368
126554305
133202906
118857181
135404541
131536358
127814641
134430334
130940127
126997985
132958553
118270973
135677002
131622545
127536482
134745992
130667785
126700505
133014155
118788310
135575035
121270625
139347365
134869037
130980849
126931430
133798421
119871542
137470201
133469207
129204962
135520774
132340408
128963280
134870241
131184961
127007949
133616362
118698151
135597801
131324732
128447132
134617983
130887522
126739298
133629234
119013022
137208726
132469582
128631755
135843437
131677853
127880986
135177431
131372159
127711644
134527591
120474887
137041993
132623329
128817739
135481596
120761884
137871633
133533158
129551038
136418549
132859632
129163185
136396647
132922985
129338177
135622707
131262648
138531990
134752783
130249630
136595798
132338969
128346711
134361255
130228186
126624430
132913856
118067774
134557185
130069695
126566909
133066645
118814931
136014754
131656049
138629075
134841971
130884332
126962413
133378144
118564963
136122624
132393360
128527136
135227076
131161640
127220152
134096122
118907680
136509554
132072329
128453658
134958314
131263176
127149768
133312227
118923123
136396484
132302835
128255526
134781264
130970883
127396183
134086349
119579463
136721304
132180038
128462151
135005480
131091731
126964224
134124528
119524631
137291578
133609890
129591437
135824622
131728662
127555445
134294010
130166363
126578813
132978844
118859392
136137130
132354324
128017072
134997090
120593775
137135848
132681206
128912913
135970881
131691719
128012878
134767144
130680632
126612700
133381017
118444825
136454015
121785456
138017728
134144864
130164285
137223513
133107832
128855718
135115333
130755098
127038026
133974368
119301271
136282617
132240015
128266427
134793880
130357498
126529161
132545066
118402885
135527925
130977216
127282508
133988500
119283289
136142234
131658336
127608476
134513902
120007868
137167189
133011452
129347102
135879493
132218346
128256573
134464362
131318687
127770923
134233873
119758486
137186659
133150636
128941549
135086241
131291711
128320574
135671231
131548402
127907405
134692328
130174364
126600623
133121065
118792465
136003482
132295473
128449579
135098309
131280777
127600015
134412575
119844698
136805266
132732218
128864944
136524399
133506319
129166842
135835189
132491908
128289073
135097580
131075245
127363304
133671738
118978371
137028229
133427014
139854913
136071908
132345925
128224719
134689918
130201306
126546998
133438510
119470186
136640271
133317554
129486926
135732732
131232792
127053539
133730529
119160752
136979166
132915378
129731775
136544905
131830987
128043733
135479894
130787644
127816987
134503819
130742395
126919407
133023559
118087623
136155581
132252017
128345929
134293959
129989459
126698760
132680477
118429020
135967851
131529694
127779804
134486304
131143287
127861184
134703049
120277538
136864895
132708466
128943573
135283295
130800066
127029994
135612350
119226694
135842005
132539113
128981194
135473312
131217201
127600053
134095965
130599291
126607172
132878415
118393707
135106772
131227468
127198146
133954444
119318605
136138007
132387974
128067244
134979800
130946086
127025024
134564381
120510163
137828510
134061363
130312159
137072275
133489730
129073121
135853653
131746581
127811004
134230634
130565187
127181795
134162260
119729900
136846645
133289006
129536438
136241067
132037486
128126387
135277645
131292990
126907399
133617178
119215711
137168999
133537103
129397083
136304119
131992521
128158557
134754662
130807377
126751154
133344462
119075934
137164854
133456039
129518033
136164032
132185095
128465599
135718784
130885298
127797528
134677600
131346540
127345736
134209083
120005565
137381186
133009467
129249188
136309462
132348657
127863974
134387162
119552574
135864202
131653862
128110826
134303703
119523117
136504976
132281427
128504076
135209598
131130345
127001630
133876853
119192697
136499506
132362675
128478108
134488067
130024359
125987376
132773122
117978014
135116225
130766245
126806465
133033330
118421357
135868219
131502615
127134629
134269752
120128909
137224515
133431798
130103388
136452295
131994516
127989801
134306135
119979856
137247562
132768120
129406305
136795916
133259512
128794809
134801541
130842867
127478215
134101454
130437975
126652848
133141020
118709378
135876951
132802402
128842418
135652363
121341448
137936962
134191243
130139979
135004617
131184680
126884336
134015956
119615375
137093216
132629152
128230814
135121787
131286671
127509649
133979031
119666413
136402285
132394713
128066677
134190342
119208487
136070639
131697217
127885913
134101867
130061699
126648619
132833038
129024217
125957527
132814850
118315352
135443887
131088886
127537964
134186462
129791934
126337541
133522460
118610356
135411886
131495054
126942098
133777436
118902413
137350080
133551915
129631029
136617573
132383450
128168498
124528090
120612346
137115230
133210867
128971480
135408999
130936809
127462897
134626905
119439419
136833979
133102928
128872552
135631650
131231522
127448303
133637936
119087761
135479797
131002277
126680253
133641260
119503520
137435284
133006431
129563489
136689366
132468817
129229869
135903886
131716528
128564752
135000663
130914112
126803000
133649254
119512984
137506516
133651540
130056771
136733871
132656788
129048933
135488921
131738243
128055520
135932152
132072545
127756850
133736439
129767448
126534364
133114725
118765202
135865141
132055636
128018892
134271705
120121614
137303813
133198799
129179393
136021793
131825684
127969848
134923777
131227883
127464322
133632885
118747630
136532238
132273467
129361431
135207702
131014477
127125330
133463191
130060193
126672154
133297888
118946653
136704878
132225905
128747234
136197737
132402887
127994739
134664344
120084370
136927876
133145012
129650674
136820563
132485097
128807161
135931744
131375852
127999579
134717793
120049148
137493036
133921646
129781179
136354245
131632294
128701840
135307762
131187676
126876179
133232326
118802758
136474374
133088532
128843836
135457068
130993964
127224680
133161751
118622037
135800215
131341563
127578782
134387904
129748551
126017263
132425794
118052026
136353505
132079765
127999723
134912136
130503939
126752906
134002549
120073838
138791210
134706897
131063917
137283786
133473173
130054456
137769354
133491838
129546359
136053050
131519486
127577146
134253466
130153410
126963882
133504804
118878558
136738385
133117235
129646046
136579298
132875425
129254584
136072975
133113015
129142470
135898500
132092390
128302304
136260606
132454712
127926722
134212933
119395851
137034617
133292826
129055900
135681816
131983296
127859825
134423122
130232467
127050510
133880631
119101351
136272726
132483626
128675971
135453624
131588339
127848792
134212395
130785562
127420330
134727973
120444312
138481798
134861158
130856794
126844566
133259616
118509438
134711474
130630759
126684139
132610812
118285734
135861616
131958315
128075962
135338535
131206235
128054884
135290243
130996998
128119545
134348633
130549200
126641662
132719684
118905605
137194798
133082852
128656131
134789598
130792227
126734230
134027568
119403607
136431699
132442008
139116829
134732462
130552118
126652205
133097642
119145124
136217313
132261744
128906192
135379315
131553162
127467462
134305476
119282073
136217119
132330188
128433176
135252411
131194751
126955388
134252249
119485803
136933863
132885621
129413337
136273640
131568745
127305735
133366030
118713882
136397668
132038723
128781313
135643552
132130296
128079377
134299134
130331975
126707187
133625191
118948751
136295180
132839483
128564086
135881005
131973462
128212879
134976377
130659509
126672378
133568581
119140702
136740994
133047594
129771595
136544302
132249087
128211671
135013597
130475093
126396998
133092191
118612480
136306481
132930584
129325246
135224560
131298553
127456346
134218313
119777338
136838928
132371632
128798218
134980771
130485727
126776859
133292669
129061109
135561484
131755731
128327194
135291952
131075413
126874381
133849054
119559329
137384377
133414757
130187485
136157539
132036036
128814834
136152270
132168511
128424665
134950018
131234556
127712738
134107428
119265186
136642211
132693220
128447056
136169957
132633568
128794377
134792625
131219612
127111894
133649811
118608279
135242877
131670752
127851421
134334233
130841127
126581455
133340653
118676737
135732507
132104312
129051499
136311578
132629506
129050411
135463645
131182668
127108276
134082674
119260021
137002257
133185565
129872563
136841862
132955175
129308171
135284974
131146103
127393771
133591500
118968262
136510750
132784592
128895011
136165891
132888580
129178199
135519519
132285167
128563794
136069591
131710667
127712665
133731103
130089214
126704827
133500453
118493943
136223159
132372373
129207747
136346190
132398796
128806798
135693874
131903385
127825270
134184807
130359382
126899666
132731467
118070140
136278824
132023561
128204432
135757267
132031656
127892098
134482444
119947558
136471132
131916803
128068495
134266304
129549879
125614794
132698340
118034368
135074024
130206870
126787040
134280376
119797049
136551085
132233251
128343775
135348915
131399730
127763276
134630742
130433650
126755445
132883660
118230423
135500294
132382654
128687143
134942128
130854885
127188790
133945716
119527295
137531704
133312955
129103734
135178805
130960355
137731858
133600734
129945077
136633339
132309901
127974934
134113725
119318228
136273958
131784146
128066113
134836294
131058116
126926497
133320419
118879893
136806439
132730642
129387410
136275084
131650833
128049786
134095362
130252867
126622577
133322872
119294695
136483981
132409767
129010516
135727351
131565057
127555399
133958494
119700399
137039400
133230162
129728047
136595295
132632037
128701839
135090206
130880418
126860705
133886971
119288567
137593395
133502648
129628782
136426014
133334540
129863296
135646429
121160790
138761158
134294035
127714032
134341184
129857361
126559470
133729269
119507941
137028025
132603887
128888458
135823154
131565325
128121071
134807368
131347039
127181940
134503828
120677683
136794733
133562836
128962805
135697967
131644909
127691919
134436474
130594610
127086273
133326200
118968667
135708210
132133441
128027299
134695941
130687960
127111080
133401646
118703432
135590628
132151298
128616131
135357553
130916619
127259482
134140184
120058709
137599185
134013084
130341042
137116578
133260057
129140024
135797224
131406845
127794448
135162544
131797660
127780658
134257106
119483210
135870296
131752481
127916248
133908116
119272519
136822419
132867473
129137077
135694829
132117515
139384950
136026387
131544401
127413476
134633898
119875344
137610629
132901417
129110802
135079079
130601391
126523427
133043967
118545154
136223666
132157044
128697094
135024314
130862352
126589334
133015527
118840183
135569426
132029913
128101805
134972790
130756826
127076572
133179807
118750337
136468804
131767854
127857090
134299069
129270474
124828022
132529742
117960632
135062907
130885695
126627029
133144401
118496390
135277726
131164506
127307152
133871198
119482354
136512980
131924998
128055494
134801950
131042956
127619880
133636894
119143173
136723403
132643167
128634929
135329793
131356466
127196551
133830142
118876371
136396229
131726095
127910333
135333802
131962329
128134919
135479012
131478781
128013049
135419938
131318328
127896796
134573996
130876063
127889516
134923317
130793726
127164273
133961844
119578566
137116859
133542748
129364864
135728455
131896749
128768974
135341402
131105593
128036819
135185030
130993000
127176299
133625011
118911548
136206662
132293969
127962801
134498129
130258438
126331220
132866632
118722213
137076602
133115086
129010691
135803070
131475411
128408109
135151008
130811433
126398860
132418085
117764013
134869744
130751276
126735572
132975379
118244052
135157867
130629350
126792976
133076958
118599566
135865325
131325154
127427420
134402625
130185416
126495976
132533542
118043655
135354834
131050626
126764600
133287209
118725292
136998804
132804004
128663420
135310780
130766706
127588278
134237125
119312649
136752759
133067525
128916176
135616768
130993409
127131768
133843791
119344428
135648695
132195735
127639710
134116305
119432625
136778439
132477039
128179094
134221493
130225951
126815016
132662485
118265175
135901228
132057926
128378249
135065788
131433372
127460509
134250746
119443619
136557606
132656812
128806991
135020058
130894672
127468442
134111486
129562525
125934193
132623505
117973251
135692042
132532026
129226164
135331414
130987016
126497245
133126843
118562580
136289987
131954827
128480505
135441928
130916527
128274988
133601476
119007818
135671883
120996559
138358923
132011860
128191481
134520581
120662091
137465258
133746527
129402814
136495029
132311849
128301879
134500004
119931251
137577405
122504223
139283374
135696778
130868216
126574183
133497989
118432498
135965059
131542749
127162450
134092712
129699547
125611115
143358432
128501869
