136051927
132701320
128883576
136241144
131888936
127543910
134066454
129514893
125339044
131796903
117475248
134610733
130288726
126410769
133485290
130042375
125712143
132274011
117839807
134279584
130073444
126142290
132087799
117357992
134347695
131179578
126964398
133515639
129482364
125868060
132360851
118036352
135561237
132195499
128141107
134423972
130793424
126284504
132597220
118056196
135286545
131609544
127948202
133698708
129876475
125578367
131872966
117315740
133855026
129828538
125715963
132306900
128968281
124509074
131673386
117338445
133764674
130067696
136227985
132055648
127528702
124557948
131429565
116852307
134492823
131244227
127623230
134437565
130279340
126222464
133551008
129167375
125021842
132031495
117344550
134733774
130173988
126073759
132640956
128757901
125114317
131267873
127971272
134926709
131988634
127817133
134712464
130372253
127116116
133221169
129741060
125662109
132794341
129989278
125319886
132132955
117896727
135796995
131994294
127751691
134451252
130611167
127398105
133442606
129482763
125708417
132323291
118303870
135616835
132020165
127777310
134124922
131221084
126785228
133611257
129449497
126032598
132714276
129242344
125627463
132095876
117709728
135108930
131755756
127384583
134260696
130297438
126809927
134132868
129495190
125508103
131773630
117826199
134744633
131011598
127243500
134767439
130676617
126435875
134333846
128330059
124943501
142325405
117291327
134321098
129803565
125869269
132800234
118707470
136521729
132329022
128090778
133999636
129809202
125573338
132078174
117184078
134053691
129962406
125963996
131998898
117592726
135981809
131117109
126898721
133362819
129534502
126022895
132537185
128882068
125842367
132622602
117967739
135239256
130738080
127345598
133968274
130601903
126840324
132634332
118127662
135679516
131666640
128051785
135672125
131695345
127905850
134896090
130871480
126545090
132942787
129328111
125894402
132553178
118503419
136123941
131828433
127807817
133860293
129848244
126056324
133283434
128841187
124963995
130570679
116152235
134007701
129468950
126302787
133711343
129792032
125713433
132004372
117460033
134905955
131186225
128028558
134280375
129673515
125628672
132124783
117786875
135088561
131579993
127726691
133916595
129919833
126014348
133133192
118782689
135319779
131179987
127941576
134444995
130446214
126988858
134033428
130182497
127225326
133369107
128927072
125300708
132071503
117557306
134688795
130703004
127036474
134108444
129854795
126039224
132206527
117781393
134281052
130352852
126348335
132661981
117942087
136197179
131739954
127735067
135091663
131484592
127823791
133763918
129755053
125229741
131736808
117339458
134650200
130613470
126805105
133670001
129285335
125063414
131639515
117353624
134376030
129782880
125771564
132819682
118665994
135786049
131652068
127968356
134845151
131113886
128230542
135091656
130860107
127291994
134299501
130744098
126916186
132793488
129127651
125250707
132045755
118104133
135072243
131299613
127522014
135073105
130974471
126870734
133475388
129445658
125916251
132124562
127889473
124982344
130684340
116565367
123257678
119472151
136653285
131878424
128001019
133820791
129972023
126215469
132409270
128649582
124323558
131954994
117266158
134252334
130574576
127073381
133847823
130336628
127038844
133102605
129168471
125775169
132206120
118198815
135273767
130991652
127712417
133540703
129643558
125596236
132503812
118528506
135941918
131825305
127604789
133900314
129660624
125897980
131828730
117362049
134241032
130607753
127538290
133124532
129204603
125376000
132475705
118019086
135430910
131003890
127373273
134343166
130454900
126935489
134308505
129927310
126585070
133147985
128647727
125076735
132086749
117411160
134976624
130889543
127179629
134179611
130042365
126621977
133225997
129246665
125586136
132592049
118246366
135742591
131675443
127518230
134121715
130426976
126441060
132203413
129195279
125850708
132430122
118049349
135160873
131694713
128059557
134333158
129825486
125634733
132931356
118281636
135540450
131346975
127793412
134765771
130535857
127051363
134017404
130552527
126644198
133186891
128874679
124794351
130870044
116492840
133814207
129471656
125268108
132023624
117872109
134913234
130892616
126832124
133257946
129806525
125818507
132458760
117502626
133951845
131028769
126779627
132789353
128860248
124624409
130992220
116663147
134693195
130896769
126367434
132503223
128765577
125324173
132798390
118087409
134809938
130285279
126071094
133249898
129731011
125221860
132189482
117639153
135880661
132196171
127538354
133945615
130024515
126570493
133137574
129021489
125065996
131338786
116639248
132983909
129583534
126010802
132400410
118530290
134548459
130579772
126486715
133312372
128816974
125223035
131624042
116982883
134570294
130583586
126802202
132469642
118296568
134880659
131424347
128228403
134766812
131003150
127757675
133703878
129866162
126090241
133048776
118612972
136449778
131966782
128580113
135667117
131880382
128075741
134798147
130972676
127796547
134811233
130576848
127127689
133937722
130301793
125956860
132440581
128625203
125353966
131867937
117580192
134142016
130092308
125497330
132026865
117634962
135319040
131080334
127176003
134788884
130784726
126804767
133131478
118318097
134279775
130277918
126835782
134105711
129932930
126866761
132554738
128454781
124739502
131438664
116781197
134888227
130655191
126782138
133620898
129460326
125474199
133073397
118407053
135720328
131990201
127626880
134052834
130969447
126877600
133137931
128509815
124844543
130798691
116177146
133120276
129081057
125677222
132782441
118348131
135928423
131916729
128941772
135073334
130642737
127051702
133817177
130432814
126460012
133625764
129311844
125610685
132560642
117867752
135317537
131547020
128110340
134368407
130883726
127284822
134505269
130109342
127740736
132781229
118695934
136547707
133275499
129105286
135971451
131246581
138149298
134335057
129832029
125969441
132145156
117544117
135542627
131163079
127716045
134358970
130412004
126663322
133164269
128714495
124764202
131153960
116708004
134153378
130898966
126877229
133335252
128535112
125164289
131094723
116718779
133509097
129802916
125522492
133204174
118828494
135908869
132526414
128566321
136062017
131884553
127851979
135062159
130999716
126585243
132933512
128927093
124857604
131197032
116595888
132768941
129024777
125602071
132039135
117390340
133829550
129980204
127115688
133507191
128964499
125674957
131887637
117579730
135093367
131173721
126837788
133478561
128927668
124816717
131910303
117628545
133701935
129745340
126039715
133159566
129337751
126034184
132455643
128128749
123766672
130139280
115607545
133293930
129553782
125723961
132456848
117901553
136066226
131842266
127841453
133851423
129909419
125595123
132163816
118199999
136179281
131600017
127742435
133952561
129757603
126322930
132851737
129276064
125355458
131778378
117687726
134752486
130603347
127069380
134077208
130211813
126289299
131713798
117544388
134737743
131274562
127427473
135260782
131391639
128039266
134598009
120356988
136954145
134028940
129182077
125378360
131739677
117169517
134994809
131051357
128018813
134499513
130324930
126906108
133796257
130048489
125928214
131785170
117323163
135017338
131530201
128009671
134202877
129864843
126190159
132981207
129716251
125914623
132051447
117572349
136134926
132171792
128873592
134699814
130991734
127121890
134040815
130300089
126999921
132790689
128618672
124459205
130447817
115977945
134052434
130024048
126308266
132804238
129033256
125608718
132528861
118059109
135475922
131863640
128234029
134739088
130452639
126627808
133056267
128951870
124976986
130860202
116126827
132741274
118133592
135715520
131639041
127884521
134986960
130985634
127073177
134166544
130658753
126767572
132947063
118127192
135088607
130679105
126896033
132295046
118185146
135183306
131122310
127060639
132948860
129052782
125317873
132619488
118034826
134454198
131141134
127511803
134095766
130703802
126962917
133745719
130221307
126001145
133116941
129232279
125233869
132584502
118062347
136015880
132050576
127936494
134039160
129785059
125299865
132922096
118460819
134838047
131358797
128101313
134489298
129881864
126118665
133103133
129074251
124900760
131680570
117537142
134934851
130855676
126837352
133267154
129499217
125787739
132228580
117803594
135152459
130749230
126679924
132750633
118026169
135651823
131981359
127920059
134127117
129947153
126029971
133658179
129743904
125511309
132141450
117828332
134828425
131604049
127918050
135157745
130552920
126558138
133623335
129799393
125751708
131936780
117559096
134125504
130313700
126451747
132595997
128809044
125063639
132392956
118055412
134119283
129856625
125903915
132793540
129708536
135778464
131547586
128024239
134881395
131563919
128522503
134726622
130735803
127742777
134057910
129798314
125816885
132841162
118422981
135864997
132172876
127603152
134413221
129571677
125366418
132021882
117946588
135356799
131127204
127159869
132989683
118206847
135328125
130776074
126890696
132627940
128748692
125066128
132158602
117685368
134985870
130778545
127176976
133797880
129855258
125954250
132846732
129118241
124780615
131983745
117957280
135933346
132010185
127661226
134858674
130860847
127032770
133979690
130151517
126124440
133059861
129149475
125643201
132592184
117967513
135404063
131998386
128793319
134617117
131058547
127044261
134363017
130062017
125868981
131861526
117362110
134217159
130751430
127083407
134048033
129765239
125554044
131463919
117032907
135181797
131309183
127763173
134343523
130119360
126026747
132859129
129338753
125863701
132400949
129394464
125089337
121334837
138489518
134657301
130202287
126270076
133145785
129005420
125287555
131911152
117913930
135398460
130848476
126857909
133949968
130143966
127348181
133258936
129185245
126030493
132379541
117581197
134898134
130409159
126638319
133787104
129414210
125538340
131531308
117011818
134934362
130493077
127004847
133544579
129389127
126032633
132325100
118014239
135423032
130611005
126544786
133055253
119245509
136311033
132251592
128457745
135957081
131905015
127909400
134206055
130198992
125934892
131958526
117596614
134184082
129520081
126192005
132979571
118582823
135532626
131411934
127631344
134253225
131102810
126465652
132793729
118110507
135151838
131229694
126868670
132985013
129198017
126151503
132385552
128080391
124325981
130864766
116228484
133934241
129923718
126292231
132997493
129143633
124862764
131959453
117472814
135016152
131588731
127540194
134003177
129807773
125626371
131903142
117401800
134286995
130030190
127130518
133427611
118549297
136168147
132062105
127893755
134645179
130017668
125773546
133037049
128985484
124718753
131936233
117287220
134263911
130182787
125779164
132221875
117802158
135611512
131939583
128024556
134351665
129839175
126326990
132722240
118028685
135249908
130822646
126917092
132862538
118225571
134947673
131155920
127571880
134389530
130404784
126471885
132839437
129222544
124778295
131271571
116367358
133132369
129115780
124998937
130924943
117028309
134343430
130191378
126551096
132920787
128630881
124531407
130999365
116515023
132812262
129327296
125657748
131992498
117456430
135811373
131804656
127582080
133612869
130019629
125600173
132259539
118045407
134837831
130823660
126783158
133427178
129942535
126130112
132029495
117444606
133894554
130128943
125903874
132686093
118388164
136730118
132246113
128895216
135419781
131697564
128372221
135067091
131376636
127608574
134324421
129851367
126183253
132362144
118081154
135521003
131529061
127808626
135008974
131764166
127848086
134510932
130050692
125855824
132128882
117742482
134493097
127785048
124083825
130193799
115413972
132236155
128268714
125229162
131084447
116586002
134888453
131152032
127091406
134074795
130337366
126490606
132677210
128695204
124463112
131385635
116891486
134218641
129713380
125781511
131888093
117331829
134767361
130904332
127116742
134382835
130643687
126600244
133152246
128715676
124743097
130992101
116584473
133306432
129161015
125669627
132297703
118306542
135279756
131101163
126801057
133527543
129704608
125982212
132823325
129598466
126030994
132858316
129263953
126207961
133124882
129146666
124654594
132475133
118095392
135466528
131719946
127641138
134042383
129682406
125855092
132091029
117615070
134997722
131671258
127595421
133746367
129862523
126007447
132863734
118255874
134429411
130218633
126551421
132889174
128831984
124432714
130310336
116002117
132698940
129074678
124800409
131642113
117680112
135189581
131439407
127929725
134372230
130921470
126722093
133130214
129811332
126081012
131808483
117184173
134469714
130027008
126323710
133753942
129914131
125742271
132489943
128909199
125009760
131246304
116802844
133212637
128878962
125239122
131229467
116597662
133442697
129368150
125282887
131723948
117001853
135029081
131577377
128347649
135150404
131371382
126331840
143534041
118501442
115057582
130929398
126671154
134299775
130273369
127023838
133309139
129441808
126216392
133626064
117778602
134212980
130471882
127542110
135061393
130866497
126640411
132671128
128588640
125068024
132254855
117790487
134450070
130106576
126568694
133059374
128762905
124984548
131048011
116630795
133440459
129537734
125250737
132058263
117381756
134159661
130620252
126993111
134102378
129817351
125879892
132884981
128528975
125143773
132371562
117932565
134413602
129982325
126361420
133590159
128987073
125611057
132717025
118032745
134912698
131004609
127658332
134010868
129934166
126140269
133167474
128792736
128177162
132512898
118010498
135009057
131226038
127251256
134814303
130317712
126855774
133169008
129174558
125642208
131941636
117423651
133592924
130031104
126777113
133342134
128760904
125171777
131039528
116620220
134328263
130086867
126463127
132629605
118313235
135067580
130574012
126879976
134366250
130770675
126730219
132651485
118216012
135231014
130961143
126815766
133413640
129542372
126005689
133852912
119636095
136547786
132613585
129004819
135281417
130969026
126783054
133085144
118171845
135609932
131592904
128102550
135032964
131599081
127740523
134150084
129655382
125923269
132335340
117647155
134171373
130000906
125927278
131847731
117499722
135374585
130888898
126604797
133239629
129164018
125648227
132420375
118129452
134805498
130660435
127658291
134390354
130298255
127176751
134110629
129833877
125989256
132878152
128962929
125015154
132272227
117705042
135095372
131012064
127007418
133254449
118519468
135216125
131104387
126698222
132997925
118941327
135335953
131397879
127955279
134209803
130335633
126749192
132669991
128636308
124876220
132143785
118394861
135338843
131408093
128105735
134569231
130164300
126018309
133035555
129001517
124615225
130815645
116334807
133114588
129571540
126433022
132336665
118081755
134864574
130935680
127044493
133043815
129398296
125807401
133290225
118914230
136329612
122143887
138842654
134966591
130802287
127351005
133806641
129455715
126556068
133057150
128627679
124892078
131497446
116720453
133170808
128943192
125542516
132301193
117737607
135444679
131602672
127446752
134118354
120098897
137033348
132501122
128090647
124318349
131723250
117108071
134207627
129708248
125702666
132096788
117718169
133813236
129978904
126182780
132976801
129775202
125703287
131960064
117579371
134041588
129842591
125836445
131432974
117259018
135263239
130729709
126711072
132803387
128898141
125352546
131470289
116976659
134320920
130130847
126382583
133513329
129923741
126738257
133631594
129664421
125676538
132105987
117532858
134373965
131009512
127295476
133735798
129915098
126743891
133142558
118600281
135357778
130864636
126476033
133210989
129023056
124472775
131517191
117161643
133921512
130574929
126739669
132630556
128853294
124748369
131814206
117782166
135862499
132053935
127979592
134347106
130862688
126649001
133082550
129584817
125681946
132276356
118007911
135004895
131553597
127595007
134303943
130138750
125779139
131805463
117107630
133992618
130744611
126607471
132936067
118529802
135042231
130881846
128119135
134661452
131079044
127027635
134374274
129975644
126485979
132979275
128919030
124795038
130958326
116821813
134241248
129881928
126965907
133700379
129094702
126222351
132381642
117939882
135853628
132069891
128691590
134832559
130822545
126433177
132452409
128659962
125034432
132307540
117526430
135588621
131896226
127700755
134109204
129905015
125907430
131986713
117733380
134130684
129799578
125769916
132356608
117306939
134314019
130120955
126192547
132340644
117713675
135243578
131358859
128192376
135000871
130415587
126710133
133972825
130354427
127178454
133868279
130137350
127141719
133455135
129376234
125502319
131683135
117726056
134830854
131026435
126485708
132574499
128714357
124983105
131816297
117830256
134703441
131413338
127715836
134174929
130420015
126324459
133949181
129379288
125843896
131900314
117624184
134846609
131782030
127632442
133946503
130116874
126763382
133352625
129857731
125763372
132066465
117653393
134283734
129611937
125912826
131797458
117264445
135250196
130509910
126741222
133936324
129837184
126006327
133130925
118607697
136053962
132704762
128222851
125503405
132093023
118149737
134750007
130685384
126715901
133956378
129916297
126174458
132893306
129876381
126082296
131674760
116917241
134643200
130649246
126480346
133157129
128876991
124834739
130592543
115855271
132968701
118637434
134881347
130754306
126842651
132069197
117500565
134846597
131054334
127442407
134161767
131087659
126692911
132784551
128838124
124528100
131586131
117334919
133555341
129408295
126021952
133179808
118529339
135925192
131832866
127850807
134822065
130961124
127984600
134126783
130009111
126245615
132062844
117725978
135445885
131622377
127449888
133723582
129827546
125710982
132384321
117593008
133976839
129779244
126769396
133094275
119400082
135955700
131778498
128744822
135503280
130986098
127922688
134051388
129901420
125615401
132247670
128399333
124811247
132037755
118052337
135145423
131661122
127292234
133947140
130307532
126540121
132483781
128912292
125534706
132601374
117806561
135818809
131790161
128182622
134993347
131373926
127178035
134411975
130939186
126226946
133035602
118635767
135099322
130832706
126839983
132856440
129061912
126109722
132342358
117737203
135712554
132342949
128619903
135378553
130904840
127490609
134014590
129767751
125586429
132240377
117564245
135757305
131958699
127928427
133836835
130204404
125802475
133047817
129671287
125612765
131663469
117312400
134718503
130877152
127616611
134995805
130670894
127020595
133601838
128911228
125019657
131757857
117291651
135047814
131219864
127641836
134377436
130845058
126397585
133653958
129547710
125581301
131952374
117503542
134099966
129663897
126180523
133310565
129177055
124948138
131310809
116684288
134625182
130548413
126573953
133080520
118212383
134944510
131437659
128052492
134558387
130630592
127545089
134053358
129682311
125533292
131961199
117684340
134060499
130042598
126324020
132686456
129721644
125905451
132839727
128989196
124918660
131701301
117661776
134938012
130770505
126499483
132887248
129052106
125540221
132303416
118049805
135819239
131621896
127706633
134176854
130162371
126343389
132620536
129158425
125716745
132926817
128325773
124652828
132698174
117430606
134306223
130370608
127246311
133794359
130040904
126410986
132814921
128640769
124779871
131436377
116586984
133439170
118851797
134253592
129992794
126930092
133360959
128687345
124913591
131268633
116311577
133064464
128978760
124942945
131479313
116915745
135112630
130715176
126796219
133375128
128972361
124843406
130664410
116302049
133858165
129492128
126217840
132735138
129578286
125902337
132737797
128374844
124675563
131473394
117258151
134222994
129871034
125951321
132314767
128851498
124925689
131402129
116533032
134010740
130412106
126717882
133596374
129921429
126833796
132734831
128916774
124521085
131075303
116360719
132910000
129129279
125107518
132167750
117876103
135776597
131738101
128386163
135950412
131447739
128010751
133832574
130089677
126641702
133440911
128786623
124883811
132046222
117693247
135076376
131407650
127402690
134915868
130639454
126775656
133247278
118739771
135021480
130624956
126824991
132698101
129039468
124858580
131534648
117621242
135333083
130980183
126915629
133539484
129624822
125518284
132204333
117647524
134652300
130565623
126857053
134640281
130690776
126702910
132895498
128861503
124648673
130810426
116311304
133666963
130260688
126925058
133279656
129292056
125913386
133050257
118515124
136414588
131920078
127685480
134068154
130314898
126763226
133365737
130092586
126944842
133499928
129200922
125603350
132981095
118562323
136048393
132350436
128363317
135382910
131410424
128096440
134759068
131459577
128100823
134631103
120398804
136600918
132629567
128912733
125658831
132666847
118390395
135074045
130669857
126943869
132745665
128807606
125145998
132627114
118408034
134775346
130539981
126566792
132543393
128205839
124536840
131924251
117032239
133740542
129647275
125725768
131988075
117474584
133942241
130072602
126963280
133095692
128813517
125004100
130957338
116527769
134161109
129678817
125351473
132451227
118156423
135033253
130862360
127416609
134800434
130675327
126491793
132961492
129120239
125944752
132378700
117789018
134442089
130610349
127049079
134075187
131089874
126555038
133219754
128638050
124977929
131277765
116691073
132991919
129222124
125032693
132345035
117216339
133754922
129575792
125378618
131382030
117086130
135322452
131168089
128006377
133735195
130266383
125733454
132747296
128843478
124929080
130772555
116061950
134120520
130236628
127032420
133550688
129231321
124975365
131842269
117966666
134897948
130448829
126948308
134291449
130011580
125615843
132509105
118337071
135425125
130919453
127440035
134261953
129665948
125916500
132577516
129271544
125091893
131121160
116766448
135542649
131540461
128028970
134087379
130404514
126500407
132795905
129004964
125176837
131468728
117397601
134920566
131768638
127583101
133717111
129927137
126321583
132825727
128594435
124629123
130872497
116430794
133214433
129179652
126035635
132576591
117971279
134607599
130247676
126340768
133492745
129218842
126001134
132531358
117930370
135622216
132113712
127700512
134039885
129917350
125130773
131265609
117008653
134088761
129927905
126894417
133313039
129045084
124953173
130891804
116613503
133288320
128895150
124742823
130785735
137121803
133483620
129272780
125835409
132727709
129483689
125750248
132497367
117767751
134813350
130874798
127269545
133810378
119768040
136997383
132576603
127987507
124360282
131426826
116798627
134798712
131052563
126937219
133205886
129167698
124641333
130936576
116272243
133152097
129602941
125989223
133306972
128861241
125320575
132092543
117284700
134308781
129663334
125865164
132678063
118053254
135035634
131583197
127607319
134651872
130863322
126730065
132782463
128639889
124628694
131157535
117041407
133690048
129919641
125657418
133171229
118820124
135757306
131075496
127399388
134182857
129851107
125778676
131805588
117268240
134863909
130954258
126772128
133806593
129570186
126333018
132901515
128794035
124899845
131080726
116620023
133248949
129356884
126034971
133285344
129844528
126149020
132128296
117462350
134591249
130858251
126960375
133481085
129365398
125390363
132157337
118003210
134877112
131019700
126425987
133306361
118675818
135858274
131808315
128058170
135108065
131302769
127510651
133984759
130452071
126833171
132809850
128967223
125697754
132646147
117940333
135416303
131111258
128124158
134061154
130501889
126943225
133967825
130175241
127007007
133138187
128629361
124802315
131038384
116660345
133139856
128279199
124879210
131933589
128270482
135036221
130983481
127495320
134325153
130285788
127370757
133393345
129389287
125902953
132547841
117995499
134743538
130499516
126586329
132754951
128469610
124401715
130970632
116978226
134460173
130078337
126502331
133374579
129323256
125823913
132706729
118490204
135231742
131949809
127985340
134484699
130177253
126694947
132673442
128669666
124877923
130889295
116628576
132865689
128950694
124475812
130791239
116351334
133749315
130021976
125657496
132585144
128435400
124739438
131478292
116684321
133911182
129409391
126038970
133134192
129176450
126183384
132744492
118041897
135150152
131818770
128044172
134074687
130139918
126085644
133459800
129313158
124754483
131073670
116942466
134635327
130788326
126607903
133110566
118590595
135030438
131193571
127518237
134170963
130124633
126623298
133157291
128928956
124976155
131630528
117238372
134231950
129742555
125844392
131858703
117638056
133790725
129644054
125785917
131783499
117335136
133925398
130211636
126040370
132304909
128469406
125006189
132235991
117827383
135739161
131681502
127868203
134049391
129943135
126955172
132781746
128854308
124682457
131094220
117155708
134569819
130364358
127041514
133817168
129340049
125109125
131793521
117291856
135739518
131778398
127299578
134154007
130170352
126995276
133345836
129420512
126373968
132650107
128776938
124850066
130721212
115930550
133213717
129272956
125811314
132980818
118535464
135980569
132173729
128954791
135505232
131664099
128150461
134722644
131481525
127727942
134274384
131065889
127068501
133007105
118600740
136621230
132600134
129442166
136438567
132161596
128213428
134618841
129885467
125969175
133490710
129418754
125892060
133011474
129432508
125738094
132222474
117392093
134108241
130110944
126167948
132648635
128240091
124740364
132062563
117815333
134834059
130523035
126926219
133441793
128876364
124874404
131156133
117282949
133399598
129657307
126177524
132195639
117623952
135728137
131569588
128275345
135035815
131184055
127603075
134406029
130030927
126973760
132832578
118441623
135844206
131735260
127991936
134663218
130131111
126034824
132573410
128708258
124950803
131853903
117470459
135076840
131246270
126712143
133444067
129784085
126244307
133092979
129077142
135861450
131936287
127797791
135251835
131520820
128113097
134501885
130873672
126558946
133330446
128803308
124943459
132106135
117621244
134492904
130455537
126917798
133529855
129304192
125568293
131908157
117817326
135162748
131469064
128090832
134771662
130306023
126163764
133365899
129766091
125793731
132426816
117688337
134448987
130299203
126994383
133658996
129880719
126103716
131983564
127938836
123682543
131028572
117007276
134504506
130063310
125955251
132197050
128396653
124395954
131887423
117171281
134249648
129785463
126018918
132179690
117606858
134170038
129598700
126294099
132811738
128194021
124311796
130790703
116502971
134628173
130870992
126831028
133493715
129414205
125937809
132154956
118131317
135479225
131613112
127810785
135009124
131062139
127269002
134663015
129995205
126772802
134206942
129863072
125858302
132037958
117355070
134228590
130468902
126957404
133482278
130455496
126308018
133270463
129428059
126164527
132808998
118256343
134893596
130871074
127878300
134557378
129947593
126065932
132010666
117458352
134842016
131359056
127673811
135293847
131137420
128135780
134302097
130198044
125981388
133020660
129628499
126119524
132994421
118123312
135827662
131651497
127889814
133746444
129435991
125575705
132120932
118132292
134702588
130598486
126581137
132381728
128732582
124718934
131017638
116795261
135202881
130571125
127002037
133309599
130257025
125986831
132185384
117525840
134719696
129988410
125703162
133077802
129399185
126043219
132787262
118361591
135795238
131861912
127808962
134185259
130330395
126300440
132725054
128814126
125159593
131804242
117370294
134466364
129988214
127078626
134682414
130621689
126260701
132303492
128061234
124948125
132074829
117700050
134281067
129730999
125973675
133398013
129250295
125751224
131992321
118029103
135855198
132178567
127858375
135299811
131924227
127894819
134167947
129515155
125591279
132118917
117330156
134463677
130524057
126873797
133006757
128332283
125054227
131965298
117691737
135265816
130913220
127478544
135079121
131331051
128262621
134461565
130953420
126969866
133432936
128802253
125230752
131901456
117513726
135908024
132142558
128820352
135024147
131006141
126437177
132709069
128690423
124953141
132017906
117720115
135216263
130675304
126292237
132415030
118378073
135975636
132339154
137889230
123606505
141219371
137379842
133252835
128943852
125350001
131765602
117984525
135122681
131234139
126933627
132961145
118528225
135917000
131327230
127819305
134988543
131500261
127520676
134203259
130660773
126807143
132565590
118137247
135229864
131509477
127985274
134383211
130064895
126360869
133262186
129313254
125366359
131709375
117385860
134066184
129969137
126286299
133754766
129470099
125753743
132756948
118052571
135186408
131163175
127468024
134990524
130790441
126799918
132650245
118446516
134794069
131537445
127957266
134079448
129610859
125282331
132273368
118126279
135792339
131798293
127515016
134116511
130046298
127031840
133103397
128779814
124739465
131406565
117166587
134590573
130124154
126883043
133373601
129614115
125733986
132756827
118308284
136057529
131953286
127622323
134460372
130286572
127100158
133927269
130341690
126784470
133592578
129982836
126278824
132388388
118515797
136092908
131779866
128060479
134566379
130483319
126396002
132772755
129216702
125797609
131830412
117525879
135172453
131008702
126963272
134131240
130009082
125809456
131769406
117669957
135362136
131053132
127019065
134399299
130956786
127189185
133568741
129067745
124965451
131496813
117087058
135050635
130768696
127209862
133687269
129255566
125230536
131122351
116785042
134147756
130526095
126865504
133062305
128987878
124987757
130826784
116123527
133106797
129351039
125602618
132676853
118250865
135347455
131263857
128235399
134833539
130502384
126657762
132827912
128484758
125255085
132495682
118656742
136177663
132231019
128198637
135656857
131759291
127605892
133546252
129756174
126402781
132948700
128440711
124483691
132001083
117129790
134861368
130210940
126691773
133675866
129751146
126108875
131785371
116930388
134847891
131330203
126996128
133842377
130315989
126777161
132923747
128839923
125056219
132387141
118312100
134918297
130804369
126982478
133812321
130311966
125959184
132817861
128834547
124897710
131496788
116942302
133930910
130164791
125924509
133328358
129885728
125866695
131998154
117587311
134895121
130820150
127223079
133569972
129483582
125042974
132945918
118430034
135246870
130962790
126726498
133017042
118226696
135029790
130973030
126618811
132784851
128659176
124704511
131279384
116647580
134405542
130588903
126956978
134257364
130127775
126072015
133129667
129764102
125816035
131937357
117020077
135123270
130968817
126762626
133452763
129762996
126011580
131816883
127816119
124261514
130490523
115994900
133098313
128560904
124923444
132681537
118525067
135237636
130955481
126926246
132835792
129011422
124966408
131707939
117832324
135482390
131139271
127521407
134499815
130133450
126356853
133677075
129201096
125535337
131516743
117574918
134965138
131203836
127806222
134398864
130507111
126988223
133318413
129396084
126024460
132128183
117785473
135462851
131048865
126881689
134500214
130417776
127370640
133723629
129672632
125691142
131615754
128082044
125219909
131830196
117537266
135417129
131250550
128214927
133956811
129979926
126263248
133132874
129328786
126332211
133089143
118367094
136010845
132160291
126975673
155733956
130696780
115941293
133361070
118635510
134826261
130813364
127587595
133652894
129979518
125631436
132387839
118082303
135076656
131163004
127927062
134236773
130095176
126482711
133479182
129409396
125689551
133161204
128993787
125891533
132152764
117537148
134599003
130702141
126589095
133014050
129601521
125263965
132954457
118458276
135238047
131384753
128025865
134598024
130118500
125863331
132847327
118115993
136280851
131954516
127980847
134420721
129857530
126246582
132305994
128097780
124589684
132485037
117141878
123727445
140688718
136659286
132840639
128127364
123440902
130062126
116004365
133198600
128710117
124673459
130523626
116057265
133120350
129757279
125882065
132226077
117666090
135254138
131084191
127046379
133529067
129773225
125998843
133293882
128791871
124757920
131577552
117266324
134343603
130300781
126639025
133057156
128789427
125083477
131747503
117524195
133902283
129698043
126398833
133052293
130014520
126153538
132304579
117741885
135317440
131334457
127477277
134151249
130373136
126825832
133139253
129214563
125087660
131799722
118015910
136009294
131633542
127780742
134463932
130678093
126886324
133748821
130000107
126304427
133100660
129523791
125974756
133326556
128949797
125085467
132406606
118537966
135850580
131795193
128047061
135104429
130725594
126926944
133038841
128502942
124802425
131038401
116773113
134218882
129824464
125888835
131403681
117356298
134637169
131696101
127644431
134128312
129490926
126138250
131829854
117170143
134283242
129877063
125975820
132145316
117376894
134372422
129597821
125929813
132450466
117497454
134049598
130019945
125980678
133046692
129751251
126071643
132176674
117971729
135611321
130805377
126787366
134475568
130391806
127132493
133140975
129044396
125649525
132950987
118459333
135246865
131159212
127057892
133499950
128969189
125548883
132163670
117581863
134396738
130031878
125993617
132375198
128710810
124858336
131781941
117119819
134872984
130791803
126991319
134196423
130290358
126941980
133214357
128762074
124865062
130402539
115854895
133080689
129277173
126077526
133183418
129835915
125612356
132285233
117266239
134397283
130623905
126347344
133171313
128597646
124477527
131006110
116538917
133960047
130387190
126044595
133325022
128931982
125046476
132190051
117799562
135472342
130729005
126926223
134343585
130546392
127153957
133235045
129631263
125735071
131895846
117665975
135222279
131439440
127590950
134017873
129549584
126077897
132986731
118514776
135010511
132140935
127993505
134192254
129926986
126027779
132904037
129684242
126020551
131754851
117037532
135154496
131135140
127625052
133961265
129903533
126455347
133126084
128829931
126001673
132756019
117930784
135957284
131836716
127988435
133865796
130058200
125842483
132805526
129421433
125309891
131337857
117007154
134587555
131497001
127871353
134477185
130902136
127611755
133963353
129745874
125822849
133225771
129366976
125710366
132671342
129401677
125920451
132733892
118120513
135023063
130727278
127015939
134267336
130098284
126062550
132806940
129565851
126052477
132279673
117709216
134426863
130597977
126848291
133120171
128962294
124982218
131392848
116601997
133606027
129666132
125682431
131990936
128097198
124799588
132050187
117032855
133949713
130765582
126872290
132784063
128725250
124783669
130514173
116700209
132781648
128978701
125000545
131356379
116598611
135071497
131071126
126649696
132782952
128457171
124591209
130140631
115945323
134106296
119654121
136607203
130828965
126832573
133004179
118248227
135515042
131144916
127701936
134222027
130389878
126709027
133916497
130001345
127025727
133803196
129263899
124982275
131513085
117314668
133814153
130017688
125947282
132529277
128815780
124911720
131423196
117169775
134220093
130679976
126897530
133127544
129110159
125635393
132597076
117995495
136059051
132629306
128884464
135010999
130835584
126914667
133109658
128738570
134866512
131089577
126854822
134332047
130575304
126640748
134185239
130450689
126726854
132494647
118244772
124822006
131786664
138121728
134524603
130504781
126923511
134063168
130231436
126315459
133307863
129352824
126009026
133492512
128944542
125226742
131747524
117824003
135226211
130768193
127496754
134211983
130383122
126727662
133957124
129827526
126170293
133508019
129572868
125703078
132443071
117402388
134888390
130544980
126277689
132626674
128420025
124354941
131530906
117746681
133962587
129770955
125663651
132466324
128560095
124512157
131200618
117177657
133958874
130578982
126948849
133539883
129619197
125947365
133103010
119097245
136437841
132437686
128463139
124330287
130436256
116099170
133480606
129625623
125261563
132170679
118190796
136130167
132049409
128255308
134595794
130057590
126466175
133098330
128423547
125254873
131706134
116837847
133708313
130791216
127168604
134209948
130301564
126999685
134294160
130013504
125979468
132819907
128608998
124982812
131175730
116798992
134504717
130319977
127119878
134016628
130130581
126202058
132823054
129885578
126047048
132400046
118080052
135967636
131695122
128143424
133800721
129452369
126150199
132064659
117535116
135587960
131486904
127316884
133606252
129418986
125745166
131828686
117181561
133923790
129571331
126118153
132880416
118902487
136170243
131582925
127678870
134385844
130660230
127110956
134098533
129971056
127199781
133063526
128626183
124604761
132145423
118198377
135604894
131570115
128019487
134611930
130637714
127404057
131094354
117200328
133942819
130892163
126979519
133473864
129651351
135983143
131784714
128226307
134983187
131126142
127243160
134402501
130031946
125956138
132226176
128747418
124319122
131207263
116956481
135200530
131090677
127311951
134983322
130440879
126760219
132918877
129215147
126216058
132950169
119078476
136070726
131962437
128019363
134975021
130803423
126993823
134011059
130309117
126410229
133572216
129564668
125823384
131580953
117476621
133645601
129660409
125695172
132301992
118275438
135009419
131135210
127618119
134112306
130399641
127142071
134019857
129985443
125575340
132061819
117295838
134444553
131022512
127019236
133146508
129099713
126188945
131927692
117835401
135863080
132595297
128974354
136259337
132064975
128662662
134990519
130954226
127196740
133679724
129103685
125662531
132513054
127929111
124007017
130827155
116623265
134550271
130519561
125713696
133648419
129272309
125619396
132770521
118284663
136247171
132137728
127761843
134109656
130376944
127205471
132841941
128632470
124656871
130954660
116893096
134594768
129996111
125919917
132959039
128766626
124759374
131083542
116614332
133162377
129059742
125847648
132942283
118549547
136212196
131878105
127769541
133723689
129964196
125609650
132136991
117420315
135131732
131140998
128129972
134007231
129845269
125522673
131948107
117547365
133804280
130065558
125985225
131892643
127738237
124312910
131887548
117584605
133861994
129776180
125578393
131773769
117323920
134696493
130800055
126945252
134482591
129987996
125886001
133406329
117203564
133952472
129767910
126239879
132156569
128203548
124232814
131147386
116853921
133981368
129777979
126322261
133716769
129948700
126066139
132338563
117535224
134612345
130339088
127171180
133366422
129076857
125029614
131571977
117586775
134345802
120380554
137447078
133587559
129115649
125538224
131488035
117529179
133945326
129992703
126730953
134263271
120069019
137291801
133081441
126860201
133385250
130234957
126250623
131731372
117056106
134655605
129861741
126205731
133569246
128808602
124689974
131304683
117232810
133979317
130924694
126659237
132832911
118519497
135931574
132250569
128908121
135865100
132396872
129124967
135236474
130747591
127079325
133991562
129947300
126278037
132908436
129063482
124829567
132488495
118679472
135059105
130992915
127155084
134245849
129888703
125855349
132336651
117917147
134354852
131117083
127079295
133262224
129214399
125392317
132524946
117637479
134093627
130746494
126728460
132942518
129532100
126123650
132182808
117842219
134862685
131106313
128257798
134702289
130489285
127135885
133549314
129833209
125671649
132230649
117748117
134250823
130118259
126253729
131970529
117581302
135363195
132020480
128702447
135757070
131436265
127485746
133908329
129709863
125758635
132369165
127627807
124699055
132142436
117584538
135131601
131809423
127552685
134169905
129614269
125638195
132687736
128982751
124844187
130950941
116298041
133257137
129590408
136447089
132360448
