15461775
15450307
15447094
15440715
15438463
15432353
15429308
15420783
15417751
15411804
15408961
15402574
15399784
15393513
15391529
15385400
15382661
15375422
15370937
15360784
15354002
15347051
15344212
15337902
15335764
15329377
15326463
15320123
15317211
15311235
15308511
15302200
15299528
15293324
15291280
15285231
15282646
15276467
15273759
15268085
15265539
15259339
15256514
15250383
15248234
15241837
15237399
15230917
15228003
15222447
15219800
15213668
15210901
15204943
15203019
15196918
15194250
15188083
15185232
15179518
15176906
15170552
15167718
15161535
15159363
15153306
15150541
15144233
15141421
15135691
15132972
15126823
15124176
15118150
15115988
15109956
15107167
15096854
15092213
15085598
15081219
15074622
15071602
15065395
15063247
15056999
15054341
15048315
15045653
15039945
15037397
15031221
15028652
15022526
15020511
15014414
15011864
15005664
15002753
14997030
14994294
14988064
14985270
14979136
14977155
14971087
14968437
14962323
14959347
14950713
14946571
14937592
14932618
14922783
14919265
14912933
14909958
14903634
14900757
14894894
14892102
14885848
14883213
14877177
14875223
14869324
14866739
14860523
14857977
14852258
14849618
14843578
14841024
14834967
14832817
14826716
14823944
14817579
14814882
14808986
14806651
14800575
14797859
14791720
14789691
14783635
14780954
14774790
14772225
14766589
14763805
14757662
14755088
14748863
14746679
14740560
14736809
14730324
14727551
14721665
14719094
14712886
14710247
14704146
14702012
14695941
14693091
14682403
14679508
14673845
14670994
14664672
14661982
14655885
14653672
14647588
14644796
14638551
14635855
14630063
14627467
14621288
14618681
14612477
14610491
14604386
14601727
14595613
14593013
14587388
14584876
14578736
14576385
14570180
14567826
14561757
14559031
14549111
14546112
14540220
14537571
14531402
14528557
14522585
14520484
14514492
14511760
14505398
14502834
14497228
14494467
14488430
14485807
14479596
14477398
14471265
14468559
14462310
14459499
14453890
14451221
14445105
14442465
14436172
14434012
14428053
14425352
14419198
14416563
14410997
14408428
14402327
14399735
14393558
14391517
14385305
14382597
14376343
14372509
14366658
14363854
14357599
14354879
14348793
14346696
14340579
14337940
14331815
14329241
14323567
14321001
14314895
14312227
14306168
14303982
14297818
14295100
14288940
14286302
14280681
14278017
14271885
14269179
14263044
14261060
14255096
14252465
14246301
14243792
14238222
14234694
14228388
14225539
14219255
14217129
14211009
14208307
14201934
14199248
14193548
14190997
14184863
14182248
14176093
14174086
14167991
14165294
14159170
14156636
14151058
14148597
14142432
14139728
14133623
14131448
14125312
14122594
14116355
14113751
14108044
14104405
14098025
14095280
14089036
14086878
14080720
14078134
14071993
14068532
14062855
14060278
14053984
14051185
14044816
14042459
14035379
14032561
14026367
14023704
14018013
14015546
14009568
14005887
13999626
13997554
13991531
13988838
13982591
13979889
13973252
13970657
13964461
13961755
13955508
13953334
13946839
13943211
13936823
13934118
13928157
13925342
13919079
13916299
13910047
13902934
13894756
13889976
13883407
13870132
13860763
13855561
13847355
13842778
13836047
13831888
13825199
13821937
13806157
13801130
13795128
13791578
13781634
13778146
13771832
13769609
13763500
13760700
13754322
13751603
13745882
13743007
13732823
13728453
13721930
13719512
13713360
13710665
13704441
13701669
13695903
13692304
13686086
13683365
13677434
13675425
13669074
13666296
13659997
13656410
13650704
13647971
13641596
13638903
13632624
13630418
13624308
13621523
13614255
13611663
13605977
13603464
13597070
13594255
13588128
13585182
13578966
13576327
13570039
13567352
13561577
13558780
13552457
13548816
13542327
13539990
13533641
13530976
13524665
13521969
13515297
13512724
13506650
13503958
13497653
13495647
13489485
13485967
13479586
13476965
13471030
13468388
13462079
13459305
13451942
13449795
13443633
13440913
13434718
13431818
13426156
13422617
13416201
13413546
13407471
13405447
13399148
13396258
13389114
13386390
13380650
13377983
13371701
13368983
13362676
13359506
13353325
13350611
13344486
13341723
13335984
13333328
13327044
13323375
13316983
13314850
13308768
13305902
13299667
13296103
13290384
13287551
13281118
13278259
13272021
13269778
13262713
13259975
13253875
13251120
13245582
13243013
13236821
13233283
13226866
13224670
13218479
13215660
13209367
13206586
13200759
13197925
13191552
13187723
13181160
13178856
13172750
13170073
13163899
13161309
13154728
13152009
13145731
13143002
13136766
13134757
13128662
13125068
13118593
13115704
13109752
13106866
13100418
13096692
13090291
13088064
13081945
13079232
13073080
13070440
13063800
13061080
13054950
13052266
13046157
13044067
13037882
13034340
13028107
13025455
13019540
13016906
13010657
13006542
13000065
12997813
12991726
12989044
12982799
12980045
12973445
12970935
12964823
12962142
12956018
12953716
12947567
12943896
12937564
12934889
12929209
12926420
12920193
12917381
12910358
12908132
12902060
12899370
12893242
12890530
12884844
12881309
12875095
12872543
12866188
12864029
12857908
12854293
12847911
12845132
12839356
12836571
12830267
12827508
12819838
12817700
12811464
12808759
12802506
12799701
12794119
12790640
12780816
12777745
12771394
12769176
12762858
12760134
12753713
12750907
12745125
12741168
12734663
12731743
12725511
12723495
12717453
12712676
12706262
12703620
12698019
12695215
12689092
12686357
12679082
12676955
12670787
12668060
12661716
12658979
12653237
12649683
12643332
12640650
12634129
12632029
12626009
12623374
12617204
12611246
12605300
12602859
12587079
12582081
12575557
12572493
12563612
12559172
12551517
12547171
12539554
12534980
12527136
12522781
12515615
12511821
12504792
12500625
12492053
12487787
12481370
12477370
12468945
12464772
12456381
12452759
12445720
12441281
12432726
12428551
12420696
12416478
12407834
12403413
12394994
12391278
12384279
12380120
12373061
12368973
12362486
12358429
12351278
12347274
12338515
12334814
12327544
12323143
12315028
12310833
12303027
12298647
12290384
12286137
12277769
12274228
12267211
12263020
12254636
12250561
12244052
12240029
12232921
12228728
12220156
12216422
12209186
12204759
12196399
12192129
12184221
12180005
12171492
12167338
12158844
12155203
12148129
12144003
12135630
12131504
12123739
12119688
12111131
12106568
12098204
12094483
12087266
12082842
12074390
12070020
12062060
12057654
12050070
12045986
12037460
12033704
12026593
12022443
12013775
12009708
12003120
11999058
11990578
11986292
11977625
11974010
11966845
11962297
11954141
11949838
11941808
11937445
11929240
11925016
11916520
11912913
11905761
11901662
11893212
11889085
11881204
11877121
11868544
11863952
11855272
11851489
11844199
11839661
11831179
11826690
11815567
11810958
11803822
11799432
11790941
11787378
11780348
11776360
11767972
11763799
11756027
11751700
11743519
11739214
11730838
11727029
11719349
11714674
11706083
11701666
11693610
11689283
11680878
11676433
11668327
11664807
11657726
11653629
11646290
11642048
11634353
11630051
11621736
11617355
11609147
11605498
11598259
11593906
11585770
11581405
11573616
11569156
11560722
11556337
11547992
11544267
11537226
11533069
11524564
11520481
11512638
11508514
11500057
11495753
11487634
11483825
11474790
11470252
11461992
11457823
11449887
11445688
11437251
11433071
11424895
11421432
11414436
11410316
11401946
11397864
11389847
11385710
11377125
11372551
11364455
11360742
11353490
11349095
11340937
11336744
11328901
11324831
11316388
11312166
11303781
11300166
11293130
11289004
11280654
11276447
11268498
11264293
11255908
11251753
11243597
11239775
11232613
11228149
11219835
11215567
11207686
11203591
11195458
11191228
11182789
11179312
11172367
11168225
11160908
11156662
11148862
11144611
11136207
11131916
11123685
11120000
11112749
11108164
11100062
11095857
11088048
11083867
11075576
11071431
11062983
11059469
11052594
11048532
11040123
11035742
11028288
11024066
11015641
11011285
11003162
10999412
10992049
10987601
10979416
10975005
10967171
10962901
10954730
10950585
10943149
10939505
10932515
10928220
10919769
10915624
10902434
10898110
10889909
10885622
10877508
10873808
10866691
10859056
10850155
10845540
10837823
10833761
10825304
10821066
10812855
10809304
10802384
10798151
10789901
10785708
10777954
10773814
10766352
10762122
10754099
10750378
10743079
10738771
10730819
10726610
10718857
10714704
10706236
10702028
10693762
10689946
10683042
10678952
10670616
10666455
10658895
10654750
10646711
10642413
10634401
10630593
10623305
10618890
10610812
10606493
10598963
10594780
10586477
10582267
10573946
10570257
10563337
10559185
10550871
10546794
10539129
10534911
10526900
10522629
10514684
10510884
10503626
10499314
10491377
10487067
10479616
10475576
10467142
10462858
10454629
10451075
10443967
10439878
10431571
10427275
10419909
10415578
10407522
10403230
10395122
10391265
10384062
10379606
10371184
10366935
10359323
10355163
10346845
10342691
10334392
10330841
10323760
10319613
10311394
10307134
10299738
10295512
10287430
10283127
10275142
10271464
10264191
10259853
10251894
10247586
10239826
10235697
10228275
10224067
10215555
10211854
10204771
10200577
10192182
10188568
10182604
10178344
10171138
10166697
10158280
10154489
10147189
10142726
10134178
10129942
10122354
10118182
10110785
10106502
10098044
10094441
10087290
10083153
10074757
10070408
10062576
10058474
10050011
10045579
10037464
10030332
10021719
10017260
10009325
10005073
9997294
9993234
9984990
9980912
9972457
9969022
9961997
9957790
9949295
9945010
9937717
9933563
9925449
9921101
9913087
9909310
9902129
9897791
9885538
9880918
9873206
9869177
9861772
9857450
9849235
9845586
9838603
9834487
9826146
9821969
9814311
9810078
9801908
9797327
9789336
9785641
9778356
9774153
9765720
9761671
9754056
9750121
9741692
9737613
9729319
9725821
9718851
9714774
9706295
9701985
9694509
9690259
9682126
9677713
9669667
9665829
9658630
9654324
9646102
9641909
9634172
9630054
9622755
9618690
9610093
9606593
9599674
9595513
9587099
9582873
9575177
9570884
9562836
9558428
9550411
9546692
9539505
9535145
9526909
9522765
9515172
9511082
9502795
9498595
9490252
9486551
9479646
9475429
9466986
9462723
9454869
9450739
9442726
9438258
9430188
9426493
9419340
9415036
9406720
9402455
9394663
9390555
9382214
9378172
9369800
9366271
9359352
9355136
9346952
9342711
9335136
9330844
9322779
9318272
9310345
9306561
9299258
9295067
9286684
9282530
9274830
9270651
9262317
9258087
9249735
9246219
9239281
9234975
9226523
9222197
9214696
9210738
9202726
9198217
9190283
9186506
9179270
9174847
9166378
9162200
9154463
9150263
9141927
9137658
9129690
9126191
9119224
9114989
9106728
9102494
9095081
9090814
9082444
9077995
9069958
9066375
9059050
9054616
9047257
9043046
9035167
9031329
9022882
9018749
9010284
9006814
8999705
8995445
8987148
8982793
8975346
8970983
8962681
8958216
8949790
8946039
8938948
8934810
8923445
8918713
8910796
8906704
8898296
8894134
8886099
8882543
8875442
8871200
8863135
8858774
8851127
8846675
8838534
8834080
8825838
8822047
8814770
8810507
8802068
8797824
8789943
8785830
8777326
8773187
8766087
8762598
8755564
8751301
8742901
8738514
8730878
8726346
8717885
8713307
8704870
8701179
8693995
8689703
8681371
8677161
8669335
8665558
8658025
8653824
8645375
8641756
8634717
8630360
8622268
8617852
8610188
8605709
8597485
8592936
8584505
8580743
8573664
8569416
8560927
8556683
8548892
8544857
8537434
8533078
8524671
8520853
8513734
8509151
8500993
8496529
8488939
8484421
8476164
8471576
8463144
8459350
8452244
8448058
8439605
8435397
8427470
8423334
8415948
8411601
8403330
8399631
8392608
8388344
8380333
8375787
8368182
8363574
8355403
8351199
8342878
8339162
8332129
8327998
8319873
8315626
8307806
8303869
8296771
8292596
8284158
8280435
8273451
8269149
8260731
8256321
8248491
8244073
8235830
8231418
8223394
8219749
8212608
8208391
8200164
8196052
8189215
8185042
8177687
8173556
8165134
8161488
8154411
8150174
8142154
8137615
8130116
8125704
8117673
8113237
8105140
8101679
8094750
8090477
8082290
8078070
8071131
8067021
8058716
8054557
8046424
8042742
8035604
8031172
8023192
8018733
8011228
8006758
7998635
7994059
7985575
7981976
7974947
7970795
7963540
7956459
7947620
7943282
7935809
7931466
7923033
7919325
7912221
7908056
7899602
7894912
7887400
7883221
7874854
7870438
7862095
7858424
7851526
7847286
7839077
7835023
7827199
7822985
7814690
7810360
7802129
7798602
7791649
7787254
7779246
7774767
7767160
7762823
7754672
7750250
7741857
7738236
7731228
7727032
7718755
7714636
7706890
7702849
7694576
7690334
7682248
7678513
7671526
7667129
7659117
7654609
7647136
7642858
7634638
7630360
7621870
7618192
7611201
7607046
7598708
7594553
7586710
7582633
7575120
7570879
7562410
7558705
7551695
7547207
7539045
7534632
7527086
7522842
7514472
7510280
7501948
7498405
7491407
7487199
7479805
7475709
7467928
7463853
7455480
7451210
7442983
7439290
7432188
7427664
7419607
7415068
7407575
7402847
7394844
7390519
7382222
7378531
7371390
7367174
7358871
7354708
7347043
7343014
7334668
7330469
7322134
7318380
7311410
7307054
7299006
7294522
7287005
7282533
7274166
7269990
7261721
7258158
7251127
7246950
7238705
7234486
7226694
7222603
7215432
7211186
7202841
7198922
7191674
7187143
7179031
7174429
7166863
7162380
7154189
7149916
7141582
7137898
7130711
7126591
7118261
7114008
7106161
7101969
7093583
7089105
7081030
7077248
7069981
7065501
7057287
7052755
7045177
7040794
7033393
7029220
7021879
7018184
7011202
7007074
6998883
6994608
6983219
6978586
6970255
6965821
6957571
6953659
6946365
6941858
6933647
6929159
6921459
6917176
6908757
6904373
6895960
6892010
6884778
6880519
6872944
6868668
6860822
6856572
6848001
6843786
6835586
6831701
6824458
6819913
6811386
6806874
6799206
6794774
6786238
6782048
6773589
6769747
6762624
6758426
6750048
6745816
6738149
6733780
6725579
6721135
6713203
6709476
6706280
6701808
6693862
6689517
6681830
6677769
6669402
6665124
6656783
6653073
6645900
6641589
6634066
6629841
6622075
6617829
6609339
6605024
6596822
6592996
6585698
6581223
6573139
6568767
6561246
6557041
6548581
6544201
6535898
6532242
6525166
6520992
6512813
6508575
6500626
6496468
6488036
6483654
6475110
6471315
6463997
6459572
6451544
6447172
6439341
6435250
6426949
6422723
6414440
6410622
6403431
6399177
6390886
6386752
6378958
6374702
6366255
6361862
6353873
6350163
6342880
6338381
6329948
6325327
6317858
6313395
6305113
6300961
6292583
6289037
6281971
6277573
6269357
6265033
6257488
6253131
6244913
6240540
6232391
6228485
6221195
6216640
6208131
6203649
6195784
6191494
6183141
6178574
6170349
6166740
6159676
6155389
6147164
6142958
6135122
6130873
6122420
6117971
6110023
6106118
6098860
6094456
6086295
6082048
6074302
6070028
6062630
6058394
6050002
6046311
6039241
6034908
6026358
6022079
6011019
6006451
5998301
5993840
5985619
5981750
5973252
5968929
5960817
5956418
5948929
5944750
5936874
5932732
5924910
5921099
5913802
5909581
5901611
5897032
5889737
5885921
5879289
5876611
5870117
5867758
5861532
5858599
5852248
5847756
5841761
5839128
5832779
5830160
5824037
5821833
5815371
5812647
5806489
5803883
5797172
5794432
5788082
5785144
5778752
5776294
5770086
5766211
5759604
5756773
5751099
5748382
5742129
5738595
5732273
5729977
5723842
5721053
5714791
5712072
5706097
5703144
5696860
5692897
5686084
5683673
5677185
5674107
5667700
5664980
5659364
5655341
5648696
5645742
5639410
5637196
5631019
5628206
5620431
5617643
5611735
5608846
5602326
5599190
5592592
5589342
5582944
5579972
5573570
5570723
5565011
5562338
5555141
5552330
5545965
5543852
5537503
5534672
5528315
5525411
5519564
5515969
5509530
5506420
5499955
5497579
5491221
5488383
5482215
5478524
5472631
5469797
5463439
5460663
5454443
5451454
5445161
5442334
5436041
5433109
5427243
5424389
5417861
5414820
5406215
5403647
5397196
5390806
5384147
5381243
5374478
5371698
5365432
5362769
5356458
5354275
5348073
5344367
5337783
5334933
5329011
5326060
5319469
5314381
5307484
5304847
5298404
5295551
5289208
5285197
5279399
5276589
5270361
5267615
5261528
5259278
5252904
5249263
5242759
5239855
5233915
5231025
5224557
5221602
5215028
5211636
5205077
5202162
5195649
5192773
5187037
5184214
5176950
5173853
5167549
5165064
5158881
5156082
5149697
5145952
5139994
5137021
5130579
5127445
5121067
5117043
5110427
5107631
5101374
5098576
5092782
5090185
5083903
5080178
5073689
5071471
5065302
5062547
5056053
5053016
5042385
5039246
5032575
5029528
5023009
5020583
5014296
5011487
5004948
5002224
4996541
4993816
4987447
4984708
4978356
4976170
4970016
4967263
4961010
4958270
4952327
4949543
4943176
4940182
4933708
4931419
4925240
4922320
4914567
4911569
4905979
4903128
4896909
4894164
4888030
4885797
4879396
4876618
4870376
4867592
4861843
4859033
4852615
4849738
4843321
4841076
4834816
4831006
4824433
4821614
4815821
4813101
4806695
4803039
4796663
4794182
4787926
4784969
4778509
4775447
4768541
4765441
4759021
4756024
4749777
4747482
4740250
4737472
4731133
4728289
4722545
4719772
4713360
4709716
4703234
4700879
4694531
4691543
4685095
4682012
4675045
4672155
4665457
4662473
4655950
4653637
4647162
4643345
4636908
4634035
4628352
4625528
4619173
4616461
4610049
4605413
4598845
4594386
4586920
4582338
4574978
4570565
4562856
4558181
4550845
4547056
4539198
4534734
4527486
4523267
4516682
4512516
4505394
4501100
4493764
4489811
4482085
4477718
4470262
4465833
4458518
4454132
4446667
4442102
4434656
4430806
4423248
4418962
4409860
4405587
4398958
4394790
4387482
4383269
4375949
4372179
4364609
4360157
4352103
4347410
4339034
4334555
4327080
4322570
4315288
4311507
4303934
4299676
4292308
4288127
4281466
4277213
4270023
4265631
4258436
4254588
4247324
4242893
4235043
4226161
4218082
4213519
4204815
4200388
4193091
4189235
4181646
4177309
4169905
4165611
4159019
4154735
4147449
4143116
4135773
4131933
4124452
4119979
4112530
4108019
4101066
4096725
4089172
4084749
4077364
4073592
4062153
4057376
4050161
4045846
4039112
4034951
4027489
4023112
4015568
4011741
4004430
3999967
3992499
3987895
3979551
3975129
3967725
3963298
3955935
3952230
3944680
3940370
3932865
3928615
3922020
3917698
3910479
3906107
3898888
3895068
3887753
3883308
3875514
3870985
3863648
3859177
3851655
3847114
3839704
3835920
3828491
3824284
3817080
3812822
3806250
3802058
3794868
3790587
3783295
3779519
3771942
3767476
3760084
3755537
3748222
3743751
3736449
3732171
3724768
3721152
3713719
3709455
3702164
3697824
3691020
3686763
3679505
3675206
3667853
3663998
3656712
3652178
3644626
3640137
3633198
3628892
3621614
3617304
3610133
3606330
3598865
3594557
3587355
3582974
3576190
3571985
3564655
3560348
3553019
3549062
3541519
3537052
3529606
3525152
3518265
3513796
3506526
3502195
3494864
3491115
3483661
3479413
3472245
3467925
3461129
3456833
3449506
3445105
3437772
3433953
3426474
3421877
3414378
3409858
3402860
3398439
3391172
3386873
3379548
3375771
3368198
3363948
3356513
3352140
3345480
3341200
3333776
3329353
3321918
3318101
3310544
3306164
3298623
3294158
3286928
3282558
3275199
3270885
3263652
3260000
3252407
3248157
3240993
3236756
3230038
3225801
3218503
3214185
3205142
3201183
3193906
3189484
3182024
3177612
3169497
3165236
3157953
3153640
3146490
3142916
3135211
3130812
3123572
3119345
3112608
3108335
3101042
3096423
3085679
3081061
3073486
3069005
3061482
3057042
3050123
3045662
3038447
3034160
3026675
3023070
3015536
3011281
3004001
2999667
2992794
2988472
2981177
2976811
2969273
2965128
2957397
2952953
2945570
2941110
2933791
2929458
2922173
2917892
2910392
2906737
2899143
2894759
2887603
2883342
2876488
2872152
2864709
2860229
2852788
2848891
2841570
2837100
2829690
2825168
2818228
2813983
2806695
2802423
2795042
2791486
2783996
2779740
2772432
2768001
2761325
2756974
2749634
2744988
2736362
2732359
2725059
2720601
2713194
2708580
2701799
2697561
2690354
2686087
2678913
2675263
2667749
2663413
2656042
2651644
2644717
2640346
2633031
2628627
2620861
2616918
2609551
2605132
2597618
2593195
2586465
2582186
2574680
2570358
2563071
2559461
2551904
2547410
2540135
2535699
2528481
2524079
2516371
2511791
2504306
2500328
2492939
2488519
2481095
2476739
2469820
2465479
2458242
2453867
2446712
2443095
2435574
2431288
2423767
2419369
2412496
2408113
2400534
2396089
2388170
2384295
2376879
2372471
2365118
2360697
2353953
2349651
2342401
2338115
2330965
2327308
2319792
2315458
2308067
2303421
2296742
2292425
2285151
2280618
2272775
2268886
2261599
2257046
2248361
2243933
2237118
2232882
2225602
2221253
2214003
2210282
2202715
2198411
2191042
2186612
2179911
2175449
2168111
2163604
2156093
2152245
2144842
2140490
2133042
2128701
2121732
2117540
2110150
2102779
2093959
2089952
2082434
2077982
2070530
2066094
2057987
2053513
2046046
2041435
2034128
2030269
2022677
2018093
2010672
2006232
1999427
1995170
1987791
1983448
1976273
1972517
1964921
1960298
1952613
1948249
1941375
1936980
1929474
1925107
1917443
1913616
1906059
1901740
1894229
1889769
1882473
1878072
1870880
1866653
1859584
1855856
1848438
1844091
1836795
1832429
1825515
1821081
1813777
1809244
1801480
1797635
1790414
1785928
1778576
1774348
1767660
1763463
1756231
1751971
1744768
1741134
1733478
1729041
1721731
1717420
1710640
1706177
1698128
1693643
1686203
1682395
1675087
1670790
1663591
1659226
1652588
1648392
1641159
1636875
1629669
1625909
1618456
1613764
1606404
1601832
1595125
1590760
1583226
1578720
1571224
1567445
1559986
1555572
1548157
1543807
1536945
1532825
1525375
1521044
1513720
1509968
1502544
1498150
1490918
1486657
1479705
1475065
1467253
1462668
1455220
1451345
1443827
1439511
1432158
1427863
1421100
1416734
1409591
1405267
1397994
1394197
1386645
1382181
1374749
1370316
1363001
1358377
1350916
1346360
1339002
1335123
1327629
1323295
1315966
1311669
1304800
1300589
1293275
1288915
1281004
1277081
1269769
1265315
1257795
1253336
1245103
1240604
1232883
1228309
1220497
1216314
1209003
1204675
1197376
1192997
1186124
1181811
1174638
1170326
1163078
1159209
1151829
1147403
1138636
1134143
1126934
1118972
1109964
1105339
1097939
1094028
1086421
1082011
1074703
1070370
1063742
1059576
1052347
1048172
1040824
1036985
1029484
1025045
1017363
1012839
1005797
1001301
993786
989350
981825
978013
970515
966112
958726
954391
947723
943348
935879
931601
924181
920436
912834
908354
899643
895056
887877
883327
875862
871384
863491
859670
852299
847805
840387
835948
829275
825028
817670
813362
806025
802226
794702
790175
782409
777898
771109
766610
759201
754656
747347
743553
736053
731722
724458
720139
713284
709089
701695
16107335
16077753
16064793
16053759
16048770
16038753
16033953
16023551
16018958
16007530
16003231
15992773
15989496
15978626
15973853
15963933
15959225
15948836
15941245
15930460
15925582
15914559
15910788
15899704
15893251
15881536
15876727
15865953
15855512
15841252
15834073
15820214
15813952
15800924
15793192
15779244
15772013
15758704
15751616
15738891
15731728
15718016
15711157
15696801
15688782
15674185
15660140
15646334
15638941
15624718
15617460
15604020
15597432
15583720
15575938
15562175
15554374
15540425
15533116
15519266
15511798
15497955
15491284
15477620
15469498
15455233
15448151
15434834
15428057
15415277
15408151
15395349
15388979
15376700
15369362
15355951
15348131
15335570
15328100
15313852
15306583
15293404
15287055
15273978
15266818
15244451
15237014
15223979
15216837
15203274
15196103
15182398
15175879
15161848
15154880
15140722
15133670
15120271
15113656
15101161
15093822
15079861
15073603
15059506
15052234
15038605
15031364
15018626
15011536
14998306
14990924
14976517
14969947
14955899
14948790
14935075
14928018
14914824
14907520
14893594
14886498
14872710
14866694
14852928
14845793
14832143
14825217
14812081
14804181
14790958
14784124
14770816
14764694
14751381
14744755
14732586
14725883
14714049
14707102
14688278
14679048
14665313
14658757
14646647
14639116
14626936
14619234
14606091
14598246
14584438
14576275
14563423
14557205
14544526
14536321
14524956
14520367
14513649
14509476
14502478
14497900
14490588
14487005
14479293
14475071
14467791
14463302
14456147
14451883
14444344
14439960
14432643
14428997
14421270
14416891
14409676
14405471
14398832
14394638
14387276
14383096
14375889
14372105
14364649
14360293
14351671
14347219
14339181
14334863
14327509
14323106
14315685
14311949
14304444
14300422
14293163
14289093
14282571
14278459
14271494
14267382
14260243
14256632
14249343
14245005
14237717
14233167
14226350
14222022
14214616
14210191
14202832
14199291
14191823
14187390
14180194
14176036
14169298
14165129
14158070
14153929
14146760
14143128
14135679
14131384
14122443
14118663
14111722
14108776
14102360
14099471
14093176
14090952
14084914
14082260
14076023
14073505
14067933
14065306
14059309
14056641
14050533
14048503
14042584
14039906
14033640
14030818
14025033
14022294
14015954
14013243
14007115
14005077
13998952
13996340
13990195
13987646
13982168
13979565
13973683
13971078
13964721
13962659
13956598
13954061
13947691
13944943
13939143
13936423
13930184
13927375
13921242
13918122
13911894
13909323
13903151
13900687
13894984
13892327
13886161
13883466
13877332
13875313
13869288
13866473
13860179
13857311
13851488
13848812
13842663
13840025
13833889
13831785
13825681
13822901
13816770
13814141
13808531
13805972
13799768
13797128
13790984
13788900
13782879
13780140
13773922
13771141
13765399
13762712
13756372
13753645
13747385
13745382
13739305
13736611
13725347
13722213
13716395
13713752
13707486
13703220
13696796
13694631
13688474
13685744
13679363
13676576
13670818
13668124
13661806
13659123
13653010
13650907
13644886
13642288
13636216
13633654
13628041
13625454
13619418
13616827
13610713
13608609
13602473
13599949
13593764
13590978
13585210
13582573
13576257
13573564
13567476
13565313
13559178
13556668
13550606
13548020
13542468
13539926
13533927
13531429
13525324
13523298
13517314
13514533
13508276
13505419
13497351
13494503
13488352
13485697
13479479
13477314
13471239
13468597
13462425
13459953
13454389
13451762
13445614
13442896
13436776
13434589
13428559
13425771
13419409
13416710
13410798
13408035
13401816
13399243
13393100
13390980
13384843
13382181
13375968
13373455
13367753
13365187
13359021
13356454
13350299
13348217
13342141
13338233
13331664
13328683
13322749
13320048
13313813
13310982
13304824
13302760
13296635
13294045
13287812
13285192
13279527
13276952
13270749
13268149
13256119
13253739
13247404
13244474
13238065
13235213
13229299
13226700
13220495
13217813
13211620
13209482
13203353
13200721
13194588
13192134
13186595
13184072
13177956
13175226
13169054
13165764
13159329
13156540
13150137
13147587
13141722
13139125
13132858
13128883
13122425
13120116
13114076
13111489
13105292
13102598
13096948
13094337
13088180
13084757
13078562
13076541
13070243
13067452
13061098
13058263
13052106
13049474
13042515
13039609
13033426
13031330
13025353
13022690
13016688
13014053
13008444
13004942
12998627
12995920
12989557
12987302
12980923
12978060
12971704
12968825
12962244
12959491
12953296
12950591
12944463
12942426
12936231
12933454
12927401
12924765
12918077
12915379
12909028
12906371
12900053
12897721
12891421
12888542
12882191
12878428
12872526
12869547
12863300
12860616
12854450
12852428
12846443
12843974
12837258
12834621
12828921
12825482
12819122
12816280
12809578
12807195
12800952
12797624
12791331
12787621
12781749
12774634
12768017
12765213
12759223
12757209
12751015
12748315
12742368
12738416
12732434
12729794
12723466
12720484
12714138
12711915
12705706
12701929
12695208
12692350
12686651
12684071
12677914
12675196
12668723
12666549
12660394
12656940
12650497
12647952
12642240
12639389
12633214
12630449
12624176
12621875
12615758
12612822
12606627
12602975
12597062
12594417
12587997
12585222
12578994
12576865
12570600
12567848
12560706
12558085
12552281
12549669
12543353
12540545
12534081
12531388
12525123
12521339
12514886
12512174
12506296
12503789
12497653
12494871
12488771
12486725
12480510
12476215
12469531
12466815
12460845
12458047
12451802
12448949
12442542
12440326
12433940
12430281
12423914
12421200
12415687
12412925
12406588
12403958
12397780
12395635
12389659
12385814
12379375
12376640
12370898
12368144
12361722
12358928
12352589
12349522
12343311
12340643
12334408
12331790
12326063
12323523
12317319
12314639
12308338
12306208
12300257
12296739
12290496
12287751
12281946
12279162
12272895
12270027
12263714
12260602
12254323
12251545
12245183
12242547
12236725
12234196
12227935
12224438
12218172
12216107
12210056
12207304
12201140
12198456
12192579
12189751
12182517
12179798
12173400
12171061
12164787
12161906
12155676
12153022
12147145
12143684
12137337
12134789
12128537
12126439
12120350
12117770
12111418
12107887
12102212
12099493
12093151
12090331
12083974
12081753
12075531
12072889
12064751
12062007
12056182
12053473
12047263
12044637
12038532
12036508
12030281
12026583
12020282
12017543
12011749
12008738
12002206
11999304
11992882
11989694
11983445
11980775
11974511
11971987
11966178
11963476
11956999
11953273
11946623
11944493
11938276
11935483
11929122
11926347
11920615
11916423
11909581
11906690
11900215
11897779
11891640
11888922
11882736
11880051
11874235
11870675
11864533
11861842
11855732
11853523
11847449
11844665
11838353
11834760
11828753
11825947
11815910
11812845
11806415
11803899
11797640
11794900
11788596
11785828
11776276
11773349
11767041
11764334
11757928
11755711
11749310
11746525
11740234
11736494
11730388
11727359
11720985
11718173
11711685
11709324
11703120
11697019
11688961
11684463
11676805
11672544
11664603
11660349
11652600
11648884
11640459
11636095
11628204
11623856
11616427
11612000
11603889
11599574
11591536
11587650
11578798
11574415
11566541
11562277
11554975
11550846
11542968
11538741
11530877
11527147
11518842
11514223
11506226
11501850
11494353
11490002
11481994
11477533
11469585
11465767
11457259
11452836
11445068
11440794
11433633
11429496
11421753
11417677
11409874
11406151
11397860
11393525
11385576
11381320
11373884
11369575
11361616
11357333
11349394
11345597
11337303
11333051
11325193
11321005
11313750
11309589
11301814
11297540
11289656
11286007
11277686
11273304
11265346
11260999
11253560
11249126
11241140
11236761
11228852
11225140
11216868
11212818
11205043
11200734
11193586
11189483
11181669
11177422
11169710
11166026
11157850
11153492
11145469
11141069
11133512
11129124
11121072
11116719
11108804
11105090
11096796
11092669
11084949
11080782
11073677
11069617
11061811
11057606
11049923
11046208
11037916
11033517
11025668
11021303
11013877
11009566
11001510
10997268
10989385
10985614
10978615
10974403
10966765
10962631
10955346
10951199
10943463
10939210
10931348
10927657
10919204
10914771
10906710
10902381
10894915
10890523
10882678
10878537
10870621
10866859
10858603
10854187
10842970
10837603
10831370
10828501
10821166
10816709
10808144
10802638
10790265
10785139
10776987
10772524
10764812
10760276
10752136
10747690
10739125
10735234
10728075
10723732
10715376
10711137
10703287
10699050
10690757
10686397
10678348
10674626
10667384
10662809
10654672
10650252
10642603
10638218
10630198
10625639
10617544
10613711
10606582
10602267
10593842
10589692
10581959
10577784
10569409
10565123
10557099
10553350
10545935
10541410
10533353
10528886
10521317
10516874
10508716
10504333
10496015
10492276
10485320
10481155
10472886
10468723
10460927
10456633
10448306
10443989
10435862
10432154
10424906
10420289
10412236
10407735
10400244
10395922
10387603
10383276
10375081
10371352
10364242
10360020
10351607
10347331
10339533
10335295
10326905
10322322
10314463
10310749
10303506
10299016
10290906
10286475
10278981
10274575
10266186
10261879
10253489
10249731
10242567
10238291
10230727
10226552
10218562
10214322
10206172
10201811
10193696
10189895
10182462
10177841
10169673
10165225
10157395
10153078
10144854
10140630
10132119
10122507
10113924
10109594
10101290
10097136
10089225
10085044
10076629
10072142
10064049
10059938
10052690
10048056
10039875
10035262
10027661
10023197
10014850
10010463
10001988
9998320
9991147
9986901
9978514
9974229
9966436
9962243
9953899
9949547
9942197
9938663
9930668
9926116
9917640
9913086
9905253
9900907
9892349
9887843
9879517
9875645
9868455
9860708
9851834
9847544
9840644
9836428
9827909
9823516
9815339
9811411
9803931
9799444
9791249
9786771
9779176
9774882
9766424
9762132
9753792
9750100
9742918
9738664
9730297
9726108
9718378
9714109
9705964
9701623
9693544
9689659
9682382
9677864
9669734
9665234
9657581
9653225
9644769
9640410
9632012
9628172
9620947
9616699
9608239
9603952
9595990
9591595
9583450
9578847
9570802
9566867
9559568
9555039
9546818
9542288
9534618
9530333
9521923
9517581
9509226
9505634
9498440
9494275
9485780
9481506
9473608
9469327
9461048
9456696
9448505
9444607
9437261
9432818
9424634
9420166
9412507
9408259
9399883
9395559
9387175
9383367
9376117
9371825
9363383
9359105
9351535
9347477
9339124
9334728
9326571
9322621
9315326
9310874
9302685
9298154
9290485
9286185
9277861
9273631
9265146
9261476
9254368
9250099
9241742
9237433
9229732
9225592
9217129
9212790
9204624
9200761
9193411
9188853
9180765
9176243
9168625
9164286
9156014
9151785
9143302
9139655
9132509
9128198
9119854
9115557
9107761
9103445
9095082
9090513
9082332
9078357
9070978
9066478
9058514
9053861
9046280
9041977
9033450
9029157
9020834
9017150
9010028
9005790
8997398
8993076
8985321
8980996
8972855
8968409
8960252
8956305
8948974
8944518
8936278
8931851
8923997
8919732
8911235
8906963
8898660
8894881
8887589
8880078
8870916
8866323
8858554
8854213
8845654
8841228
8832943
8828958
8821646
8817192
8809047
8804830
8796910
8792526
8784933
8780604
8772148
8768449
8761313
8757023
8748688
8744406
8736498
8732213
8724044
8719590
8711378
8707357
8700077
8695628
8687399
8683035
8675069
8670746
8662087
8657850
8649362
8645725
8638569
8634267
8625837
8621493
8613362
8609000
8600794
8596271
8588129
8584110
8576836
8572260
8564196
8559944
8552129
8547897
8539477
8535066
8526552
8522803
8515686
8511316
8503262
8498888
8491119
8486759
8478456
8474040
8465821
8461800
8454503
8449972
8441649
8437344
8429461
8425184
8416718
8412527
8404097
8400412
8393245
8388836
8380347
8375988
8368271
8363857
8355691
8351103
8342882
8338956
8331567
8327060
8318621
8314287
8306268
8302005
8293548
8289240
8280804
8277040
8269876
8265522
8256782
8252249
8244612
8240118
8232009
8227601
8219443
8215520
8208316
8203888
8195393
8191043
8183147
8178676
8170530
8166227
8157887
8154206
8146908
8142477
8134054
8129617
8121936
8117484
8109297
8104792
8096578
8092960
8085704
8081336
8072741
8068392
8060591
8056309
8047815
8043503
8035054
8031319
8024153
8019766
8011293
8006888
7998972
7994530
7986346
7981895
7973671
7969792
7962410
7958060
7949700
7945460
7937585
7933303
7925844
7921638
7913111
7909424
7902303
7894242
7885901
7881512
7873778
7869367
7860798
7856252
7848124
7844234
7836960
7832651
7824269
7820026
7812176
7807815
7800425
7796111
7787733
7784038
7776810
7772421
7764383
7759937
7752062
7747619
7739366
7734906
7726740
7722798
7715621
7711094
7702618
7698292
7690400
7686107
7677684
7673296
7664879
7660982
7653774
7649318
7641166
7636780
7629121
7624664
7616432
7611928
7603704
7599772
7592708
7588294
7579883
7575615
7567901
7563622
7555223
7550949
7542580
7538804
7531626
7527241
7515822
7511025
7503564
7499114
7490876
7486360
7478174
7474337
7467141
7462886
7454537
7450295
7442262
7438113
7429681
7425461
7417056
7413242
7406121
7401776
7393281
7388822
7381189
7376708
7368425
7363975
7355866
7352032
7344905
7340562
7332053
7327731
7319906
7315586
7307183
7302909
7294449
7290691
7283522
7279071
7270976
7266524
7258626
7254084
7245760
7241322
7233258
7229461
7222290
7217963
7209486
7205203
7198152
7193897
7185419
7181183
7172806
7169027
7161761
7157362
7149191
7144697
7137029
7132658
7124307
7119873
7111240
7107494
7100307
7096007
7087681
7083420
7075578
7071387
7063055
7058775
7050610
7046760
7039407
7034771
7026639
7022173
7014546
7010161
7001960
6997543
6989193
6985458
6978276
6973996
6965673
6961358
6953712
6949382
6941077
6936646
6928525
6924674
6914319
6909082
6900854
6896240
6888568
6884282
6875892
6871540
6863161
6859450
6852309
6847960
6839637
6835469
6827576
6823372
6815108
6810810
6802440
6798687
6791443
6787010
6778855
6774440
6766829
6762484
6754084
6749648
6741351
6737604
6730477
6726284
6718016
6713833
6705907
6701723
6693253
6688859
6680494
6676761
6669489
6665057
6656857
6652339
6644765
6640148
6632071
6627673
6619308
6615351
6608223
6603931
6595572
6591324
6583814
6579632
6571159
6566748
6558603
6554783
6547468
6543086
6534981
6530555
6522862
6518504
6510100
6505658
6497277
6493600
6486389
6482071
6473748
6469486
6461466
6457230
6448789
6444413
6436153
6432362
6425072
6420589
6412437
6407995
6400390
6396080
6387530
6383209
6374818
6371132
6364017
6359515
6351213
6347005
6339186
6334998
6326689
6322349
6314203
6310402
6303100
6298568
6290441
6286023
6278462
6274171
6265652
6261350
6253171
6249466
6242389
6238161
6230627
6226362
6218355
6214022
6205918
6201591
6193226
6189473
6182175
6177703
6169479
6164988
6157419
6153000
6144544
6140256
6131895
6128234
6121111
6116771
6108339
6104064
6096123
6091955
6083447
6079064
6070905
6066963
6059430
6054883
6046789
6042320
6034767
6030356
6021974
6017502
6009154
6005328
5998163
5993790
5985330
5981020
5973256
5968943
5960489
5956145
5947878
5943999
5936662
5928964
5920103
5915554
5907903
5903518
5895191
5890760
5882342
5878599
5871464
5867093
5858851
5854673
5846874
5842493
5833992
5829650
5821039
5817217
5809784
5805290
5797183
5792698
5785027
5780713
5772324
5767983
5759490
5755759
5748701
5744402
5735843
5731576
5723723
5719383
5711090
5706686
5698377
5694518
5687191
5682666
5674473
5670061
5662398
5658124
5649669
5645371
5636934
5633111
5626073
5621858
5613367
5609098
5601538
5597111
5588714
5584279
5576123
5572211
5564734
5560298
5552105
5547684
5539811
5535497
5526988
5522721
5514282
5510508
5503427
5499094
5490686
5486475
5478576
5474157
5465912
5461521
5452857
5448949
5441514
5437032
5428834
5424315
5416715
5412271
5403871
5399482
5391130
5387343
5380209
5375923
5367589
5363373
5355436
5350905
5342641
5338100
5329920
5325986
5318413
5313854
5305635
5301137
5293360
5289176
5280586
5276318
5267889
5264306
5257247
5252904
5244535
5240172
5232418
5228046
5219918
5215408
5207262
5203418
5196060
5191580
5183449
5179021
5171216
5166886
5158429
5154103
5145487
5141834
5134693
5130461
5121974
5117745
5109842
5105370
5097067
5092523
5084425
5080487
5073153
5068733
5060551
5056132
5048154
5043810
5035455
5031053
5022551
5018879
5011733
5007491
4999149
4994714
4986963
4982547
4974408
4969853
4961685
4957745
4950356
4942492
4934152
4929721
4921865
4917642
4909229
4904828
4896505
4892851
4885791
4881593
4873209
4868946
4861018
4856675
4848514
4843909
4835783
4831883
4824611
4820191
4811911
4807638
4799839
4795638
4788050
4783584
4775150
4771436
4764424
4760210
4751709
4747117
4739285
4734930
4726776
4722242
4714145
4710192
4702927
4698491
4690078
4685668
4677728
4673486
4664964
4660691
4652117
4648457
4641437
4637145
4629420
4625086
4617090
4612683
4604371
4599574
4591362
4587454
4580067
4575515
4567066
4562658
4554901
4550671
4542322
4538069
4529578
4525802
4518697
4514263
4505804
4501339
4493716
4489307
4481099
4476602
4468519
4464573
4457353
4452958
4444517
4440036
4432275
4427898
4419736
4415475
4407162
4403438
4396333
4391961
4383841
4379483
4371630
4367119
4358949
4348414
4339733
4335717
4328445
4323880
4315154
4310729
4302855
4298509
4290191
4285837
4277344
4273723
4266586
4262343
4253859
4249475
4241602
4237259
4228696
4224168
4215987
4211992
4204776
4200218
4192101
4187795
4180066
4175706
4167224
4162913
4154523
4150852
4143770
4139476
4131070
4126696
4119044
4114715
4106482
4102016
4093823
4089535
4082250
4077791
4069594
4065308
4057403
4053116
4044732
4040494
4032073
4028434
4021344
4017096
4008654
4004209
3996351
3992056
3983688
3979205
3970967
3967023
3954886
3950219
3941663
3937434
3929521
3925287
3916950
3912534
3904168
3900513
3893391
3889111
3880898
3876507
3868626
3864270
3855802
3851284
3843115
3839162
3831864
3827380
3818980
3814738
3806890
3802666
3794210
3789890
3781496
3777795
3770616
3766236
3757922
3753601
3745938
3741579
3733372
3728888
3720739
3716784
3709397
3704988
3696718
3692520
3684677
3680444
3672782
3668314
3659779
3655938
3648861
3644448
3637312
3632948
3624791
3620399
3612201
3607664
3599503
3595616
3588342
3583982
3575621
3571302
3564698
3560474
3551938
3547739
3539407
3535618
3528470
3524115
3515610
3511216
3503376
3498955
3490708
3486260
3478019
3474081
3466814
3462482
3454004
3449764
3441805
3437501
3430309
3426037
3417529
3413801
3406562
3402307
3393878
3389501
3381747
3377367
3369001
3364608
3356491
3352619
3345199
3340867
3332378
3328044
3320230
3315919
3308440
3304200
3296823
3293155
3285859
3281487
3273121
3268748
3260909
3256503
3248318
3243779
3235328
3231432
3224138
3219793
3211411
3207156
3199116
3194952
3187874
3183638
3176162
3172490
3165293
3160988
3152689
3148302
3140454
3135965
3127504
3123049
3114616
3110681
3103484
3099216
3090866
3086540
3078713
3074482
3066091
3061726
3053267
3049511
3042279
3037836
3029384
3025008
3017340
3012948
3004474
3000047
2991704
2987695
2977473
2972322
2963989
2959592
2952199
2948105
2940034
2935745
2927883
2924117
2916826
2912464
2904504
2900070
2892551
2888038
2879877
2875476
2867405
2863508
2856310
2851995
2844054
2839736
2832274
2828056
2820124
2815773
2807834
2804041
2795528
2791126
2783134
2778662
2771192
2766769
2758536
2754147
2746153
2742318
2733758
2729355
2721399
2717070
2709697
2705513
2697509
2693202
2685308
2681499
2673152
2668789
2660771
2656243
2648671
2644251
2636265
2631761
2623714
2619979
2611588
2607310
2599256
2594905
2587570
2583303
2575272
2570986
2563052
2559253
2550808
2546332
2538309
2533907
2526201
2521716
2513651
2509137
2500916
2497058
2488618
2484319
2476447
2472159
2464824
2460669
2452659
2448426
2440572
2436751
2428309
2423931
2415943
2411491
2403979
2399606
2391367
2386850
2378860
2375078
2366576
2362325
2354417
2350164
2342746
2338467
2330540
2326182
2318207
2314392
2305971
2301559
2293533
2289093
2281570
2277151
2269022
2264556
2256579
2252849
2245055
2240699
2232692
2228368
2221008
2216800
2208835
2204400
2196444
2192626
2184190
2179699
2171730
2167290
2159664
2155261
2147237
2142860
2134895
2131194
2123680
2119392
2111502
2107252
2099799
2095459
2087438
2083024
2075007
2071076
2062587
2058119
2050067
2045581
2037901
2033399
2025393
2020993
2013046
2009153
2000878
1992842
1985772
1981162
1974438
1970250
1961710
1957344
1948947
1945091
1937719
1933165
1932202
1927762
1920145
1915711
1907391
1902972
1894563
1890799
1883661
1879391
1871041
1866813
1858874
1854625
1846322
1841853
1833589
1829672
1822324
1817873
1809571
1805139
1797555
1793175
1784748
1780407
1772214
1768502
1761340
1756914
1748514
1744271
1736427
1732164
1723912
1719535
1711176
1707384
1700171
1695723
1687499
1683028
1675489
1671045
1662646
1658349
1649953
1646208
1639045
1634776
1626276
1621950
1614090
1609841
1601734
1597335
1589053
1585245
1577792
1573248
1565151
1560727
1553131
1548690
1540381
1536049
1528423
1524559
1517431
1513239
1504709
1500399
1492692
1488382
1479980
1475592
1467258
1463406
1456004
1451546
1443256
1438730
1430923
1426495
1418187
1413722
1405400
1401431
1394249
1389981
1381602
1377357
1369785
1365507
1357317
1352966
1344652
1340743
1333377
1328762
1320638
1316137
1308599
1304127
1295986
1291530
1283125
1279383
1272286
1267992
1259657
1255383
1247624
1243333
1232274
1227617
1219500
1215588
1207511
1202969
1194838
1190461
1182866
1178546
1170210
1165766
1157388
1153655
1146534
1142282
1133792
1129512
1121670
1117427
1109111
1104712
1096314
1092413
1085061
1080473
1072399
1067894
1060086
1055682
1047466
1043098
1034751
1030901
1023741
1016054
1007787
1003351
995803
991370
983201
978746
970545
966151
958600
954068
945776
941379
933798
929397
921113
916825
908397
904715
897627
893315
884912
880582
872828
868525
860308
855717
847369
843414
835848
831281
822930
818429
810748
806375
798007
793714
785263
781577
774395
770094
761668
757345
749774
745329
736956
732225
724167
720197
712665
708269
699987
695455
687676
683261
674929
670624
662126
658430
651291
647055
638613
634249
626281
621953
613879
609411
601383
597389
589712
585210
577015
572635
564846
560530
551988
547663
539445
535651
528538
524240
515867
511602
503884
499535
490991
16133687
16109291
16098718
16091771
16088840
16082328
16079374
16073525
16070701
16064333
16061763
16055417
16053312
16047090
16044415
16038265
16035648
16029994
16027352
16021025
16018278
16012081
16009974
16003816
16000762
15994440
15991707
15985906
15983279
15977093
15974605
15968497
15966358
15960413
15957752
15951541
15948826
15943176
15940648
15934311
15931654
15925418
15923385
15917199
15914310
15908009
15905202
15899378
15896629
15890383
15887873
15881745
15868726
15861506
15858609
15852408
15849773
15844183
15841715
15835273
15832456
15826125
15823847
15817648
15814970
15808617
15805846
15800010
15797426
15791181
15788661
15782344
15780071
15774028
15771459
15765294
15762666
15756879
15754272
15748121
15745526
15739309
15737240
15730980
15728214
15721870
15718969
15713194
15710548
15704299
15701556
15694253
15692024
15685826
15683048
15672354
15669162
15663383
15660655
15654276
15650061
15643523
15640890
15634361
15631293
15624692
15621805
15616006
15613376
15605397
15602603
15596501
15594379
15588250
15585631
15579327
15576616
15570991
15567316
15560890
15558011
15551519
15549103
15542827
15539903
15533533
15530655
15523531
15520544
15514370
15511763
15505535
15503245
15497268
15494762
15488638
15485020
15479275
15476675
15470266
15467275
15460899
15458684
15452346
15449549
15443259
15437434
15431194
15426766
15419515
15415453
15408311
15404744
15397370
15393178
15385947
15381779
15375148
15370891
15363486
15359201
15351703
15347949
15340735
15336364
15328933
15324453
15317871
15313612
15306462
15302262
15295187
15291634
15284331
15280211
15272937
15268656
15261815
15257634
15250570
15246225
15237298
15233321
15225962
15221502
15214096
15209732
15202825
15198636
15191452
15187362
15180234
15176700
15169283
15165239
15157893
15153607
15146894
15142664
15135575
15131459
15124148
15120495
15113223
15108807
15101301
15096914
15090111
15085900
15078741
15074507
15067274
15063645
15056339
15052221
15045146
15040889
15034063
15029887
15022553
15018144
15009299
15005262
14997988
14993573
14984740
14980477
14973834
14969633
14962506
14958140
14949158
14945536
14938224
14934090
14927036
14922649
14916089
14911934
14904592
14900234
14892789
14888766
14881044
14876637
14868874
14864559
14857902
14853778
14846550
14842217
14835023
14831540
14824004
14819843
14812680
14808414
14801639
14797488
14790352
14785916
14778146
14774213
14766785
14762267
14754646
14750435
14743694
14739530
14732422
14728147
14720381
14712624
14705129
14700859
14693676
14689426
14682764
14678604
14670750
14666292
14658782
14655633
14647373
14643023
14635782
14631577
14624881
14620574
14613420
14609380
14593003
14588165
14580652
14576171
14569104
14564955
14558096
14554090
14547080
14542748
14535630
14531720
14524415
14520021
14512194
14507692
14499331
14495056
14487785
14483428
14476205
14472685
14465474
14461357
14454471
14450409
14443871
14439776
14432768
14428592
14421507
14417826
14410185
14405686
14397810
14393345
14386544
14382235
14375116
14370837
14363684
14360077
14352686
14348404
14341530
14337388
14330570
14326547
14319179
14314925
14306943
14303070
14295876
14291334
14283751
14279166
14272224
14267785
14260335
14256117
14249067
14245404
14237859
14233772
14226698
14222563
14216070
14211788
14204722
14200423
14193374
14189638
14182434
14177898
14170183
14165680
14158794
14154530
14147365
14143118
14135834
14132239
14124677
14120380
14113210
14108888
14102350
14098216
14091073
14086823
14079613
14075767
14068593
14064198
14056243
14051810
14044592
14040267
14033065
14028768
14021351
14017663
14010237
14006016
13998763
13994642
13988091
13983782
13976502
13972260
13965008
13961092
13953904
13949385
13940584
13936208
13929074
13924518
13917253
13913066
13905865
13902312
13894897
13890679
13883662
13879448
13872864
13868770
13861589
13857163
13849657
13845822
13838320
13833945
13825105
13820637
13812334
13808158
13800778
13796543
13789379
13785716
13778370
13774287
13767213
13763104
13752367
13747433
13739961
13735644
13728201
13724327
13717132
13712685
13705248
13700838
13694238
13690082
13682788
13678611
13671451
13667727
13660367
13656103
13648977
13644782
13637907
13633710
13626352
13621973
13614586
13610693
13603456
13599065
13591688
13587197
13580269
13575795
13568256
13564002
13556816
13553199
13545727
13541620
13534529
13530287
13523564
13519444
13512107
13507832
13500348
13496306
13489120
13484609
13477360
13472985
13466024
13461944
13454803
13450659
13443483
13439924
13432448
13428217
13421179
13416981
13410448
13406209
13398965
13394497
13386662
13382742
13375544
13371092
13363602
13359168
13352506
13348259
13340960
13336862
13329713
13326184
13318824
13314490
13307445
13303264
13296541
13292534
13285299
13280973
13273518
13269684
13262444
13258131
13250339
13246090
13239284
13235169
13227996
13223747
13216567
13212988
13205638
13201400
13194208
13189965
13183270
13179156
13172013
13167626
13160120
13156217
13149002
13144583
13135561
13131200
13124352
13120271
13113075
13108963
13101902
13098329
13090905
13086755
13079619
13075450
13068606
13064363
13057118
13052797
13045271
13041480
13034281
13029887
13022566
13018223
13011457
13007113
12999845
12995515
12988334
12984730
12977365
12973110
12965860
12961825
12954910
12950724
12943325
12939004
12931805
12928081
12920790
12916415
12908959
12904810
12898141
12893975
12886591
12882441
12875239
12871756
12864410
12860120
12852924
12848663
12842137
12837942
12830100
12825694
12817923
12814039
12806669
12802223
12791785
12786628
12779722
12775586
12768362
12764278
12757162
12753619
12746216
12742161
12735115
12730822
12724086
12719798
12712420
12708081
12700494
12696692
12689578
12685288
12677986
12673710
12667077
12662909
12655772
12651606
12644637
12641080
12633772
12629373
12622081
12617837
12611269
12607140
12599795
12595564
12588165
12584388
12577040
12572617
12565443
12561212
12554621
12550483
12543394
12539217
12532125
12528536
12521099
12516800
12509508
12505346
12498460
12494303
12486905
12482528
12474970
12471127
12464019
12459785
12452609
12448397
12441754
12437551
12430522
12426389
12419272
12415624
12408154
12403816
12396460
12392156
12385226
12380996
12373528
12369120
12361666
12357863
12350650
12346375
12339156
12334994
12328330
12324228
12317180
12312832
12305715
12301994
12294562
12290293
12283138
12278837
12271754
12267469
12260116
12255702
12248300
12244510
12237130
12232914
12225627
12221421
12214848
12211022
12203927
12199716
12192609
12188877
12181519
12177108
12170071
12165819
12159058
12154739
12147509
12143196
12135896
12132026
12124644
12120224
12113122
12109047
12102475
12098333
12091283
12087203
12080135
12076502
12069044
12064771
12057412
12053127
12046497
12042291
12035048
12030673
12021950
12018200
12010775
12006574
11999465
11995341
11988786
11984704
11977518
11973131
11966063
11962362
11955153
11950935
11943869
11939530
11932655
11928339
11920954
11916655
11909238
11905400
11898042
11893829
11886764
11882467
11875894
11871864
11864798
11860586
11853436
11849837
11842393
11838168
11827463
11822543
11815582
11811515
11802870
11798566
11789859
11786259
11778839
11774645
11767511
11763322
11756737
11752612
11745557
11741452
11734260
11730691
11723220
11718912
11711815
11707464
11700342
11696162
11688822
11684592
11677337
11673698
11666198
11662001
11654624
11650410
11643816
11639764
11632628
11628427
11621218
11617496
11610262
11606033
11598644
11594254
11587352
11583174
11575627
11571353
11564192
11560592
11553118
11548859
11541762
11537594
11531003
11526906
11519794
11515852
11508611
11504913
11497691
11493435
11486241
11481976
11475019
11470798
11463470
11459147
11451798
11448096
11440725
11436587
11429506
11425190
11418542
11414500
11407472
11403304
11396054
11392392
11384871
11380476
11373179
11368742
11361751
11357408
11350177
11345881
11338512
11334884
11327551
11323372
11316081
11311959
11305362
11301347
11294241
11289991
11282782
11278847
11271453
11267157
11259915
11255520
11248795
11244600
11237380
11233154
11226042
11222386
11214978
11210744
11203595
11199487
11192948
11188867
11181732
11177491
11170198
11166462
11159383
11155170
11147736
11143295
11136484
11132261
11125021
11120787
11113432
11109826
11102349
11094211
11085646
11081452
11074946
11070951
11063822
11059548
11052352
11048691
11041248
11036950
11029586
11025344
11018577
11014275
11007040
11002606
10995420
10991754
10984341
10980059
10972975
10968861
10962204
10958243
10950777
10946515
10939406
10935703
10928215
10923826
10916453
10912180
10905397
10901249
10894046
10889868
10882634
10879050
10871646
10863436
10854909
10850557
10843926
10839855
10832778
10828398
10821181
10817387
10810155
10805627
10798336
10793901
10786990
10782664
10775418
10770877
10763629
10759995
10752522
10748107
10740823
10736346
10729059
10724741
10715541
10711182
10703623
10699650
10692144
10687544
10680191
10675807
10668902
10664870
10657639
10653410
10646207
10642566
10635278
10630892
10623691
10619466
10612820
10608574
10600839
10596557
10589375
10585618
10578257
10573727
10566499
10562064
10555262
10550737
10543434
10539202
10532067
10528489
10521065
10516897
10509872
10505626
10498231
10494163
10485249
10480829
10473588
10469753
10462334
10457961
10450374
10445778
10439072
10434904
10427775
10423582
10416478
10412677
10405196
10400874
10393710
10389624
10383032
10378617
10371408
10367082
10359984
10356207
10348806
10344401
10337152
10332811
10325925
10321684
10314497
10310451
10303320
10299609
10292373
10288316
10281164
10277039
10270467
10266156
10258726
10254383
10247005
10243243
10235929
10231595
10224223
10219911
10213123
10208931
10201874
10197790
10190641
10186978
10179659
10175631
10168299
10164027
10157306
10153069
10146009
10141788
10134313
10130445
10122999
10118626
10111116
10106762
10100053
10095763
10088507
10084333
10077057
10073438
10066067
10061925
10054802
10050598
10043956
10039819
10032278
10028101
10020786
10016737
10009482
10005000
9997758
9993295
9986590
9982400
9975191
9971031
9964023
9960440
9953013
9948813
9941551
9937048
9930333
9925887
9918529
9914241
9907075
9899379
9891669
9887256
9879918
9875642
9868628
9864514
9857417
9853136
9846032
9842442
9834775
9830597
9823462
9819159
9812430
9808278
9800767
9796251
9788829
9784999
9777381
9773629
9766467
9763520
9757500
9754904
9748705
9745997
9739723
9737694
9731650
9728949
9722693
9719998
9714246
9711662
9703994
9701133
9694699
9692364
9686055
9683197
9677008
9674372
9668653
9666034
9659778
9657199
9650954
9648968
9642983
9640291
9634216
9631639
9626051
9623495
9617270
9614551
9608355
9605211
9598627
9595780
9589478
9586733
9581018
9578427
9572418
9569775
9563542
9561522
9555433
9552815
9546716
9544001
9538394
9535808
9529544
9526893
9520686
9518394
9512193
9509339
9503099
9500417
9494755
9492278
9485734
9483157
9477069
9474936
9468803
9466142
9460095
9457482
9451813
9449211
9443045
9440289
9433944
9431700
9425342
9422576
9416297
9413727
9407986
9405382
9399267
9396572
9390319
9387108
9380908
9377997
9371720
9368877
9363078
9360448
9347541
9344602
9338210
9335946
9329720
9326817
9320477
9317685
9312021
9309468
9303231
9300547
9294223
9292094
9285903
9283165
9277086
9274410
9268620
9266146
9259990
9257414
9251225
9249052
9242833
9240054
9233923
9231083
9225385
9222830
9216652
9213916
9207549
9205403
9199199
9196486
9190088
9187549
9181823
9178112
9171642
9168925
9162619
9160189
9153967
9151041
9144720
9141956
9136382
9133848
9127621
9124885
9118648
9116610
9110586
9107870
9101678
9099157
9093503
9090902
9084807
9081913
9075659
9073221
9067055
9064201
9057960
9055013
9049200
9046558
9040352
9037570
9031299
9029228
9023090
9020417
9014150
9011414
9005760
9003174
8996980
8994210
8987745
8985383
8979035
8976102
8969648
8966911
8961076
8958497
8950983
8948170
8938114
8935722
8929584
8926959
8920764
8918149
8912525
8909969
8903759
8901109
8894476
8892244
8886104
8883372
8877062
8874440
8868819
8866267
8860181
8857544
8851426
8849383
8843322
8840779
8834724
8832066
8826401
8823931
8817655
8815053
8808770
8806629
8800464
8797519
8791269
8788656
8783005
8780318
8774088
8771391
8765026
8762952
8756957
8754250
8748188
8745645
8740003
8737477
8731136
8728295
8721968
8719739
8713593
8710710
8704509
8700298
8694268
8691622
8685447
8682754
8676534
8674386
8668368
8665535
8659531
8656940
8651220
8648637
8642306
8639453
8633144
8630981
8624954
8622161
8615784
8613177
8607676
8605081
8598898
8596328
8590134
8588043
8582009
8579164
8572938
8570313
8564434
8561791
8555538
8552778
8546503
8544229
8538036
8535155
8528749
8525893
8520313
8517649
8511448
8508722
8502490
8500382
8494237
8491536
8484165
8481280
8475225
8472385
8465832
8462924
8456433
8454014
8447725
8444875
8438624
8435979
8430248
8427565
8421394
8418901
8412803
8410805
8404729
8401939
8395829
8393194
8387413
8384820
8378554
8375626
8369260
8367025
8360913
8358156
8351962
8349412
8343692
8341141
8334947
8332347
8326095
8323821
8317674
8313824
8307339
8304417
8298508
8295761
8289492
8286639
8280119
8276862
8270377
8267499
8261043
8257910
8252136
8249495
8243377
8240763
8232972
8230596
8224245
8221242
8214859
8211960
8205966
8203225
8195418
8192392
8185954
8183441
8177175
8174413
8168104
8165387
8159569
8156045
8149751
8147021
8140800
8138588
8132549
8129687
8123255
8119531
8113641
8110853
8104337
8101304
8094853
8092538
8086301
8080861
8073002
8068444
8061666
8057546
8050392
8046140
8038925
8035078
8027783
8023464
8016300
8012011
8005178
8000934
7993536
7989143
7978274
7973568
7966215
7961751
7954415
7950188
7943691
7939673
7932515
7928488
7921411
7917785
7910395
7906081
7898907
7894512
7887591
7883301
7875892
7871632
7864345
7860543
7853144
7848848
7841719
7837442
7830853
7826740
7819636
7815434
7808250
7804447
7796918
7792582
7785280
7780554
7773443
7769041
7761632
7757467
7750169
7746456
7738927
7734548
7727134
7722829
7716083
7712013
7704744
7700541
7693393
7689684
7682318
7678002
7670873
7666443
7659694
7655399
7648131
7643858
7636646
7633056
7625569
7621311
7614189
7609840
7603278
7599204
7592071
7587882
7580615
7576847
7569409
7565602
7558389
7554106
7547276
7543160
7535689
7531518
7523951
7520357
7512948
7508722
7501516
7497267
7490554
7486503
7479213
7475065
7467811
7464049
7456709
7452257
7444750
7440309
7433382
7429038
7421588
7417221
7409961
7406223
7398892
7394653
7387430
7387158
7380509
7376334
7369182
7364762
7357341
7353511
7345949
7341557
7332667
7328208
7321237
7316789
7309466
7305171
7297924
7294397
7287001
7282733
7275425
7271296
7264707
7260604
7253443
7249192
7242181
7238554
7231404
7227198
7218608
7214244
7207500
7203103
7195751
7191349
7183924
7180775
7172932
7168646
7161457
7157054
7150252
7146007
7138806
7134430
7127032
7123113
7115837
7111506
7102721
7098189
7091479
7087024
7079625
7075252
7068132
7064429
7056807
7052544
7045305
7041106
7034438
7030193
7023036
7018633
7008042
7003546
6995993
6991476
6983924
6979425
6972538
6968191
6960874
6956532
6949166
6945668
6938355
6933983
6926792
6922944
6916367
6912228
6905013
6900771
6893532
6890015
6882770
6878501
6871039
6866608
6859653
6855480
6848221
6843906
6836675
6832785
6825345
6820901
6813691
6809384
6802618
6798338
6791062
6786742
6779433
6775547
6768145
6763627
6756199
6751808
6745003
6740726
6733277
6728950
6721705
6717719
6710255
6705943
6698699
6694434
6687701
6683323
6675882
6671323
6663928
6660134
6652804
6648335
6640944
6636495
6629908
6625569
6618168
6613914
6606774
6603088
6595655
6591448
6584243
6579712
6572979
6568715
6561321
6556956
6549576
6545721
6538274
6533696
6525815
6521301
6514301
6509954
6502419
6498155
6490933
6487324
6479767
6475437
6468282
6464042
6457406
6453116
6445739
6441252
6434034
6430215
6422902
6418464
6411250
6407005
6400286
6396205
6389067
6384805
6377469
6373925
6366541
6362243
6355045
6350755
6344176
6339747
6332421
6328097
6320817
6317021
6309562
6305069
6297644
6293265
6286564
6282190
6274927
6270716
6263322
6259610
6252091
6247835
6240582
6236338
6229457
6225143
6217654
6213239
6205814
6201908
6194520
6189973
6180981
6176548
6169564
6165311
6158035
6153762
6146520
6142828
6135550
6131331
6124056
6119867
6113100
6108911
6101710
6097407
6088627
6084746
6077318
6072904
6065153
6060757
6052638
6048424
6041370
6033654
6025470
6021727
6014253
6010078
6002770
5998558
5992057
5987732
5980579
5976267
5968780
5965030
5957812
5953453
5946121
5941548
5934065
5929981
5922749
5918653
5911315
5907587
5900055
5895778
5888542
5884294
5877458
5873104
5865851
5861381
5853788
5849843
5842442
5837772
5830309
5825908
5819020
5814808
5807531
5803380
5796113
5792366
5784837
5780523
5773453
5769084
5762364
5758082
5750529
5746198
5738893
5735118
5727908
5723561
5716113
5711813
5705162
5698225
5689825
5685432
5678057
5674451
5667040
5662800
5655530
5651078
5644475
5640120
5632785
5628239
5620744
5616856
5609369
5604949
5597341
5592996
5586207
5582071
5574963
5570708
5563563
5559902
5552472
5548131
5540820
5536473
5529662
5525330
5517928
5513261
5504519
5500652
5493229
5488777
5481325
5476942
5470022
5465862
5458674
5454454
5447201
5443603
5436067
5431805
5424584
5420309
5413456
5409253
5402062
5397467
5389694
5385893
5378484
5374015
5366936
5362780
5356176
5352185
5345129
5340984
5333930
5330432
5323112
5318779
5311433
5306765
5299013
5294792
5287328
5282785
5275308
5271490
5263961
5259532
5250654
5246229
5239485
5235334
5228130
5223805
5216564
5213097
5205565
5201249
5193950
5189433
5182103
5177661
5170226
5165619
5158128
5154225
5146836
5142334
5135083
5130668
5123868
5119824
5112618
5108326
5101100
5097454
5090017
5085607
5078238
5073742
5066792
5059299
5048558
5043730
5036194
5032262
5024855
5020426
5013162
5008861
5002138
4997903
4990665
4986462
4979236
4975572
4968041
4963540
4956126
4951618
4944753
4940384
4932796
4928194
4920762
4916993
4909404
4904824
4897508
4893112
4886376
4882208
4874981
4870782
4863612
4860339
4854062
4851186
4844394
4841455
4835421
4832584
4825967
4823022
4816535
4813453
4806999
4804107
4797698
4794673
4788933
4786193
4779797
4776238
4769814
4767689
4761523
4758711
4752461
4749626
4743588
4740690
4734189
4730199
4723655
4721373
4714864
4712064
4705711
4702959
4697221
4694656
4688514
4685468
4679157
4677001
4670844
4668174
4661975
4659161
4653325
4650571
4644157
4641024
4634670
4632400
4626116
4623384
4616944
4614152
4608364
4605750
4599540
4596861
4590685
4588586
4582429
4579639
4573436
4570667
4564797
4561922
4555518
4552519
4546240
4543972
4537898
4535235
4529032
4525238
4519398
4516782
4510574
4507902
4501698
4499540
4493258
4490385
4483961
4481084
4475279
4472472
4465957
4463084
4456706
4454390
4448145
4445341
4439160
4432341
4425963
4423083
4416833
4414136
4407948
4405828
4399583
4396809
4390480
4387925
4382033
4379030
4372584
4369572
4363259
4360895
4354635
4351727
4345372
4342585
4336656
4333921
4327636
4324828
4318566
4316294
4310153
4306246
4299863
4297036
4291068
4288199
4281758
4278716
4272260
4269848
4263637
4260842
4254502
4251817
4246088
4243414
4237101
4234267
4227935
4225721
4219548
4216789
4210504
4207629
4201733
4198885
4192475
4189521
4182670
4180342
4174083
4171292
4165092
4162366
4156655
4153895
4147645
4144779
4138434
4136222
4129992
4127269
4121033
4118209
4112407
4109620
4103197
4100312
4093906
4091683
4081889
4078698
4072330
4068219
4062244
4059441
4053201
4050487
4044220
4041806
4035552
4032717
4026368
4022923
4016842
4013941
4007470
4004440
3997994
3995739
3989402
3986596
3980312
3977464
3971743
3969144
3962806
3960101
3953822
3951626
3945556
3942833
3936586
3933671
3927855
3925078
3918446
3915566
3908987
3906762
3900373
3897591
3891284
3888513
3882848
3880192
3873918
3871152
3864881
3862712
3856556
3853710
3847402
3844486
3838531
3835725
3829380
3826497
3820097
3816787
3810434
3807601
3801322
3798586
3792805
3790107
3783902
3781233
3774935
3772716
3766497
3763709
3757309
3754383
3748463
3745708
3739249
3736408
3730090
3727725
3721552
3718844
3712431
3709685
3703859
3701175
3694793
3692061
3685647
3683434
3677195
3674430
3668156
3665321
3659443
3656691
3650302
3647435
3641135
3638902
3632604
3629848
3623675
3620999
3615266
3612595
3606417
3603698
3597486
3593175
3586645
3583677
3577235
3574298
3568312
3565519
3559107
3556106
3549892
3547685
3541567
3538802
3532481
3529727
3523973
3521190
3514937
3512189
3505977
3503799
3497650
3494850
3488407
3485508
3479532
3476742
3470358
3467420
3461155
3458946
3452735
3449989
3443716
3440984
3435332
3432668
3426426
3423687
3417509
3415327
3409111
3406363
3398046
3394993
3389008
3386070
3379563
3376678
3370324
3368178
3362049
3359068
3351814
3348969
3343235
3340525
3334142
3331200
3324819
3322596
3314918
3311962
3305498
3302231
3296236
3293412
3286931
3284166
3276845
3274505
3268089
3265400
3259157
3256299
3250425
3247755
3240566
3237737
3231406
3229258
3223019
3220021
3213521
3210523
3204501
3200592
3193998
3191168
3184757
3182397
3176263
3173272
3166979
3161711
3154449
3150045
3142745
3138380
3131081
3127203
3119960
3115523
3104740
3099620
3092387
3087825
3080430
3076019
3068582
3064637
3057301
3053029
3045865
3041696
3035019
3030676
3023388
3019034
3011648
3007832
3000433
2996013
2987120
2982633
2975683
2971174
2963780
2959446
2952282
2948594
2940977
2936727
2929416
2925158
2918456
2914251
2907041
2902626
2895375
2891485
2884115
2879576
2872102
2867573
2860537
2856172
2848942
2844667
2837459
2833704
2826142
2821861
2814665
2810443
2803741
2799469
2792232
2787893
2780463
2776503
2768840
2764324
2756934
2752428
2745596
2741318
2734091
2729616
2722398
2718746
2711189
2706836
2699404
2694995
2688337
2684053
2676851
2672474
2664971
2661138
2653755
2649252
2640373
2635660
2628348
2624111
2616789
2612419
2605087
2601321
2593788
2589498
2582224
2577929
2571080
2566743
2559316
2554833
2547457
2543509
2536035
2531609
2524158
2519626
2512549
2508317
2500938
2496635
2489386
2485738
2478167
2473886
2466696
2462470
2455553
2451258
2443820
2439394
2431628
2427710
2420327
2415872
2408413
2403635
2396731
2392457
2385175
2380875
2373550
2369782
2362204
2357897
2350656
2346258
2339505
2335266
2327915
2323409
2315950
2312037
2304359
2299878
2291981
2287326
2280038
2275638
2268305
2264005
2256766
2253089
2245542
2241148
2233957
2229553
2222801
2218456
2211115
2206668
2199169
2195241
2187896
2183497
2176115
2171543
2164561
2160281
2153087
2148693
2141438
2137763
2130146
2122645
2114254
2109564
2102741
2098306
2090837
2086320
2079020
2074957
2067566
2063118
2055752
2051296
2044509
2040268
2032948
2028661
2021459
2017636
2010051
2005737
1998456
1994082
1987214
1982774
1975133
1970614
1963035
1959017
1951463
1946961
1939556
1935106
1928100
1923862
1916628
1912376
1905166
1901469
1894004
1889620
1882370
1877708
1870886
1866491
1859245
1854784
1847358
1843441
1835740
1831177
1823420
1819051
1812328
1808207
1800853
1796574
1789450
1785734
1778235
1773947
1766616
1762270
1755403
1751030
1743628
1739058
1731547
1727627
1720288
1715830
1708390
1704104
1697387
1693232
1685935
1681661
1674501
1670751
1663264
1659009
1651712
1647272
1640544
1636174
1628708
1624286
1616974
1612902
1605315
1600943
1593631
1589319
1582670
1578406
1571231
1567012
1559746
1556082
1548594
1544164
1536607
1532128
1525269
1520730
1513350
1508862
1501498
1497518
1489948
1485548
1478265
1473894
1467236
1462946
1455692
1451459
1444308
1440647
1433023
1428402
1420458
1416043
1409311
1404720
1397399
1392886
1385311
1381380
1373781
1369375
1361918
1357609
1350851
1346624
1339364
1335061
1327857
1324194
1316749
1312453
1305225
1300856
1294054
1289720
1282282
1277754
1270267
1266373
1258698
1254182
1246938
1242534
1235730
1231447
1224133
1219891
1212657
1208923
1201358
1196945
1189696
1185348
1178538
1174107
1166749
1162228
1154725
1150835
1140146
1134690
1125757
1121235
1114546
1110416
1103286
1098982
1091679
1087968
1080376
1075946
1068536
1064105
1057183
1052853
1044711
1040126
1032242
1028347
1020772
1016394
1008917
1004479
997706
993515
986291
982030
974755
971026
963414
958987
951655
947243
940441
935939
928578
924231
916757
912937
905376
901084
893769
889490
882779
878662
871492
867188
859962
856080
848504
844013
836718
832282
825382
820847
813478
808934
801557
797665
790212
785836
778534
774167
767421
763076
755881
751574
744356
740482
733058
728686
721267
716801
709984
705611
698275
693832
686479
682538
675024
670661
663429
659183
652485
648287
641184
16140496
16116601
16107070
16100199
16097180
16090705
16087962
16082145
16079403
16072902
16070362
16064266
16062112
16056338
16053841
16047936
16045346
16039910
16037446
16031308
16028724
16022640
16020660
16014547
16011802
16005594
16002778
15997121
15994357
15988195
15985658
15979577
15977460
15971465
15968984
15962781
15960194
15954587
15952171
15946128
15943525
15937440
15935411
15929285
15926461
15920103
15917434
15911545
15908833
15902654
15900225
15894067
15888290
15881595
15879003
15872769
15870150
15864656
15862293
15856103
15853322
15847015
15844765
15838628
15835997
15829781
15827101
15821368
15818632
15812478
15809930
15803962
15801912
15792428
15789580
15783431
15781053
15775545
15773084
15766839
15764129
15757747
15755431
15749077
15746338
15739997
15737220
15731581
15728996
15722904
15720340
15714328
15712259
15706182
15703587
15697663
15695070
15689557
15686981
15680841
15678253
15672174
15670061
15663881
15661251
15655014
15649881
15643793
15641105
15635031
15632536
15626538
15624445
15618712
15616086
15610010
15607505
15601902
15599398
15593189
15590511
15584252
15582152
15575965
15573149
15566917
15564177
15558368
15555889
15549900
15547377
15541350
15539396
15533361
15530791
15524761
15522096
15516537
15514055
15507904
15505235
15499091
15496871
15490569
15487897
15481535
15479017
15473283
15470636
15464582
15461035
15454721
15452249
15445975
15443188
15436996
15434388
15428828
15426056
15419756
15416778
15410513
15408400
15402140
15399309
15393178
15390559
15384931
15382313
15375919
15372384
15366178
15364085
15358077
15355590
15349434
15346740
15340919
15338353
15332228
15328516
15321992
15319470
15313220
15305530
15298732
15295960
15290367
15287862
15280327
15277818
15271648
15269671
15263792
15261347
15255160
15252599
15246769
15243474
15236895
15234196
15227776
15225440
15219206
15216198
15209923
15198245
15191904
15189096
15182731
15179986
15173886
15171754
15165735
15159438
15150893
15146522
15140586
15138066
15130872
15126689
15118819
15114974
15108570
15104976
15097296
15092832
15086794
15082584
15074995
15070627
15064032
15061056
15053586
15049392
15042990
15038980
15032117
15027487
15010291
15005523
14998366
14994615
14987188
14982026
14974515
14971694
14965874
14963157
14956812
14954073
14947944
14945838
14939825
14937185
14930882
14928179
14922583
14920055
14913886
14910474
14904230
14902057
14895980
14893352
14887109
14884400
14878505
14875851
14869505
14866803
14860681
14858523
14852441
14849850
14843625
14841027
14835361
14833029
14826970
14824402
14818280
14816133
14810114
14807476
14801297
14798498
14792795
14790229
14783900
14781351
14775298
14772165
14765894
14763211
14757089
14754445
14748766
14746231
14739995
14737391
14731334
14729383
14723267
14720623
14714464
14711799
14706016
14703431
14697072
14694433
14688310
14686209
14680173
14677546
14671395
14668763
14663185
14660662
14654430
14651897
14645842
14643777
14637772
14635077
14628865
14626028
14620277
14617638
14611429
14608855
14602641
14600445
14594566
14592001
14585898
14583152
14577571
14575104
14568898
14565427
14559117
14556863
14550974
14548204
14541930
14539082
14533244
14530582
14524401
14521761
14515634
14513496
14507452
14504814
14498703
14496051
14490464
14487905
14481802
14479281
14473159
14471032
14464786
14462030
14455784
14453012
14447258
14444641
14438413
14435819
14429693
14427618
14421511
14418795
14412651
14410028
14404398
14401863
14395709
14393178
14387097
14384934
14378826
14376155
14369904
14367192
14357309
14354286
14347870
14343949
14337624
14335522
14329521
14326895
14320836
14318343
14312735
14310141
14304005
14301563
14295573
14293338
14287155
14284461
14278299
14275559
14269934
14267368
14261177
14258577
14252343
14250315
14244325
14241725
14235521
14232863
14227072
14224587
14218456
14215920
14209753
14207617
14201579
14198887
14192649
14189859
14184038
14181500
14175366
14172719
14166550
14164495
14158544
14155862
14149746
14147202
14141621
14139109
14132995
14130371
14124274
14122135
14115947
14113246
14107049
14103162
14097300
14094709
14088414
14085802
14079692
14077656
14071770
14069198
14063110
14060505
14054926
14052322
14046071
14043486
14037361
14035104
14029039
14026458
14020254
14017592
14011871
14009439
14003558
14000979
13995042
13993048
13987018
13984334
13978109
13975600
13969950
13967377
13961253
13958750
13952514
13950355
13944352
13941640
13935512
13932822
13927223
13924767
13918647
13916039
13909884
13907746
13901861
13899526
13893421
13890714
13885201
13882616
13876455
13873807
13865870
13863529
13857344
13854540
13848240
13845441
13839781
13837280
13831178
13828560
13822479
13820483
13814567
13811971
13805880
13803244
13797714
13795253
13788985
13786260
13780055
13777923
13771747
13769050
13762921
13760356
13754796
13752251
13746133
13743460
13737205
13734922
13729020
13726410
13720123
13717469
13711807
13709222
13702923
13700412
13694317
13692015
13684822
13682072
13675801
13673059
13667443
13664872
13658674
13656020
13649907
13647856
13641677
13639057
13632865
13630090
13624454
13621868
13615591
13612920
13606715
13604453
13598382
13594715
13588361
13585705
13580058
13577433
13571232
13568426
13562319
13559421
13553278
13550629
13544440
13541740
13536094
13533504
13527145
13524488
13516661
13514265
13508020
13505128
13498910
13496245
13490499
13487905
13481749
13478171
13471935
13469769
13463664
13461071
13454707
13452206
13446422
13442003
13435468
13432571
13426459
13424110
13417683
13411234
13404330
13401542
13394611
13391881
13385705
13383082
13376879
13374977
13368831
13366188
13359860
13354794
13347821
13343405
13336149
13331882
13324549
13320763
13313351
13309045
13301866
13297700
13291165
13287132
13279990
13275912
13268788
13265029
13257640
13253413
13246264
13242183
13235582
13231250
13223884
13219617
13212577
13208849
13201480
13197240
13190108
13185936
13179402
13175310
13168281
13164224
13157050
13153526
13146262
13141998
13134858
13130580
13123746
13119197
13111563
13107398
13100215
13096336
13088848
13084474
13077245
13073034
13066499
13062396
13055495
13051392
13044332
13040762
13033265
13029009
13021823
13017561
13010964
13006598
12999140
12994843
12987650
12983924
12976524
12972413
12965395
12961193
12954631
12950478
12943458
12939219
12932144
12928577
12921283
12916933
12909799
12905505
12898906
12894526
12887094
12882843
12875725
12872000
12864753
12860614
12853454
12849256
12842608
12838462
12831314
12827248
12820254
12816744
12809224
12804983
12797742
12793432
12786819
12782388
12775073
12770714
12763513
12759716
12752288
12748104
12741035
12736830
12729955
12725849
12718741
12714581
12707486
12703795
12696302
12692012
12684857
12680522
12673866
12669525
12662077
12657873
12650708
12646894
12639479
12635186
12627985
12623804
12617265
12613278
12606277
12602142
12595080
12591409
12584196
12579813
12572622
12568240
12561339
12556866
12548126
12543600
12536410
12532640
12525206
12521038
12513726
12509587
12502930
12498734
12491718
12487615
12480459
12476752
12469348
12465029
12457779
12449638
12441250
12436621
12429091
12424623
12417310
12413517
12406186
12402011
12394921
12390820
12384312
12380273
12373185
12369083
12361872
12358136
12350769
12346467
12339063
12334685
12327876
12323648
12316279
12312055
12304831
12301306
12293929
12289788
12282768
12278386
12271780
12267667
12260533
12256372
12249350
12245842
12238469
12234073
12225531
12221120
12214403
12210029
12202586
12198570
12191289
12187673
12180506
12176312
12169197
12164898
12158216
12154258
12147177
12143037
12135830
12132122
12124821
12120540
12111707
12107426
12100121
12095658
12088514
12084272
12077079
12073503
12066358
12062264
12054982
12050907
12044584
12040592
12033561
12029402
12022130
12018519
12011138
12006664
11999242
11994845
11988079
11983781
11976872
11972644
11965484
11961735
11954269
11950117
11942694
11938536
11931975
11927912
11920865
11916792
11909408
11905738
11898542
11894256
11885574
11881270
11873149
11868747
11861375
11857077
11849911
11846240
11838963
11834772
11827518
11823555
11816924
11812831
11805788
11801624
11793960
11790252
11782908
11778500
11769805
11765364
11757333
11753013
11745588
11741387
11734124
11730495
11723179
11719162
11712151
11707582
11701185
11697105
11690021
11685733
11678620
11674923
11667570
11663163
11654565
11650266
11643503
11639237
11630344
11626191
11619004
11615435
11608104
11603929
11596906
11592781
11586333
11582353
11575287
11571101
11563828
11560152
11552829
11548512
11541079
11536660
11529946
11525619
11518233
11514103
11506900
11503237
11492659
11487598
11480301
11476160
11469512
11465531
11458317
11453999
11446834
11443054
11436106
11431578
11423109
11418815
11411927
11407618
11400527
11396284
11389012
11385389
11377932
11373628
11366513
11362342
11355795
11351837
11344718
11340395
11333425
11329602
11322535
11318069
11309413
11305021
11298219
11293875
11286588
11282368
11275270
11271550
11263993
11259648
11252523
11248401
11241831
11237708
11230636
11226518
11219305
11215658
11208446
11203898
11196291
11191882
11185139
11180888
11173780
11169638
11162626
11159072
11151765
11147737
11140611
11136516
11129992
11125854
11118755
11114525
11107211
11103477
11096032
11091721
11084514
11080184
11073448
11069172
11062078
11057831
11050613
11046966
11039679
11035562
11028347
11024317
11017842
11013784
11006551
11002356
10995421
10991774
10984440
10979876
10972533
10968165
10961370
10957226
10949829
10945626
10938583
10934852
10927397
10923167
10916187
10911811
10905277
10900999
10892199
10887814
10879127
10875089
10867743
10863186
10854474
10850008
10843103
10838846
10831522
10827516
10820347
10816748
10809631
10805257
10798161
10795474
10789651
10786912
10780353
10777435
10770991
10768739
10762475
10759658
10751989
10749095
10743221
10740619
10734412
10731849
10725690
10723601
10717592
10715042
10708901
10706160
10700513
10697115
10690818
10687956
10681492
10679158
10672722
10669731
10663172
10660464
10648654
10645830
10639757
10637174
10629925
10628115
10622157
10619465
10613320
10610731
10605142
10602738
10596582
10593852
10587551
10585429
10579109
10576146
10569744
10567060
10561297
10558642
10552416
10549850
10543873
10541783
10531852
10528672
10522435
10519681
10513930
10511184
10504783
10502002
10495732
10493633
10487279
10484415
10478134
10475326
10469765
10467115
10460995
10458380
10452288
10450259
10444369
10438608
10432204
10429419
10423597
10419473
10412952
10410052
10403620
10401388
10395140
10392330
10385991
10383214
10377476
10374975
10368807
10366128
10359994
10358003
10351940
10349334
10343218
10340705
10335138
10332644
10326608
10323997
10317575
10315280
10309155
10306473
10300279
10297544
10291922
10289392
10283318
10280752
10274635
10272864
10266860
10264402
10258216
10255726
10250176
10247581
10241361
10238702
10232639
10230443
10224284
10221547
10214058
10211344
10205521
10202994
10196941
10194387
10188204
10186164
10180212
10177566
10171392
10168651
10163096
10160429
10154226
10151499
10145349
10143169
10136858
10134190
10128018
10125430
10119849
10117413
10111235
10108656
10102518
10100626
10094706
10092044
10086025
10083316
10077599
10074952
10068590
10065692
10059254
10056833
10050667
10047944
10041310
10038662
10033022
10030120
10023777
10020970
10014745
10012503
10006517
10003779
9997553
9994934
9989289
9985522
9979002
9976057
9969656
9967294
9961013
9958312
9951988
9949372
9943768
9941098
9934650
9931902
9925618
9923419
9917243
9914707
9908500
9905833
9900158
9897236
9890768
9887898
9881528
9879208
9873188
9870512
9864222
9861561
9855816
9853140
9847001
9844199
9837992
9835950
9829872
9827102
9820941
9818398
9812759
9809941
9803606
9800754
9794432
9792242
9786092
9783491
9777427
9774644
9768934
9766454
9760363
9757788
9751534
9748316
9742117
9739263
9732831
9730027
9724324
9721571
9715116
9712249
9706036
9703831
9697643
9694919
9688898
9686312
9680672
9678100
9671967
9669290
9663143
9661033
9655017
9652384
9646262
9643619
9638164
9635379
9629146
9626389
9620107
9617913
9611755
9609180
9603068
9600366
9594753
9592213
9585994
9579699
9572588
9570264
9564000
9561066
9554788
9551978
9546078
9543289
9536978
9532888
9526273
9523998
9517935
9515264
9508963
9506344
9500550
9498082
9491987
9489242
9483079
9481057
9474931
9472201
9465991
9463392
9457731
9454799
9448446
9445810
9439672
9437575
9431493
9428894
9422718
9419982
9414332
9411728
9405680
9403067
9396968
9394829
9388740
9386124
9379956
9377269
9371510
9367848
9361356
9358490
9351982
9349705
9343661
9340974
9334738
9332029
9325401
9322854
9316717
9314140
9308271
9306125
9300337
9297613
9290525
9287580
9281553
9278604
9272239
9269307
9263085
9260786
9254618
9251153
9244876
9242324
9236699
9234118
9227753
9225261
9219021
9216099
9209870
9206985
9200703
9197913
9191993
9189116
9182626
9178882
9172514
9170262
9164208
9161452
9155305
9152645
9147013
9140988
9133033
9128617
9121440
9117594
9110360
9105866
9098122
9093875
9087108
9082855
9075656
9071382
9064186
9060292
9052663
9048474
9041308
9037155
9030520
9026434
9019441
9015308
9008307
9004537
8997026
8992562
8983911
8979430
8972791
8968311
8960840
8956541
8949360
8945763
8938351
8934239
8927162
8922761
8916203
8912191
8905187
8900929
8893698
8889990
8882726
8878412
8870993
8866510
8859663
8855114
8847735
8843569
8836288
8832678
8825232
8820874
8813678
8809442
8802831
8798661
8791527
8787205
8780009
8776162
8769000
8764444
8755839
8751383
8744347
8739779
8732358
8727854
8720386
8716520
8709139
8704846
8697592
8693304
8686645
8682493
8675384
8671039
8663874
8660075
8652392
8647895
8639222
8634854
8627885
8623255
8611935
8607136
8599694
8595905
8588336
8583898
8576696
8572460
8565816
8561613
8554358
8549963
8541046
8537253
8529961
8525367
8517867
8513352
8506354
8501959
8494509
8490062
8482585
8478877
8471265
8466889
8459766
8455419
8448729
8444517
8437326
8432981
8425801
8422157
8415022
8410601
8401939
8397624
8390679
8386213
8378743
8374250
8366996
8363214
8355781
8351501
8344214
8340001
8333238
8329033
8321815
8317335
8309840
8306088
8298534
8294049
8286636
8282207
8275275
8270893
8263759
8259603
8252570
8249091
8241762
8237617
8230453
8226197
8219485
8215349
8208207
8203676
8196115
8192378
8185002
8180678
8173362
8168700
8161824
8157312
8150088
8145828
8138594
8134928
8127447
8123148
8115958
8111839
8105233
8101045
8094054
8089795
8082422
8078793
8071263
8066870
8058236
8053832
8046618
8042044
8034361
8029886
8022470
8018642
8011025
8006715
7999397
7995154
7988463
7984266
7976863
7972510
7965135
7961213
7953769
7949141
7940459
7935898
7929053
7924663
7917279
7912924
7905602
7901914
7894498
7890258
7883058
7878751
7872054
7867788
7860219
7855782
7848485
7844504
7837190
7832673
7824792
7820272
7813541
7809158
7801936
7797742
7790483
7786723
7779205
7774946
7767719
7763379
7756785
7752416
7745009
7740672
7733354
7729375
7721925
7717324
7708670
7704241
7697265
7692956
7685773
7681409
7674198
7670465
7662966
7658375
7651223
7647014
7636083
7631878
7624598
7620270
7612944
7609024
7601788
7597303
7588428
7584060
7577181
7573111
7565843
7561733
7554634
7550932
7543449
7539211
7532022
7527820
7521200
7517027
7509521
7504979
7497604
7493809
7486489
7481971
7473184
7468882
7462047
7457895
7450794
7446607
7439580
7436000
7428662
7424618
7417536
7413300
7406748
7402521
7395234
7390951
7382976
7379487
7371460
7366989
7358063
7353781
7347092
7342937
7335821
7331725
7324488
7320837
7313498
7309349
7302043
7297868
7291124
7286905
7279629
7275338
7267748
7263749
7256586
7252146
7244738
7240204
7233312
7229028
7221815
7217447
7210162
7206406
7198944
7194711
7187275
7182930
7176187
7171977
7164705
7160214
7151485
7147578
7140217
7135594
7128127
7123753
7117043
7112758
7105317
7101023
7093827
7090126
7082697
7078389
7071290
7066998
7060291
7055835
7048448
7043898
7036290
7032228
7024857
7020315
7012953
7008598
7001756
6997461
6990265
6985867
6978674
6974956
6967509
6963273
6956075
6951556
6944607
6940320
6932788
6928286
6920882
6917015
6909593
6905113
6897302
6892860
6886179
6881955
6874754
6870353
6863135
6859502
6852087
6847859
6840550
6836223
6829252
6824894
6817469
6813021
6804074
6799913
6792587
6788192
6780696
6776433
6769701
6765478
6758268
6754019
6746941
6743171
6735564
6731207
6723932
6719549
6712752
