23644648
23605822
23597440
23588503
23583917
23576098
23571178
23562551
23557575
23549333
23544375
23535869
23530826
23511280
23502133
23492297
23487107
23478340
23473325
23465011
23460037
23421587
23416084
23407392
23402950
23394746
23389851
23381528
23376359
23368292
23363202
23354600
23349838
23341134
23336836
23328524
23323550
23314891
23310070
23302073
23297214
23288391
23283434
23274788
23270220
23262344
23257422
23248850
23243816
23235855
23230912
23222281
23217268
23208710
23204280
23196453
23191579
23182965
23178047
23170054
23165297
23156705
23151656
23143224
23138714
23130833
23125951
23117180
23112101
23104102
23099249
23090761
23086095
23077528
23073001
23065142
23060112
23051543
23046591
23038430
23033528
23024966
23019899
23011325
23006900
22999113
22994251
22985686
22980725
22972597
22967748
22959190
22954228
22945597
22941225
22933375
22928541
22919955
22915025
22907193
22902375
22893696
22888805
22880419
22876082
22866744
22861965
22853520
22848644
22840755
22835927
22827426
22822626
22814571
22810374
22801321
22796578
22788218
22783599
22775998
22771820
22763527
22758887
22750505
22746149
22738153
22733411
22725013
22720199
22712161
22707373
22698845
22693804
22685271
22680536
22672691
22667820
22659200
22654277
22646251
22641331
22632723
22627684
22619198
22614850
22606912
22601973
22592827
22587408
22579279
22568531
22559221
22554119
22545482
22541179
22533563
22528688
22520206
22515073
22507072
22502132
22493757
22488736
22480077
22475678
22467920
22463008
22454330
22449416
22441314
22436556
22427966
22423365
22414759
22410474
22402704
22397793
22389093
22384114
22376023
22371255
22362872
22358130
22349480
22345049
22337266
22332481
22323936
22319102
22310924
22305985
22297614
22292610
22284033
22279762
22271800
22266930
22258432
22253456
22245402
22240446
22231903
22227072
22218548
22214039
22204990
22200271
22191703
22186786
22178802
22173741
22165069
22160173
22151737
22147409
22138913
22133980
22125407
22120483
22112477
22107500
22099019
22094165
22085512
22081162
22073247
22068289
22059748
22054814
22046772
22041873
22033318
22028354
22019727
22015516
22007144
22002102
21993465
21988648
21980669
21975829
21967268
21962215
21953806
21949466
21941614
21936740
21928042
21923130
21915169
21910346
21901714
21896810
21888346
21883913
21876111
21871233
21862601
21857641
21849611
21844791
21836310
21831420
21822773
21818531
21810610
21805699
21797017
21792075
21784025
21779131
21770628
21765587
21756991
21752662
21744916
21740114
21731541
21726493
21718389
21713657
21705023
21700027
21691316
21686877
21679319
21674520
21666008
21661121
21652940
21648065
21639631
21634625
21626081
21616977
21607307
21602164
21593572
21588579
21580450
21575568
21567046
21562355
21553817
21549303
21540825
21536069
21527592
21522823
21514758
21509652
21501210
21496346
21487720
21483470
21474888
21469933
21461382
21456468
21448524
21443508
21434957
21430072
21421561
21417193
21408711
21403907
21395300
21390279
21382076
21377235
21368606
21363714
21355106
21350858
21342284
21348958
21341021
21336138
21325561
21320239
21311511
21306752
21298072
21293775
21285348
21280558
21272042
21267311
21259431
21254550
21245900
21241055
21232565
21228312
21219731
21214776
21206136
21201377
21193314
21188444
21179827
21174836
21166089
21161732
21153427
21148630
21140241
21135503
21127527
21122727
21113996
21109003
21100545
21096337
21087925
21083026
21074264
21069528
21061572
21056806
21048336
21043373
21034714
21030482
21021744
21016980
21008358
21003490
20995544
20990644
20981865
20976875
20968098
20963688
20954851
20950019
20941378
20936280
20928368
20923558
20914948
20910076
20901314
20896947
20888391
20883573
20874942
20870151
20862056
20857326
20848667
20843926
20835343
20831004
20822521
20817584
20809247
20804303
20796196
20791199
20782824
20777994
20769347
20764983
20756512
20751731
20743166
20738209
20730061
20725137
20716512
20711644
20703059
20698832
20690222
20685324
20671839
20666385
20657696
20652706
20643974
20639144
20630465
20626152
20617785
20612955
20604343
20599504
20591589
20586818
20578178
20573348
20564764
20560458
20552363
20547499
20538932
20533955
20525782
20520923
20512118
20507356
20498724
20494523
20486675
20481781
20473151
20468296
20460174
20455449
20446753
20441825
20433256
20428796
20420980
20416175
20407695
20402859
20395013
20390259
20381859
20377078
20368618
20364662
20357130
20352514
20344078
20339247
20331380
20326728
20318358
20313521
20305104
20300666
20291532
20286670
20278234
20273404
20265689
20261125
20252962
20248421
20240264
20236200
20228249
20223653
20215197
20210250
20202274
20197610
20189099
20184288
20175805
20171680
20164031
20159319
20150943
20146079
20138123
20133506
20125290
20120662
20112172
20107984
20100346
20095912
20087252
20082415
20074565
20070073
20061482
20056695
20048199
20043799
20036327
20031614
20023150
20018468
20010572
20005760
19997246
19992548
19984254
19980168
19972451
19967991
19959566
19954946
19947125
19942338
19933762
19928958
19920616
19916528
19908819
19904079
19895710
19891095
19883182
19878353
19869542
19865075
19856592
19852514
19844884
19840263
19831803
19826899
19818867
19814162
19805704
19801043
19792635
19788406
19780677
19775749
19767128
19762439
19754534
19749617
19737130
19728071
19718835
19714335
19706582
19701702
19693108
19688366
19680564
19675858
19667334
19662666
19654269
19650046
19642233
19637416
19628874
19624158
19616255
19611674
19603239
19598164
19589388
19584975
19577201
19572337
19563717
19558774
19550966
19546199
19537777
19532869
19524387
19520277
19512507
19507851
19499343
19494431
19486413
19481724
19473297
19468494
19460105
19455981
19448353
19443728
19435250
19430558
19422527
19417915
19409303
19404947
19396477
19392134
19384538
19379905
19371595
19366901
19359092
19354540
19345924
19341121
19332700
19328327
19320750
19315921
19307564
19302852
19294884
19290221
19281609
19277047
19268540
19264301
19256616
19251975
19243476
19238584
19230605
19226032
19217313
19212561
19204040
19199703
19191903
19187211
19178654
19173888
19165912
19161175
19152557
19147580
19139087
19134864
19125459
19120759
19112319
19107388
19099430
19094689
19086424
19081737
19073465
19069250
19061562
19056816
19048379
19043725
19035533
19030897
19022159
19017413
19008914
19001643
18992266
18987626
18979561
18974806
18967216
18962648
18954559
18950073
18942088
18937720
18930239
18925648
18917518
18909572
18901030
18896178
18887808
18883030
18874634
18870413
18862600
18857814
18849266
18844489
18833458
18828600
18820517
18815813
18804106
18799346
18790699
18786271
18778123
18773656
18765892
18761587
18753438
18744946
18736200
18732155
18724462
18719747
18707884
18702962
18695473
18690892
18682598
18677980
18669840
18665759
18658278
18653699
18645045
18640521
18632741
18628299
18620240
18615707
18607624
18603705
18596435
18591931
18583930
18579307
18571678
18567235
18559017
18554267
18546235
18542014
18534425
18496206
18487362
18482843
18475362
18470925
18462522
18458069
18449994
18445928
18434998
18429946
18421821
18417300
18409806
18405416
18397383
18392665
18384553
18380373
18372870
18368366
18356909
18351710
18344031
18339232
18330810
18326146
18317622
18313391
18305557
18300925
18292378
18287604
18276352
18271498
18263488
18259034
18250978
18246874
18239373
18234731
18223105
18217954
18209944
18205242
18196607
18192028
18180188
18176323
18168923
18164291
18156109
18151682
18144163
18139619
18131535
18126930
18118625
18114602
18107080
18102317
18094007
18089464
18081941
18077389
18069314
18064711
18056685
18052704
18045308
18040789
18032654
18028317
18020749
18016327
18008171
18003452
17995538
17991497
17984137
17979538
17971262
17966756
17959255
17954795
17946808
17942229
17934040
17930088
17922812
17918250
17910117
17905554
17897967
17893352
17885173
17880605
17863777
17858846
17851124
17846390
17837702
17832952
17825093
17820358
17811814
17806888
17798078
17793800
17785966
17781231
17772702
17768033
17760121
17755465
17747229
17742360
17733950
17729251
17721620
17716511
17707970
17703184
17695100
17690167
17681588
17676737
17668246
17664127
17656562
17651944
17640222
17635488
17627992
17623506
17615565
17610764
17598781
17594436
17586716
17581806
17573301
17568720
17560697
17555911
17547427
17542690
17534179
17530121
17522316
17517582
17508851
17504016
17496200
17491393
17482960
17478335
17469813
17465639
17457877
17453152
17441858
17436929
17429323
17424873
17416565
17412063
17403915
17400071
17392698
17388303
17380181
17375584
17367776
17363196
17355135
17350425
17342176
17338225
17330806
17326058
17318038
17313577
17305887
17301354
17297610
17293178
17285004
17280965
17273629
17269054
17260801
17256435
17249046
17244351
17236244
17231817
17223666
17219639
17212253
17207744
17196464
17191499
17183574
17178902
17170372
17165447
17153606
17149697
17142460
17138118
17130046
17125400
17117661
17113076
17105159
17100691
17092475
17088517
17081247
17076622
17068486
17063849
17056188
17051669
17043433
17038974
17030929
17026987
17019565
17015101
17006997
17002600
16995117
16990675
16982569
16978060
16969946
16965650
16958370
16953816
16942127
16936710
16928881
16924295
16916010
16911477
16903546
16899623
16891981
16887594
16879427
16874976
16867204
16862648
16854624
16850139
16842117
16838131
16830672
16826288
16818293
16813907
16806377
16801875
16793711
16789342
16781309
16777399
16769999
16765398
16757419
16752770
16745235
16740870
16732776
16728276
16720377
16716529
16699207
16694358
16682360
16677463
16669733
16665169
16656557
16648501
16640427
16636408
16628900
16624417
16616335
16611875
16604459
16599790
16591746
16587194
16579237
16575233
16567844
16563414
16555160
16550528
16543027
16538577
16530473
16525760
16517725
16513785
16506441
16501997
16493916
16489423
16481838
16477413
16469252
16464789
16456705
16452826
16445486
16440893
16432948
16428347
16420899
16416359
16408290
16403601
16395472
16391373
16383959
16379338
16371478
16366975
16359311
16354969
16346779
16342195
16333880
16329932
16322623
16318128
16345951
16341638
16334108
16329829
16321724
16317269
16309006
16304875
16297486
16292983
16284911
16292826
16285642
16281009
16272770
16268126
16259818
16255587
16247941
16243279
16234889
16230183
16222403
16214040
16205151
16200368
16191727
16187361
16176198
16171186
16163069
16158339
16150712
16146004
16137653
16132879
16124702
16120516
16111595
16106955
16098700
16093870
16086123
16081503
16073230
16068582
16056295
16051189
16042435
16037484
16029133
16024344
16016642
16011918
16003642
15999026
15990790
15986693
15978963
15974356
15966159
15961386
15953727
15949053
15940808
15936094
15927991
15923668
15914967
15910151
15902028
15897305
15889687
15885074
15876782
15872102
15863964
15859771
15852172
15847475
15839247
15834407
15826714
15822234
15814059
15806029
15798390
15794068
15786250
15781257
15772535
15767544
15759710
15754858
15746045
15741128
15732475
15728097
15720156
15715320
15706486
15701160
15692598
15687310
15678325
15673160
15664364
15659826
15651946
15647039
15638400
15633570
15625478
15620682
15612155
15607242
15595524
15590977
15583306
15578635
15570220
15565511
15557674
15553141
15544814
15539930
15528404
15535975
15531829
15527057
15518676
15510664
15502046
15497371
15489012
15484391
15476096
15471840
15464237
15459535
15451100
15446326
15438643
15433764
15425692
15420878
15412746
15408228
15400691
15395905
15387722
15383091
15375457
15370433
15362121
15357424
15349259
15345241
15337612
15332789
15324753
15319866
15311998
15307067
15295405
15290145
15281551
15277146
15268679
15263694
15255162
15250353
15242436
15237687
15228986
15224191
15212651
15208010
15200223
15195428
15187234
15182555
15174785
15170041
15161833
15156988
15148708
15144632
15136508
15131612
15119335
15113865
15105942
15101128
15092913
15088103
15079710
15075563
15068124
15063492
15054860
15050147
15042445
15037733
15029401
15024598
15016088
15011784
15004178
14999449
14991144
14986174
14978431
14973762
14965230
14960411
14952067
14947891
14940209
14935659
14927293
14922204
14914523
14909844
14901648
14896970
14888604
14884408
14876714
14872097
14863866
14859169
14851308
14846823
14838528
14833797
14825594
14821414
14813668
14808776
14800482
14795533
14787640
14782860
14774546
14769839
16124451
16121685
16107101
16102342
16094880
16091345
16085012
16081789
16074851
16070587
16056153
16053127
16046448
16043043
16034930
16031381
16024991
16021653
16014742
16011378
16004291
16001113
15994260
15990758
15983707
15980176
15973752
15970472
15963442
15960086
15952975
15950015
15943342
15939741
15933017
15929757
15923409
15920252
15913269
15910076
15903068
15900207
15893040
15889712
15882940
15879589
15872939
15869442
15862527
15859273
15852488
15849775
15843102
15839702
15832844
15829568
15823241
15819974
15813130
15809765
15802966
15800129
15793318
15789898
15783177
15779742
15773445
15770093
15763294
15759912
15753001
15750217
15743454
15740008
15733330
15730038
15723811
15720675
15713903
15710712
15703721
15700987
15694170
15690645
15683742
15680444
15674257
15670882
15664171
15660903
15654068
15651160
15644483
15641100
15634218
15630874
15624370
15619953
15612909
15609604
15602729
15599960
15593268
15589944
15583051
15579854
15573622
15570351
15563823
15560350
15553466
15550715
15543933
15540612
15533735
15530345
15523869
15520698
15513947
15510607
15503616
15500928
15494160
15490891
15484033
15480959
15474665
15471406
15464592
15461266
15454218
15451506
15444767
15441540
15434812
15431350
15425013
15421738
15414953
15411685
15404835
15402096
15395266
15391953
15385125
15381806
15375459
15372204
15365365
15362066
15355153
15352331
15345728
15342383
15335509
15332323
15326126
15318130
15310728
15307190
15300320
15297611
15290762
15287344
15280488
15277171
15270866
15267748
15261072
15257714
15250896
15248698
15242045
15238779
15231714
15228505
15222276
15218987
15212119
15208925
15202127
15199393
15192586
15189288
15182282
15178998
15172782
15169551
15162862
15159555
15152729
15150050
15143364
15140191
15133369
15130182
15123950
15120784
15113931
15110736
15103900
15101119
15094447
15091011
15084190
15080817
15074635
15071416
15064347
15060994
15053781
15050937
15044370
15040976
15033885
15030650
15024296
15021222
15014477
15011232
15004542
15001831
14995091
14991786
14984997
14981784
14975548
14972396
14965644
14962325
14955493
14952723
14946019
14942771
14935958
14932704
14926410
14923221
14916272
14913129
14906254
14903521
14896647
14893425
14886634
14883221
14876924
14873712
14866832
14862011
14854779
14851964
14845417
14841976
14835354
14831877
14825645
14822360
14815543
14812368
14805468
14802682
14795987
14792588
14785785
14782468
14776176
14773070
14766327
14762971
14756180
14753387
14746330
14743016
14736227
14732859
14726625
14723407
14716597
14713361
14706540
14703795
14696993
14693673
14687017
14683759
14677417
14674191
14667351
14664128
14657280
14654574
14647956
14643706
14636626
14633377
14626856
14623362
14616510
14613194
14606445
14603852
14597025
14593785
14586961
14583655
14577486
14574116
14567173
14563879
14556945
14554117
14547391
14543879
14537104
14533836
14527514
14524405
14517579
14514172
14507379
14504732
14497944
14494508
14487552
14484313
14478057
14474900
14468083
14464750
14457835
14454443
14447928
14443528
14436398
14433148
14426882
14423639
14416650
14412402
14405228
14402427
14395635
14392334
14385430
14381202
14374621
14367867
14360364
14356769
14349616
14346968
14338977
14335657
14328817
14325439
14319134
14315810
14308997
14302644
14293865
14289287
14282389
14278218
14270394
14265389
14258914
14252877
14243806
14238668
14231493
14226566
14218759
14213666
14206484
14201202
14191797
14186769
14179658
14174167
14156422
14151583
14135470
14129752
14121718
14116662
14108180
14103346
14094512
14089549
14080629
14076212
14068345
14063575
14054726
14049889
14041632
14036767
14027613
14022571
14013646
14009402
14001319
13996438
13987554
13982534
13974198
13969249
13960165
13955002
13946176
13942041
13934141
13929145
13919913
13915044
13906706
13901738
13892932
13888200
13879128
13874861
13867088
13862013
13852969
13848150
13839772
13834991
13826192
13821105
13812318
13807813
13799882
13794869
13786017
13781239
13772950
13767943
13759067
13754195
13745330
13740924
13733071
13728089
13719293
13714374
13706169
13698174
13688873
13683887
13675030
13670508
13662700
13657734
13648914
13644073
13635719
13630864
13621958
13616955
13608113
13603763
13595896
13590847
13581969
13576993
13568502
13563506
13554655
13549656
13540892
13536512
13528598
13523602
13514702
13509809
13501385
13496460
13487347
13482400
13473393
13469129
13461286
13456400
13447442
13442545
13434188
13429302
13420437
13415487
13402009
13396556
13388468
13383435
13374322
13369428
13361088
13356371
13347323
13342412
13333571
13322636
13313400
13308339
13299514
13294653
13286382
13281584
13272690
13267583
13258612
13254198
13246217
13241314
13232505
13227421
13219063
13214370
13205502
13200548
13191559
13187215
13179085
13174166
13165137
13160119
13151723
13146892
13137729
13132681
13123842
13119532
13111591
13106557
13097305
13092201
13083800
13078718
13069802
13064932
13056102
13051559
13043627
13038669
13029755
13024821
13016471
13011509
13002556
12997630
12988848
12984380
12976611
12971853
12962814
12957892
12949574
12944757
12935810
12930703
12921907
12917425
12909499
12904575
12895608
12890726
12882461
12877146
12868410
12863309
12854518
12850079
12842189
12837420
12828289
12823148
12814987
12809936
12801112
12796263
12787581
12783262
12775064
12769949
12761282
12756413
12748310
12743370
12734613
12729594
12720795
12716413
12708301
12703363
12694338
12689344
12681326
12676507
12667900
12662901
12654185
12649846
12641716
12636697
12628091
12623161
12615076
12610209
12601413
12596473
12587699
12583334
12575282
12570309
12561492
12556665
12548517
12543799
12535041
12530142
12521494
12517203
12511656
12506604
12497660
12492726
12484576
12479820
12471058
12466124
12457153
12452745
12441070
12435092
12426210
12421227
12413073
12408206
12399490
12394462
12385838
12381591
12373593
12368747
12360135
12355113
12347005
12342190
12333259
12328217
12319556
12315141
12307372
12302330
12293554
12288597
12280386
12275602
12266897
12261983
12253262
12248900
12241113
12236257
12227187
12222174
12214030
12209245
12200481
12195611
12186930
12182420
12174521
12169536
12160838
12155872
12147603
12142702
12133836
12128889
12120192
12115801
12107851
12103109
12094168
12089259
12081228
12076194
12067168
12062219
12053551
12049185
12041243
12036425
12027307
12022343
12014085
12009206
12000381
11995332
11986726
11982423
11974586
11969617
11960885
11955952
11947836
11942858
11934105
11929306
11920455
11916141
11908317
11903281
11894351
11889462
11881335
11876535
11867684
11862761
11853832
11849380
11841452
11836445
11827762
11822861
11814784
11809878
11801152
11796173
11787461
11783186
11775456
11770501
11761777
11756778
11748641
11743790
11735057
11730008
11721241
11716964
11709067
11704192
11695507
11690601
11682214
11677203
11668463
11663451
11654693
11650349
11642391
11637516
11628806
11623753
11615283
11610330
11600804
11596610
11589450
11586681
11579924
11576666
11569870
11566440
11560187
11557019
11550151
11546899
11539983
11537305
11530592
11527336
11520553
11517216
11510966
11507701
11500759
11497471
11490661
11487883
11481219
11473704
11466651
11463247
11456804
11453310
11446532
11443389
11436627
11432424
11425427
11422141
11415173
11411792
11405378
11401991
11394982
11391662
11384821
11382039
11375187
11371804
11364836
11361535
11355244
11352083
11345206
11341970
11335226
11332492
11325986
11322778
11315765
11312344
11306135
11302866
11295898
11292522
11285613
11282777
11276127
11271563
11264577
11261203
11254979
11251754
11244927
11241734
11234832
11232012
11225199
11221971
11215065
11211770
11205453
11202347
11195506
11192268
11185489
11182590
11175958
11172628
11165987
11162681
11156541
11153234
11146287
11142748
11135846
11132945
11126177
11122711
11115826
11111309
11104718
11101505
11094647
11091350
11084629
11081881
11075291
11071929
11065032
11061756
11055544
11052195
11045197
11041911
11034965
11032172
11025351
11022076
11015359
11012066
11005668
11002505
10995786
10992539
10985725
10982841
10976223
10972909
10966315
10962987
10954829
10951475
10944662
10941354
10934534
10931608
10924947
10920582
10913495
10910154
10903664
10900575
10893659
10889415
10882397
10879562
10872680
10869407
10862626
10858447
10851679
10848375
10841517
10838217
10831227
10827761
10819866
10816566
10809433
10806077
10799668
10796500
10788659
10785199
10778054
10775162
10768220
10763940
10756759
10753536
10747387
10743847
10736846
10733526
10723954
10721144
10714291
10710795
10704008
10700508
10694133
10689844
10682783
10679369
10672394
10669559
10662625
10658203
10650950
10647630
10641341
10638007
10630942
10626671
10619584
10616764
10609915
10606462
10599403
10595906
10589587
10585430
10578256
10574802
10567878
10565043
10558219
10554675
10546668
10543290
10536791
10533495
10526484
10522907
10508522
10505415
10498665
10495181
10488020
10484472
10478007
10473813
10466554
10462841
10455857
10452918
10445967
10442584
10434446
10430942
10424376
10421059
10414238
10409020
10401819
10398910
10391979
10388687
10381770
10377340
10370758
10367428
10360447
10357106
10350209
10347334
10339130
10335614
10328626
10325019
10318587
10314024
10306940
10303347
10296402
10293514
10286767
10283380
10275509
10272048
10265636
10262268
10255307
10250978
10243640
10240522
10233423
10229937
10223084
10215664
10208131
10204671
10197820
10194191
10187309
10184518
10177449
10173075
10161962
10158287
10151800
10148404
10139262
10134170
10126256
10123300
10116313
10113059
10106366
10103192
10095577
10092023
10084875
10081473
10074670
10070530
10060989
10056626
10049463
10045895
10039540
10036385
10029463
10024683
10017560
10014648
10007665
10004152
9997208
9991781
9983606
9978791
9970709
9967150
9960114
9957288
9949666
9946169
9938162
9934905
9928218
9924914
9917883
9912541
9903686
9899989
9893144
9889491
9882565
9879212
9872684
9869306
9861457
9857936
9850713
9847828
9840878
9837409
9828281
9823197
9815576
9812251
9805237
9801752
9794580
9791698
9782974
9777682
9768975
9763896
9755730
9750663
9741968
9737454
9729421
9726463
9719492
9716062
9709105
9705600
9698087
9694768
9687860
9684185
9677200
9674405
9665439
9660455
9651798
9646747
9638360
9633394
9624516
9619567
9610791
9606374
9597396
9592378
9583708
9578627
9570241
9565285
9552606
9546388
9537166
9532701
9523585
9518524
9509738
9504653
9496371
9491339
9482493
9477493
9468459
9463972
9455069
9450154
9441201
9436215
9427964
9422807
9413927
9409018
9400390
9396050
9387179
9382061
9373533
9368536
9360189
9355198
9346283
9341316
9332526
9328125
9318961
9313907
9305188
9300115
9291802
9286781
9277795
9272742
9264037
9259639
9250846
9245727
9236975
9232014
9223688
9218727
9209875
9204829
9196058
9191606
9182559
9177429
9168546
9163552
9155394
9150385
9141499
9136385
9127631
9123162
9114144
9109214
9100286
9095247
9087048
9082102
9073338
9068149
9059314
9054954
9045930
9040827
9031963
9026882
9018698
9013711
9004726
8999694
8990849
8986373
8977521
8972465
8963710
8958616
8950356
8945258
8936692
8931659
8922792
8918395
8909340
8904225
8895274
8890152
8881833
8876831
8868081
8863149
8854319
8849784
8840783
8835811
8827007
8821919
8813673
8808791
8799958
8795023
8786217
8781690
8772555
8767615
8758969
8753867
8745596
8740452
8731834
8726655
8717816
8713312
8704422
8699361
8690529
8685536
8677230
8672178
8663403
8658202
8649423
8644863
8635734
8630693
8621815
8616870
8608622
8603580
8594670
8589633
8573060
8567662
8558392
8553154
8544152
8539174
8530857
8525735
8516876
8511958
8503083
8498565
8489509
8484519
8475663
8470679
8462364
8457272
8448399
8443380
8434732
8430254
8421373
8416343
8407442
8402392
8394284
8389140
8380268
8375122
8366339
8361819
8352944
8347899
8339103
8334075
8325897
8320786
8311777
8307010
8298199
8293903
8284838
8279807
8270863
8265883
8257697
8252683
8243776
8238609
8229958
8225511
8216431
8211431
8202561
8197549
8189201
8184330
8175463
8170353
8161373
8156903
8147675
8142699
8133700
8128776
8120143
8115023
8106106
8100988
8092134
8087706
8078666
8073663
8064734
8059594
8051293
8046292
8037290
8032235
8023401
8019017
8009898
8004941
7996145
7991027
7982758
7977825
7968902
7963952
7955152
7950511
7941490
7936606
7927861
7922736
7914328
7909411
7900528
7895645
7886810
7882332
7873355
7868280
7859371
7854318
7845912
7840882
7832288
7827342
7818615
7814003
7804966
7800047
7791142
7785914
7777692
7772672
7763854
7758814
7749996
7745528
7736326
7731225
7722394
7717430
7709030
7704003
7695231
7690039
7681332
7676940
7668089
7663165
7654358
7649431
7641423
7636414
7627580
7622557
7613830
7609274
7596313
7590509
7581443
7576264
7568188
7563236
7554248
7549141
7540371
7535921
7526938
7521717
7513096
7508127
7499855
7494826
7485886
7480798
7472044
7467506
7458487
7453460
7444686
7439681
7431579
7426657
7417688
7412631
7403899
7399456
7390671
7385745
7376977
7372028
7363795
7358828
7350064
7345026
7336284
7331798
7322795
7317764
7308878
7303780
7295791
7290873
7282029
7276880
7267966
7258993
7249590
7244504
7235666
7230417
7222210
7217030
7208239
7203212
7194305
7189793
7180945
7175952
7167095
7161940
7153871
7148983
7140168
7135222
7126356
7121846
7112794
7107733
7098921
7093847
7085473
7080463
7071574
7066506
7057733
7053095
7044235
7039133
7030344
7025380
7016994
7012016
7003282
6998293
6989537
6984956
6976075
6971050
6962247
6957240
6948975
6943789
6935039
6929978
6921233
6916751
6907871
6902886
6894143
6888941
6880698
6875554
6866637
6861553
6852777
6848155
6839444
6834318
6825702
6820730
6812351
6722460
6713104
6707979
6699172
6694836
6685714
6680574
6671871
6666835
6658353
6653256
6644260
6639211
6630438
6621952
6611764
6606491
6597701
6592696
6584478
6579495
6570718
6565619
6556796
6552276
6543387
6538383
6529693
6524749
6516424
6511467
6502528
6497473
6488846
6484262
6475268
6470147
6461361
6456378
6448164
6443265
6434305
6429153
6420259
6415904
6406740
6401624
6392818
6387703
6379381
6374425
6365651
6360701
6351884
6347466
6338550
6333588
6324863
6319761
6311589
6306713
6298100
6293020
6284106
6279742
6270708
6265574
6256769
6251762
6243422
6238548
6229626
6224668
6215759
6211112
6202238
6197249
6188391
6183365
6175166
6170280
6161418
6156358
6147527
6143055
6133875
6128906
6120137
6115168
6106776
6101786
6093203
6088186
6079312
6074675
6065774
6060838
6052183
6047230
6038805
6033633
6024852
6019623
6010862
6006456
5997275
5992206
5983670
5978730
5971112
5966188
5957363
5952462
5943492
5939055
5929963
5924920
5916083
5911133
5903063
5897960
5889054
5884089
5875365
5870949
5861796
5856387
5847697
5842716
5834388
5829513
5820464
5815452
5806870
5802583
5793445
5788382
5779578
5774616
5766351
5761313
5752401
5747245
5738534
5734129
5725004
5719898
5710786
5705844
5697479
5692488
5683649
5678579
5669968
5665624
5656563
5651366
5637727
5632455
5624156
5619069
5610265
5605265
5596367
5591951
5582940
5577850
5568950
5563807
5555580
5550625
5541850
5536776
5527765
5523242
5514194
5509227
5500603
5495490
5487269
5482341
5473730
5468759
5459849
5455427
5446353
5441268
5432521
5427379
5419091
5414173
5405215
5400239
5391433
5386957
5377794
5372774
5364170
5359177
5350974
5345991
5337340
5332317
5323839
5319312
5310388
5305491
5296547
5291497
5283138
5277894
5268927
5263756
5254884
5250476
5241376
5236379
5227638
5222549
5214473
5209477
5200555
5195514
5186644
5182213
5173297
5168031
5159293
5154324
5146011
5141081
5132194
5127102
5118418
5113899
5104953
5099848
5091182
5086089
5077924
5072854
5063951
5058987
5050308
5045959
5036793
5031739
5023169
5018227
5009968
5004942
4996043
4990926
4982230
4977568
4968421
4963319
4954533
4949618
4941278
4936349
4927391
4922216
4913399
4908875
4899991
4894929
4886122
4881149
4872882
4867973
4859339
4854191
4845386
4840998
4831918
4826880
4818019
4812979
4804887
4799959
4791163
4786040
4777308
4772971
4763968
4758882
4750180
4745063
4737023
4732070
4723253
4718259
4709477
4705096
4696013
4691105
4682427
4677233
4665030
4659432
4650512
4645425
4636630
4632146
4622970
4617939
4609153
4604076
4595748
4590827
4581908
4576960
4568195
4563695
4554808
4549876
4541338
4536337
4528053
4522987
4514195
4509277
4500475
4495986
4487086
4482063
4473271
4468245
4460011
4454955
4446331
4441283
4432410
4427879
4419065
4414228
4405372
4400372
4392054
4387074
4378430
4373354
4364681
4360173
4351069
4346156
4337351
4332295
4324146
4319150
4310260
4305277
4296406
4291953
4283079
4277968
4269229
4264271
4256090
4251128
4242231
4237242
4228458
4224075
4215194
4209932
4201101
4196174
4187982
4183012
4174220
4169054
4160193
4155867
4146958
4141959
4133117
4128116
4119905
4114924
4106042
4100898
4092143
4087636
4078501
4073491
4064689
4059571
4051451
4046577
4037695
4032583
4023998
4019648
4010496
4005473
3996605
3991335
3983128
3978036
3969208
3964124
3955216
3950866
3941774
3936870
3927963
3922932
3914653
3909642
3900801
3895821
3886938
3882534
3873378
3868284
3859413
3854401
3846022
3841008
3832109
3826985
3818134
3813546
3804551
3799554
3790804
3785758
3777492
3772576
3763781
3758741
3749954
3745560
3736241
3731275
3722641
3717677
3709392
3704261
3691725
3685467
3676373
3671784
3662706
3657677
3648847
3643857
3635540
3630509
3621654
3616656
3607919
3603512
3594618
3589553
3580823
3575898
3567650
3562293
3553362
3548283
3539482
3534986
3526105
3520981
3512074
3507086
3498779
3493803
3484882
3479785
3470973
3466564
3457571
3452482
3443817
3438658
3430614
3425718
3416641
3411639
3403075
3398759
3389706
3384627
3375741
3370869
3362605
3357694
3348964
3343932
3335162
3330765
3321675
3316564
3307717
3302848
3294740
3289881
3281097
3276069
3267291
3262823
3253797
3248691
3239860
3234726
3226466
3221501
3212713
3207676
3198681
3194249
3185177
3180140
3171353
3162136
3153045
3147828
3136936
3131526
3122720
3118307
3109502
3104561
3095635
3090486
3082322
3077503
3068840
3063818
3054917
3050470
3041345
3036250
3027675
3022589
3014360
3009298
3000409
2995351
2986489
2981879
2973235
2968278
2959537
2954500
2946068
2941086
2932287
2927319
2918504
2913988
2905167
2900126
2891435
2886421
2878125
2873076
2864205
2859066
2850142
2845728
2836863
2831945
2823093
2818112
2809866
2804835
2796237
2791203
2782351
2777889
2768836
2763862
2755260
2750273
2741979
2736970
2728134
2723175
2709463
2704760
2695625
2690474
2681831
2676852
2668614
2663486
2654588
2649684
2640846
2636384
2627197
2622111
2613364
2608477
2600126
2595063
2586122
2581082
2572344
2567744
2558619
2553553
2544491
2539478
2531256
2526277
2517429
2512398
2503681
2499214
2490076
2485085
2476223
2471298
2463065
2458193
2449492
2444392
2435814
2431503
2422496
2417488
2408648
2403623
2395509
2390523
2381679
2376632
2367798
2363362
2354545
2349677
2340885
2335764
2327583
2322611
2313833
2308796
2299910
2295539
2286451
2281529
2272736
2267614
2259584
2254616
2245838
2240880
2231817
2227219
2218139
2212978
2204133
2199023
2190667
2185763
2177094
2171990
2163226
2158732
2149718
2144709
2136200
2131179
2122826
2117864
2109227
2103733
2094803
2090325
2081614
2076588
2067852
2062857
2054611
2049586
2040643
2035610
2026887
2022348
2013392
2008448
1999699
1994734
1986464
1981402
1972650
1967664
1958871
1954414
1945492
1940409
1931822
1926902
1918882
1913934
1905009
1900006
1891216
1886727
1877605
1872591
1863942
1858992
1850827
1845839
1836889
1831919
1823206
1818775
1809993
1804917
1796275
1791425
1783219
1778179
1769311
1764170
1755507
1751116
1738304
1732454
1723265
1718169
1709897
1705033
1696265
1691249
1682416
1677952
1669066
1664078
1655326
1650432
1642155
1637259
1628344
1623181
1614426
1610061
1601171
1596165
1587259
1582187
1573933
1568992
1560228
1555151
1546307
1541880
1532802
1527842
1519097
1513978
1505718
1500812
1492062
1486974
1478094
1473679
1465335
1460298
1451411
1446283
1437821
1432925
1424095
1419079
1410086
1405505
1396352
1391224
1382432
1377378
1369107
1364272
1355626
1350613
1341805
1337326
1328254
1323338
1314419
1309393
1301089
1296155
1287389
1282386
1273570
1269103
1260021
1254988
1246133
1241103
1233008
1227957
1219267
1214313
1205487
1201021
1192175
1187127
1178331
1173285
1165106
1160148
1151371
1146438
1137695
1133098
1124291
1119227
1110425
1105349
1097175
1092200
1083332
1078298
1069578
1065150
1056309
1051262
1042724
1037709
1029447
1024509
1015585
1010573
1001658
997299
988435
983425
974532
969562
961441
956491
947573
942498
933689
929141
920296
915023
906151
901183
892745
887725
878909
873769
864840
860449
851649
846621
837781
832753
824661
819689
810632
805509
796498
792151
782929
777938
769147
759524
750939
745892
737287
732076
723185
718772
709993
705117
696319
691255
683172
678121
669221
664161
655332
16023719
15996665
15980123
15971244
15967793
15961226
15957782
15950954
15947566
15940380
15937713
15930883
15927680
15920975
15917427
15910948
15907698
15901149
15897809
15891021
15888277
15881464
15878267
15871245
15867859
15861610
15858178
15851364
15847563
15840783
15838009
15831316
15827654
15819177
15815488
15808991
15805818
15799073
15795733
15789021
15786187
15779456
15776160
15769485
15766098
15759798
15756497
15749836
15746547
15739660
15736677
15729939
15726689
15719681
15716539
15710175
15707168
15700426
15696997
15690064
15687140
15680345
15677134
15668755
15665378
15659162
15655796
15648783
15645536
15638962
15636383
15629659
15624906
15617725
15614482
15604454
15600897
15593900
15589408
15582188
15579435
15572807
15569437
15562485
15558157
15546620
15542892
15535765
15532377
15525611
15522907
15516229
15511573
15504673
15501482
15494854
15491719
15484692
15480399
15473326
15470253
15463457
15460201
15453424
15445284
15437665
15432718
15423378
15418402
15409590
15405029
15397085
15392325
15383726
15378653
15370559
15365496
15356805
15351813
15343378
15339272
15331249
15326345
15317381
15312487
15304346
15299427
15290654
15285660
15276877
15272641
15264867
15260007
15251142
15246119
15237936
15233085
15224338
15219218
15210474
15205325
15195951
15191000
15182331
15177270
15169193
15164455
15155664
15150690
15141939
15137191
15129540
15124617
15115944
15111118
15102893
15098123
15089384
15084482
15075740
15071271
15063467
15058559
15049856
15044955
15036796
15031686
15023023
15018118
15009667
15005232
14995820
14990918
14982192
14977187
14969073
14964107
14955339
14950405
14941576
14937356
14929343
14924278
14915561
14910570
14902370
14897381
14888568
14883437
14874768
14870531
14860814
14855915
14847423
14842596
14834437
14829407
14820620
14815536
14806823
14802650
14794619
14789736
14780844
14775820
14767723
14762981
14754135
14748994
14740107
14735756
14727770
14722652
14713826
14708922
14700703
14695723
14686960
14681746
14673204
14668916
14661346
14656325
14647617
14642581
14634361
14629521
14620640
14615597
14606769
14602499
14582508
14576545
14567638
14562446
14554339
14549586
14540716
14535663
14526889
14522549
14513049
14507960
14499340
14494308
14486285
14481543
14472711
14467708
14491010
14487374
14479379
14474671
14465831
14460959
14452724
14447783
14439095
14434078
14425300
14421009
14413258
14408273
14399591
14394666
14386620
14381545
14372878
14367981
14359294
14354871
14346824
14341911
14333226
14328190
14320026
14315121
14306320
14301254
14292697
14288168
14280260
14275407
14266748
14261751
14253617
14248559
14239712
14234751
14226145
14221852
14214036
14208999
14200361
14195556
14187483
14182402
14173463
14168530
14159723
14155340
14147177
14142136
14133382
14128373
14120333
14115440
14106484
14101478
14092872
14088511
14080675
14075731
14066906
14062008
14053819
14048839
14039820
14034792
14026428
14022110
14014363
14009363
14000525
13995586
13987358
13982489
13973703
13968621
13959726
13955367
13947323
13942383
13933663
13928926
13920853
13915878
13907162
13902013
13893311
13888945
13881190
13876165
13867397
13862514
13854257
13849292
13840397
13835492
13826694
13822273
13814361
13809212
13800510
13795591
13787324
13782304
13773650
13768580
13759978
13755762
13747968
13743050
13734270
13729431
13721229
13716413
13707603
13702670
13694059
13689859
13682203
13677251
13665740
13659930
13651478
13646635
13638032
13633009
13624393
13619832
13612006
13607118
13598389
13593486
13585493
13580365
13571552
13566527
13557564
13552975
13545202
13540335
13531599
13526399
13517051
13512024
13502924
13497813
13489008
13484625
13469544
13464225
13455135
13449918
13441842
13436882
13428298
13422743
13413792
13409219
13401198
13396038
13387380
13382247
13374003
13369001
13360229
13355259
13346517
13342261
13334312
13329323
13320611
13315930
13307332
13302279
13293451
13288485
13279650
13275024
13267168
13262339
13253710
13248752
13240183
13235117
13226523
13221600
13212920
13208591
13200774
13195957
13187339
13182174
13174115
13168999
13160315
13154992
13146320
13141772
13133402
13128296
13119342
13114422
13106366
13101488
13092882
13088018
13079140
13074698
13065252
13060285
13051593
13046448
13038253
13033313
13024797
13019521
13010841
13006354
12997093
12992072
12983267
12978109
12970037
12964874
12956149
12951210
12942510
12938236
12930521
12925677
12916909
12912044
12903915
12899006
12890289
12885299
12876819
12872563
12864557
12859281
12850187
12845408
12836898
12831805
12823107
12817907
12809241
12805004
12797307
12792512
12783921
12778936
12770660
12765872
12757095
12752129
12743439
12739133
12731371
12726334
12717499
12713197
12702795
12698839
12691748
12688302
12681665
12678885
12669389
12665813
12658427
12654981
12648623
12645359
12638231
12633474
12626261
12623458
12616462
12612756
12606031
12601705
12593166
12587784
12578283
12572250
12564184
12561211
12554512
12551048
12544176
12540455
12534036
12529748
12522672
12519305
12512332
12509590
12502549
12498393
12491302
12487823
12481241
12478021
12471289
12467931
12461116
12458171
12451375
12446777
12439684
12436311
12429783
12426240
12419278
12414775
12407627
12404624
12397780
12394086
12387194
12384065
12377512
12373114
12365774
12362202
12355289
12352385
12344424
12341145
12334253
12330835
12324566
12321142
12314328
12310035
12302852
12299877
12293128
12289869
12283149
12278814
12272218
12268650
12261628
12258196
12251467
12247630
12240854
12237414
12230342
12226834
12220452
12216329
12209264
12205581
12198647
12195862
12189135
12184643
12177513
12174233
12167937
12164574
12157501
12153027
12145828
12142994
12136227
12132811
12125476
12120736
12113980
12110638
12103765
12100224
12091273
12088432
12081794
12078431
12071633
12068272
12061836
12057580
12050280
12046852
12040032
12037161
12030197
12027005
12020157
12015766
12009104
12005894
11998979
11995723
11988615
11984723
11977748
11974311
11967374
11963833
11957336
11951769
11944691
11941296
11934389
11931439
11902149
11896553
11889263
11884975
11878407
11875057
11867784
11864254
11857503
11853492
11846344
11842713
11835849
11831963
11825437
11821037
11813654
11809575
11802116
11799200
11792349
11788900
11781891
11777342
11770555
11766723
11759607
11756212
11743999
11738888
11731478
11727511
11720341
11716812
11710453
11707021
11700050
11695408
11688402
11685492
11675945
11670016
11656649
11652416
11645752
11642572
11635565
11631112
11623812
11621034
11614153
11610572
11603565
11599199
11592574
11589288
11582287
11578851
11571945
11568456
11561653
11557963
11550974
11547718
11541380
11535657
11527634
11522710
11514157
11509527
11500398
11495358
11486338
11481335
11473362
11468578
11459963
11454903
11446373
11441991
11433408
11428418
11419863
11414627
11406667
11401654
11392815
11387735
11378858
11374561
11365709
11360737
11351949
11346875
11338454
11333644
11324890
11319970
11311130
11306688
11297799
11292784
11283930
11278993
11270715
11265958
11257118
11252186
11243636
11239250
11230102
11224930
11216141
11211456
11203332
11198258
11189601
11184512
11175704
11171400
11162455
11157485
11148847
11143786
11135497
11130548
11121949
11116955
11108237
11103952
11095163
11090096
11081411
11076075
11067946
11062907
11054237
11049204
11040449
11035947
11027153
11022106
11013493
11008518
11000274
10995102
10986300
10981256
10972611
10968192
10959437
10954367
10945567
10940483
10932256
10927396
10918721
10913830
10905143
10901030
10892271
10887307
10878402
10873331
10865251
10860089
10851204
10846298
10837560
10833161
10824129
10818959
10810260
10805420
10797156
10792124
10777778
10772758
10764005
10759486
10750606
10745648
10736870
10731935
10723573
10718562
10709714
10704667
10695965
10691610
10682739
10677573
10668830
10664091
10655597
10650632
10641846
10636815
10628088
10623808
10614862
10609911
10600957
10595894
10587775
10582769
10573982
10568758
10560012
10555709
10547026
10542298
10533606
10528734
10520592
10515644
10507030
10501951
10493134
10488711
10479925
10474844
10465916
10461014
10452701
10447878
10438971
10433827
10425124
10420660
10411942
10406832
10397939
10392823
10384552
10379661
10370942
10366030
10357182
10352614
10343726
10339020
10330289
10325210
10316852
10311977
10303475
10298524
10289704
10285192
10276303
10271145
10262511
10257630
10249338
10244524
10235854
10230845
10222212
10217913
10209206
10204357
10195579
10190690
10182521
10177405
10168678
10163710
10154977
10150560
10141755
10136471
10127822
10122910
10114634
10109801
10101151
10096243
10087485
10083221
10074539
10069553
10061081
10056443
10048489
10043926
10035371
10030564
10021930
10017635
10008724
10003642
9994873
9989985
9981905
9977001
9968057
9963373
9954832
9950425
9941728
9936784
9927821
9923103
9914971
9910363
9901775
9897047
9888588
9884382
9875781
9870953
9862194
9857459
9849487
9844848
9836270
9831366
9818869
9814632
9805478
9800548
9791698
9786912
9778819
9774110
9765753
9760961
9752240
9747830
9738921
9733964
9725222
9720393
9712546
9707552
9698651
9693664
9684802
9680443
9671578
9666600
9657759
9652743
9644458
9639571
9630677
9625640
9616912
9612406
9603397
9598365
9589836
9584912
9576584
9571743
9563209
9558210
9549682
9545294
9536701
9531516
9522484
9517522
9509412
9504495
9495846
9490902
9482067
9477526
9468665
9463731
9454803
9449857
9441523
9436630
9427919
9423076
9414362
9409869
9401025
9396081
9387464
9382390
9374299
9369261
9360322
9355469
9346970
9342542
9333787
9328705
9319731
9314673
9306391
9301419
9292722
9287931
9279267
9275378
9266558
9261339
9252928
9247979
9239889
9234969
9226089
9220984
9212355
9208030
9199072
9193989
9185316
9180305
9172072
9167398
9158819
9153744
9145120
9140649
9131728
9126719
9117931
9113064
9104767
9099869
9091156
9086122
9077437
9073093
9064396
9059462
9050571
9045578
9037475
9032582
9023833
9018925
9004076
8999038
8990322
8985416
8976497
8971511
8963281
8958256
8949423
8944273
8935348
8930955
8921954
8917125
8908441
8903452
8895246
8890440
8881326
8876396
8867705
8859405
8850311
8845259
8836543
8831541
8823414
8818550
8809923
8805062
8796449
8792087
8783334
8778398
8769539
8764638
8756468
8751534
8742838
8737845
8729070
8724625
8715746
8710869
8701989
8696958
8688652
8683607
8674960
8669979
8661222
8656696
8647567
8642280
8633521
8628579
8620419
8615196
8606394
8601380
8592573
8588080
8579162
8574075
8565435
8560459
8552156
8547306
8538499
8533556
8524951
8520351
8511275
8506250
8497544
8492525
8484274
8479205
8470275
8465346
8456620
8443150
8433864
8428751
8420065
8414856
8406699
8401686
8393118
8388109
8379496
8374705
8365923
8361025
8352282
8347350
8339158
8334043
8325140
8320203
8311477
8307065
8298343
8293137
8284579
8279521
8271359
8266395
8257498
8252500
8243840
8239431
8230476
8225483
8216639
8211621
8203421
8198406
8189499
8184494
8175869
8171291
8162376
8157389
8148534
8143608
8135287
8130272
8121515
8116397
8107585
8103074
8094347
8089166
8080709
8075757
8067547
8062549
8053773
8048517
8039794
8035380
8026562
8021621
8012580
8007635
7999417
7994376
7985752
7980881
7972329
7967981
7959198
7954211
7945461
7940555
7932331
7927278
7918431
7913290
7904510
7900155
7887339
7882069
7873268
7868291
7860494
7855573
7843909
7839019
7830285
7825840
7816856
7811926
7812363
7807785
7799562
7794548
7785786
7780660
7771844
7767382
7758356
7753393
7744778
7739715
7731355
7726283
7717582
7712709
7703940
7699454
7690398
7685418
7676622
7671671
7663384
7658108
7649417
7644408
7635733
7631141
7622325
7617267
7608444
7603533
7595328
7590384
7581810
7576802
7568132
7563650
7554728
7549806
7541131
7536117
7527792
7522652
7513737
7508658
7499965
7495512
7486692
7481908
7473217
7468277
7460006
7455148
7446338
7441563
7433024
7428641
7419828
7414654
7406000
7401019
7392975
7388028
7378936
7373875
7365119
7360716
7352037
7346988
7338232
7333354
7325102
7320156
7311468
7306428
7297735
7293378
7284359
7279275
7270576
7265633
7257910
7252879
7244857
7239746
7231027
7226716
7217904
7213004
7204067
7199095
7190908
7185806
7177245
7171988
7163044
7158684
7149850
7144822
7135953
7131097
7123155
7118202
7109514
7104563
7095759
7091351
7082362
7077330
7068557
7063406
7055186
7050013
7041204
7036183
7027297
7022787
7013803
7008722
6999994
6994898
6986547
6981747
6972743
6967778
6958949
6954514
6945431
6940618
6927990
6922829
6914570
6909582
6901035
6896018
6887302
6882770
6873582
6868632
6859695
6854792
6846550
6841412
6832815
6827705
6818908
6814652
6805499
6800497
6791756
6786737
6778502
6773443
6764683
6759776
6751250
6746747
6737427
6732268
6723504
6718434
6710160
6705133
6696277
6691311
6682345
6678070
6669406
6664269
6655576
6650654
6642179
6637250
6628411
6623439
6614746
6610334
6601509
6596364
6587534
6582450
6574165
6569287
6560419
6555426
6546915
6542399
6533568
6528670
6519909
6514952
6506836
6501856
6493154
6488259
6479774
6475361
6466552
6461622
6453110
6448516
6440483
6435806
6427054
6422143
6413450
6409217
6400469
6395534
6386712
6381796
6373572
6368819
6360217
6355380
6346801
6342644
6333927
6329031
6320590
6315623
6307678
6303132
6294526
6289686
6280809
6276346
6267393
6262413
6253629
6248672
6240588
6235711
6227123
6222378
6213796
6209242
6200070
6194971
6186381
6181496
6173238
6168419
6159908
6154938
6146109
6141595
6132912
6127832
6118828
6113624
6105128
6099949
6091144
6085882
6076992
6072341
6063460
6058622
6049955
6045124
6036802
6031799
6023079
6018173
6009357
6004886
5996216
5991389
5982829
5977971
5965940
5960748
5951790
5946589
5937644
5933268
5924276
5919069
5910213
5905177
5897030
5891883
5882692
5877607
5868391
5863920
5854596
5849100
5840129
5834946
5826518
5821430
5812704
5807686
5799154
5794435
5785346
5780201
5771210
5766261
5758038
5753065
5744249
5739196
5730623
5726267
5717237
5712205
5703444
5698600
5690425
5685512
5676756
5671566
5662828
5658405
5649541
5644276
5635237
5630237
5622209
5617224
5608588
5603588
5594741
5590361
5581461
5576527
5567633
5562481
5554491
5549560
5540997
5536095
5527288
5522932
5513962
5509118
5500537
5495557
5487278
5482469
5473704
5468634
5459769
5455331
5446422
5441253
5432443
5427694
5419368
5414733
5406050
5401109
5392232
5387780
5378852
5373777
5365156
5360061
5351868
5347029
5338206
5333294
5324307
5319817
5311017
5306182
867430
849231
838641
832996
825667
820137
672813
655616
639280
631613
620745
613202
605269
599826
592463
586810
578544
573897
566742
560881
552691
547421
540861
534947
526761
521449
16187059
16183335
16166330
16162482
16155333
16152078
16145479
16142247
16135084
16131681
16124680
16121921
16115002
16111514
16104473
16101054
16090801
16087236
16080428
16076973
16070054
16067202
16060091
16056556
16049527
16046285
16039949
16036655
16029612
16026282
16019266
16016483
16009673
16003066
15995682
15992224
15985915
15982657
15975954
15972677
15965866
15963086
15956342
15952953
15946047
15942672
15936378
15933234
15926362
15923014
15916010
15913094
15906414
15902956
15896145
15892775
15886430
15883254
15876532
15873082
15865919
15862873
15855828
15852584
15845886
15842771
15836594
15833485
15826442
15823035
15816210
15813317
15805223
15801961
15795165
15791884
15785356
15782246
15775585
15772161
15765203
15762234
15755460
15752004
15745017
15741802
15735268
15731868
15724982
15721670
15714844
15711775
15705060
15701688
15694788
15691361
15684922
15681518
15674838
15671457
15664649
15661888
15655111
15651874
15643164
15639702
15633454
15630115
15623206
15619939
15613146
15610362
15603544
15600167
15593395
15589979
15583700
15580460
15573614
15570215
15563498
15554508
15546812
15543186
15536205
15532922
15526662
15523461
15516677
15513524
15506735
15503894
15497159
15492281
15485145
15481757
15475584
15472601
15465866
15462471
15455663
15452867
15446047
15442695
15435740
15432291
15425987
15422655
15415820
15412659
15405728
15401951
15395113
15391857
15384803
15381197
15374960
15370795
15363648
15360200
15352927
15350022
15342963
15339637
15331576
15328191
15321968
15318840
15312000
15308604
15301659
15298037
15291292
15287792
15280783
15277345
15270739
15267400
15259436
15256230
15249388
15246534
15239811
15236319
15229075
15221815
15214187
15208555
15198486
15193433
15184306
15178849
15169880
15164570
15155663
15150762
15142495
15137535
15128686
15123816
15115018
15110475
15102301
15097343
15088593
15083530
15075257
15070531
15061706
15056819
15048037
15043784
15035849
15030958
15022146
15017226
15008924
15004042
14995119
14990396
14981755
14977251
14969322
14964415
14955597
14950735
14942570
14937594
14928793
14924016
14915501
14911237
14903275
14898425
14889730
14884899
14876721
14871890
14863216
14858255
14849536
14845221
14837378
14832388
14823670
14818324
14809702
14804890
14796216
14791355
14782554
14778207
14770488
14765829
14757029
14752208
14744156
14739326
14730504
14725518
14716663
14712373
14704474
14699532
14690720
14686050
14677995
14673217
14664381
14659425
14650608
14646279
14638271
14633419
14624748
14619523
14611310
14601149
14592259
14587241
14578488
14574090
14566282
14561460
14552746
14547500
14539347
14534519
14525282
14520065
14511027
14506746
14498910
14493170
14484073
14479055
14470753
14465724
14456984
14452001
14443115
14438653
14430693
14425828
14417103
14412323
14404174
14399573
14390667
14385817
14377006
14372552
14364502
14359610
14350993
14346041
14337939
14333129
14324474
14319614
14311036
14306541
14298677
14293871
14284636
14279947
14271684
14266813
14257999
14253153
14244461
14240143
14232268
14227364
14218683
14213777
14205539
14200643
14191874
14187039
14178182
14173793
14165720
14160497
14151849
14146936
14138588
14133716
14125029
14120302
14111655
14107569
14099685
14094558
14085701
14080686
14072518
14067749
14059146
14053973
14045251
14040887
14033041
14028073
14019289
14014497
14006381
14001526
13992648
13987652
13978840
13974643
13966986
13962056
13953370
13948245
13940057
13935249
13926575
13921497
13912863
13908523
13900709
13895709
13887078
13882136
13874028
13869152
13860359
13855542
13846708
13842367
13834607
13829689
13820929
13815812
13807691
13802790
13794149
13789370
13780471
13775943
13768047
13763326
13754562
13749792
13741569
13736640
13727859
13722861
13713857
13709519
13701635
13696826
13688158
13683365
13675299
13670618
13661887
13657074
13642918
13637774
13629228
13624367
13615362
13610274
13602072
13597186
13588377
13583201
13574015
13569619
13561705
13556718
13547866
13543000
13534696
13529816
13521162
13516298
13507680
13503283
13493970
13489099
13480608
13475594
13467157
13461910
13453050
13448158
13439426
13434944
13425452
13420405
13411858
13400518
13391778
13386892
13378095
13373154
13364393
13359964
13351559
13346515
13337615
13332540
13324172
13319280
13310623
13305568
13296863
13292585
13284482
13279553
13270825
13265802
13257662
13252835
13244137
13239139
13230226
13225820
13217937
13212882
13204168
13199401
13191533
13186753
13177928
13172910
13164201
13159938
13152174
13147223
13138512
13133444
13125305
13120738
13112004
13106999
13098202
13093895
13086059
13081062
13072536
13067577
13059572
13054527
13045599
13040562
13031478
13027009
13017535
13012762
13004151
12998902
12990708
12985869
12977227
12972275
12963659
12959417
12951408
12946244
12937545
12932710
12924501
12919545
12910879
12905978
12897285
12892910
12884957
12880093
12871557
12866828
12858621
12853903
12845205
12840309
12831476
12826991
12819045
12814030
12805373
12800579
12792386
12787540
12778811
12773962
12765204
12760848
12752991
12748279
12739642
12734787
12726563
12721601
12712899
12707872
12699253
12690548
12680899
12675748
12667014
12662002
12653678
12648618
12639783
12634994
12626265
12621674
12612535
12606632
12596193
12589428
12580801
12575817
12566578
12561689
12552341
12547945
12539789
12534502
12525809
12520993
12512924
12507766
12498873
12493960
12485372
12480647
12471047
12465759
12456806
12451302
12442322
12436995
12427853
12422467
12413368
12408924
12401188
12396189
12387237
12382189
12373864
12368972
12360133
12354863
12346062
12341655
12333870
12329016
12320146
12315101
12307125
12302241
12293314
12287966
12278778
12274265
12264885
12259538
12250349
12245200
12236719
12231882
12225059
12220262
12211482
12206995
12198717
12193577
12184717
12179653
12171302
12166387
12157525
12152469
12143598
12139076
12131228
12126195
12117522
12112199
12103275
12098026
12089054
12084144
12075366
12070974
12063071
12057995
12049437
12044385
12035962
12031055
12022207
12016808
12007641
12003155
11994511
11989568
11981021
11976264
11968051
11963118
11953597
11948269
11939557
11934913
11925705
11920576
11911642
11906645
11898404
11893420
11884472
11879661
11870770
11866157
11858166
11852998
11843992
11838543
11830287
11825297
11816338
11811271
11802465
11798015
11789969
11784920
11775810
11770513
11762312
11757020
11748106
11742888
11728470
11722963
11714891
11709703
11700810
11695915
11687658
11682580
11673779
11668483
11659561
11655051
11647105
11633201
11624297
11619181
11610861
11605875
11597133
11592426
11583404
11578819
11569135
11564112
11555377
11550467
11542295
11537200
11528385
11523313
11514540
11510165
11502299
11497425
11488245
11483043
11474863
11469838
11460990
11456147
11447068
11442678
11434629
11429562
11420674
11415869
11407533
11402557
11393414
11388475
11379683
11375356
11367760
11362432
11353218
11348442
11340231
11335373
11326573
11320636
11310171
11305102
11295017
11289840
11280756
11275776
11267525
11262673
11253951
11248900
11240186
11235959
11228129
11222639
11213767
11208845
11200747
11195529
11186966
11181956
11173312
11169090
11161224
11156417
11147680
11142559
11134159
11129159
11120413
11115525
11106789
11102359
11094419
11089299
11080658
11075559
11067432
11062552
11053629
11048644
11039869
11035318
11027434
11022508
11013734
11008699
11000403
10995677
10986906
10981947
10973355
10968723
10960882
10955507
10946505
10942215
10935609
10932581
10925369
10921979
10914582
10911708
10904533
10900625
10893525
10888755
10882033
10878646
10871924
10868583
10861897
10859052
10851056
10847528
10840415
10836992
10830541
10827055
10820200
10815995
10808762
10806066
10798871
10795299
10788686
10778138
10770756
10767361
10760350
10756866
10750013
10747060
10739920
10736555
10729639
10723879
10716806
10713060
10705664
10702092
10694864
10692087
10685304
10680724
10673732
10670227
10663900
10660804
10653761
10650410
10643488
10640496
10633683
10630197
10623374
10620067
10613658
10610354
10603279
10599962
10593022
10590004
10582730
10579157
10571815
10568523
10562220
10558992
10552070
10548669
10541757
10537412
10530528
10527204
10520309
10516924
10510611
10507343
10500592
10497320
10490389
10487695
10480717
10477368
10470187
10466958
10460622
10457165
10450389
10447013
10440218
10437384
10430643
10427279
10420345
10417049
10410633
10407335
10400493
10396970
10389921
10387216
10380450
10375894
10368993
10365570
10359191
10355967
10349134
10345901
10339100
10336298
10329739
10326558
10319673
10316388
10309950
10306779
10299728
10296276
10289521
10286776
10279948
10276566
10269762
10266398
10259993
10256501
10249683
10246431
10239625
10241176
10234287
10229570
10222603
10219338
10213105
10209690
10202774
10199481
10192807
10190030
10183120
10179657
10172888
10169604
10163350
10160116
10153104
10149738
10142857
10140020
10133293
10129893
10123109
10119642
10113363
10109910
10103092
10099864
10092959
10090332
10083592
10080139
10073186
10069943
10063742
10060488
10052309
10048889
10042168
10039442
10032820
10029448
10022716
10019357
10013076
10009852
10003086
9999736
9992935
9990123
9983325
9979776
9972817
9969399
9963259
9960120
9953300
9949754
9942536
9939679
9932873
9929373
9922276
9918780
9912416
9908979
9901997
9898594
9891870
9889171
9882126
9878729
9870453
9867102
9860837
9857490
9850565
9847119
9834358
9831212
9824351
9821012
9814257
9810787
9804679
9801442
9794515
9791306
9779816
9776848
9769974
9766592
9759637
9756175
9749727
9746455
9739630
9736310
9729503
9726540
9719730
9716474
9709435
9706041
9699631
9696241
9689365
9684282
9676998
9674171
9667126
9663812
9656883
9653533
9647193
9643965
9637046
9633536
9626451
9623598
9616870
9613332
9606370
9602929
9596778
9593355
9586239
9582850
9576162
9573512
9566695
9563324
9556575
9552816
9546372
9543197
9536749
9533255
9524941
9522117
9515332
9512167
9505238
9501951
9495500
9492148
9485147
9481891
9475124
9472250
9465445
9462110
9455212
9451853
9438678
9432877
9422407
9417034
9406039
9401735
9390543
9381796
9372821
9369443
9363104
9359780
9352851
9349464
9342615
9338922
9331959
9328573
9321658
9318203
9311887
9307760
9300602
9296849
9289802
9287051
9280138
9276841
9269021
9265523
9259293
9256094
9249307
9245682
9238557
9235046
9227959
9224661
9217592
9214141
9207715
9203466
9196120
9192339
9185252
9182419
9175720
9172411
9163869
9157816
9150195
9145185
9136317
9131579
9122843
9118384
9110362
9105484
9097026
9092053
9083796
9078849
9070268
9065438
9056759
9052266
9044144
9039334
9030656
9025898
9017862
9012998
9004380
8999494
8990433
8986227
8978302
8973571
8964909
8960072
8952020
8947128
8938503
8933652
8925000
8920580
8912419
8907592
8898818
8887992
8878714
8873467
8864410
8859601
8850822
8846592
8838629
8833854
8825083
8820316
8812203
8807455
8798799
8793841
8785255
8780941
8773249
8768300
8759697
8754990
8746822
8742051
8733387
8728602
8719796
8715419
8707505
8702631
8693839
8689019
8680928
8676099
8667522
8662633
8654024
8649865
8641812
8636930
8628131
8623146
8615095
8610399
8601481
8596553
8587723
8583524
8575658
8570890
8562053
8556972
8548783
8543769
8535177
8530243
8521556
8517398
8509526
8504655
8495988
8491296
8483195
8478390
8469612
8464814
8456121
8451785
8443925
8439138
8430488
8426028
8417760
8412861
8404111
8399169
8390505
8386101
8378441
8373560
8364885
8359828
8351976
8347321
8338289
8333519
8324819
8320350
8312538
8307649
8299012
8294296
8286032
8281148
8272309
8267411
8258633
8254246
8246244
8241354
8232576
8227676
8219066
8214068
8205075
8200230
8191435
8187228
8179327
8174195
8165557
8160802
8152585
8147530
8138789
8133841
8125278
8120934
8113042
8108306
8099681
8094659
8086573
8081667
8072950
8068201
8059446
8055250
8047233
8042253
8033769
8028948
8020770
8016035
8007201
8002455
7993543
7989264
7981461
7976238
7967591
7962790
7954609
7949509
7940880
7930981
7921956
7917221
7909268
7904441
7895728
7891001
7882876
7878100
7869447
7864418
7855782
7851669
7843930
7838992
7830280
7825262
7817332
7812462
7803736
7798846
7790224
7786127
7778268
7773558
7764854
7759994
7751686
7747038
7738492
7733603
7725020
7720965
7712954
7708100
7699305
7694011
7685722
7680778
7672079
7667228
7658450
7654112
7646183
7641309
7632819
7627887
7619868
7615069
7606501
7601640
7593042
7588841
7581218
7576329
7567322
7562379
7554068
7549236
7540631
7535925
7527213
7522860
7514909
7510066
7501461
7496586
7488526
7483587
7474618
7469738
7461242
7456841
7449010
7444112
7435499
7430382
7422252
7417381
7408606
7403595
7395190
7390812
7382942
7378080
7369541
7364654
7356739
7351997
7343412
7338600
7330100
7325541
7317777
7312807
7304018
7299162
7291127
7286222
7277460
7272820
7264309
7260056
7251967
7247004
7238484
7233838
7225809
7221017
7212234
7207295
7198756
7194247
7186502
7181573
7172834
7168164
7160139
7155399
7146724
7141853
7121079
7118063
7109715
7104026
7096235
7091179
7084371
7079451
7070567
7065614
7057620
7053149
7045011
7040122
7032055
7027304
7018906
7013950
7005125
6991378
6977512
6972439
6962820
6957725
6948947
6944281
6936105
6931034
6922273
6917079
6908381
6904007
6895294
6889914
6880984
6875866
6867550
6862405
6853567
6848685
6840224
6835897
6827209
6822332
6813582
6808759
6800684
6795720
6787124
6782046
6773274
6769064
6760374
6755452
6746663
6741580
6733630
6728976
6720285
6715398
6706720
6702470
6693638
6688931
6680364
6680102
6672018
6667183
6658484
6653670
6644870
6640466
6631514
6626781
6618230
6613447
6605297
6600433
6591617
6586686
6578184
6573774
6565135
6560185
6551528
6546474
6538350
6533439
6524881
6520070
6511425
6507281
6498592
6493877
6485199
6480467
6472179
6467325
6458587
6453573
6445149
6440763
6432070
6427173
6418527
6413693
6405683
6400798
6392017
6386571
6377017
6372686
6363837
6358807
6350261
6345308
6336918
6332216
6323034
6317570
6308807
6304255
6295321
6290137
6281175
6276379
6268190
6262932
6253921
6248634
6239451
6234759
6225670
6220493
6211460
6206245
6197192
6191224
6182324
6176861
6167703
6162739
6153895
6148935
6139751
6134648
6126511
6121730
6112893
6107532
6098559
6093976
6085976
6082382
6075420
6071811
6065331
6062054
6054846
6050793
6043670
6039687
6027405
6023430
6016255
6012105
6004956
6000905
5993601
5989418
5981868
5978475
5969808
5965921
5958818
5954748
5947812
5944098
5936783
5931898
5924051
5920603
5913208
5909695
5903088
5899550
5893047
5888852
5881520
5878041
5870895
5867849
5861504
5857007
5849650
5846155
5839096
5835631
5828648
5825151
5818134
5815290
5808697
5805107
5798175
5794843
5788021
5784568
5777478
5773142
5765773
5762827
5755630
5752106
5744629
5740894
5734321
5730507
5723517
5720037
5712918
5710167
5703298
5699845
5693128
5689740
5683184
5679775
5672468
5668856
5661934
5658848
5652007
5648056
5641167
5637549
5631016
5627720
5620581
5617226
5610354
5606366
5599365
5595961
5588992
5585806
5579546
5576325
5569649
5566399
5559501
5556716
5550046
5546880
5540003
5536466
5529968
5526742
5519573
5515997
5508807
5505876
5499246
5495950
5488861
5485310
5478829
5475740
5469065
5465790
5458849
5454810
5447760
5444516
5437567
5434368
5427855
5424791
5417889
5414429
5407415
5404445
5397531
5393887
5387202
5383695
5377485
5374161
5367165
5363864
5356429
5353313
5346587
5343326
5336485
5333222
5326957
5323850
5317146
5313652
5306695
5303798
5296891
5291539
5284303
5280901
5274391
5271147
5264333
5260996
5254260
5251294
5244579
5241351
5234776
5231366
5224881
5221533
5214647
5211382
5204570
5201759
5195001
5191756
5185051
5181542
5175338
5172068
5165145
5161647
5154602
5151667
5144965
5141888
5134957
5131545
5124940
5121464
5114284
5109856
5102857
5100213
5093465
5083999
5076422
5072955
5066582
5063390
5056692
5053383
5046244
5043523
5036637
5032776
5026072
5022635
5016415
5013311
5006354
5003112
4996433
4993826
4987115
4983826
4976900
4973600
4967406
4964026
4957134
4953670
4946738
4943857
4937166
4933695
4926801
4923185
4916528
4913282
4906256
4902881
4894172
4891216
4884346
4881018
4873957
4870255
4863862
4860512
4853777
4850181
4842978
4840168
4833306
4830099
4823123
4820059
4813532
4810300
4803270
4799780
4792642
4789872
4782859
4779255
4772239
4768818
4762369
4759053
4752227
4748969
4742024
4739261
4732697
4728399
4721498
4718279
4711883
4708703
4701759
4698357
4691398
4688680
4681860
4678283
4671425
4668112
4661699
4658558
4651716
4648468
4641719
4638892
4632152
4628933
4621785
4618674
4612099
4608809
4602014
4598884
4591940
4587993
4580955
4577586
4570764
4567508
4560858
4557624
4550890
4547524
4540653
4537915
4531167
4527824
4520659
4516271
4509727
4506122
4499099
4495805
4489008
4485306
4478283
4475048
4468163
4464737
4458265
4454871
4446513
4443247
4436143
4433219
4426281
4422989
4416024
4411759
4405225
4401885
4394874
4391345
4384382
4380669
4373887
4370342
4363164
4359934
4353735
4347825
4339743
4334872
4326286
4321995
4313221
4308480
4299583
4294673
4286416
4281649
4272812
4267893
4259281
4255023
4246380
4241459
4232588
4227797
4219588
4214770
4206007
4200992
4192086
4187758
4178873
4174140
4165443
4160484
4152555
4147786
4135364
4129660
4121320
4117036
4108128
4103283
4094432
4089411
4081092
4076136
4067320
4062539
4053680
4049169
4040323
4035280
4026602
4021514
4013354
4008457
3999942
3995075
3986485
3981885
3972724
3967614
3959135
3954148
3945781
3940805
3931739
3926539
3917653
3913093
3904480
3899601
3890962
3885799
3877820
3872747
3863932
3858893
3850164
3845524
3836846
3832165
3823426
3818293
3810053
3805047
3796140
3791211
3782501
3778248
3769450
3764280
3755572
3750390
3742187
3737493
3728725
3723695
3714983
3710602
3701807
3696776
3688241
3683212
3674962
3670080
3661097
3655765
3646984
3642558
3633623
3628482
3619733
3614544
3606202
3601269
3592292
3587095
3578406
3573747
3564891
3559835
3546268
3540966
3532701
3527692
3518824
3513713
3504825
3500207
3491495
3486374
3477531
3472514
3464292
3459072
3450104
3444897
3436094
3431558
3422976
3418112
3409470
3404420
3396377
3391655
3382960
3378046
3369228
3364871
3356082
3351140
3342402
3337361
3329171
3324175
3315394
3310451
3301575
3297075
3288098
3283068
3274175
3269029
3260622
3255642
3246853
3241725
3233044
3228634
3219852
3215037
3206457
3201631
3193464
3188691
3180181
3175261
3162307
3157458
3148669
3143737
3135066
3130138
3121818
3116694
3107813
3102733
3093829
3089271
3080240
3075465
3066570
3061563
3053178
3048203
3039596
3034640
3026040
3021521
3012774
3007804
2999186
2994159
2985853
2980808
2971821
2966903
2958302
2953915
2945035
2939872
2931069
2926044
2917680
2912781
2903789
2898809
2889952
2885469
2876603
2871528
2862807
2857875
2849816
2844952
2836115
2831031
2822387
2818294
2809536
2804505
2795563
2790696
2782467
2777578
2768653
2763654
2754971
2750505
2741748
2736871
2728118
2723247
2715011
2710169
2701642
2696639
2687859
2683486
2674659
2669637
2660891
2655971
2647808
2642891
2634059
2629099
2620450
2616094
2607456
2602460
2593542
2588240
2580021
2568496
2559478
2554519
2545906
2541600
2532660
2527662
2518860
2514003
2505661
2500806
2491813
2486645
2477891
2473573
2464534
2459231
2450201
2445071
2436822
2431928
2423156
2418128
2409267
2404947
2396270
2391127
2382363
2377198
2369081
2364269
2355415
2350468
2341652
2336986
2328110
2322988
2314026
2308876
2300605
2295612
2286763
2281800
2272915
2268435
2259749
2254881
2246262
2241426
2233195
2228068
2219176
2214344
2205372
2196754
2188347
2182922
2174792
2169692
2161878
2156822
2147897
2142743
2133784
2129176
2120249
2115257
2106510
2101586
2093302
2088189
2079474
2074483
2065509
2060962
2051810
2046705
2038116
2033161
2024852
2019610
2010858
2005703
1996538
1991965
1983143
1977998
1969131
1964237
1956170
1951342
1942435
1937477
1928751
1924446
1915790
1910849
1902280
1897379
1889261
1884465
1875365
1870498
1861677
1857363
1848517
1843388
1834536
1829474
1821237
1816352
1807350
1801909
1793153
1789031
1780043
1775184
1766248
1761324
1753074
1748135
1739306
1734145
1725127
1720605
1711511
1706506
1697651
1692842
1684582
1679611
1670829
1665816
1656822
1652308
1643271
1638344
1629549
1624340
1616029
1610834
1602088
1597070
1588356
1583944
1574734
1569778
1561036
1556028
1547722
1542610
1533879
1529091
1520139
1515458
1506356
1501442
1492644
1487585
1479339
1474353
1465413
1460286
1451514
1446998
1437793
1432755
1424231
1419013
1410707
1405932
1397273
1392381
1383381
1378755
1370551
1365470
1356408
1350904
1342605
1336888
1328053
1323032
1314313
1309761
1300921
1295978
1286979
1282019
1273971
1269078
1260159
1255255
1246399
1241845
1232929
1224316
1215896
1210640
1202909
1197909
1189263
1184250
1175619
1171013
1161977
1156853
1148212
1143229
1135245
1130267
1121369
1116277
1107307
1102894
1094004
1088812
1079846
1074417
1065845
1060873
1052041
1047004
1038233
1033641
1024495
1019450
1010565
1005611
997396
991986
982911
977746
968806
964388
955194
950009
941111
16138121
16100766
16089683
16082648
16079358
16072880
16070558
16064129
16061202
16054826
16051618
16045734
16042980
16036515
16033478
16027030
16024624
16018116
16013902
16007288
16004423
15998480
15995143
15985497
15980519
15969582
15966657
15960066
15957050
15950572
15947595
15941844
15939128
15932633
15929587
15923151
15920903
15914592
15911801
15905376
15902532
15896574
15893833
15887497
15884409
15877971
15875749
15869500
15866698
15860528
15857837
15852116
15849322
15842815
15839921
15833582
15829568
15822900
15820140
15808773
15805606
15799791
15797030
15790730
15787872
15781484
15779265
15772979
15770190
15763932
15761242
15755549
15752891
15746575
15743696
15737571
15730100
15723320
15720400
15714022
15711171
15705299
15702613
15696339
15693441
15687250
15684970
15678923
15676185
15669972
15665601
15659469
15656760
15650276
15647486
15641173
15639045
15632644
15629846
15623725
15620622
15614854
15612131
15605898
15602974
15596758
15594555
15588353
15585573
15579392
15576791
15571027
15568330
15561782
15558960
15552780
15550645
15544297
15541662
15535218
15530577
15524490
15521255
15514746
15511714
15505522
15503194
15496921
15493723
15487202
15484331
15478344
15475618
15468870
15466228
15459846
15457249
15450514
15447239
15440797
15436582
15429539
15426362
15419341
15415385
15408649
15405945
15399456
15395134
15387991
15385050
15379131
15376432
15370018
15366965
15360645
15357560
15351108
15348222
15341820
15338900
15333060
15330232
15323888
15321036
15314671
15312439
15306288
15303491
15297192
15294542
15288742
15286059
15279622
15276846
15270638
15268653
15262283
15259548
15253278
15250444
15244801
15242105
15236099
15233221
15226846
15224657
15218486
15215694
15209481
15206727
15201027
15198380
15191995
15189251
15181481
15178991
15172774
15169949
15163682
15160853
15155145
15152461
15146262
15143439
15137107
15134592
15128421
15125731
15119471
15116742
15111009
15108284
15101982
15099191
15092930
15090680
15084261
15081534
15075142
15072320
15066368
15063772
15057466
15054572
15047891
15045528
15039281
15036532
15030206
15027465
15021631
15018893
15011576
15008502
15002126
14999915
14993702
14990832
14984622
14981711
14976012
14973268
14966836
14964083
14957838
14955491
14949379
14946537
14940182
14937407
14931813
14929206
14922931
14920140
14914049
14911837
14905553
14902837
14896548
14893792
14888076
14885483
14879194
14876399
14870075
14867919
14861904
14859061
14852922
14850050
14844112
14841411
14833821
14830795
14824568
14822307
14816199
14813349
14806991
14804073
14794033
14790667
14784182
14781242
14774901
14772685
14766445
14763579
14757219
14754454
14748701
14746039
14739782
14737024
14730859
14728605
14722243
14719444
14712754
14709863
14704007
14701293
14695045
14692162
14685927
14683672
14677292
14674334
14668127
14665322
14659568
14655405
14648831
14646218
14639649
14637356
14631067
14628356
14622106
14619317
14613588
14610733
14604459
14601519
14595205
14592884
14586688
14583962
14577626
14574975
14569194
14566539
14560223
14557423
14551254
14549196
14542912
14540184
14533959
14531122
14525391
14522784
14516500
14513577
14507401
14505120
14498904
14494929
14488437
14485516
14479667
14476977
14470020
14467185
14460886
14458709
14452359
14449529
14443106
14440120
14434307
14431639
14425339
14422536
14416200
14413933
14407833
14404968
14398798
14395948
14390143
14387535
14381204
14378462
14371798
14369641
14363427
14358262
14351537
14348509
14342595
14339963
14333619
14330639
14324347
14322120
14315921
14313071
14306673
14303636
14297780
14294939
14288517
14284654
14278185
14275924
14269424
14266554
14260335
14256056
14249756
14246823
14240418
14237356
14230987
14227815
14221349
14218322
14211926
14209016
14203272
14200420
14193057
14190113
14183460
14181044
14174749
14171906
14165527
14161723
14155642
14152782
14146498
14143458
14137082
14134638
14128413
14120410
14111747
14107129
14100965
14091496
14083842
14079263
14072681
14069512
14060489
14055458
14038647
14033358
14027211
14023497
14015113
14010518
13996528
13992124
13985414
13981553
13973056
13968381
13960479
13955956
13949296
13944254
13936921
13933092
13925626
13921119
13913375
13908965
13902045
13897655
13890284
13885194
13877826
13873972
13866372
13861767
13854209
13846138
13837015
13832412
13824495
13820139
13811313
13807439
13800189
13795642
13788332
13783803
13777161
13772703
13764824
13760176
13752714
13748642
13741379
13736827
13729027
13724551
13717409
13712994
13704076
13699531
13691886
13688005
13673280
13668646
13661193
13656724
13648536
13644011
13636501
13631941
13624216
13620352
13613069
13608645
13600113
13595630
13588499
13584048
13576642
13572248
13563536
13559570
13552446
13547934
13540499
13535907
13527644
13523153
13514426
13509952
13502268
13498174
13490930
13486426
13479068
13474596
13467327
13462673
13453776
13449290
13440289
13436299
13429058
13424628
13415999
13411336
13403192
13398795
13391456
13387046
13378173
13374109
13366780
13362513
13355108
13350633
13342479
13337935
13330542
13326138
13318891
13315048
13307515
13302921
13295574
13291808
13285752
13282772
13276267
13273500
13267204
13264849
13258629
13255686
13249358
13245557
13239490
13236636
13230060
13227128
13220714
13218336
13212155
13208260
13201657
13198503
13192739
13189997
13183520
13180595
13174242
13170883
13164198
13161237
13154776
13151914
13146155
13143483
13135478
13132430
13125847
13123414
13117064
13114217
13107851
13104069
13098163
13095373
13089009
13085966
13079435
13077074
13070763
13067030
13060471
13057381
13051659
13048967
13042583
13039759
13033230
13031057
13024723
13021943
13015621
13012676
13007010
13004213
12998019
12995201
12988983
12986692
12980489
12977604
12971144
12968308
12962540
12959866
12953395
12950692
12944234
12942066
12935864
12933053
12926891
12924003
12918249
12915356
12909011
12903879
12893197
12890465
12884021
12881183
12874718
12871850
12865970
12863204
12856763
12853804
12847393
12845037
12838700
12835879
12829494
12826573
12820782
12818078
12811793
12808876
12802456
12800219
12794017
12791267
12784773
12782035
12776211
12773356
12767077
12764268
12758032
12755690
12749366
12744953
12738173
12735239
12729550
12726735
12720481
12717681
12711302
12708988
12702826
12700076
12693384
12690557
12684717
12682095
12675791
12673072
12666796
12664640
12658440
12655667
12649279
12646441
12640560
12637836
12631454
12628458
12622069
12619684
12613497
12610588
12604208
12599638
12593318
12590600
12584124
12581265
12574853
12572497
12566338
12563352
12557007
12554180
12548337
12545444
12539109
12536369
12530233
12527906
12521699
12518845
12512409
12509554
12503568
12500843
12494510
12491711
12485476
12483278
12476991
12474219
12467941
12465117
12459254
12456584
12450307
12447546
12441222
12438945
12432785
12428783
12422054
12419100
12413234
12410428
12403951
12401226
12394894
12392658
12386435
12383494
12377220
12374261
12368492
12365635
12359333
12356562
12350317
12347892
12341716
12339157
12332802
12330061
12324316
12321669
12315243
12312461
12306259
12304022
12297793
12294932
12288619
12285824
12280089
12277207
12270790
12267919
12261529
12259236
12251840
12248999
12242664
12239901
12233981
12231266
12224930
12222163
12215746
12213640
12207289
12204279
12198004
12195087
12189406
12186599
12180307
12177506
12171049
12168922
12162754
12160011
12153841
12151079
12145278
12142383
12136056
12133286
12127067
12124830
12118613
12115808
12109407
12106441
12100770
12097646
12091194
12088441
12082153
12079813
12073556
12069587
12062936
12060027
12054145
12051336
12044975
12042270
12036101
12033926
12027762
12025039
12018687
12015763
12010000
12007115
12000775
11997913
11991646
11989328
11983077
11980342
11974019
11971337
11965595
11962834
11956598
11949818
11942786
11940468
11934238
11929959
11923415
11920513
11914726
11911988
11905747
11902885
11896524
11894182
11887800
11884624
11878256
11875308
11869276
11866568
11860181
11857347
11851091
11848934
11842573
11839646
11833365
11830545
11824553
11821878
11815552
11812894
11806739
11804369
11798145
11795366
11787703
11784849
11779089
11776336
11769910
11767035
11759182
11756764
11750464
11747496
11740748
11737845
11732038
11728233
11721607
11718718
11712443
11710005
11703723
11699916
11693305
11690453
11684431
11681630
11675168
11671483
11664935
11662726
11656416
11653456
11647091
11643282
11637286
11634398
11628006
11625164
11618799
11616481
11609362
11603673
11595698
11591070
11584276
11579914
11571874
11567403
11559763
11555901
11548539
11544140
11536568
11531886
11523962
11519602
11512323
11507858
11500437
11496360
11489077
11484678
11475929
11471475
11463495
11459217
11451474
11447006
11439731
11436025
11428878
11424343
11415836
11411283
11404459
11400057
11392464
11387979
11379260
11375262
11368080
11363666
11356105
11351672
11345033
11340730
11332943
11328563
11319920
11316061
11308748
11304383
11296676
11292006
11284719
11280371
11273010
11268580
11261126
11257183
11249975
11245523
11238084
11233635
11226614
11222253
11213465
11209091
11201646
11197757
11190305
11186035
11178682
11174097
11167123
11162774
11155532
11151084
11143754
11139828
11132525
11128166
11120756
11116299
11109190
11104968
11097511
11093149
11085796
11082002
11074624
11070153
11061493
11056881
11049833
11045087
11037980
11033615
11026299
11026805
11019558
11015097
11007770
10999898
10991714
10987253
10979694
10975237
10966265
10962436
10955124
10950634
10943340
10938679
10931472
10926977
10919236
10914813
10906179
10902409
10895071
10890604
10882020
10877559
10870825
10866572
10858615
10854117
10846222
10842282
10834890
10830368
10821694
10817069
10808830
10804360
10796861
10792423
10785101
10781094
10773843
10769390
10761660
10757139
10750320
10745912
10738535
10733993
10726682
10722878
10715648
10711209
10702661
10698044
10691302
10686767
10674676
10669741
10661017
10657147
10649856
10645485
10638055
10633684
10626997
10622760
10615348
10610793
10603362
10599548
10592348
10588079
10580771
10576308
10568089
10563623
10556309
10551715
10544350
10540630
10533414
10529117
10520405
10515886
10508647
10504418
10496642
10492323
10484637
10480639
10473413
10469068
10461753
10457257
10449999
10445664
10438434
10433992
10425281
10421388
10414096
10409804
10402037
10397595
10389458
10385085
10377803
10373458
10366250
10362414
10355109
10350753
10343422
10339002
10330767
10326161
10318271
10313935
10306541
10302549
10295094
10290570
10281801
10277270
10269151
10264662
10256972
10252559
10245299
10241546
10234101
10229579
10220853
10216400
10209723
10205347
10197750
10193311
10185591
10181732
10174527
10170161
10162663
10158292
10151539
10147335
10139913
10135343
10127946
10124050
10116748
10112316
10104634
10100321
10092144
10087658
10080078
10075564
10066724
10063006
10055389
10051059
10039534
10034474
10027564
10023170
10015715
10010987
10003342
9999572
9992030
9987551
9978907
9974443
9967614
9963308
9956029
9951520
9943835
9939987
9932707
9928381
9920999
9916437
9909795
9905444
9896641
9892144
9883263
9879337
9872127
9867505
9859845
9855370
9848255
9843726
9836315
9831901
9824485
9820555
9813378
9808742
9800091
9795697
9787662
9783360
9774556
9770260
9762515
9758676
9751327
9746938
9738188
9733763
9726817
9722352
9714886
9706237
9697876
9693832
9686404
9681990
9674662
9670019
9661875
9657614
9650231
9645729
9638154
9634290
9627009
9622679
9614051
9609677
9602522
9598170
9590830
9586420
9578627
9574766
9567439
9562892
9555314
9550896
9542760
9538276
9530477
9526043
9518361
9514236
9506927
9502640
9494944
9490646
9482543
9478198
9470668
9466264
9458488
9454710
9447299
9442911
9435406
9430799
9423624
9419216
9410463
9405977
9398115
9394247
9387007
9382511
9375274
9370834
9362831
9358403
9349770
9345234
9336501
9332798
9325434
9320763
9312091
9307667
9300428
9296141
9288758
9284278
9276883
9273129
9265642
9261088
9252523
9248124
9240103
9235858
9228132
9223555
9214812
9210930
9203314
9198841
9190071
9185566
9178384
9174009
9166234
9161648
9152940
9149076
9141798
9137435
9129774
9125374
9118207
9113691
9106232
9101786
9092867
9089027
9076720
9072063
9064348
9059792
9051610
9047362
9038612
9034121
9025365
9021285
9013891
9009455
9001773
8997319
8989050
8984750
8976035
8971505
8963745
8959926
8952679
8948272
8940922
8936477
8928307
8924089
8916664
8912279
8904868
8900904
8893587
8889285
8880548
8876180
8868123
8863721
8856359
8851792
8843131
8839234
8831760
8827343
8818730
8814238
8806007
8801611
8794351
8789991
8782750
8778847
8771545
8767141
8758328
8753858
8745683
8741392
8733959
8729499
8721891
8717994
8710707
8706239
8697507
8693129
8686257
8681902
8674320
8669734
8661117
8657285
8650026
8645399
8637817
8633525
8625340
8620840
8611892
8607273
8598472
8594229
8586743
8582166
8573497
8568699
8561524
8556775
8547771
8543299
8536113
8532228
8525068
8520532
8511728
8508076
8502035
8499326
8492925
8489865
8483197
8480801
8474231
8470461
8463637
8460447
8454100
8451330
8444731
8441633
8435111
8431844
8425486
8422631
8416277
8413230
8407381
8404651
8398295
8395466
8389069
8385768
8379153
8376002
8369444
8366343
8360435
8357589
8351208
8348139
8341651
8339320
8332790
8329932
8323597
8320745
8315041
8312311
8305865
8303135
8296688
8294365
8287706
8284809
8277144
8273876
8267915
8265080
8258751
8255808
8249380
8246990
8240549
8237811
8231444
8228710
8222821
8220152
8213603
8210697
8204341
8201880
8195424
8192690
8186412
8183634
8177715
8175058
8168695
8165851
8159527
8157289
8150913
8147938
8141625
8138773
8132977
8124717
8117807
8114714
8108184
8105920
8099610
8096472
8090085
8087097
8081246
8078556
8072276
8069337
8063017
8060824
8054547
8051783
8045268
8042355
8036542
8033799
8027326
8024452
8018126
8015934
8009454
8006509
8000264
7997328
7991643
7988982
7982670
7979820
7973555
7970163
7963822
7960927
7954552
7951650
7945860
7943222
7937014
7934145
7927980
7925492
7918988
7916109
7909606
7906705
7900811
7897817
7891338
7888313
7881978
7879692
7873313
7870544
7864278
7861480
7855754
7853075
7846628
7843745
7837414
7835264
7828850
7826062
7819767
7816915
7811058
7808241
7801629
7798736
7791197
7788778
7782432
7779521
7773034
7770068
7764110
7761434
7755122
7752267
7745934
7743610
7737276
7734561
7728183
7725414
7719548
7716742
7710498
7707371
7701180
7698918
7692789
7690003
7683618
7680686
7674961
7672300
7665947
7663138
7656729
7654542
7648257
7645505
7639302
7636474
7630779
7627874
7621497
7618644
7612203
7608890
7602293
7599389
7593044
7590326
7584521
7581861
7575443
7572571
7566125
7563945
7557653
7554819
7548148
7545195
7539405
7536697
7530321
7527401
7521158
7518710
7512598
7509745
7503450
7500696
7494665
7491901
7485430
7482616
7476148
7473620
7467277
7464080
7457489
7454615
7448668
7445973
7439618
7436617
7430296
7427094
7420570
7417394
7411041
7408139
7402021
7399011
7392591
7389664
7383316
7381113
7374829
7372040
7365816
7362985
7357146
7354437
7348144
7345145
7338745
7336435
7330141
7327261
7321008
7318174
7312325
7309729
7303297
7300460
7294120
7291850
7285638
7282843
7274469
7271499
7265524
7262808
7256437
7253544
7247190
7244614
7238451
7235589
7228873
7225869
7220050
7217342
7210957
7208281
7201801
7199463
7192967
7190030
7179838
7176474
7170251
7167543
7161170
7158197
7151666
7149437
7143135
7140310
7133984
7129896
7123831
7120874
7114450
7111576
7105116
7102852
7096411
7093378
7087067
7084158
7077222
7074364
7067947
7064705
7058182
7055872
7049441
7045497
7039105
7036252
7030362
7027520
7021039
7017269
7010268
7007833
7001320
6998341
6991986
6989066
6982340
6979398
6972857
6969866
6963548
6961239
6954957
6950980
6944453
6941604
6935578
6932868
6926256
6919076
6911641
6907745
6899984
6895547
6886874
6882386
6875692
6871392
6863989
6859406
6851349
6847537
6840370
6835993
6827456
6822987
6814928
6810657
6803315
6798988
6791503
6787504
6779910
6775466
6767982
6763399
6756608
6752087
6744817
6740104
6731248
6727237
6719983
6715502
6708037
6703302
6695221
6690900
6683462
6679013
6671354
6667482
6660158
6655623
6647083
6642619
6634502
6630150
6622787
6618266
6610579
6606673
6599229
6594885
6587119
6582739
6574490
6570035
6562748
6558169
6549567
6545788
6538403
6534020
6526764
6522328
6515624
6511301
6503950
6499487
6491968
6488073
6480794
6476320
6468432
6463955
6455711
6451285
6443698
6439271
6432007
6427904
6420292
6415807
6408059
6403447
6396597
6392153
6384598
6380025
6371295
6367289
6359839
6355215
6347725
6343093
6336122
6331660
6322742
6318235
6310721
6306705
6299288
6294725
6287159
6282788
6274725
6270245
6262323
6257698
6250157
6246321
6238818
6234221
6225315
6216896
6208510
6204102
6195407
6190847
6183505
6179599
6172407
6167909
6159315
6154781
6148029
6143622
6136140
6131466
6122899
6119107
6111909
6107352
6100039
6095433
6088509
6084139
6076539
6072150
6064719
6060932
6053497
6049079
6040357
6035821
6027629
6023265
6014770
6010326
6002674
5998611
5990976
5986500
5977967
5973321
5965331
5961078
5953776
5949489
5941720
5937832
5930312
5926011
5918675
5914138
5906817
5902344
5893713
5889192
5881971
5878052
5870657
5866337
5858695
5854135
5846038
5841568
5834185
5829728
5820898
5817074
5809706
5805328
5796773
5792284
5784151
5779723
5772361
5767814
5760464
5756618
5749116
5744786
5737521
5733010
5724959
5720576
5713025
5708649
5699904
5696001
5688303
5683754
5676179
5671797
5660514
5656031
5647463
5643046
5635619
5631554
5623994
5619613
5610879
5606368
5599549
5595047
5587463
5583003
5575359
5571485
5564082
5559606
5552230
5547666
5539578
5535188
5527380
5522910
5514088
5510274
5502892
5498490
5491158
5486630
5479771
5475309
5467845
5463417
5455963
5452005
5444588
5439949
5432243
5427865
5420867
5416340
5408869
5404277
5396770
5392909
5385592
5381220
5373292
5368906
5361679
5357393
5348633
5344111
5336743
5332770
5325419
5320776
5312147
5307769
5301047
5296684
5289233
5284448
5275530
5271616
5263943
5256132
5247388
5242741
5235813
5231456
5223896
5219354
5210721
5207059
5199554
5195067
5186249
5181782
5174805
5170536
5163117
5158682
5149785
5145841
5138553
5133868
5125057
5120516
5112386
5107960
5100586
5096137
5088732
5084813
5077397
5072887
5065334
5060853
5052599
5048255
5040585
5036072
5027018
5022967
5015535
5011022
5002235
4997779
4989421
4985040
4977458
4972830
4964025
4960040
4945477
4940460
4931594
4926972
4919579
