3634874
3451855
3389086
3336649
3290311
3233263
2429902
2360236
2315005
2275053
2226528
2184252
2139905
2095539
2048967
2003377
1953731
1911536
1858390
1818536
1769512
1730029
1673569
1622646
1582363
1534358
1490039
1445790
1046769
1004751
957579
918850
864162
821647
777915
734822
682277
635710
16667402
16667905
16619772
16507503
16452253
16380165
16308221
16251211
16195629
16153469
16105624
15665402
15613854
15574540
15512183
15468667
15424086
15377958
15332047
15295947
15251374
15212775
15164166
15125519
15078195
15035991
14975118
14932903
14883093
14841515
14786639
14744815
14690784
14636468
14585645
14535365
14484870
14441140
14389983
13897191
13843046
13802134
13736438
13690660
13641486
13600570
13559834
13126894
13078436
13031152
12953954
12911104
12862161
12822694
12751339
12710046
12666449
12626143
12581174
12534659
12475450
12394650
12349385
12310661
12267321
12228452
12187771
12134315
11642404
11593637
11540215
11496969
11441882
11393285
11283983
11230311
11175436
11122910
11064350
11011664
10953151
10903107
10848332
10805914
10733937
10678892
10623320
10575241
10519820
10469610
10411075
10362137
10300306
10259595
10214004
10174243
10132525
10080141
10034019
9993916
9947486
9901057
9830673
9764615
9696731
9646408
9597138
9555241
9504132
9454103
8831602
8732579
8654117
8592054
8516550
8436086
8365673
8285838
8223847
8156507
8052504
7963158
7883003
7773757
7678918
6898003
6822873
6771667
6711220
6635918
6562191
6490766
6401871
6325697
6229460
6147767
6037466
5939399
5816875
5732810
5625922
5540511
5429687
5326887
5234728
5084897
4484699
4403197
4338325
4271520
4189375
4130184
4062046
3994693
3923252
3845090
3771790
3704453
3636701
3568293
3493769
3443964
3363136
3298046
3228437
3157012
3085261
3015595
2502333
2429830
2350249
2279788
2200237
2126689
2046081
1951412
1860936
1803392
1723852
1660222
1580646
1513059
1446128
1390110
1319665
1259046
1190466
1124525
1050805
16072093
15982320
15913149
15828551
15769659
15683118
15616087
15555181
15488829
15418617
15351112
15269773
15197238
15113052
15034730
14955124
14878673
14783742
14691643
14619301
14544412
14046259
13986074
13900434
13824348
13736712
13674768
13599314
13467066
13366324
13311623
13230430
13169608
13078739
13019179
12931147
12868608
12793960
12739816
12665563
12582878
12498084
12415858
11841734
11772519
11701977
11630810
11557725
11466889
11398130
11320790
11194588
11087750
10982026
10872245
10783078
10707202
10631429
10549268
10475694
10417118
10348195
10290144
10213947
9681811
9588851
9520660
9410448
9343520
9271482
9208712
9134442
9081047
8997075
8939138
8872671
8819279
8751545
8691127
8595545
8513645
8436464
8371322
8287162
8217953
7702513
7597729
7513627
7421678
7313713
7225400
7096318
6983586
6900571
6829050
6756198
6675480
6603146
6519469
6375086
6296445
6223091
6143715
6064454
6000023
5911619
5821170
5264823
5187506
5110148
5047989
4968532
4875398
4783898
4715973
4636133
4561024
4482364
4409826
4334635
4267116
4180526
4107820
4038897
3982280
3879246
3791146
3707066
3040199
2913834
2773172
2657103
2555559
2433419
1834468
1749775
1689610
1626237
1557642
1478815
1417257
1335989
798907
727628
655832
581836
505415
431427
366072
273558
16014923
15925760
15869939
15802240
15745001
15691864
15646293
15594114
15548639
15499793
15459290
15410616
15371695
15322455
14923607
14878615
14835558
14790877
14744188
14657063
14615549
14567518
14528349
14464053
14417862
14370650
14326992
14282149
14240033
14193628
14137599
14070666
14008631
13931381
13877898
13812792
13751858
13684218
13621592
13555723
13489931
13411252
13349779
13287938
13231112
13158015
13109271
13055931
13011468
12942290
12874102
12790370
12729749
12666499
12604014
12144139
12085184
12021454
11973669
11928279
11887556
11843301
11804689
11759898
11301089
11240935
11200273
11151447
11107991
11055421
11014185
10970936
10935238
10892620
10853617
10805205
10755499
10706232
10664322
10619696
10579919
10535121
10495784
10451411
10413272
9952695
9913012
9872447
9833762
9785028
9736151
9690635
9655244
9608889
9568804
9506164
9463303
9417301
9378560
9334129
9295124
9249841
9214803
9165705
9126762
9078065
9023981
8956627
8903725
8830244
8762330
8709008
8656965
8602884
8559311
8510821
8464953
8408172
8353828
8300374
8253244
8192782
8149145
8087805
8026230
7954626
7311852
7250573
7197687
7135129
7069305
7019296
6973170
6926071
6887858
6839419
6796990
6754991
6713134
6658091
6604211
6538361
6068897
6013574
5974895
5917720
5853616
5806588
5767815
5722455
5683388
5640656
5605422
5561488
5522300
5472449
5434308
5392799
5327388
5274839
5217077
5162565
5119533
4456713
4411323
4333029
4276450
4225282
4185395
4131424
4083121
4003875
3914533
3863971
3815910
3761264
3716709
3665143
3612986
3555913
3510387
3460346
3416216
3362452
3311194
3227306
3175209
3114738
3057533
2993855
2939107
2874466
2824302
2726348
2670938
2586598
2523294
2017011
1968160
1679408
1639807
1588004
1544939
1496960
1454923
1441223
1404246
1363058
1322819
1270397
1231806
1185684
1150135
1105892
1067699
1020466
976322
926002
887524
840745
457195
413386
377056
332888
287524
241787
16047688
16032509
15999303
15952447
15914791
15872354
15837093
15779729
15737815
15682618
15642387
15599677
15554815
15496463
15438271
14872230
14832368
14760483
14715916
14658737
14610308
14567386
14504292
14444996
14403447
14355677
14311902
14258254
14212730
14164300
14107941
14054143
14008729
13952585
13890294
13820164
13767096
13697400
13643954
13585970
13534483
13471405
13034304
12990047
12953563
12911160
12873898
12813345
12775287
12734959
12701945
12246611
12202141
12144288
12107030
12061403
12015761
11966893
11930129
11887253
11851268
11811613
11772002
11728842
11692900
11651277
11614871
11573605
11537237
11488857
11451827
11411986
11375646
10943375
10904636
10864650
10830701
10788944
10752721
10710972
10674737
10635259
10599579
10558063
10516427
10473521
10434229
10390825
10355000
10313526
10277146
10238023
10201956
10153990
10095351
10039127
9995493
9945025
9900888
9848350
9793809
9740060
9692961
9640714
9594699
9474086
9401381
9341700
9290374
9232727
9177965
9119017
9067068
8502176
8455582
8402914
8361532
8317392
8277830
8215197
8158982
8100719
8052697
8009424
7972577
7930533
7892534
7836386
7796535
7286135
7242728
7167608
7117019
7068062
7025233
6963155
6917098
6869718
6830172
6785230
6746167
6700271
6658464
6612802
6564902
6518790
6481544
6436855
6394797
6347583
6304006
5830337
5781865
5725951
5685655
5643245
5607261
5558674
5521237
5479285
5442694
5402083
5363254
5318466
5281041
5238761
5202665
5157223
5117236
5072459
5034880
4991587
4950102
4901945
4853143
4803416
4762921
4712894
4669072
4619904
4566936
4520671
4480220
4428104
3910150
3854052
3807804
3759736
3722430
3678539
3635655
3578220
3539330
3493389
3456163
3412816
3375441
3330454
3289134
3241510
3195501
2655459
2594657
2542987
2500500
2449684
2413784
2369770
2323957
2273759
2225039
2180556
2142657
2090465
2035534
1974475
1926544
1872366
1832542
1788389
1749650
1697829
1285800
1235036
1193614
1140441
1103384
1002957
963491
912361
856118
797634
749241
700610
659454
601993
562614
512810
437215
387331
343332
292778
16185961
16167603
16135677
16089554
16052772
16004951
15967553
15924013
15872197
15822346
15777593
15698102
15098066
15037632
14968026
14350012
14268801
14206691
14136050
14080021
14028559
13966651
13899073
13833247
13778370
13705836
13652735
13558983
13499248
13422357
13356737
13279935
13231565
13182389
13139576
13086750
13041336
12367696
12321699
12274136
12219466
12152093
12107856
11365501
10786585
10733330
10674344
10624359
10579315
10529510
10482924
10430305
10379918
10329508
10287846
10233988
10152160
10102323
9464434
9397568
9340290
9277494
9211083
9140498
9087814
9028987
8973150
8880006
8811193
8733857
8667095
8592851
8531434
8478248
8420622
8356059
8284614
8078724
8029779
7520490
7479720
7434350
7394884
7349353
7311325
7266276
7223914
7179492
7142105
7093534
7045152
6982226
6915877
6852979
6803277
6734769
6657133
6578753
6515029
6449228
6384692
5868789
5792841
5714322
5655644
5579589
5516820
5442976
5376374
5296871
5233277
5165235
5105013
5034767
4970211
4901480
4838402
4766490
4701663
4630502
4565019
4468053
3927151
3845790
3782512
3728439
3668706
3601167
3547205
3484353
3425791
3359007
3298011
3208787
3127622
3056989
2987173
2918787
2857481
2787421
2721955
2650370
2588369
2083443
2010981
1941405
1883715
1808913
1733213
1661188
1590060
1515330
1444109
1367045
1302384
1226420
1162189
1085698
1006366
932686
870797
799461
743379
690125
648002
16349996
16218183
16138339
16087499
16033865
15975112
15908801
15832487
15757329
15699379
15635455
15577183
15510853
15453358
15395686
15339359
15279707
15230624
15178428
15139477
15090888
14586010
14538575
14500681
14459584
14418083
14370160
14331758
14289353
14223550
14178487
14140658
14099471
14062958
14024728
13989340
13941578
13907459
13864638
13831843
13789724
13754317
13709747
13664779
13611231
13554400
13487416
13430313
13373837
13327679
13273684
13226583
13175007
13129772
13082060
13040548
12991653
12948601
12894800
12849375
12410260
12376834
12337424
12303442
12266223
12231837
12191484
12157045
12110410
12074263
12031733
11583084
11537857
11501649
11462095
11425804
11384300
11346873
11305665
11272754
11231291
11195707
11153917
11116114
11076561
11042244
10999843
10960151
10916363
10880949
10838020
10802588
10377923
10339292
10276217
10221292
10164430
10112064
10053349
10005950
9950154
9887690
9825229
9779138
9731320
9691693
9648198
9608583
9565342
9521065
9474685
9430031
9387785
9350722
9306633
9263078
9214937
9170327
9121669
9079401
9030219
8979199
8927792
8884511
8836029
8790975
8739187
8685644
8606137
8531797
8478134
8044505
7985157
7948945
7905903
7869397
7826193
7789704
7746339
7711764
7667691
7622197
7579490
7539388
7499165
7462544
7417083
7380850
7330082
6849563
6805647
6765013
6721989
6685124
6644502
6605384
6560559
6517895
6471077
6438202
6394974
6354272
6304960
6264025
6217225
6175150
6124290
6087674
6035274
5999096
5502184
5450767
5399765
5359088
5314810
5272581
5231048
5194290
5153978
5120399
5080345
5037933
4997492
4960398
4920248
4883023
4842669
4806649
4759442
4717142
4668166
4626285
4574372
4523658
4463512
4418262
4359064
4311622
4257218
4214560
4159114
4111954
4057083
4021017
3981590
3946426
3402859
3358956
3307283
3273789
3232729
3195956
3155685
3117532
3063580
3019806
2969759
2931986
2889185
2853813
2806428
2765355
2717518
2674214
2626499
2586424
2539069
1981441
1892381
1828451
1765840
1711358
1644529
1597155
1543417
1493457
1439740
1392356
1338797
1295863
1243232
1194957
1142720
1100040
1045079
1003917
953553
906291
846859
16050683
15974745
15912827
15862859
15819943
15773446
15732104
15683562
15641332
15592113
15549058
15500941
15460414
15415623
15377802
15325941
15269924
15222926
15174591
15126606
15082076
15029143
14970033
14900270
14415114
14372413
14327652
14272707
13727741
13678414
13635442
13584977
13547850
13501341
13453448
13402214
13351415
13296633
13248834
13191825
13154760
13107600
13056635
13003926
12960743
12915791
12867472
12813580
12771521
12263102
12211874
12159121
12123278
12075607
12034656
11992264
11950055
11902559
11863476
11815705
11777065
11734024
11694272
11650794
11611207
11568586
11530792
11482679
11444091
11394735
11357798
10828759
10789506
10744770
10706200
10665330
10622178
10578975
10539586
10492162
10449609
10405387
10366502
10321824
10281380
10227306
10188151
10145182
10103287
10057156
10009847
9948672
9445419
9396838
9359037
9316454
9276213
9224851
9184099
9138137
9102330
9057565
9017429
8968454
8928849
8882925
8845265
8797121
8757811
8712429
8676711
8633668
8597659
8131079
8089768
8048240
8008899
7964530
7928378
7876826
7836952
7788486
7742084
7693449
7647453
7597082
7548456
7499844
7461119
7414934
7373890
7324964
7277329
7229463
7187882
6720678
6676169
6630701
6592105
6547860
6512383
6469051
6428613
6384543
6343364
6301668
6256835
6204556
6165276
6117194
6081022
6037242
5995965
5952165
5913655
5869531
5472689
5428881
5389256
5342502
5304879
5255573
5217556
5173450
5135773
5094120
5055537
5012155
4973736
4931135
4895415
4847285
4805832
4760922
4718648
4672952
4632021
4152376
4108523
4056813
4017110
3969460
3927416
3885292
3846750
3807241
3769886
3720262
3684308
3639932
3604063
3562747
3524355
3477859
3437037
3395195
3349828
3301284
3264502
2798310
2764906
2720143
2680562
2638162
2597387
2558474
2519355
2475306
2437364
2395174
2359931
2314680
2274753
2231296
2190778
2149927
2114501
2070563
2033895
1988689
1560155
1517541
1481011
1438935
1400530
1361055
1315541
1274911
1238370
1195812
1161658
1119537
1081807
1040643
1003388
960259
921780
877441
840714
798173
761217
292151
253411
206020
16010172
15870767
15772930
15708346
15641320
15561421
15470971
15367761
15275742
15175717
15108387
15045252
14997438
14951420
14910069
14853572
14785681
14713375
14652340
14586952
14531941
14474226
14420699
14360686
14314458
14251691
14201339
14149437
14101840
14039790
13990384
13942323
13901974
13854365
13808088
13762688
13721590
13679411
13644068
13599741
13561157
13518489
13479867
13435816
13395739
13348465
13309924
13263507
13226780
13182461
13144972
13107024
13073072
13030435
12991086
12949016
12915389
12857459
12799084
12753746
12714184
12669894
12629913
12584590
12545090
12500338
12462481
12416449
12377282
12335304
12296827
12253445
12216421
12170797
11741525
11697828
11665453
11625693
11591781
11551077
11513759
11473174
11435375
11392086
11354669
11316130
11283396
11245468
11211797
11173464
11135350
11089909
11048835
11000951
10924302
10883261
10831992
10773654
10709146
10655795
10609095
10555638
10512543
10455191
10400928
10347722
10295997
10235180
9758191
9712750
9678571
9639966
9605647
9564990
9522874
9474903
9441905
9351425
9264595
9206028
9168070
9129549
9095007
9055194
9021666
8981763
8950437
8910622
8877731
8438242
8404650
8367983
8334867
8295981
8263241
8224868
8193623
8154683
8121515
8083767
8052020
8015832
7983008
7944510
7902076
7846553
7804627
7763363
7726358
7686066
7646415
7599657
7558699
7507788
7462881
7416253
7375516
7325366
7281992
7232065
7189015
7141898
7100696
7051242
7009821
6961762
6919652
6863368
6818605
6771134
6723457
6640473
6588726
6523479
6459087
6403719
6326346
6260747
6197557
6145280
6097573
6009041
5951122
5884083
5827878
5769929
5714515
5655153
5599233
5526859
5444747
5362897
5318672
5267760
5223508
5167681
5125547
5075322
5031377
4987294
4943721
4889241
4843144
4792222
4750586
4704128
4665984
4621614
4581598
4534484
4495386
4445950
4403993
4353800
4308893
4259867
4216368
4169385
4126524
4081458
4040352
4001193
3958006
3906707
3865451
3819909
3778624
3735060
3692299
3644118
3594582
3543919
3499189
3450161
3409865
3340226
3282683
3232935
3193087
3148569
3131576
3089714
3046568
3000757
2953419
2904037
2866931
2817032
2765915
2696390
2647211
2602249
2558220
2514291
2468420
2413648
2365513
2315910
2273418
2221472
2180717
2135799
2094915
2048881
2006382
1953242
1908859
1862367
1804738
1757995
1712872
1657228
1608878
1555017
1508597
1462083
1419141
1363525
1315786
1266297
1219731
1169144
1123897
1076572
1033962
982770
926293
849362
788555
724440
667688
616604
569643
518923
470184
413076
367327
310079
259272
15998838
15923548
15841027
15779946
15703226
15651254
15590273
15524552
15429130
15369000
15296360
15238188
15155760
15088291
15021688
14843015
14792949
14752995
14702424
14653884
14598212
14545929
14493976
14446237
14394076
14344748
14292353
14246119
14187136
14142384
14089121
14042603
13992773
13925753
13853813
13803940
13749255
13702047
13648001
13598495
13542811
13489212
13434271
13383456
13325319
13271365
13212329
13165120
13079190
13018749
12965114
12912845
12862925
12814528
12761715
12710311
12654808
12603612
12552214
12487513
12419099
12361182
12297287
12236974
12167190
12102650
12042649
11974882
11908989
11840605
11777446
11715887
11652065
11587590
11518998
11465958
11390404
11324506
11248412
11175941
11106972
11037669
10971081
10902836
10836385
10782450
10721943
10670588
10616134
10559553
10493758
10439870
10378358
10314434
10219635
10156192
10093088
10038365
9986285
9937179
9863955
9817054
9765404
9717573
9659388
9602795
9550185
9503499
9448132
9394577
9334015
9288297
9210619
9143282
9094390
9047481
8994849
8950450
8899668
8856276
8805469
8761225
8714567
8671228
8625351
8580594
8528565
8489753
8442623
8400073
8348089
8301070
8245541
8199429
8148104
8100628
8050016
8008770
7961073
7919763
7871629
7830598
7782731
7733437
7683215
7635089
7583784
7540155
7490230
7443060
7397902
7356108
7307352
7251737
7199956
7146935
7101189
7062061
7017307
6976683
6929290
6882549
6837146
6793422
6740109
6690002
6635902
6594117
6545105
6501490
6452736
6409716
6360901
6321659
6265741
6216850
6150417
6104469
6048287
5998027
5944851
5895039
5841101
5779444
5709518
5649159
5594865
5548454
5491246
5443891
5393387
5349908
5302731
5258033
5208201
5162033
5110963
5062612
5012462
4962975
4906140
4863060
4816261
4772313
4722892
4676459
4627168
4583837
4528390
4479042
4425454
4362324
4302191
4257849
4205157
4149681
4096664
4054493
4005922
3959295
3907153
3864807
3816391
3772612
3720905
3672442
3626059
3582085
3531258
3483446
3431969
3386842
3339441
3290285
3237402
3194515
3147953
3102437
3055591
3008070
2953092
2913791
2868188
2830303
2777941
2730394
2682231
2643451
2598764
2554873
2503051
2459823
2408800
2362591
2310816
2266352
2213869
2174138
2122042
2069904
2017045
1965057
1910996
1859293
1805009
1757620
1702800
1651302
1598816
1551901
1502344
1455014
1405792
1364578
1312381
1268505
1219909
1179975
1130525
1086419
1038644
991962
946667
897674
850508
809164
750332
708487
654416
610819
559497
513727
468607
420782
374561
323754
273528
231300
15993234
15902189
15795223
15732901
15671050
15621506
15570382
15512442
15462356
15417959
15364396
15306435
15241566
15176314
15118860
15073883
15020961
14977962
14931643
14890732
14838003
14791482
14738479
14682820
14631235
14587493
14540997
14496165
14447675
14402187
14351261
14301948
14249064
14208029
14159148
14108441
14050513
13994080
13935478
13885956
13830667
13769376
13703671
13652701
13602876
13559746
13503678
13454346
13402412
13355591
13306742
13262522
13212563
13162701
13113241
13066991
13016007
12969816
12917508
12874188
12822810
12777208
12716684
12671980
12624192
12582217
12536029
12491659
12443248
12405676
12360006
12318962
12272123
12231238
12173640
12114445
12065923
12020347
11973325
11934525
11887471
11840335
11790842
11749436
11700151
11655247
11607985
11564458
11516321
11473770
11427240
11381937
11329700
11283984
11233844
11186779
11137821
11093663
11045608
11005499
10957122
10910699
10860048
10815263
10766035
10715435
10655232
10607628
10540909
10483794
10435118
10392479
10342771
10303331
10254397
10205734
10149258
10089948
10030838
9986296
9936998
9898049
9847227
9805891
9755646
9711254
9661282
9619742
9567725
9521052
9477403
9432142
9383273
9340714
9294503
9255739
9205853
9165393
9118576
9071698
9028750
8978337
8920811
8871895
8816271
8762199
8707801
8664480
8605466
8555115
8499963
8460994
8417793
8368899
8318915
8270686
8219839
8180902
8132643
8095727
8050190
8000346
7936262
7895886
7849360
7807296
7757114
7718910
7671684
7633672
7587830
7549829
7502453
7462132
7418554
7377949
7329431
7284507
7238507
7201842
7153176
7111818
7059631
7013433
6966945
6928694
6880386
6838631
6793209
6750726
6701362
6656747
6599991
6562228
6519769
6478347
6432326
6388452
6336897
6300242
6252300
6210670
6162526
6123372
6073684
6027589
5975327
5936040
5887842
5844860
5788532
5742091
5692780
5652425
5610874
5570555
5519745
5475808
5427961
5388660
5339214
5299298
5248759
5203540
5161320
5114931
5067427
5018802
4975510
4929001
4874547
4819499
4767586
4729180
4684164
4640769
4592488
4549930
4498324
4453721
4405882
4362471
4315665
4272172
4232595
4191268
4145263
4103744
4060115
4019351
3974930
3934980
3882350
3838680
3787881
3751436
3703410
3664147
3619003
3578806
3531155
3494436
3442523
3400756
3356435
3317670
3269524
3226982
3177196
3137865
3087427
3037319
2990418
2948492
2904273
2860447
2808715
2770180
2721687
2682829
2635527
2593342
2549205
2513490
2467913
2432230
2385602
2344817
2301482
2264804
2220571
2180144
2136875
2094009
2051708
2006771
1962224
1923435
1880725
1838865
1786638
1748186
1703453
1660852
1654696
1612875
1566015
1524625
1477490
1435338
1390757
1351928
1298073
1256286
1209544
1169277
1124257
1084164
1037565
997124
953887
912010
857470
817660
771412
729236
686473
646160
598404
558714
507524
466452
418001
375175
332087
287225
240857
16057916
15935519
15875778
15827348
15786568
15733915
15688434
15625875
15549703
15496235
15451423
15400290
15353431
15295202
15252338
15209679
15171713
15130038
15086334
15038173
14998416
14948515
14908460
14862353
14818915
14771710
14733743
14692603
14655026
14607101
14564781
14508834
14469157
14419102
14376744
14322126
14277729
14229210
14186976
14135945
14092808
14038707
13995946
13944055
13889069
13831284
13789331
13741694
13660227
13603331
13557004
13508248
13465087
13408035
13357460
13291573
13242816
13194269
13150695
13096955
13051322
12998284
12956000
12905748
12865064
12813856
12769459
12718963
12674328
12630017
12590748
12545529
12502379
12454860
12411422
12364484
12313967
12263615
12220323
12164414
12102209
11997735
11942110
11895140
11852408
11804289
11759557
11716042
11672228
11625792
11558477
11498150
11456607
11399806
11359963
11309823
11270289
11229472
11187462
11139555
11097541
11054711
11018862
10976367
10932115
10884122
10843803
10803833
10765613
10719362
10664515
10600584
10560424
10514430
10475531
10432907
10392707
10344414
10302743
10256301
10215257
10173926
10134464
10086769
10045443
9996278
9948347
9904173
9863784
9818869
9779405
9730364
9686005
9638378
9599467
9555381
9514264
9468829
9424567
9369223
9330924
9285108
9242970
9197650
9149341
9104012
9058643
8999601
8936075
8882229
8833082
8780241
8739859
8690762
8649871
8605157
8558222
8500752
8455682
8408254
8361124
8311346
8268823
8218315
8168055
8117898
8074162
8023420
7981266
7929322
7887329
7830228
7784278
7742255
7693968
7641838
7602251
7555499
7513985
7467428
7424108
7369463
7332027
7287209
7240402
7183068
7142202
7093889
7051203
7004249
6946811
6901768
6853834
6794989
6752695
6703292
6661299
6614973
6570920
6527960
6485250
6440672
6401089
6359391
6315674
6271872
6234251
6194213
6153905
6109074
6071567
6026804
5985209
5941361
5901954
5858586
5817347
5777443
5737368
5690368
5647223
5594545
5554977
5509749
5469085
5422684
5368562
5323275
5282315
5233488
5190939
5142814
5105684
5062064
5019778
4976136
4935199
4892107
4848911
4796376
4755062
4707652
4668638
4623506
4582957
4538152
4500735
4454938
4405783
4363671
4319441
4273163
4235077
4191011
4179499
4135515
4090888
4040359
3998683
3953562
3916667
3872561
3834344
3790383
3749159
3703209
3666430
3619197
3582504
3531821
3493561
3445506
3407412
3363847
3326820
3281241
3243736
3198222
3156992
3109589
3068348
3020195
2980462
2937361
2893740
2850366
2811702
2768639
2727402
2686305
2643775
2598466
2558997
2510879
2461213
2414372
2372359
2323772
2273485
2228046
2189844
2141957
2102084
2057484
2012927
1966763
1926368
1881451
1841266
1795126
1755115
1712190
1671144
1630571
1590324
1544352
1506483
1457285
1418804
1373389
1338792
1287901
1250808
1209892
1165088
1119626
1084010
1037284
999435
957052
915549
870544
833634
784435
739316
692647
648078
606195
561847
517688
468421
420694
385002
342224
301998
16047646
15975659
15913354
15867030
15810855
15750788
15697031
15654929
15601547
15559516
15507431
15455324
15405309
15355141
15303161
15260044
15203764
15156928
15103277
15046686
14997988
14952274
14903416
14855299
14786584
14742063
14690411
14645864
14590363
14533900
14484395
14435250
14379612
14330368
14272207
14222125
14170226
14119238
14068881
13994749
13936641
13878291
13819407
13768117
13708423
13656461
13585496
13536407
13480884
13421707
13368136
13315297
13264935
13216841
13159752
13114840
13055483
13012811
12956627
12906515
12846686
12793803
12742511
12695470
12632881
12570374
12499772
12457556
12410792
12365914
12306722
12262028
12214854
12173304
12120531
12076474
12023324
11963322
11913608
11869446
11816138
11773854
11724677
11680980
11629718
11582328
11535813
11498254
11448643
11406992
11364603
11322161
11273562
11228235
11172093
11130199
11076054
11032409
10983481
10934144
10881257
10827169
10781287
10735413
10684447
10643784
10594493
10550090
10502196
10458613
10410109
10368457
10319229
10272895
10225665
10179652
10127923
10085487
10034360
9991556
9943997
9900305
9846596
9804403
9755984
9713025
9664289
9621978
9573353
9526657
9457617
9400725
9345806
9299917
9248689
9205929
9154841
9114890
9060918
9016095
8965141
8917260
8857942
8809413
8753380
8705978
8653027
8610953
8563485
8513399
8460175
8412844
8361199
8310605
8260986
8218302
8170480
8124602
8078088
8031965
7980984
7934672
7882370
7839507
7791859
7749499
7701315
7659593
7611642
7568669
7513942
7450660
7403130
7359179
7301786
7252106
7199618
7151161
7096220
7045914
6991149
6945479
6884904
6845012
6801791
6755275
6705002
6668800
6620256
6579327
6536657
6495487
6453734
6416778
6371224
6329375
6283775
6247942
6198570
6158539
6110282
6066424
6020159
5974041
5919776
5873291
5828515
5790500
5744161
5702060
5651428
5610971
5563199
5526002
5480310
5439272
5394254
5352566
5306950
5262941
5219797
5178812
5138789
5098833
5052804
5011277
4964927
4924992
4873678
4833236
4785158
4743677
4698124
4657054
4610640
4566706
4524556
4483622
4434952
4393779
4337648
4294871
4251552
4210494
4163986
4122226
4076454
4036445
3990140
3950000
3899714
3862919
3819695
3778362
3734974
3694982
3648203
3610495
3565321
3516002
3467972
3427050
3387857
3345533
3303151
3267549
3221187
3181176
3135189
3091859
3047134
3007025
2961788
2917387
2867859
2822929
2778424
2734354
2677965
2638800
2593115
2556043
2512103
2468233
2424053
2381623
2336375
2295214
2249182
2204692
2158837
2113864
2072851
2028881
1987764
1944810
1851712
1808265
1758957
1711188
1650360
1603032
1540566
1488232
1425088
1371000
1310801
1260233
1197448
1142013
1066386
1016771
944691
862114
797927
738518
675163
621091
558698
502737
445970
388959
334656
262390
199262
15998327
15898746
15834497
15782912
15736359
15686809
15641413
15586717
15540631
15489264
15446944
15396365
15353947
15304529
15250544
15188725
15131113
15067416
15018797
14951637
14880323
14814433
14750560
14685493
14615478
14550282
14488638
14418800
14366710
14299976
14247936
14194591
14147296
14084875
14035724
13972253
13921476
13870045
13819504
13763090
13711454
13658293
13609539
13549453
13484184
13436596
13393995
13350145
13307567
13259611
13215389
13165186
13123292
13074565
13030832
12985539
12941379
12895917
12853046
12807075
12766110
12720484
12680434
12626973
12586016
12531911
12490077
12450268
12408376
12364950
12326952
12284690
12251269
12210224
12174580
12132806
12097192
12059253
12024642
11979527
11938622
11892752
11852832
11800371
11740164
11691515
11644731
11601889
11563150
11520228
11481849
11439551
11405215
11365050
11329017
11289209
11254227
11216349
11181479
11134337
11093605
11046666
11005580
10955195
10912020
10863601
10818950
10774564
10731265
10681948
10635159
10585362
10547238
1945237
1865657
1811129
1764307
1708294
1652683
1596425
1548348
1496581
1453495
1400142
1354005
1303355
1253634
1203225
1151283
1100792
1058885
1007639
968186
921631
878024
826277
780301
734192
688385
635076
589773
541885
500050
449427
404319
348684
292298
246273
205502
165876
121553
81200
16041139
15999067
15958623
15913538
15866305
15814250
15768896
15719908
15677106
15628750
15586351
15538812
15495804
15447992
15404738
15355228
15305870
15255851
15210214
15163688
15121691
15075916
15031376
14978680
14935124
14885994
14844984
14794591
14747794
14703265
14658974
14610546
14565393
14513252
14471623
14421828
14376351
14324967
14278880
14231142
14191296
14140885
14097143
14050491
14011229
13966220
13921575
13870003
13824206
13763224
13722912
13673097
13633963
13587081
13545554
13498708
13459791
13413724
13371861
13329370
13289137
13241780
13200927
13150257
13105426
13063346
13026686
12980750
12934465
12888228
12838364
12789537
12748193
12704693
12662684
12610308
12565308
12510515
12464474
12417712
12372632
12326452
12283695
12234432
12190731
12142866
12097017
12050275
12008884
11959448
11913912
11864097
11816324
11764722
11719066
11668062
11621814
11572438
11535566
11484981
11441824
11393382
11354513
11306686
11258955
11212699
11171631
11117764
11074387
11029118
10987739
10939899
10900429
10857476
10817837
10768804
10725767
10678699
10632898
10589409
10551312
10504201
10461294
10414677
10372158
10325986
10285987
10235917
10192715
10143024
10094551
10041554
9995006
9930718
9876982
9825971
9772391
9716944
9671400
9619643
9579497
9530474
9483832
9426668
9377569
9322587
9283104
9231797
9178888
9125222
9085222
9037269
8995000
8949983
8908174
8854501
8802376
8750786
8696673
8641690
8594487
8546020
8499987
8451121
8406578
8356694
8312864
8264648
8215317
8167404
8121979
8074587
8032367
7980792
7937805
7888578
7846458
7793624
7748449
7699522
7653841
7605668
7565700
7514426
7470369
7422377
7380836
7332607
7290758
7243624
7203164
7157527
7112169
7063939
7017962
6937860
6887790
6816565
6768613
6720117
6677874
6625499
6577584
6521269
6482183
6435629
6387714
6324360
6273555
6215860
6164861
6115329
6069365
6019787
5975051
5927971
5883984
5817590
5759985
5699074
5646980
5601239
5558139
5505481
5464231
5417364
5371595
5324013
5279007
5231015
5189953
5139963
5092303
5043866
5000595
4950312
4904614
4860713
4810889
4758796
4718349
4670975
4632179
4587968
4541410
4492448
4447809
4397599
4355240
4308926
4267861
4222095
4179055
4128925
4084544
4032751
3985283
3935230
3892412
3839400
3800548
3754561
3715158
3663517
3619573
3567211
3518874
3463745
3411895
3364768
3329952
3281921
3242147
3192302
3145845
3100480
3057264
3006325
2957991
2912803
2866039
2816437
2769115
2714577
2665731
2621329
2577349
2527790
2487985
2435206
2391464
2342642
2303878
2257096
2216125
2171906
2131727
2083177
2031306
1982450
1938235
1890302
1838547
1789684
1748947
1698418
1652166
1599092
1547953
1499565
1454496
1407349
1364087
1313690
1262916
1209597
1155743
1110080
1067305
1019532
979834
934916
887604
821736
767409
715434
668518
617142
566853
516537
474476
427509
384661
335653
296074
252215
207892
16103223
15948060
15827418
15738160
15687740
15649528
15610865
15577872
15542200
15508149
15466923
15440328
15394648
15359470
15321226
15274568
15233695
15199634
15164419
15131192
15090861
15052514
15010747
14976641
14938936
14903531
14865646
14830283
14778439
14741129
14689458
14653697
14613265
14578502
14538810
14500785
14460977
14427432
14392303
14359161
14318532
14284735
14246182
14211185
14162001
14114507
14069383
14034959
13996405
13962064
13922803
13887725
13845289
13807327
13768993
13732789
13692162
13654245
13615584
13579294
13539246
13503172
13465736
13431341
13389750
13351273
13309284
13269985
13230139
13195430
13155127
13117614
13080450
13047394
13006169
12958562
12916988
12879858
12840562
12797131
12756519
12719464
12675447
12635645
12597393
12564665
12526098
12494733
12455154
12419636
12379363
12344106
12300264
12253776
12202853
12165641
12122383
12084413
12040501
12001805
11963997
11929480
11890535
11848886
11815849
11783774
11747447
11715852
11679594
11643241
11604196
11569561
11533142
11493119
11453335
11416749
11376945
11341929
11304485
11270547
11226985
11188110
11142546
11106491
11064888
11024426
10979788
10947031
10902840
10840508
10770944
10725936
10677532
10633045
10578633
10528774
10473699
10419416
10366775
10312459
10259290
10206734
10153008
10103419
10049420
9997901
9944506
9898073
9840045
9791557
9741951
9704043
9657685
9608491
9609740
9571086
9532895
9496405
9460183
9423518
9382320
9344796
9304711
9271223
9229440
9180734
9115060
9078320
9039550
9002113
8957752
8909697
8859510
8823254
8779559
8739799
8696295
8657706
8620982
8586213
8542501
8506077
8462465
8428215
8385131
8348040
8305021
8267681
8227117
8190173
8147954
8112840
8075339
8045546
8004914
7971400
7922054
7887859
7849326
7815481
7775803
7741652
7704201
7672927
7632770
7598140
7559150
7526351
7488206
7453075
7409174
7362606
7310990
7274160
7235035
7200583
7160430
7124908
7086781
7051016
7013129
6981030
6936171
6909063
6865714
6831200
6791200
6756057
6715399
6681181
6642608
6608550
6567027
6533233
6496351
6463990
6425380
6390337
6349963
6312795
6271380
6233351
6193427
6160943
6121490
6087074
6046943
6010679
5966453
5917036
5863466
5824783
5780230
5742046
5699328
5661111
5618555
5568705
5525262
5486565
5442927
5400564
5351452
5312473
5267523
5219489
5162023
5109258
5060086
5011139
4955502
4919361
4872681
4829404
4780739
4736205
4686621
4640790
4597026
4555920
4506861
4463410
4421448
4381060
4336312
4290783
4235791
4191090
4147888
4108138
4068768
4034903
3994020
3957649
3924297
3891616
3850260
3812388
3769960
3732885
3692395
3656412
3619740
3581819
3544992
3509497
3473314
3436172
3400893
3362753
3321644
3286271
3246674
3215592
3178775
3138606
3099881
3061595
3017250
2971043
2921764
2882498
2842490
2806762
2767365
2730949
2691232
2653946
2614291
2575749
2535804
2497867
2452792
2405435
2353302
2314793
2275353
2241027
2202137
2166951
2132348
2097098
2056589
2022039
1977440
1942039
1903100
1866327
1819992
1784170
1742024
1703514
1661894
1625808
1585826
1549631
1509573
1475876
1439632
1406238
1364760
1329445
1288624
1248905
1203379
1167438
1128214
1093236
1054243
1003735
956203
922156
883810
843285
800316
760138
720030
680244
636497
596725
551723
510492
466701
431117
386198
16065649
16001938
15957975
15910826
15869124
15815719
15770505
15720457
15668325
15613788
15571727
15522914
15481220
15436543
15393936
15346338
15305930
15257275
15216990
15162686
15124980
15081810
15044479
15007540
14973685
14935580
14901843
14863883
14831019
14791442
14755838
14704957
14662100
14623271
14590315
14551730
14515651
14477003
14443529
14405232
14368911
14329644
14295120
14258789
14226013
14181240
14146393
14108068
14076103
14038503
14005601
13966676
13932659
13894529
13852179
13812692
13779450
13739368
13707097
13665719
13628600
13596553
13560302
13519420
13484241
13445737
13410150
13374331
13340014
13300153
13250980
13186209
13142316
13101659
13062575
13018922
12976801
12929753
12886523
12839669
12792765
12743857
12698935
12648489
12428188
12374707
12322759
12271152
12220312
12161587
12103162
12052659
11994255
11950079
11911438
11867730
11829049
11784538
11737382
11679982
11614909
11566077
11497595
11434339
11362594
11295771
11236684
11187498
11152510
11112363
11075877
11034076
10995157
10953870
10912490
10870232
10836121
10796915
10767051
10729368
10695022
10657289
10623280
10585629
10549051
10509774
10473681
10433371
10397470
10359571
10325523
10286459
10250381
10214522
10181579
10144010
10108773
10069241
10031931
9980043
9934535
9893732
9858215
9820107
9784371
9736369
9697070
9657581
9624474
9582950
9552123
9515953
9479675
9440847
9392942
9343171
9297058
9239003
9198792
9152669
9116170
9073276
9035701
8994096
8954804
8909700
8869425
8826482
8790178
8746238
8702692
8660641
8617731
8573983
8525713
8475948
8431189
8383665
8330979
8265598
8212826
8162844
8116851
8072873
8025957
7969963
7917998
7859041
7813347
7758706
7697818
7641926
7597332
7555416
7519136
7476858
7439545
7395098
7356881
7316287
7274970
7235314
7198145
7157026
7118315
7073254
7035442
6996248
6963057
6922824
6887321
6849190
6817431
6780852
6743578
6701558
6665121
6623505
6585070
6526899
6482438
6442785
6408065
6372174
6340208
6294647
6261152
6218063
6180658
6131292
6095606
6057311
6021749
5981858
5943679
5898742
5854763
5807746
5767124
5723156
5677934
5628200
5589585
5546471
5508761
5466157
5428021
5381661
5341800
5292683
5248175
5206115
5169310
5119228
5065151
5002074
4959856
4913131
4877095
4836209
4800111
4759280
4724527
4686722
4652776
4608467
4573343
4533416
4498262
4456612
4421486
4382670
4347595
4299625
4259381
4214609
4176971
4133896
4092499
4047122
4007657
3950158
3903525
3850831
3803473
3749828
3700442
3650709
3598354
3541083
3492597
3425009
3354578
3287220
3232049
3166575
3115698
3050403
2984507
2922392
2872858
2819822
2767034
2721088
2676646
2630868
2588417
2542122
2504243
2462492
2423753
2382390
2341095
2301072
2264953
2225689
2190309
2149075
2116114
2078250
2042138
2000771
1963333
1921154
1886988
1847462
1807493
1757138
1720023
1678486
1631321
1567068
1515155
1475264
1436771
1396975
1354038
1312825
1279317
1238861
1199440
1157935
1117018
1077995
1040266
1000109
960429
915890
881993
838986
803288
761536
726188
680413
645723
602247
563203
524436
490292
448074
414136
365461
326451
284158
16039335
15984715
15930499
15878562
15831922
15768039
15713484
15665651
15610351
15570544
15531245
15465577
15403872
15321694
15275709
15222939
15180753
15114881
15034927
14982235
14926709
14870834
14826492
14771065
14730396
14681854
14635413
14596736
14557940
14512390
14445226
14387099
14322784
14267617
14222769
14173697
14130582
14085429
14039567
13995754
13957146
13909404
13849975
13787781
13729169
13648923
13604881
13523867
13474847
13424179
13387802
13344084
13301983
13253613
13183660
13124120
13084599
13042235
13007196
12969096
12934001
12895082
12859896
12821200
12788633
12748101
12710335
12666299
12629850
12586643
12543736
12488435
12449366
12399942
12365658
12321148
12283993
12239377
12196547
12149783
12110764
12070656
12031660
11985091
11941845
11900233
11855378
11811717
11772308
11729784
11674614
11614918
11562314
11509251
11477248
11433158
11386205
11343925
11303985
11248426
11207142
11165005
11129368
11090857
11058531
11018921
10984999
10940853
10907358
10866979
10826174
10779247
10741448
10700114
10661596
10623234
10581213
10531621
10483053
10436093
10380735
10328652
10293367
10251648
10211005
10169856
10131880
10087980
10049253
10009646
9971381
9929608
9892596
9850553
9812602
9759282
9711079
9657537
9606426
9552647
9503699
9455522
9416207
9367831
9331598
9277435
9239546
9192083
9152573
9112772
9077828
9039548
9008551
8971694
8942306
8906715
8875599
8839474
8806139
8765257
8725085
8655966
8620717
8581056
8544696
8496075
8462525
8425883
8395035
8359546
8328284
8292412
8261610
8209026
8172892
8135255
8103707
8067102
8035811
8000725
7969416
7932340
7900014
7862992
7831558
7793773
7732200
7684404
7653059
7617878
7579770
7538900
7503065
7467038
7437066
7400721
7369521
7333646
7300085
7245543
7203110
7166735
7135338
7099307
7069430
7026849
6986904
6950744
6918266
6883057
6851463
6814571
6782636
6746161
6715896
6679710
6647589
6610650
6578131
6529901
6496573
6459125
6426691
6389356
6351415
6292635
6241255
6195010
6156816
6115650
6074225
6028741
5989555
5946353
5909561
5867274
5826057
5782403
5745347
5700229
5662082
5623627
5591210
5544390
5497067
5448515
5417079
5381373
5350212
5315696
5283991
5246773
5214713
5177391
5147609
5112171
5081025
5045373
5013690
4979795
4947621
4909764
4877890
4841622
4809056
4771749
4738141
4700488
4668646
4633562
4601457
4561273
4525830
4489738
4460182
4424388
4392403
4356583
4325382
4290608
4259627
4217180
4184906
4147634
4117478
4080419
4087333
4034924
4003052
3968336
3935548
3887647
3836259
3778741
3740917
3696621
3653796
3595243
3540402
3492329
3448043
3394731
3344927
3292597
3250457
3205271
3158682
3111180
3069031
3020480
2985795
2948988
2913597
2872112
2837250
2799590
2764343
2718912
2671645
2625674
2591255
2554539
2520769
2479302
2446369
2407983
2374072
2329719
2293940
2257839
2223208
2181736
2142157
2088869
2034836
1978407
1939094
1895257
1854964
1812985
1775947
1735238
1697392
1656865
1615712
1574344
1535892
1495559
1459036
1415927
1377205
1335808
1299633
1259810
1224582
1182806
1146822
1110122
1078702
1044561
1013073
977916
945366
905671
875036
839443
808265
772472
740570
705872
674941
632195
573016
531885
502310
466602
434145
396469
364632
330452
299756
264518
233969
30519058
30432160
30339020
30268330
30165385
30096673
29996885
29915370
29821920
29747913
29667723
29607033
29530493
29462105
29392967
29337285
29277129
29227203
29159769
29108330
29041726
28993559
28927079
28851654
28751167
28649670
28547440
28468075
28384859
28327180
28260716
28192912
28118494
28051802
27968351
27889691
27822016
27758681
27650603
27545560
27432711
27358432
27281565
27226619
27146533
27077294
27003289
26935573
26868017
26800588
26722360
26664194
26596462
26541337
26486233
26439230
26385100
26327949
26266741
26219339
26148572
26103614
26041879
25992160
25935508
25881155
25802888
25737215
25673045
25616250
25549155
25492463
25422769
25366781
25289173
25235700
25155678
25092133
25000223
24935732
24815366
24755003
24670418
24610377
24531253
24472662
24397186
24342807
24282671
24235056
24171979
24127588
24071490
24023500
23967953
23920622
23867953
23820282
23762311
23712935
23652508
23606372
23547656
23500709
23441915
23392236
23333144
23285362
23203368
23141263
23061348
22994796
22931437
22879112
22812606
22724174
22656800
22586865
22512570
22451106
22381735
22331606
22259599
22178060
22079065
21984923
21877364
21797838
21711375
21641641
21551473
21494465
21407890
21350604
21281275
21211964
21140131
21087847
21022005
20967743
20897115
20829503
20747853
20688321
20611519
20531844
20472328
20398376
20318037
20237944
20155004
20080790
19993262
19921357
19852208
19797465
19731681
19661807
19584592
19519267
19440235
19371937
19277376
19199811
19112262
19037866
18950184
18877858
18797495
18712634
18595286
18520963
18452511
18386510
18302850
18231353
18151510
18099696
18044660
17996169
17936234
17888855
17836374
17790703
17733468
17687369
17633769
17587157
17526577
17477557
17422148
17377232
17316308
17244627
17146850
17076573
16992724
16924843
16856234
16779808
16713618
16665055
16594875
16541147
16475291
16410155
16313116
16236838
16143060
16078801
15989004
15922933
15843522
15761901
15677335
15607620
15498036
15403015
15338099
15290600
15209828
15152501
15078930
16031133
15885822
15802973
15713026
15645752
15575977
15524905
15472729
15432711
15370166
15311761
15249389
15200255
15140238
15092499
15033184
14990202
14934286
14886056
14810952
14729279
14646919
14586550
14500248
14425254
14358151
14284111
14167565
14089319
14019771
13939998
13862253
13776806
13658545
13563831
13479706
13404028
13250541
13159939
13032622
12944328
12849198
12184150
12122587
12082018
12017993
11949056
11870114
11792320
11721322
11653515
11579822
11522347
11430574
11368687
11288742
11205284
11129514
11070400
10990674
10907905
10795855
10719192
10629888
10533881
10447550
10384001
10308252
10249490
10125693
10049519
9951291
9894519
9813321
9742265
9655618
9589969
9509124
9426087
9328345
9249339
9159162
9094848
9016236
8926475
8814235
8740484
8665199
8614340
8544748
8492678
8411823
8342770
8258950
8172060
8078023
8010762
7924694
7858269
7777058
7719281
7611667
7560176
7496898
7435168
7376134
7326722
7252498
7164006
7034942
6981220
6907279
6832129
6774191
6703919
6633604
6576413
6488488
6408202
6339308
6279348
6193416
6133639
6061105
6006665
5922091
5805545
5710407
5635165
5534939
5468016
5369993
5264852
5170411
5068140
4973446
4879721
4801639
4722949
4645790
4575133
4498456
4429567
4360667
4284232
4191203
4123255
4031309
3971432
3896032
3844360
3780250
3706948
3660759
3578555
3493908
3398566
3302974
3195114
3090399
2982148
2872700
2796450
2696702
2604576
2530172
2458128
2380921
2296768
2195230
2137231
2060298
1988376
1890334
1781086
1658497
1589217
1517050
1457608
1370487
1285794
1218466
1163587
1093600
1035109
968134
887640
804600
745880
666782
565959
464550
377792
266951
202658
16090441
15988769
15910312
15841243
15742423
15672891
15580388
15464661
15334302
15249254
15163473
15081756
14972200
14872735
14754707
14665028
14594101
14532421
14463772
14411678
14341920
14285112
14195779
14122342
14014057
13933192
13868152
13804699
13728526
13627110
13507228
13433042
13356184
13293624
13184195
13105536
13010992
12936313
12840690
12786789
12734201
12691323
12633397
12585560
12520803
12469695
12411121
12350733
12278324
12222436
12133576
12080961
11991986
11932721
11860080
11805806
11731997
11628210
11547169
11450520
11363042
11291306
11218216
11164066
11091427
11037195
10981435
10932942
10879575
10826380
10761292
10718647
10645035
10590637
10511874
10461322
10395866
10297110
10214418
10123318
9997188
9869167
9748467
9680764
9592191
9512738
9419147
9330572
9228063
9129360
9040802
8981111
8906608
8844197
8777343
8724577
8634369
8572249
8493928
8394751
8314668
8238943
8113777
8016327
7931398
7857140
7776481
7686876
7587044
7506524
7439547
7374775
7306986
7248133
7182677
7134536
7075502
7028095
6970937
6905565
6832987
6788154
6724785
6666529
6602133
6551114
6482519
6424993
6364479
6309735
6249343
6162835
6048867
5985575
5897804
5828961
5759543
5704419
5620270
5550441
5447158
5369817
5295714
5247570
5173998
5086603
4998288
4916253
4823820
4725573
4654542
4588740
4513625
4457186
4331460
4244381
4185741
4135146
4032653
3956616
3880349
3822149
3749894
3681479
3611908
3551182
3465443
3387599
3318581
3254691
3158652
3088379
2995882
2915934
2842508
2775733
2688927
2613262
2541407
2480273
2413263
2362329
2283763
2203254
2128199
2050230
1982263
1921160
1825876
1757455
1685552
1632563
1549908
1471975
1372923
1267799
1115541
1023820
944315
871161
794594
716855
616057
551031
447168
369971
250937
16039119
15937300
15855868
15763513
15700655
15628909
15572509
15502376
15450437
15345995
15276536
15202130
15137583
15063686
14992134
14898979
14826007
14730015
14640796
14567043
14505287
14435188
14369431
14304046
14202998
14134168
14077703
13997837
13934822
13860438
13775365
13712456
13658858
13558397
13492760
13430060
13349980
13294167
13248157
13193234
13141310
13075340
12993915
12902748
12836058
12767946
12629101
12522680
12434859
12336571
12265176
12190918
12117578
12043706
11963092
11869018
11789476
11688803
11601460
11501094
11389926
11319471
11249895
11160283
11098087
11021836
10938458
10833489
10726781
10581470
10508705
10419391
10333686
10213070
10113248
10005110
9931517
9840584
9765553
9687121
9612795
9543125
9473674
9381253
9290193
9189996
9124459
9046047
8976159
8902577
8836376
8737187
8637425
8517152
8452251
8349252
8283153
8202356
8143039
8075548
8013039
7947527
7872362
7784181
7708278
7616297
7545720
7477688
7409913
7317261
7248103
7154733
7083155
7005644
6913906
6827681
6766573
6677049
6600967
6503483
6410685
6331579
6266891
6147841
6064656
5995374
5943387
5872856
5815878
5752231
5698047
5643318
5589735
5513935
5428037
5315459
5231650
5139546
5048503
4967163
4889070
4820981
4765647
4703072
4629602
4549781
4490593
4409924
4356495
4288517
4221298
4136733
4077837
3990790
3905781
3829998
3769386
3693300
3638130
3553870
3430812
3334817
3268779
3148452
3087401
3009406
2950469
2860762
2771952
2675078
2605757
2520067
2382799
2278123
2184502
2080711
2006144
1933793
1861326
1772954
1696943
1620900
1540826
1451350
1343871
1250839
1171941
1094276
1025420
930265
863054
769675
682359
593180
519073
425874
351989
258893
16009322
15870459
15769943
15658024
15548943
15434587
15334999
15216233
15143402
15047984
14961645
14863072
14736639
14620270
14519442
14409452
14304931
14188038
14068244
13952864
13877562
13781090
13704746
13608450
13527370
13400684
13288255
13152904
13054248
12922056
12789771
12659149
12563149
12469314
12367980
12288237
12233682
12165718
12106277
12011934
11932478
11828663
11761166
11663723
11564198
11482687
11412820
11323026
11252912
11119141
11006809
10880551
10768029
10665886
10576718
10490245
10425124
10325668
10270317
10198599
10124087
10045639
9962385
9874671
9801468
9711894
9629270
9528262
9430695
9330266
9246538
9142739
9047095
8971881
8911848
8849365
8795762
8729274
8684227
8624706
8575780
8518914
8474133
8419305
8356674
8288714
8239626
8178856
8133089
8063339
8014962
7927708
7890209
7841673
7796352
7720946
7667353
7608166
7557688
7487086
7382721
7219194
7122786
7030070
6947470
6840893
6777210
6703148
6626958
6495278
6386186
6283688
6208288
6120909
6043862
5949662
5858369
5734209
5647820
5533964
5456297
5353501
5287425
5191568
5125577
5054842
4991800
4911541
4851034
4778514
4710042
4627570
4559557
4477577
4409379
4342507
4269096
4202885
4154585
4070568
3994648
3906018
3810271
3729987
3664881
3592524
3526203
3435561
3379769
3297796
3235800
3146079
3077388
2992812
2875028
2777511
2686100
2600931
2518350
2370236
2271435
2176575
2080613
1990802
1912411
1818537
1742130
1665747
1613404
1527139
1462778
1352270
1253671
1163974
1069095
938787
831669
744162
664181
573127
506494
390237
336893
268483
203466
16043262
15934027
15831234
15745852
15629008
15557087
15470462
15387859
15278789
15188349
15087801
15016126
14917616
14789009
14677475
14601674
14522511
14456398
14360924
14294124
14221061
14153051
14075188
14010292
13910824
13830833
13733170
13604292
13510618
13427110
13313993
13190110
13102414
13041012
12959561
12878477
12773742
12692890
12577907
12482325
12363208
12285518
12178106
12099779
12016452
11956689
11879841
11820822
11681614
11617791
11542526
11433712
11351196
11291252
11197759
11110459
11029413
10940024
10842876
10762936
10671879
10598682
10503126
10439841
10365326
10305549
10226616
10139390
10055766
9973214
9899480
9783988
9705552
9637389
9535140
9469356
9386531
9320858
9218023
9145525
9061923
8994455
8899033
8841348
8754601
8694861
8620319
8556454
8485424
8428606
8362594
8308852
8249066
8201224
8129596
8060599
7981825
7906451
7800735
7692261
7580790
7516421
7451740
7394016
7325153
7267589
7194354
7143853
7073897
7014773
6938068
6859876
6784907
6735215
6667181
6611565
6547631
6487974
6426315
6370215
6303212
6249013
6181534
6127874
6063731
5987908
5877781
5816991
5754630
5701058
5641440
5578866
5478181
5422582
5341759
5284017
5213163
5160279
5098263
5025794
4952129
4889628
4786265
4719765
4637401
4571103
4492493
4419482
4343107
4269530
4144526
4079859
3996124
3912748
3816273
3742851
3653263
3564045
3489196
3421768
3331364
3161094
3071138
3003085
2878963
2794868
2696576
2615863
2513030
2420595
2311960
2207324
2092962
1996227
1866920
1774474
1653744
1568964
1487757
1412982
1296322
1192896
1097103
1009725
921868
845188
767935
701733
614211
550986
449244
335112
231822
16017483
15831682
15717111
15627613
15561088
15478289
15397898
15292044
15203688
15100610
15035676
14972372
14907541
14830169
14772888
14700957
14644634
14570178
14477095
14364772
14269104
14169955
14091704
14004627
13922360
13833304
13752615
13642634
13565461
13471058
13370066
13291369
13234444
13161464
13100201
13034408
12984871
12916567
12847590
12780958
12729595
12654265
12588588
12524534
12469159
12399974
12337757
12235275
12133846
12041714
11975866
11898476
11837241
11764485
11669035
11576145
11516522
11451119
11374970
11299380
11245000
11184437
11116449
11048610
10978927
10897846
10799127
10719118
10664195
10592765
10532844
10439610
10352264
10264275
10205627
10133686
10067658
10005517
9942586
9807645
9687243
9573688
9505372
9434409
9377185
9311874
9251302
9189056
9115455
9021731
8942266
8847729
8762231
8666760
8572941
8477988
8393864
8302256
8222263
8132104
8049291
7952957
7873675
7751105
7671530
7580833
7506597
7420158
7337192
7239804
7150511
7043059
6939000
6858310
6744059
6659440
6568270
6449461
6341065
6253330
6190102
6098378
6023042
5931556
5843360
5748898
5666658
5577280
5497743
5390383
5295050
5180859
5092205
5000427
4935647
4859543
4800083
4702969
4632774
4557335
4487621
4404272
4323992
4221642
4146297
4068547
3990060
3902289
3813112
3684120
3577738
3467482
3387057
3302362
3229650
3155231
3061695
2970055
2902617
2819876
2754018
2672310
2587836
2512167
2439097
2360063
2296881
2229769
2164190
2067107
1989444
1912394
1851635
1764184
1699127
1627476
1570397
1491723
1417794
1211898
1081031
1009622
953944
899507
815668
721052
635402
545774
463866
379035
311036
225175
161610
16026643
15908003
15820618
15758393
15681489
15581320
15497991
15438198
15357769
15301478
15224716
15140298
15026380
14947702
14865118
14802994
14709133
14606080
14508482
14428738
14325119
14220370
14133534
14052143
13974059
13909533
13836777
13780394
13715648
13661709
13598764
13545131
13476588
13408833
13348959
13302036
13235467
13163338
13098533
13046582
12976648
12922374
12833681
12766459
12679924
12589875
12509889
12363451
12275474
12165775
12055313
11957317
11840752
11739895
11630407
11545867
11429466
11348553
11237187
11148822
11068730
11005090
10918993
10828949
10744270
10678800
10600922
10536263
10454661
10367548
10248511
10177602
10066004
9999258
9905630
9844788
9769039
9709967
9639573
9585361
9512651
9425094
9329755
9249899
9157129
9100027
9020924
8952449
8876743
8807985
8739132
8677971
8590225
8526317
8452146
8383743
8263388
8165780
8038181
7947763
7840861
7741720
7636378
7533773
7411649
7309898
7194133
7117956
7002144
6909533
6790074
6688052
6580269
6497450
6412752
6333859
6224973
6138980
6041422
5954159
5850086
5762530
5668283
5535866
5410634
5316055
5215408
5109376
5021058
4935453
4837473
4710188
4586250
4494450
4390392
4269775
4153041
4069490
3964464
3856407
3723891
3632087
3543702
3473428
3354952
3242326
3091659
2986114
2846671
2718838
2624754
2562414
2477014
2401036
2294969
2224856
2117177
2034213
1931063
1858261
1762246
1705735
1638457
1570678
1505831
1453189
1375496
1286964
1216801
1153140
1076651
1014949
944980
868591
798073
741513
662535
588116
519332
464802
395231
334325
251525
199642
16035846
15909609
15798554
15733896
15658684
15584244
15497251
15438440
15351673
15278675
15183683
15112345
15016032
14927949
14829278
14753333
14653104
14539110
14436267
14359723
14284147
14201041
14109778
14043894
13958401
13819684
13725565
13641068
13507905
13362148
13211684
13053618
12911042
12818654
12708767
12607397
12497263
12401500
12289489
12184606
12071133
11991226
11873724
11784030
11669611
11557414
11450998
11344234
11256121
11175232
11072266
10995912
10915177
10852429
10742592
10673664
10569565
10494960
10394973
10322159
10238388
10166095
10095971
10038306
9965329
9908511
9842186
9734935
9643795
9564063
9485899
9406399
9283569
9118010
8997038
8896226
8782715
8690467
8557497
8359181
8217836
8105154
7992877
7916290
7813629
7728601
7632230
7556587
7475019
7397734
7306101
7245193
7177413
7124472
7043497
6959387
6878236
6808444
6708820
6609525
6536069
6478565
6389111
6316122
6241010
6179526
6107943
6009654
5937710
5871608
5739575
5674664
5613840
5564263
5493486
5424109
5355334
5290569
5216324
5153156
5071652
5001306
4928205
4857693
4775064
4720300
4649432
4577846
4507860
4407549
4332373
4278699
4207443
4163486
4098723
4060005
3991126
3893805
3795226
3702621
3625671
3541764
3453496
3367495
3279659
3213635
3118054
3050641
2971825
2913438
2854435
2810251
2749996
2700491
2639638
2590230
2532363
2455536
2384434
2333898
2275499
2224101
2142539
2083041
2020643
1972910
1893454
1829735
1761557
1712458
1632771
1581472
1512976
1438892
1360156
1292352
1219021
1157255
1080056
1021792
956027
890536
818172
733207
627402
545909
442712
365390
294794
236102
15994411
15906306
15842419
15788236
15730669
15646161
15558606
15509672
15439623
15353431
15291916
15243898
15178636
15127201
15067854
15009504
14941539
14865193
14806155
14757966
14699051
14651570
14585162
14531354
14463363
14402213
14340463
14275726
14193557
14144697
14083046
14034070
13968395
13920260
13854887
13776346
13686570
13589120
13522595
13474415
13414402
13366188
13296909
13242927
13176198
13118566
13030427
12968139
12902687
12847399
12770104
12683243
12601524
12524437
12439413
12363547
12267196
12196630
12087085
11999442
11911445
11820127
11718241
11638348
11534609
11453584
11350116
11259467
11171119
11110233
11026729
10963044
10896328
10835211
10747673
10686745
10596228
10521161
10451206
10396669
10312216
10233153
10139654
10064925
9986507
9922252
9842219
9770218
9648796
9544079
9443673
9361934
9281913
9201887
9136514
9078699
9013441
8949435
8881092
8812222
8741856
8696582
8641960
8587087
8528510
8481476
8411899
8336843
8257937
8211267
8154362
8104623
8037764
7991012
7929700
7846545
7767820
7715622
7660543
7604057
7542066
7492440
7428879
7361332
7286187
7237006
7174699
7127256
7069512
7018776
6959506
6906971
6835895
6774069
6709712
6630314
6569769
6515998
6444387
6387710
6306564
6235709
6157768
6077549
5989590
5897364
5753818
5627125
5509519
5417553
5314919
5211078
5110361
5022495
4931361
4865421
4778956
4710335
4610654
4523237
4431318
4365072
4255475
4171967
4081767
3941310
3819238
3694615
3568484
3477349
3368676
3286835
3169192
3105355
3025068
2936806
2861662
2748078
2661945
2583818
2463602
2371154
2254595
2177304
2042709
1959894
1860943
1761147
1678604
1600894
1515699
1451669
1372482
1305050
1193251
1108384
1031718
972540
904180
828029
741337
672311
578335
510135
419449
356422
285126
208586
54707997
54637111
54538761
54475080
54384852
54326322
54254459
54190411
54110105
54022379
53891651
16070027
15961054
15902005
15833280
15780970
15706114
15647141
15562507
15505261
15426357
15358064
15270737
15201565
15111236
15035097
14944100
14872671
14778713
14694270
14607735
14522792
14432882
14348873
14276669
14208404
14120836
14058027
13988081
13927290
13853129
13760310
13636881
13483427
13343707
13226538
13082011
12967695
12872770
12803883
12730080
12644220
12577434
12524313
12455618
12388881
12311144
12259821
12191615
12142033
12083305
12033533
11972163
11920439
11855469
11802035
11733413
11681088
11612978
11565634
11511777
11462626
11399847
11346044
11281597
11227346
11161018
11091873
10993819
10909349
10834045
10754138
10672481
10579693
10508876
10438233
10366097
10295089
10202788
10108831
10002351
9898112
9774939
9687881
9569595
9453114
9349144
9258786
9167346
9071840
8978958
8899715
8783570
8665078
8532308
8459308
8369911
8287228
8160040
8046886
7899495
7802777
7695054
7611466
7499034
7405174
7299302
7226186
7108547
7012860
6933890
6870457
6782381
6720527
6633910
6577082
6482441
6398318
6317841
6236029
6145769
6018057
5930424
5880837
5815190
5773999
5718291
5673407
5615134
5569228
5507947
5456621
5366663
5274634
5184486
5101111
5025464
4953916
4865680
4798692
4713169
4639922
4577306
4521619
4456685
4396132
4317253
4238243
4158309
4078452
3987194
3931406
3850309
3788644
3710912
3653746
3572263
3494401
3433609
3388216
3334996
3259576
3202177
3156654
3100607
3054832
2996393
2938828
2885023
2830216
2776446
2726435
2650924
2573561
2512127
2466052
2392425
2338234
2273961
2222232
2162755
2113831
2049136
1996817
1936418
1890097
1816662
1763059
1700873
1650401
1583883
1534087
1472414
1426200
1366460
1318611
1257678
1200592
1138918
1079992
986091
892233
806480
728726
650783
575409
474635
403076
328491
236796
16051557
15956547
15869058
15796274
15721249
15674291
15613494
15565621
15506810
15461342
15394175
15348240
15289672
15244374
15183503
15127036
15058071
15001279
14905502
14843513
14778863
14731330
14664162
14593849
14498543
14426855
14348296
14263216
14184319
14094742
14016264
13924052
13840162
13770788
13667671
13571417
13444379
13327299
13225344
13103148
13001775
12894543
12810593
12755458
12650991
12548626
12446083
12340836
12217611
12122426
12021458
11946275
11869908
11780638
11690134
11625971
11553884
11491251
11415603
11339890
11245813
11179824
11051486
10956146
10868410
10806660
10716639
10640739
10559052
10452616
10356294
10259728
10176415
10065012
9955946
9868927
9771472
9676549
9571559
9475344
9393827
9323649
9224085
9140633
9063583
8982610
8906454
8849685
8781081
8714171
8638852
8569484
8467592
8387666
8308980
8243593
8165352
8074907
7989600
7905335
7839940
7752147
7650662
7581477
7483806
7399609
7319341
7242144
7144871
7048873
6936791
6814536
6717879
6616912
6524420
6449314
6382536
6314592
6243597
6194892
6132521
6083459
6017203
5965534
5901819
5849110
5785401
5735219
5675254
5627182
5570885
5512721
5452532
5402332
5335545
5288010
5225112
5165362
5079014
5002812
4930097
4872154
4798743
4741424
4660892
4585066
4495984
4423220
4337049
4248848
4153277
4025148
3937999
3871160
3782426
3714293
3598634
3504503
3399179
3314575
3236332
3176969
3075211
2990905
2903924
2823353
2756676
2702778
2645644
2578427
2465635
2365259
2248038
2162483
2062886
1984281
1890658
1829708
1764122
1712003
1638758
1577369
1506343
1455270
1376932
1297252
1230944
1175919
1114655
1052954
984997
895358
824986
757926
688465
628828
534711
461474
380376
313015
234881
16081605
15971744
15900766
15800426
15717230
15604976
15492910
15334084
15243572
15153903
15077362
14996249
14924931
14841863
14759620
14684275
14621741
14551886
14485262
14415083
14314085
14226793
14153595
14077990
14024068
13948607
13872111
13778543
13680622
13547528
13482492
13417961
13355970
13275461
13200099
13119756
13061889
12983036
12927484
12868648
12821386
12758526
12711684
12638485
12558186
12489732
12441459
12379766
12330681
12268866
12210117
12145054
12093591
12029355
11978706
11919572
11868395
11805422
11755040
11695414
11643149
11582489
11533479
11469943
11409095
11340562
11289118
11193705
11116335
10996297
10902255
10769193
10654692
10537430
10465616
10375890
10290787
10169502
10106867
10040581
9995736
9932304
9878067
9766640
9687383
9610261
9553706
9485398
9432826
9357959
9284460
9173614
9069074
8977816
8898704
8802628
8725375
8624700
8542203
8419209
8328199
8228559
8142747
8021807
7942088
7846646
7774912
7689047
7630390
7517515
7461453
7393863
7343559
7276524
7209167
7131590
7065904
6970304
6877092
6807220
6751985
6686051
6636366
6570473
6522941
6460373
6408299
6343276
6292155
6208975
6157386
6058573
5987671
5909422
5847181
5753162
5668274
5568936
5489332
5412878
5349431
5267246
5201789
5129215
5067843
4984705
4914679
4836091
4758248
4663150
4581556
4482832
4407365
4302196
4225217
4140587
4066878
3983461
3895797
3792454
3718718
3633038
3574346
3501072
3427448
3344005
3276430
3207206
3155487
3098354
3047207
2983428
2910601
2811825
2759645
2686930
2633775
2562626
2514085
2448892
2396560
2331560
2272187
2193301
2143814
2076765
2031255
1966252
1906351
1821057
1769384
1709770
1660505
1600605
1550032
1483316
1395810
1323169
1263174
1196009
1141531
1072131
1020833
951924
890569
801817
713848
634480
582069
518284
470733
410389
349618
232277
16062468
15968252
15906115
15820541
15745311
15648483
15551572
15448980
15355787
15272905
15220441
15118746
15054005
14969556
14909519
14803634
14744996
14671646
14592830
14501186
14449372
14376765
14325673
14264276
14217879
14157918
14113661
14055226
14009830
13946147
13902283
13839436
13776803
13689961
13636090
13577012
13509688
13404602
13328763
13251621
13188544
13089877
13026515
12933649
12865555
12773470
12690516
12611048
12525349
12441582
12335393
12226047
12151307
12042281
11967383
11875632
11810993
11727032
11661420
11576736
11505337
11431090
11358036
11268777
11208853
11124757
11058979
10989452
10940166
10878190
10824384
10761222
10709285
10629591
10563101
10473436
10405840
10317220
10225242
10144618
10074630
9998880
9936603
9867197
9814512
9750566
9692724
9619259
9535110
9438450
9377751
9263851
9180804
9099363
9028404
8920420
8845099
8746051
8651920
8553524
8475678
8377024
8291058
8181232
8083258
7950147
7859578
7780914
7711194
7636101
7566280
7495432
7417290
7319837
7238663
7166136
7104970
7022638
6972761
6902532
6855442
6787053
6738350
6671622
6623325
6549108
6497162
6417362
6358123
6275688
6216390
6152640
6082204
6000252
5886485
5766817
5674506
5569281
5504356
5421049
5352065
5270948
5194710
5074795
4996810
4913079
4831041
4739701
4671412
4576407
4511029
4423265
4350793
4248337
4165686
4054368
3945589
3828309
3750577
3666579
3586422
3514177
3455039
3379704
3322823
3258249
3195660
3107418
3052971
2987481
2920706
2847280
2792251
2711409
2636754
2526256
2462081
2390642
2312056
2244949
2164264
2047744
1989071
1905811
1841802
1750962
1686586
1591422
1506673
1419823
1349650
1265647
1211048
1134170
1067975
999427
943428
862931
802758
686436
596901
481089
392187
272406
16034477
15933926
15862640
15751367
15677866
15592276
15531339
15453547
15356825
15259382
15152659
15056159
14969817
14876778
14786251
14689659
14624385
14520337
14430004
14336172
14263334
14152091
14047150
13945769
13852209
13743172
13667884
13581762
13505693
13390765
13305583
13193013
13121177
13048186
12990522
12912497
12824152
12728379
12650026
12516895
12446469
12368276
12297222
12212041
12136681
12052650
11998585
11914307
11855127
11765127
11677096
11596625
11529795
11445971
11380438
11275821
11216690
11119625
11051633
10957622
10871281
10765232
10680310
10591743
10525673
10444645
10393336
10320819
10266655
10206153
10155437
10093755
10040266
9984457
9930740
9863653
9813824
9752699
9697412
9630086
9582817
9524702
9475092
9413460
9360228
9262533
9186670
9126675
9074605
9004395
8920717
8847574
8790086
8718940
8668723
8590772
8515014
8416227
8335445
8237457
8185717
8120742
8007901
7942015
7866434
7787015
7711357
7611483
7530145
7431311
7354590
7275011
7198722
7110321
7019251
6922871
6833615
6680442
6555690
6402236
6285444
6156237
6085414
6005311
5935059
5822556
5761880
5692946
5634126
5527118
5433628
5359166
5277264
5206307
5152926
5083739
5021233
4951536
4899800
4816732
4746588
4662155
4598434
4496596
4427808
4351151
4294423
4220032
4164135
4093093
4011759
3931676
3876388
3805993
3752144
3676064
3624044
3557370
3475261
3316170
3197916
3056860
2937571
2768463
2669644
2554525
2438064
2270695
2158883
2028012
1867941
1772105
1698003
1621729
1553189
1477360
1402170
1315079
1223959
1144181
1070107
992907
913277
831086
754669
671582
584826
484521
408633
323486
262874
187677
16046296
15944520
15879740
15793312
15722774
15639472
15572553
15497394
15436084
15368060
15287752
15181288
15107196
14999410
14927029
14857231
14789829
14721570
14632346
14546420
14463569
14388444
14350527
14283714
14233550
14134572
14062392
13891390
13788625
13691892
13626640
13531770
13468589
13385015
13302344
13209106
13148009
13072900
12991583
12925209
12858948
12792266
12739918
12677278
12628935
12563032
12512625
12447491
12382385
12303239
12229684
12164483
12117300
12052480
11989221
11886416
11793241
11688518
11528628
11416785
11309023
11181226
11108631
10995814
10916164
10813063
10740572
10638719
10570998
10481149
10386034
10291566
10231842
10155698
10093395
9998207
9922227
9836251
9770468
9689125
9626901
9567913
9514397
9456116
9401871
9346101
9292353
9232588
9168243
9087684
9006375
8944123
8899750
8836523
8795881
8738934
8679942
8613884
8542435
8477252
8427413
8367199
8323646
8261159
8208053
8120153
8044319
7971967
7919534
7822683
7723226
7612496
7513475
7402265
7333492
7245088
7151587
7043745
6969786
6893494
6823406
6718708
6634792
6522484
6447849
6376626
6313929
6238075
6180790
6123057
6053531
6006764
5961199
5907843
5860882
5801360
5744507
5655624
5585400
5525396
5471602
5387150
5327899
5251400
5194316
5112432
5052213
4978509
4909916
4819232
4748301
4634839
4536622
4449458
4374825
4295184
4230860
4169378
4115065
4051245
4006812
3950476
3909696
3847140
3805995
3746676
3698166
3613518
3551813
3484001
3432477
3370233
3305015
3222600
3166390
3087486
3027050
2957653
2859917
2773929
2702129
2601332
2526974
2457167
2401257
2313935
2256660
2197859
2143512
2068775
2021224
1964623
1908932
1843839
1794398
1726914
1673001
1604760
1553344
1492976
1446531
1386278
1336399
1267783
1201626
1114721
1050751
985558
931377
853580
803345
734582
681601
620397
569074
506778
449840
391845
325598
269557
223132
159209
16043204
15969301
15911897
15832006
15765551
15692514
15617714
15543817
15443807
15355026
15289501
15213416
15151320
15079585
15018276
14928837
14842369
14725948
14651452
14558738
14489539
14400461
14342588
14265192
14213295
14139145
14084226
14021609
13975970
13907457
13851613
13770849
13698928
13620141
13529153
13401317
13311742
13223658
13132605
13038114
12940101
12828305
12749155
12613315
12523982
12412292
12329056
12252582
12179927
12116408
12075453
12030233
11978542
11925801
11866764
11811757
11765597
11699518
11657888
11582006
11519262
11463721
11404622
11337546
11286413
11231099
11183554
11132754
11059784
10992290
10944760
10894030
10857171
10808983
10769299
10710677
10671703
10627008
10581357
10519870
10475286
10418475
10375768
10327746
10293546
10250979
10209913
10166381
10132136
10088386
10046916
10000638
9966636
9921952
9887142
9840504
9806729
9750270
9706867
9654064
9616408
9568112
9533260
9488517
9453256
9407306
9363563
9314723
9279888
9224813
9184489
9135987
9098678
9052527
9017972
8957002
8911453
8860263
8822024
8759964
8720354
8667941
8616749
8564595
8517797
8457786
8402228
8334749
8273311
8208409
8170121
8120068
8083246
8036413
7996734
7943152
7915581
7865029
7823324
7779607
7741940
7684359
7634501
7581780
7543881
7498836
7461164
7419061
7385855
7342478
7308597
7265702
7227235
7180554
7147086
7092006
7056679
7015040
6979425
6936052
6903073
6859945
6826556
6783792
6749590
6707385
6674179
6627067
6593236
6550447
6517052
6474422
6442949
6401124
6367690
6323514
6289602
6243093
6206403
6149284
6108404
6056098
6018286
5968706
5925174
5876156
5840754
5786073
5741141
5692414
5639689
5578269
5541072
5493348
5458297
5390386
5345357
5277675
5218855
5145931
5102005
5043607
4996122
4941606
4907297
4859110
4823975
4774620
4735552
4685913
4649982
4603607
4564068
4516023
4482782
4439962
4405425
4363789
4329828
4287104
4249887
4205034
4170513
4127359
4095862
4053827
4022000
3982469
3949783
3908969
3876561
3835959
3804762
3763207
3730889
3678523
3645118
3604387
3571211
3529492
3496240
3454012
3419655
3368039
3332684
3279703
3240433
3177375
3115056
3051235
2998206
2943395
2897147
2848838
2813097
2765166
2729021
2681876
2640256
2586706
2543207
2489977
2435304
2361814
2305575
2230675
2184457
2135774
2095094
2034167
1989992
1935689
1894543
1840073
1795883
1724786
1669719
1617788
1571599
1521383
1485075
1439349
1401196
1335933
1282711
1224285
1184096
1128932
1088231
1039842
1003128
957470
919680
853007
791890
717592
656594
573235
525424
468839
422905
369716
327148
269276
228639
178466
15939087
15844856
15740806
15699634
15645434
15597847
15543500
15494192
15430816
15392093
15340394
15295771
15241963
15201134
15121193
15081308
15032010
14992313
14940989
14897719
14842541
14800327
14748417
14705681
14654337
14609675
14561361
14516807
14464407
14418354
14369828
14330100
14278615
14236725
14180506
14138406
14088447
14045554
13993972
13950338
13903623
13865867
13814373
13775114
13725861
13682384
13633051
13563413
13505579
13467141
13410281
13363970
13312199
13265689
13203344
13159089
13103189
13055495
13001500
12953499
12901127
12857677
12795619
12757710
12700579
12622670
12574550
12536105
12485197
12442086
12392654
12352647
12294499
12253110
12195018
12151920
12106695
12068070
12021306
11983669
11934227
11895058
11847034
11807615
11753336
11712029
11664500
11623469
11569141
11532450
11473598
11426220
11383251
11340864
11296957
11254878
11168451
11124766
11078566
11041752
10997966
10958308
10900658
10851225
10789704
10740748
10692951
10646653
10594578
10554788
10491773
10453299
10394586
10339116
10280090
10224546
10175045
10136362
10078323
10035951
9986368
9950701
9898072
9861966
9812242
9769853
9728572
9688543
9625163
9585824
9535854
9494249
9445076
9405221
9353892
9309998
9257624
9210653
9163678
9124027
9074050
9032434
8981126
8936333
8887100
8843500
8798271
8759490
8709698
8668296
8617902
8576341
8527600
8485778
8439886
8389229
8337480
8288793
8226823
8177911
8125473
8076740
8026254
7980615
7929609
7885889
7833456
7789693
7723543
7678584
7624593
7581796
7527985
7485697
7431134
7389550
7342147
7287126
7204317
7158669
7112352
7075151
7022004
6976615
6930890
6895176
6849276
6805243
6756793
6716275
6670798
6635095
6581210
6543079
6496075
6452587
6400741
6360684
6315881
6276681
6220088
6174041
6125263
6081690
6027030
5987214
5937150
5890717
5836386
5795411
5743489
5704451
5656826
5610821
5556499
5516772
5471716
5427585
5378469
5337412
5282398
5229689
5176568
5136500
5082874
5043918
4998432
4955180
4900377
4861653
4815037
4778112
4726175
4687437
4641350
4598840
4553696
4514697
4472077
4422877
4374532
4334284
4282379
4228400
4180550
4137099
4084172
4039100
3977788
3942358
3891381
3849710
3793367
3749420
3694696
3649918
3603113
3561646
3511991
3472390
3423452
3382774
3331732
3292536
3191908
3156491
3121614
3090308
3053511
3022371
2985751
2954914
2918843
2884945
2847936
2814898
2778887
2744540
2701168
2668842
2632953
2603604
2564396
2527910
2486147
2448200
2406791
2375545
2332927
2295996
2244537
2193864
2148673
2100822
2054651
2013219
1938473
1888889
1836737
1791388
1745592
1697599
1642819
1581514
1540121
1500923
1462607
1428807
1384656
1352523
1313125
1277788
1239698
1208108
1167739
1136477
1099237
1065358
1028282
995223
957669
927731
890222
860005
821774
785760
746796
711146
666694
627505
588399
556637
517226
483678
446089
409825
362671
325560
284876
247671
211299
180013
16039062
15994932
15951371
15920520
15892211
15859594
15817717
15789196
15757619
15733057
15701685
15677148
15643641
15619062
15587820
15561914
15529661
15503643
15472213
15444588
15415616
15387342
15358131
15328371
15296650
15270950
15237468
15212743
15180914
15154538
15123763
15094883
15064849
15037468
15004726
14977337
14940063
14911602
14880873
14848225
14817028
14790391
14759494
14731597
14699668
14670286
14638533
14610369
14580566
14553441
14522528
14494598
14465619
14437987
14408338
14382507
14350472
14321146
14287282
14260446
14226724
14197222
14165330
14138115
14106168
14077841
14042801
14014428
13981183
13947344
13910099
13878350
13845151
13815059
13783684
13756250
13723331
13698207
13664868
13637150
13607682
13580361
13549267
13524277
13493823
13465928
13436300
13402530
13372762
13345851
13312540
13285951
13252317
13222838
13190311
13151721
13114333
13084688
13052562
13025359
12991641
12957387
12920597
12888964
12853570
12822320
12784753
12750764
12719516
12689415
12658337
12631052
12600807
12573007
12544652
12517183
12486478
12455085
12422680
12394666
12362955
12335777
12304415
12275802
12245527
12218243
12186679
12154174
12116045
12087212
12050895
12023451
11991421
11960833
11932039
11902654
11865756
11836124
11804189
11774741
11742172
11712873
11680211
11651795
11618603
11589885
11557639
11524663
11491736
11464078
11431944
11398662
11365838
11336338
11304970
11274826
11233141
11202164
11165182
11134753
11102305
11075509
11044028
11015050
10972320
10940722
10905273
10871741
10835770
10803154
10766842
10734255
10693750
10661310
10625292
10596484
10559365
10529401
10496516
10465509
10427903
10394388
10356870
10324242
10284956
10253673
10218238
10188912
10152908
10120053
10083742
10048418
10011606
9982400
9941063
9899022
9861387
9828863
9790781
9760176
9723529
9691747
9653245
9625554
9590387
9562274
9529303
9499230
9463803
9434077
9402039
9371999
9337594
9308167
9274848
9240791
9206863
9176402
9144480
9109202
9077860
9047347
9013790
8981172
8950018
8923691
8891752
8861121
8827354
8797761
8763648
8736534
8702843
8674368
8639525
8611249
8577250
8550356
8517195
8491209
8459022
8430238
8399007
8370672
8338385
8309387
8275057
8247368
8215135
8187148
8155106
8127665
8095220
8067119
8035792
8003754
7970317
7937604
7905685
7879211
7846497
7817570
7785741
7757741
7724519
7696239
7661635
7628109
7591014
7555113
7515440
7483245
7451117
7419820
7387852
7358723
7325757
7296526
7260925
7232488
7199434
7170345
7137660
7108587
7074510
7047681
7011999
6987202
6951598
6921903
6888297
6859328
6826523
6798360
6766266
6736983
6706466
6677247
6640123
6611473
6574249
6543616
6509782
6481166
6450510
6418903
6387024
6359825
6326913
6298036
6265167
6235763
6196685
6166450
6131611
6104837
6072301
6044871
6007684
5975970
5943878
5911693
5879394
5852873
5820786
5793032
5762411
5734481
5702350
5674941
5644951
5618728
5586869
5559845
5529703
5501987
5470902
5445080
5413525
5387209
5355413
5327523
5292890
5264988
5234628
5206532
5175091
5145615
5112686
5084675
5048890
5016114
4982413
4950789
4916203
4888935
4856701
4826569
4791888
4761780
4726534
4694876
4662517
4632256
4601988
4570925
4535951
4508261
4475967
4447817
4411859
4379174
4344704
4314549
4283063
4255659
4219590
4189888
4157432
4130872
4098560
4062730
4032311
4000940
3970924
3938060
3902181
3869036
3834486
3807675
3766497
3733254
3694285
3657561
3619459
3586118
3551846
3522331
3488802
3460984
3421386
3393427
3353224
3319634
3290346
3265531
3226410
3195098
3157960
3124081
3084432
3049192
3009703
2976217
2938278
2902029
2861596
2833185
2799742
2772818
2739989
2709000
2673694
2647264
2615925
2586946
2553698
2521254
2486502
2452038
2417543
2385319
2349633
2318596
2284997
2255467
2221655
2191476
2156444
2120606
2079737
2043686
2008399
1975026
1936010
1907084
1867076
1832394
1788813
1754330
1718367
1687282
1651127
1617762
1581257
1550405
1512971
1480968
1442266
1410850
1376961
1345163
1309401
1274891
1240113
1208511
1168307
1135618
1090070
1054451
1014513
982763
946844
913353
877855
844388
808465
778145
740461
709794
674127
641510
605397
571427
534863
501314
465494
434857
389352
356680
318178
280932
246393
16048420
15984875
15948292
15912613
15882164
15848894
15816860
15778531
15747196
15711216
15680542
15645128
15612952
15577715
15530804
15496841
15466689
15432512
15394056
15352628
15319334
15278412
15243004
15205785
15176017
15144838
15115413
15082174
15050774
15015007
14977928
14942792
14908009
14866877
14834221
14796344
14766117
14734030
14702832
14669804
14636954
14603639
14572756
14531886
14503761
14470150
14441795
14406890
14373693
14338260
14301516
14265466
14231816
14184639
14153389
14118240
14087207
14048179
14011390
13975349
13944302
13906987
13868367
13832813
13801203
13767928
13733537
13697516
13664646
13626399
13596169
13558693
13530234
13496476
13467105
13433213
13404627
13371853
13342446
13303652
13274638
13242610
13213361
13175647
13146986
13112098
13083785
13051445
13018550
12981719
12950773
12915292
12880873
12844278
12811596
12773801
12741643
12708931
12678412
12643787
12611402
12575379
12543706
12510739
12487343
12454422
12426682
12394211
12363652
12318910
12282409
12242651
12215019
12177860
12143023
12108367
12076649
12042782
12007933
11970620
11933143
11898627
11863941
11825293
11786592
11747988
11717887
11683508
11653549
11620128
11586233
11547918
11516314
11482058
11451029
11414156
11382474
11342315
11311927
11274871
11235278
11201539
11168078
11130615
11096516
11060154
11028610
10991230
10961191
10926843
10894166
10861175
10829294
10794192
10761756
10724216
10694137
10658549
10626447
10589308
10561007
10524756
10494012
10460920
10426138
10389742
10347364
10306112
10271438
10225893
10189627
10154145
10122030
10085165
10053087
10015448
9982215
9946288
9915291
9879848
9848492
9813736
9773803
9735452
9704904
9668894
9637974
9601070
9570058
9531812
9501561
9468407
9436841
9401977
9363763
9327876
9293635
9253261
9216214
9180820
9147694
9113559
9083802
9048088
9012998
8970373
8943116
8908065
8877382
8836598
8801673
8759770
8725692
8684390
8650775
8611793
8581873
8546145
8513661
8478926
8449603
8415344
8376307
8341552
8308452
8273039
8240814
8204454
8171322
8132494
8100512
8065631
8025693
7984757
7953202
7919692
7887372
7851443
7820549
7785624
7754189
7720057
7688438
7653385
7619096
7580345
7546637
7507514
7463611
7428175
7397770
7359776
7331538
7296348
7266132
7231910
7201286
7167293
7137136
7102801
7072005
7035714
7004033
6967823
6929427
6891387
6861554
6827962
6798132
6762017
6732158
6697216
6663992
6631376
6596831
6558268
6523360
6488641
6458614
6421334
6378861
6335144
6303688
6264762
6230334
6187897
6157727
6117734
6085126
6051830
6022098
5989568
5959443
5922716
5893133
5854613
5826119
5790999
5761615
5727194
5697367
5663593
5632543
5596795
5561304
5526526
5496739
5463560
5430756
5387785
5357115
5323056
5290933
5256270
5222717
5187700
5159141
5122056
5093900
5061091
5032546
5000394
4973148
4938159
4904504
4869846
4835900
4802530
4773737
4738170
4704541
4670917
4640745
4606477
4572975
4537241
4506048
4468480
4435336
4395847
4365266
4331510
4302445
4267773
4236810
4202132
4174945
4139900
4109100
4076907
4048731
4016101
3987026
3952797
3919885
3884301
3853481
3815180
3779637
3738943
3702312
3665359
3633027
3594182
3561527
3520587
3486666
3448815
3413353
3378736
3348802
3315727
3285942
3251261
3220921
3186300
3158021
3125910
3095808
3061821
3029126
2995868
2959330
2924925
2886572
2852482
2818567
2781335
2750946
2715805
2683638
2645528
2613889
2573461
2540026
2500427
2468719
2424275
2388517
2349564
2317896
2284534
2252480
2213822
2180641
2146756
2119454
2081351
2052918
2019365
1984783
1952645
1923065
1887226
1858883
1825533
1797448
1762577
1732847
1699569
1668475
1635963
1607652
1565731
1537556
1504849
1476986
1433346
1403338
1369711
1336050
1303872
1275065
1239894
1210972
1177645
1149644
1114512
1085561
1051505
1018008
985649
956589
913948
882145
848390
815419
781539
752270
713385
684577
651519
619559
583728
554819
521165
490677
456913
423869
388774
360329
328433
296441
263209
234079
16044119
15997088
15948022
15917883
15879826
15848824
15811767
15780058
15740249
15706377
15669913
15637639
15567099
15535806
15491596
15453696
15402618
15345553
15299688
15265560
15223334
15184798
15143259
15109208
15070552
15034333
14996658
14959256
14922037
14889698
14852076
14821957
14787212
14757164
14720305
14690255
14655184
14622984
14579694
14546499
14511389
14476223
14438887
14405275
14366647
14332078
14291252
14259755
14223673
14192829
14156495
14125121
14091342
14058431
14020456
13976836
13931115
13895934
13855522
13813712
13773060
13741741
13704459
13668398
13629890
13589525
13548950
13515978
13477895
13444972
13408471
13378691
13341374
13310244
13273630
13243644
13205948
13170355
13132300
13098486
13057404
13019640
12974846
12942197
12902620
12866650
12828697
12790218
12749408
12713896
12672498
12639779
12603218
12565133
12526328
12487470
12453625
12420916
12385252
12349546
12313121
12278387
12242875
12212583
12176826
12140770
12100441
12061677
12022296
11989101
11951679
11913491
11867115
11834717
11795487
11762002
11729655
11697703
11658728
11622365
11580144
11544098
11508264
11471779
11434906
11401562
11362014
11327922
11288682
11250530
11211226
11175199
11137740
11099828
11055038
11012307
10975751
10940058
10900529
10866183
10824183
10790065
10755120
10726375
10686831
10653468
10619837
10588377
10550715
10517620
10481796
10451693
10415420
10383241
10344152
10304131
10264503
10229224
10192478
10159293
10119228
10086936
10052722
9998255
9958116
9914689
9872911
9840119
9802059
9768791
9731235
9698860
9660662
9622131
9583734
9548110
9502555
9471995
9427418
9381688
9342673
9302375
9261497
9224685
9186696
9149707
9112063
9074926
9033003
8998961
8961964
8926877
8883812
8841285
8800014
8770432
8736657
8707240
8672098
8640461
8601317
8571994
8537396
8506909
8473145
8442236
8407941
8375844
8336282
8304767
8269366
8237876
8193499
8157094
8118723
8082166
8036312
7993251
7946637
7908237
7870291
7839640
7801989
7766197
7727694
7693848
7653583
7614392
7576533
7534221
7499641
7466851
7428229
7391810
7350764
7315935
7273970
7239897
7196854
7160997
7122711
7094979
7051363
7018060
6975163
6938770
6895956
6859991
6815830
6778916
6739798
6693715
6653748
6622441
6586618
6555412
6517852
6488368
6454592
6423798
6387589
6358257
6324619
6292389
6258018
6228623
6189610
6159100
6124354
6088430
6047628
6018103
5977143
5947486
5912983
5878438
5844186
5812116
5773565
5742295
5706349
5671086
5636967
5606120
5572004
5539368
5504647
5474773
5438265
5407510
5369051
5338850
5304511
5268746
5231884
5201467
5165604
5135194
5100449
5060528
5025489
4995049
4959993
4928407
4894143
4863179
4827583
4797292
4760726
4729266
4694659
4662784
4624878
4594745
4554948
4523878
4490346
4458934
4421031
4389903
4353999
4322962
4285906
4255196
4219355
4186126
4151408
4116803
4071592
4035458
3996551
3966180
3931216
3899923
3858672
3822510
3785229
3749687
3712180
3677804
3638584
3604853
3566548
3484434
3426125
3391328
3354655
3315165
3278162
3245751
3201857
3169255
3132828
3097448
3055214
3024281
2985461
2954864
2919341
2883729
2848158
2817919
2779293
2748227
2712290
2678370
2643610
2613338
2570285
2539014
2502929
2470329
2435254
2401748
2364067
2331828
2297753
2266381
2215275
2178549
2134058
2089823
2050969
2011827
1974003
1933710
1893188
1860744
1825741
1795916
1761010
1732759
1699533
1669395
1635621
1599600
1560198
1523653
1480877
1445624
1410202
1380257
1344090
1310153
1274553
1239413
1201355
1159300
1115793
1079580
1042872
1010811
976853
947500
910033
877196
840126
806687
769072
736274
696249
662922
618097
586995
550889
519246
481795
452014
416501
381341
344315
312670
274269
237331
16077091
16031808
15995982
