20411272,
6806026,
6958051,
7399749,
6067564,
6075867,
6236716,
6421587,
6257023,
6117131,
6043728,
6245432,
6260023,
6098894,
6192340,
6054877,
6210874,
6401452,
6392594,
6161056,
6143335,
6013038,
6117588,
6103059,
5779074,
6073697,
5564609,
5896313,
6202558,
5740267,
5856486,
5860398,
5992112,
5883536,
5896083,
6144023,
6055262,
5808414,
6197740,
5935966,
6029777,
6037409,
5718550,
6216427,
5953010,
5933345,
6054935,
6271266,
5903717,
6109690,
6179340,
5998650,
5898259,
6023965,
5897872,
5897014,
6158683,
5640215,
5672233,
5934888,
5755820,
5808099,
5796671,
6043539,
5748010,
5903204,
5861638,
5672105,
5942586,
5671200,
5824339,
6068796,
6003889,
5916589,
5763113,
5807542,
6097189,
6231194,
6165207,
5643924,
5768990,
5911559,
5923389,
5876579,
5981546,
5974649,
5733822,
5939021,
5896347,
5626906,
5995338,
5789024,
6003848,
5790967,
5823805,
5910185,
6192297,
5686655,
5859909,
6048711,
5579916,
5915442,
5884014,
5640693,
6039121,
5827812,
5908815,
6096738,
5936035,
5950299,
5890388,
5794464,
5795587,
6496059,
5894464,
5721870,
6069797,
5832680,
6072554,
5621359,
5879725,
5781421,
5638985,
5888840,
5835411,
5732811,
6204733,
6122397,
5807086,
5733035,
5888216,
5805498,
5779140,
5781055,
5669282,
5814329,
5804194,
5640255,
5871378,
5909869,
5990949,
5726542,
6061908,
6065241,
5783774,
5820823,
5812833,
5696247,
5773594,
19707949,
6088064,
5841813,
6087791,
5692448,
5908212,
5657392,
6025992,
6009912,
5818092,
5553092,
5538043,
5856071,
6536597,
5901813,
5884096,
5837838,
5869939,
6290109,
5909986,
5746415,
5765618,
5770924,
6031017,
5621019,
6030606,
6104270,
6225813,
5800424,
5616030,
5330526,
5555157,
5613703,
5761800,
5510291,
5585576,
5526638,
5923994,
5917249,
6037121,
5304230,
6111288,
5631124,
5686631,
5452440,
5838241,
5517015,
5898456,
5590552,
5691419,
5438506,
5678834,
5786530,
5707875,
5993655,
5673804,
5614673,
5992079,
5789730,
6131851,
5648389,
5911493,
5602661,
6103353,
5808887,
5562922,
5664984,
5943728,
5773171,
5662566,
5593766,
5770182,
5641109,
5913475,
5437048,
5835493,
5625931,
5795941,
5858053,
5875877,
5521867,
5956499,
6052429,
6372160,
5729094,
5853648,
6130530,
5568876,
5753767,
6301247,
5754431,
5638714,
5828013,
5755514,
5823447,
5653205,
5983395,
6082538,
5584036,
5544481,
5986305,
5840640,
5829035,
5693851,
5982550,
6042491,
6003736,
6139817,
5672522,
5515007,
5691971,
5586263,
5439393,
5865071,
5526580,
5498950,
5630376,
5667137,
5742419,
5803992,
5538471,
5555077,
5763696,
5783671,
5977306,
5447557,
5587726,
5721941,
5512456,
5482898,
5471645,
5741032,
5426814,
5534097,
5317913,
5445857,
5302043,
5723559,
5584746,
5764690,
5523603,
5774256,
6046388,
5777313,
5603495,
5816693,
5888003,
5660522,
5552192,
5869080,
5420441,
5656842,
5996556,
5384032,
5740207,
5974202,
5674951,
5516412,
5638589,
5382275,
5631359,
5643721,
5349431,
5607976,
5658058,
5516620,
5678694,
5718575,
5577474,
5691253,
5653036,
5585833,
5957219,
5652838,
5866139,
5647150,
5835173,
5954493,
5976015,
5767148,
5427599,
5794016,
5590967,
5761079,
5689559,
5599082,
5508279,
5587563,
5562852,
5287568,
5565206,
5490527,
5463977,
5191311,
5723470,
5441934,
5491311,
5347536,
5808279,
5019055,
8297286,
5237331,
5323721,
5660632,
5666273,
5530960,
5574906,
5751010,
5747725,
5702699,
5831763,
5836587,
5919850,
6013371,
5600396,
5734571,
6015509,
5751331,
5868846,
5982294,
5978179,
6150664,
5927468,
5836624,
6008725,
5654274,
5515583,
5784207,
5804014,
5842145,
5630137,
5533422,
5809638,
5788606,
5858170,
5756341,
5856538,
5558199,
5748218,
5755685,
5329262,
5845104,
5765128,
5825380,
6191823,
5788461,
6465087,
5851494,
5889393,
5747841,
5966786,
5944236,
5793082,
5812820,
5467242,
5576958,
5827653,
5727847,
5582767,
5974995,
5553050,
6016305,
5583383,
6110187,
5706565,
6326195,
5468746,
5679088,
5701957,
5497197,
5818300,
5693255,
5775891,
6049604,
5839280,
5718733,
5704645,
5622776,
5555306,
5689862,
5891951,
5877533,
5894297,
5721020,
5978976,
5826877,
5952829,
5489963,
5674393,
5699218,
5584181,
5487916,
5737073,
5439263,
5455088,
5730732,
5899266,
5693440,
5608996,
5626340,
5339272,
5753811,
5695763,
5728987,
5564892,
5644855,
5833101,
5612286,
5855990,
5776328,
6078569,
5749911,
6032528,
6448353,
5896560,
5826727,
5559179,
5486479,
5348290,
5962998,
5520520,
5602449,
5850053,
5659489,
5905939,
5867000,
5533213,
6113904,
5706578,
5984090,
5693028,
5616027,
5494161,
5749386,
5720300,
5556217,
5564644,
6114314,
5383247,
5528736,
5103484,
5375869,
5267795,
5182261,
5222047,
5203059,
5518331,
5382692,
5275672,
5688350,
5492725,
5251968,
5911610,
5552775,
5696799,
5569416,
5743312,
5524786,
5814844,
5739548,
6027122,
5881200,
5421095,
5917123,
5866040,
6153377,
5725464,
5980020,
5840886,
5853186,
5813367,
5664655,
5960646,
6100266,
5934042,
6013697,
5926652,
5969489,
5661306,
6130187,
5999242,
5917935,
5706067,
5895836,
5794141,
5909304,
5751813,
5678342,
5595590,
5895253,
5955692,
5693615,
5716759,
5635265,
5791370,
6435532,
5760709,
5992678,
5742927,
5792564,
5597839,
5963090,
5968961,
5853881,
5586163,
5686606,
5693032,
5882264,
5966680,
6219992,
5802469,
5908040,
5995714,
5998733,
5855436,
5788132,
5633416,
5743375,
5855742,
5623742,
5715339,
5994795,
5818361,
5733839,
5913303,
5695522,
6062227,
5822130,
5576201,
5703496,
5737532,
5714989,
5646082,
6072599,
5649183,
5767281,
5775136,
5660182,
5871533,
5803831,
5542846,
6047742,
5746297,
6036461,
5818603,
5698998,
5709446,
5750954,
5630573,
6098466,
5870301,
5527116,
5732863,
5678179,
5749012,
5994767,
5751142,
6025392,
5839342,
5773864,
5844144,
5952523,
6125379,
5766824,
5841550,
5853897,
5756768,
5914266,
5755753,
5668864,
6003712,
5816891,
5631415,
6051706,
5733102,
5592131,
5726772,
5918093,
5609245,
5671866,
5833750,
5918030,
5749489,
5788901,
5906369,
5959729,
5753251,
5875080,
6151905,
5801112,
5784500,
5709595,
6030889,
5662454,
5769374,
5841086,
5745918,
6140898,
6124575,
5615619,
5604242,
5827001,
5810711,
5540550,
5897474,
5844329,
6101548,
5826113,
5414610,
5635213,
5691868,
5916906,
5838721,
5890670,
5906763,
5479981,
5941002,
5939766,
5619272,
5714255,
5686521,
5990482,
5644331,
5918063,
5684939,
6016469,
5702094,
5470641,
6174605,
5778726,
5915469,
5755624,
5912688,
5495080,
5773044,
5820796,
5823751,
6443022,
5745435,
5863999,
5878213,
6041872,
5880030,
5897003,
5761050,
5473764,
6539341,
5929115,
5807640,
6034349,
6186188,
5398068,
5761446,
5917045,
5891206,
5760774,
5613124,
5974529,
5785284,
5881389,
5858203,
5650151,
6055118,
5530837,
5988825,
5798760,
5811881,
6012145,
5539786,
5762772,
5800497,
6018478,
5512537,
5944886,
5729864,
5921323,
5713422,
5731232,
5930527,
5684300,
5713759,
5813864,
5811216,
6002241,
5729034,
5823317,
5642752,
5886903,
5865303,
5667584,
5562163,
5831069,
6084630,
5802061,
5991395,
5955395,
5888356,
5960263,
5844022,
5756627,
6057599,
5616491,
6194530,
5922366,
5539277,
6012322,
5713335,
5897519,
5599961,
6053534,
5727030,
6040115,
5641084,
5929267,
5837741,
5717856,
5571339,
6055128,
5804863,
5742728,
6180243,
5884477,
5667488,
5965958,
5897483,
5812564,
5682421,
5659938,
6023015,
5792507,
5658067,
5720321,
5830529,
5719413,
5737139,
5555788,
5737235,
5845537,
5852896,
5795907,
5657742,
5508559,
6011452,
5792471,
5707638,
6095474,
5690251,
6008525,
5920218,
6224613,
6001238,
5920362,
6052829,
5815760,
5923816,
6076122,
5724300,
6128158,
5591742,
5840774,
6105100,
5930128,
5569019,
6019231,
5805858,
5989030,
5766747,
5633382,
5883769,
6039218,
5908375,
5858127,
5627146,
5917986,
5753979,
5880671,
5922449,
5969869,
5864918,
5721807,
12218114,
5744563,
6100622,
5921559,
5811316,
5769509,
5604691,
5603953,
5543630,
6067224,
5890049,
5652798,
5793071,
5731803,
5749590,
6608542,
5781499,
5843496,
5870141,
5897177,
5857835,
5534528,
5710209,
5848336,
5576136,
5595220,
5791767,
5431962,
5668164,
5593732,
5913007,
5581895,
5957522,
6042583,
5944162,
5593049,
5633175,
5551541,
5645769,
5372999,
5292216,
5605657,
5690726,
5640348,
5505827,
5261464,
5099112,
5546355,
5602421,
5696394,
5382340,
5516873,
5391798,
5690110,
5574893,
5636190,
5560030,
5566901,
6316895,
5918604,
5713919,
5762465,
5632180,
5823194,
5796704,
5534039,
5349715,
5650493,
5511556,
5707068,
5484054,
5382415,
5538045,
6185647,
5670458,
5617197,
5445183,
5515746,
6199690,
5659598,
5604546,
5865746,
5736690,
5756981,
5636595,
5292126,
5206973,
5651807,
5622225,
5300517,
5738821,
5585286,
5925146,
5829953,
5795811,
5682871,
5880259,
5861517,
5819638,
5637069,
5775296,
5805391,
5907154,
5719875,
5806944,
5952182,
5779884,
5851547,
5571213,
5810974,
5582881,
5931723,
6047944,
5931418,
5590570,
5908128,
5754717,
5932312,
5797578,
5650665,
5814888,
6045509,
5828757,
5640108,
5658173,
6039701,
6017510,
5701904,
5777412,
5649321,
5743485,
5779407,
5852573,
5845733,
5599602,
5799283,
5773498,
6006681,
5658308,
5679958,
5760460,
5931056,
5580196,
6004645,
5928952,
5843867,
5552451,
5645437,
5472472,
5582082,
5545359,
5772708,
5562109,
5796086,
5596910,
5776845,
5608145,
5650294,
5578753,
5691956,
6173995,
5705927,
5599949,
6104533,
5786889,
5392190,
5470630,
5557976,
5429133,
5599562,
7575188,
5650168,
5328531,
5065995,
5356012,
5536335,
5518925,
5581606,
5631793,
5762406,
5540361,
5653849,
5416796,
5410263,
5571483,
5728531,
5654037,
5384027,
6035060,
5235858,
5457245,
5269309,
5588442,
5617983,
5492913,
5631517,
5468204,
5454557,
5396490,
5901764,
5724804,
5757801,
5509750,
5720426,
5824185,
5745440,
5877706,
5867877,
5668276,
5745096,
6058004,
5478740,
5437797,
5757792,
5439921,
5724972,
5507841,
5801741,
5705652,
5849804,
5878375,
5817267,
5615559,
5794460,
5640065,
5880056,
5721144,
5985659,
5496895,
5823773,
5660453,
5964895,
5741950,
5721107,
5882893,
6090147,
5581579,
5809160,
5594856,
5687712,
5606553,
5873857,
5963613,
5703740,
5408377,
5523440,
5605014,
5484866,
5804594,
5602822,
5638517,
5772308,
5571020,
5675538,
5813593,
5739888,
5567817,
5870333,
5576119,
5980848,
5830270,
5830746,
5867768,
5886216,
5680403,
5939223,
5580849,
5793841,
5823998,
5904692,
5734064,
5618810,
5921207,
5459284,
5576305,
5612522,
5863934,
5645199,
5718514,
5523650,
5868217,
5496037,
5705965,
5735711,
5847027,
5750812,
6004559,
6114921,
5376713,
5483772,
5761000,
6222164,
5445007,
5428169,
5393448,
5068201,
5216139,
5334229,
5383580,
5301772,
5388261,
5039589,
5531704,
5647212,
5476332,
5335754,
5468584,
5539646,
5370071,
5645795,
5528898,
5484141,
5593748,
5551961,
5498930,
5472718,
5526296,
5608619,
5514284,
5676219,
5399480,
5791724,
5609013,
5856607,
5874260,
5743772,
5778591,
5543616,
5789450,
5769601,
5823840,
5391561,
5550318,
5715263,
5596715,
5559294,
5800974,
5611376,
5733874,
5439134,
5653328,
5717461,
5836916,
5397246,
5361916,
5355944,
5527641,
5672156,
5358698,
5656987,
6059543,
5769508,
5629909,
5621188,
5677243,
5524391,
5740227,
5267138,
5509396,
5699138,
5442137,
5899112,
5303661,
5620992,
5734764,
5991782,
5433641,
5780663,
5442444,
5891309,
5810940,
5677716,
5795168,
5642660,
5622614,
5568603,
5596172,
5867054,
5606818,
5594115,
5378563,
5590915,
5476890,
5838136,
5360389,
5675468,
5671712,
5752174,
5512857,
5659445,
5705451,
5673038,
5459968,
5661051,
5306783,
5756797,
5626432,
5835178,
5322913,
5517408,
5505745,
5721381,
5601420,
5651951,
5307761,
5466260,
5740408,
5751041,
5461634,
5457136,
5405222,
5785327,
5601597,
5697107,
5746848,
5810570,
5835474,
5623171,
5874114,
5694666,
5625828,
5771714,
5553940,
5694582,
5959724,
5383841,
5576712,
5607442,
5768387,
5562845,
5788750,
5686353,
5748529,
5571557,
5554170,
5310079,
5666271,
5666385,
5658089,
5577869,
5899289,
5571783,
5420111,
5477784,
5682471,
5221147,
5446421,
5406075,
5612944,
5450702,
5929142,
5362825,
5372011,
5373523,
5753188,
5621556,
5544425,
5497786,
5636142,
5762473,
5535205,
5703261,
5431649,
5801864,
5716609,
5548037,
5345276,
5526035,
5372927,
5160932,
5400925,
5326304,
5281085,
5361511,
5271955,
5469210,
5125033,
5619014,
5284666,
5859316,
5150730,
5865253,
5603230,
5535443,
5710601,
5716842,
5920086,
5983590,
5946520,
5684544,
5793247,
5848798,
5476173,
5832226,
5640801,
5569809,
6324619,
5486593,
5517366,
5829910,
5836210,
5484303,
5765270,
5915640,
5682248,
5580049,
5375062,
5607283,
5650141,
5732876,
5446313,
5356747,
5559905,
5365215,
5626099,
5549214,
5551800,
5502666,
5591375,
5375571,
5936015,
5464585,
5604751,
5500468,
5617362,
5499449,
5865160,
5747627,
5763251,
6698088,
5948640,
5861674,
5508444,
5804040,
5476063,
5497149,
5513293,
5792188,
5655573,
5570774,
5377062,
5694685,
5432180,
5580467,
5444322,
5247639,
5684917,
5662574,
5436998,
5672724,
5458669,
5496035,
5527315,
5547756,
5889952,
5528057,
5745984,
5655032,
5290117,
5666985,
5167386,
5614083,
5679581,
5660045,
5664025,
5362528,
5480927,
5691745,
5533617,
5680425,
5715051,
5698521,
5648240,
5475633,
5876291,
5410379,
5737861,
5547686,
5964192,
5602259,
5411661,
5829220,
5876446,
5690902,
5612779,
5508084,
5336798,
5736638,
5602409,
5410508,
5679466,
5997685,
5911216,
5318308,
5537867,
5609962,
5424768,
5632359,
5701817,
5188359,
5639046,
5642375,
5500346,
5401721,
5649948,
5360126,
5824346,
5538656,
5623515,
5480644,
5523870,
5368209,
5545294,
5408388,
5999605,
5985248,
5379185,
5828366,
5748889,
5818311,
5506350,
5705111,
5645769,
5763990,
5525113,
5680561,
5465716,
5613169,
5411427,
5618530,
5555665,
5638142,
5474970,
5493313,
5588566,
5702291,
5710838,
5852484,
5461355,
5620678,
5461734,
5730984,
5722340,
5502354,
5367691,
5242073,
5657139,
5495745,
5430574,
5579347,
5469344,
5298454,
5507650,
5716438,
6246467,
5647584,
5557723,
5579912,
5380488,
5540169,
5849455,
5535046,
5422127,
5624132,
6015970,
5229701,
5381723,
5781581,
5370219,
5558981,
5625895,
5638998,
5597668,
5547712,
5712963,
5357412,
5624898,
5556680,
5441290,
5944719,
5649795,
5674246,
5427316,
5480605,
5453248,
5883396,
5769504,
5758201,
5490162,
5606169,
5890940,
5381511,
5485010,
5427094,
5523042,
5676466,
5752539,
5552200,
5536629,
5773045,
5536153,
5744420,
5690698,
5626688,
5830684,
5255615,
5451530,
5493494,
5763305,
5250932,
5309897,
5579706,
5582140,
5679169,
5608131,
5271296,
5375141,
5898209,
5709701,
5364408,
5671498,
6148283,
5520416,
5578412,
5646538,
5556916,
5605098,
5618520,
5812577,
5344534,
5305377,
5366061,
5471980,
5685769,
5750941,
5679291,
5425387,
5652797,
5598776,
5612186,
5447333,
5175472,
5725335,
5801760,
5461970,
5663098,
5774565,
5437371,
6220589,
5571880,
5411703,
5365849,
5190036,
5819547,
5643478,
5334445,
5517906,
5785898,
5120393,
5596046,
5886646,
5452030,
5712292,
5873834,
5449321,
5798614,
5294459,
5353004,
5546580,
5659066,
5635979,
5422037,
5886272,
5645413,
5641209,
5442377,
5353162,
5770550,
5649825,
5553080,
5930915,
5820290,
5620475,
5625826,
5596560,
5766445,
5497173,
5588496,
5451193,
5693164,
5323528,
5660069,
5713772,
5563311,
5832410,
5764737,
5639957,
5837278,
5628955,
5616692,
5817299,
5940923,
5644815,
5913119,
5446872,
5371208,
5508891,
5876389,
5708481,
5604292,
5526827,
5387688,
5525830,
5357281,
5621962,
5570777,
5573501,
5288556,
5441778,
5590563,
5592521,
5514427,
5456331,
5651639,
5521743,
5615399,
5563196,
5559563,
5651936,
5769421,
5647407,
5474213,
5608593,
5169259,
5559735,
5262450,
5650521,
5538660,
5736678,
5486947,
5284622,
5656154,
5572726,
5247816,
5449657,
5310121,
5677882,
5296004,
5448476,
5468200,
5294165,
5145663,
5154246,
5131393,
5552295,
5542083,
5293630,
5498810,
5732877,
5583126,
5685715,
5435242,
5516226,
5614396,
5718759,
5536577,
5369004,
5489177,
5705335,
5371698,
5488043,
5556563,
5842637,
5761126,
5676167,
5677143,
5253413,
5728165,
5640124,
5244474,
5589505,
5471827,
5472014,
5441683,
5718060,
5212149,
5468232,
5940264,
5442704,
5572360,
5476986,
5418809,
5603353,
6037680,
5287448,
5408792,
5615005,
5724765,
5533036,
5797449,
5414068,
5502062,
5832682,
5549173,
5576015,
5902596,
5544316,
5672552,
5469306,
5493597,
5626258,
5901419,
5572896,
5385516,
5437734,
5718709,
5546355,
5613129,
5795370,
5855041,
5839776,
5653662,
5654455,
5563786,
5487678,
5585221,
5855668,
5497574,
5540710,
5483668,
5476035,
5620612,
5698112,
5639001,
5481487,
6032421,
5661038,
5356470,
5327541,
5340592,
5471357,
5734790,
5375301,
5190345,
5443163,
5277825,
5179522,
5058426,
5395217,
5360372,
5138126,
5036297,
5242575,
5189284,
5029785,
5409788,
5287843,
5363255,
5548094,
5438128,
5455849,
5307805,
5346752,
5731217,
17579376,
5025205,
4903213,
5054919,
5041523,
5276316,
5023754,
5428580,
5673826,
5931362,
5526510,
5519457,
5454063,
5217916,
5455403,
5366952,
5339858,
5748938,
5027354,
5584324,
5704692,
5811317,
5737398,
5999421,
5586185,
5592107,
5390067,
5757514,
5300585,
5709261,
5566022,
5563987,
5887145,
5565400,
5445131,
5667492,
5653015,
5485032,
5606019,
5509080,
5359228,
5741111,
5483645,
5231908,
5316216,
5280319,
5588830,
5811888,
5529262,
5446190,
5549514,
5965092,
5765715,
5797774,
6062555,
5728425,
5437648,
5705659,
5682170,
5789154,
5563275,
5886520,
5914506,
5427467,
5856946,
5740559,
5685598,
5623945,
5843214,
5556543,
5560190,
5797314,
5504256,
5542046,
5614916,
5671352,
5745588,
5550857,
5567396,
5385584,
5727280,
5644511,
5889269,
5403375,
5527745,
5448313,
5701200,
6154470,
5373104,
5732317,
5657451,
5694046,
5634376,
5809015,
5586981,
5777112,
5678051,
5697066,
5853396,
5467588,
5728304,
5535400,
5382788,
5832240,
5844417,
5522750,
5444697,
5814828,
5540290,
5547975,
5501204,
5483231,
5200996,
5718040,
5365608,
5648549,
5415817,
5699461,
5619256,
5693938,
5598396,
5621831,
5723505,
5158603,
5762062,
5589359,
5676732,
5560387,
5867421,
5736636,
5532833,
5761001,
5430871,
5547817,
5682066,
5978668,
5297740,
5698945,
5703055,
5224214,
5736730,
5075912,
5197439,
5179478,
5090678,
5570743,
5360643,
5719501,
5568418,
5688695,
5054051,
5680442,
5550292,
5741314,
5690049,
5934850,
5497920,
5836666,
5459567,
5580410,
5519240,
5383933,
5719847,
5594218,
5543276,
5437086,
5624525,
5326958,
5673687,
5586769,
5575406,
5328958,
5502657,
5791416,
5636190,
5729743,
5761484,
5662726,
5523448,
5385311,
5617534,
5637476,
5482869,
5631377,
5707388,
5646112,
5152700,
5419354,
5469698,
5536878,
5462044,
5718108,
5638518,
5538231,
5893632,
5355271,
5765015,
6026338,
5689309,
5595839,
5478368,
5459407,
5590383,
5716328,
5875630,
5559889,
7250793,
5249997,
5141649,
5178723,
5019431,
5233333,
5195654,
5426954,
5554071,
5421929,
5280295,
5513370,
5964220,
5412906,
5381892,
5303998,
5498899,
5619035,
5505244,
5465364,
5659195,
5398619,
5788121,
5625479,
5348539,
5411738,
5458321,
5674238,
5414748,
5366997,
5451658,
5695188,
5606322,
5364855,
5881777,
5745575,
5797391,
5478714,
5758552,
5748134,
5344495,
5577876,
5861667,
5918665,
5434294,
5842876,
5544625,
5386039,
5709085,
5416530,
5630735,
5605389,
5444386,
5726535,
5241772,
5369723,
5451696,
5693866,
5809816,
5621506,
5379552,
5568076,
5445116,
5736854,
5538766,
5474817,
5878954,
5449697,
5662230,
5601206,
5721290,
5518521,
5420650,
5743197,
5491937,
5377509,
5406800,
5422248,
5553276,
5396271,
5217861,
5527024,
5622225,
5446437,
5788938,
5785482,
5432457,
5655127,
5606983,
5420704,
5605421,
5391024,
5647820,
5579481,
5555283,
5514710,
5378233,
5595886,
5394905,
5327183,
5639999,
5462215,
5500787,
5669123,
5649959,
5541558,
5634012,
5854988,
5512774,
5544151,
5685920,
5811424,
5609490,
5807071,
5760280,
5448853,
5541509,
5368808,
5533883,
5752030,
5652854,
5422232,
5534144,
5628099,
5692926,
5864950,
5632145,
5448170,
5820950,
5894603,
5944942,
5696411,
5738841,
5791154,
5559936,
5835674,
5621316,
5834501,
5660841,
5966745,
5810777,
5940458,
5690271,
5776608,
5791914,
6155531,
5460490,
6067468,
5711574,
5765554,
5812934,
5409331,
5813455,
5623255,
5495753,
5532494,
5894764,
5749325,
5935589,
5653523,
5816211,
5823662,
5608346,
5540971,
5519100,
5830743,
5548842,
6065415,
5827464,
5869786,
5726402,
5978712,
5599131,
5487045,
5682587,
5652268,
5849521,
5776913,
5654129,
5595907,
5673062,
5514788,
5612243,
5535693,
5824842,
5678087,
5910075,
5709254,
5701210,
5973875,
5795497,
5801474,
5763198,
5803214,
5664630,
6065870,
5922609,
5570218,
5797143,
5635365,
5691081,
5854848,
5584148,
5490299,
5853394,
5912824,
5554848,
5705677,
5780674,
5862773,
5715009,
6523216,
5910332,
5793560,
5660613,
5834923,
6109953,
5623422,
5744138,
5874219,
5630420,
5922565,
5823241,
5663430,
5789320,
5855149,
5633430,
5683869,
5869409,
5789097,
5687201,
5785734,
5581241,
5862704,
5548657,
6498428,
5605316,
5502667,
5642012,
5594305,
5625023,
5489593,
5590201,
5910197,
5554973,
5835190,
5779284,
5769801,
5669465,
5958142,
5982856,
5684388,
5665830,
6080787,
5646372,
5577902,
5576379,
5659469,
5768385,
5693431,
5844950,
5876366,
5951098,
5751229,
5795766,
5615869,
5822714,
5812273,
5633402,
5649602,
5669282,
5656981,
5982379,
5580331,
5648396,
5618259,
5771003,
5666193,
5660052,
5766264,
5754901,
5794001,
5743586,
5744787,
5991169,
5697396,
5988342,
5855725,
5802951,
5825983,
5482248,
5941020,
5563556,
5967120,
5654562,
5882269,
5727109,
5887384,
5851732,
5712088,
5944240,
6145087,
5682066,
5752959,
5788269,
5536384,
5740615,
5436832,
5644307,
5737201,
5657501,
5828913,
5597197,
5638044,
5736820,
5526917,
5934231,
5712304,
5729565,
5566135,
5582705,
5848324,
5743684,
5842814,
5553209,
5709716,
5686719,
5625836,
5776771,
5495096,
5568188,
6010156,
5665808,
5936008,
5592625,
5706448,
5562472,
5877567,
5620715,
5778704,
5713101,
5547133,
5641516,
5816923,
5655210,
5621526,
5872933,
5804924,
5825314,
5808680,
5527525,
5701496,
6241403,
5604320,
5683546,
5690754,
5871745,
5625429,
5395363,
5740271,
5716819,
5756439,
5651902,
5780644,
5615138,
5655932,
5673705,
5768601,
5990813,
5631972,
5705858,
5549851,
5571875,
5775140,
5493108,
5985951,
5460023,
6048474,
5382262,
5569052,
5568702,
5583200,
5587209,
5573776,
5785605,
5547720,
5812504,
5677025,
5547317,
5781917,
5525562,
5768801,
5839837,
5710412,
5513322,
5911872,
5702279,
5731408,
5658413,
5741208,
5487491,
6181420,
5909021,
5716713,
5806801,
5775893,
5422242,
5517569,
5683969,
5709582,
5530110,
5453991,
5546625,
5556275,
5756913,
5699524,
5518470,
5601176,
5814680,
5640153,
5549676,
5411989,
5761951,
5579099,
5604166,
5891897,
5921086,
5932643,
5716455,
5752321,
5627649,
5590078,
5893952,
5837331,
5703037,
5650548,
5636339,
5887973,
5840050,
5750050,
5863609,
5767730,
5690373,
5970912,
5658848,
5772922,
5764890,
6384524,
5840127,
5733404,
5474946,
5696406,
5402579,
5339167,
5521987,
5700016,
5819932,
5391528,
5404097,
5729743,
5734692,
6267852,
5708642,
5793591,
5809957,
5700369,
5684881,
5734527,
5996773,
5777578,
5852669,
5711916,
5631255,
5861663,
5460431,
5638163,
5554325,
5925524,
5608423,
5796709,
5459487,
5815841,
5783377,
5650745,
5822657,
5782604,
5557755,
5767623,
5787838,
5671690,
5669157,
5541172,
5414733,
5786449,
5757747,
5701219,
5556118,
5576547,
5649461,
5550222,
5813784,
5820689,
5789440,
5661528,
5380850,
5569786,
6559456,
5735501,
5670227,
5625326,
5652705,
5824141,
5833349,
5714383,
5939832,
5862969,
5743031,
5661329,
5625409,
5699589,
5691088,
5761037,
5831715,
5811381,
5416962,
5738650,
5719762,
5846079,
5741962,
5719535,
5626165,
5717173,
5663726,
5368042,
6025089,
5677209,
5533039,
5698688,
5680748,
5609989,
5527566,
5726554,
5534679,
5678411,
5491534,
5561120,
5909917,
5563104,
5625923,
5517946,
5657009,
5611975,
5483074,
5662649,
5589730,
5646829,
5545036,
5725407,
5707184,
5530821,
5555553,
5434761,
5390088,
5784881,
5337911,
5506152,
5622563,
5525489,
5708124,
5552739,
5416568,
5324585,
5218024,
5640214,
5372209,
5603504,
5560217,
5315675,
5612823,
5576782,
5672954,
5596123,
5361579,
5439147,
5524425,
5639028,
5654594,
5666727,
6232336,
5580912,
5941078,
5703594,
5306941,
5741690,
5742672,
5394487,
5460624,
5441460,
5529498,
5476407,
5601793,
5743750,
5483709,
5615786,
5633790,
5825389,
5517363,
5613708,
5755159,
5741829,
5638765,
5469002,
5499061,
5716669,
5652102,
5609661,
5781278,
5736997,
5545632,
5705428,
5799461,
5647702,
5536577,
5640049,
5790529,
5509184,
5727184,
5537622,
5823114,
5684778,
5610181,
5792955,
5363471,
5637083,
5723746,
5577773,
5662094,
5879490,
5874684,
6138101,
5771492,
5943296,
5722728,
5764208,
5845117,
5445811,
6046834,
5819420,
5644605,
5827197,
5719154,
5806697,
6120311,
5781544,
5742165,
5567949,
5557990,
5675455,
5581349,
5959200,
5940879,
5740935,
5852514,
5721397,
5922470,
5820508,
5407004,
5990430,
5483540,
5651719,
5698527,
5703505,
5554267,
5585361,
5751553,
5573856,
5993665,
5535979,
5617744,
5655015,
5568238,
5558979,
5517867,
5720305,
5625053,
5380398,
5799590,
5826111,
5680882,
5707516,
5838929,
5554051,
5445360,
5237829,
4931428,
5335470,
5172724,
5340906,
5442293,
5356601,
5468066,
5249231,
5801926,
5346645,
5294736,
5225234,
5558250,
5623783,
5723804,
5549922,
5829170,
5819677,
5885436,
5572326,
5518263,
5707085,
5491518,
5811131,
5376201,
5534467,
5514797,
5738359,
5576166,
5605093,
5903660,
5493707,
5584433,
5627478,
5644499,
5839870,
5736013,
5843429,
5700151,
5699964,
5758268,
5421426,
5518760,
5550753,
5437919,
5848904,
5930985,
5721211,
5533734,
5835570,
5629406,
5828719,
5512983,
5875854,
5709012,
5697208,
5609076,
5766875,
5542074,
10720426,
5685568,
5648961,
5654778,
6072941,
5806930,
5669561,
5855764,
5567582,
5911513,
5564032,
5842243,
5780073,
5667026,
5774701,
5572995,
5579369,
5372910,
5577560,
6448343,
5722568,
5562638,
5883375,
5646515,
5534182,
5608207,
5550663,
5695798,
5382484,
5854169,
5797591,
5748220,
5687694,
5776516,
5968249,
5797788,
5793141,
5776380,
5572264,
5698398,
5790716,
5673412,
5949014,
5589459,
5750978,
5853236,
5930777,
5517316,
5679051,
5431139,
5839496,
5591998,
5968246,
5928321,
5629156,
5718722,
5859676,
5417247,
5725225,
5659470,
5637367,
5454292,
5816047,
5841338,
5586249,
6239613,
5901179,
5675708,
6459611,
5768467,
5655503,
5621781,
5676335,
5770622,
5497536,
5938106,
5807124,
5567895,
5400661,
5625896,
5384362,
5285899,
5630451,
5413421,
5503764,
5408122,
5511927,
5504604,
5758971,
5632779,
5443406,
6077986,
5407881,
5155281,
5506693,
5666482,
5433491,
5514559,
5520040,
5800567,
5559359,
5513137,
5729075,
5282175,
5436027,
5501792,
5664323,
5650572,
5814410,
5744842,
5520235,
5499610,
5652550,
5783424,
5549678,
5618751,
5636515,
5524165,
5468645,
5433154,
5460572,
5423387,
5548408,
5877497,
5572608,
5559804,
5885520,
5567394,
5614196,
5497106,
5501683,
5434745,
5718475,
5893181,
5669993,
5670865,
5276711,
5710154,
5361500,
5555220,
5180097,
5410587,
5193985,
5066187,
5192971,
5478522,
5430470,
5360044,
5301515,
5476325,
5404081,
5704496,
5364189,
5514898,
5609088,
5461593,
5523230,
5673114,
5478680,
5638815,
5347479,
5613518,
5587856,
5525980,
5619735,
5734954,
5817077,
5569379,
5488251,
5711540,
5652933,
6030174,
5869996,
5610405,
6087182,
5400073,
5615382,
5632650,
5531440,
5735922,
5574694,
5932317,
5862427,
5586023,
5610924,
5620782,
5527987,
5513215,
5689267,
5597345,
5605955,
5837211,
5606199,
5268949,
5649922,
5420247,
5834171,
5743642,
5596815,
5786517,
5960302,
5541759,
5613252,
5402351,
5723605,
5607189,
5796010,
5562836,
5556812,
5664563,
6315595,
5693585,
5723028,
5791524,
5419766,
5690732,
5348967,
5701223,
5560257,
5454782,
5704906,
5450412,
5423625,
5618989,
5436199,
5535788,
5945743,
5652161,
5503261,
5336716,
5878139,
5669765,
5380759,
5715132,
5842349,
5294302,
5667836,
5452438,
5551136,
5580022,
5753747,
5615342,
5725854,
5478739,
5673815,
5821805,
5883333,
7756948,
5648874,
5536100,
5754185,
5506400,
5683668,
5837460,
5614265,
5464294,
5593841,
5854215,
5778644,
5619200,
5472171,
5592843,
5803761,
5942989,
5684669,
5679194,
5869959,
5843558,
5817201,
5676678,
6068155,
5888933,
5699335,
5852294,
5593628,
5648026,
5810491,
5853527,
5836484,
5785593,
5725224,
5774220,
5705694,
5648242,
5755462,
5772677,
5777254,
5793508,
5633839,
5620660,
5833677,
5933440,
5772277,
5561320,
5678946,
5849339,
5972320,
5673364,
5499783,
5526190,
5686615,
5770434,
5583786,
5744597,
5776874,
5767164,
5663463,
5755518,
5850253,
5751363,
5885936,
5869433,
5805340,
5838782,
6064874,
5563206,
5595191,
5660236,
5895169,
5773614,
5602383,
5819505,
5575165,
5814753,
5637885,
5793065,
5654373,
5564519,
5802886,
5729524,
5691084,
5664397,
5762044,
5909412,
5988263,
5857417,
5560079,
5744876,
5412797,
5412281,
5395817,
5461920,
5474375,
6135881,
5601560,
5563580,
5772687,
5640074,
5588092,
5895711,
5815031,
5642025,
5764037,
6027201,
5682316,
5861269,
5930212,
5648755,
5899666,
6151970,
5743218,
5879988,
6136777,
5851116,
5721645,
5695551,
5811875,
5719640,
6055277,
5641425,
5691891,
6000452,
5733912,
5836190,
5912375,
5718815,
5533458,
5718858,
5633374,
5909940,
5721331,
5581284,
5879017,
5779615,
5586776,
5827177,
5658763,
5675932,
6039951,
5954360,
5785564,
5628679,
5613822,
5929956,
5823973,
5632131,
5742252,
5704318,
6928407,
5862300,
5680006,
5801504,
5558826,
5573110,
5883423,
5948275,
5578550,
5979115,
5959759,
5636128,
5408571,
5688311,
5584770,
5692809,
5778287,
5646103,
5663326,
5341256,
5520639,
5865421,
5219956,
5435756,
5689509,
5644668,
5552302,
5417998,
5669709,
5116922,
5468434,
5424068,
5438168,
5699606,
5765957,
5467763,
5445831,
5510667,
5718718,
5624358,
5570420,
5721882,
5519734,
5261569,
5745122,
5402974,
5585399,
5717065,
5605109,
6114011,
5732882,
5517160,
5592703,
5794727,
5661896,
5646611,
5718842,
5614221,
5816530,
5549002,
5844999,
5750828,
5703600,
5895739,
5823182,
5599927,
5980780,
5952703,
5529720,
5777526,
5732362,
5444735,
5656045,
5266750,
5625770,
5650462,
5819720,
5563932,
5634664,
5724016,
5788060,
5560773,
5765974,
5498865,
5618314,
5653290,
5894547,
5549616,
5732242,
5846014,
5705521,
5853008,
5777261,
5933809,
5907192,
5599118,
5825823,
5815809,
5754183,
5813978,
5799125,
5838823,
5926917,
5850181,
5772232,
5462023,
5841339,
5801814,
5862606,
5526639,
6024818,
6065351,
5837850,
5686166,
5704317,
5678685,
5795847,
5570567,
5611456,
5498691,
5676803,
5886852,
5754534,
5817389,
5511332,
5564210,
5789177,
5801366,
5710551,
6009609,
5637098,
5981745,
5635959,
5879323,
5694408,
5914250,
5629180,
5696847,
5722498,
5884869,
5819057,
5899145,
5800123,
5864352,
6100432,
5879890,
5693143,
5711399,
5783744,
5503727,
5753235,
5509384,
5760361,
5751364,
5721175,
5699338,
5908445,
5800299,
5903413,
5936716,
5667559,
5832168,
5884203,
5530515,
5755233,
5866390,
5906632,
5674646,
5697841,
5675619,
6031819,
5751937,
5622079,
5757147,
5877164,
5860128,
5744367,
6029165,
5501620,
5636116,
5639195,
5905752,
5960033,
5885304,
5590337,
5750118,
5830207,
6025455,
5863978,
5919423,
5893760,
5565930,
6738357,
5594755,
5767458,
5955053,
5638723,
5828747,
5667338,
5857604,
5632183,
5527796,
5842086,
5773240,
5768217,
5836524,
5877569,
6065854,
5873427,
5917806,
5812832,
5847744,
5745333,
5803787,
5745284,
5598642,
5871673,
5439693,
5840156,
5804355,
5965582,
5580609,
6220907,
5834080,
5768211,
5683051,
5865146,
5987645,
6025439,
5676535,
5836493,
5606856,
5885179,
5870676,
5910473,
5801080,
5934549,
5571822,
5806670,
5878985,
5981994,
5911530,
5947448,
5517363,
5787498,
5719964,
5663538,
5799081,
5735220,
5818446,
5923476,
5952827,
5643988,
5574061,
5732972,
5713034,
6005671,
5772277,
5751448,
5545544,
5741823,
5438923,
5846942,
5888524,
5663962,
6017994,
5707095,
5709425,
5643741,
5780846,
5676735,
6074637,
5758841,
5653614,
5848435,
5881624,
5627300,
5481554,
5648299,
5574603,
5553326,
5851451,
5461732,
5737319,
5634867,
5584134,
5759651,
5916043,
5457507,
5863307,
5761085,
5856777,
5833030,
5574634,
5672073,
5648835,
5971116,
5778294,
5410035,
5625664,
5418821,
5771624,
5629198,
5858078,
5444551,
5800477,
5627146,
5742180,
5732984,
5650213,
5700672,
5912653,
5836943,
5855536,
5673652,
5604426,
5608749,
5751437,
5767780,
5704907,
5644009,
5496725,
5557964,
5514263,
5384405,
5728778,
5404084,
5509721,
5383354,
5814573,
5523379,
6397674,
5589669,
5720449,
5575244,
5896766,
5707184,
5850916,
5619620,
5470447,
5500567,
5733924,
5723094,
5710377,
5678755,
5808415,
5605705,
5693238,
5572836,
5823547,
5735365,
5925684,
5548996,
5517033,
5517677,
5641650,
5653726,
5543863,
5620516,
5320452,
5699217,
5365183,
5656059,
5483312,
5605897,
5858481,
5757715,
5533100,
5930205,
5628421,
5766104,
5398357,
5781905,
5669655,
5685127,
5650155,
5818205,
5467979,
5606345,
5297010,
5643523,
5618650,
5619943,
5748832,
5506135,
5790589,
5617101,
5675865,
5790677,
5539313,
5449842,
5396325,
5755644,
5735120,
5734860,
5618169,
6052116,
5319512,
5809868,
5658290,
5523653,
5709571,
5520513,
5745144,
5649849,
5464887,
5806357,
5456753,
5700031,
5435864,
5644101,
5546221,
5756957,
5683212,
5744645,
6169092,
5503188,
5920182,
5663171,
5606523,
5579705,
5603725,
5426728,
5892224,
5507187,
5964687,
5699583,
5846390,
6104021,
5808853,
6005575,
5989345,
5859733,
5912413,
5599408,
5691985,
5746352,
5833078,
5739198,
5537101,
5507627,
6146237,
5775822,
5692061,
5688301,
5655646,
5737751,
5810501,
5693626,
5653872,
5727469,
5694454,
5681990,
5808186,
5616757,
5727949,
5904645,
5373045,
5680426,
5381381,
5670379,
5754278,
5412909,
5486460,
5708069,
5668974,
5480690,
5702494,
5736368,
5609997,
5949086,
5604863,
5714812,
6105323,
5736507,
5605968,
5617148,
5586268,
5756112,
5320783,
5905442,
5408709,
5581324,
5718901,
5309145,
5567465,
5796442,
5971292,
5506200,
5601193,
5809790,
5651556,
5653496,
5758024,
5628078,
5972430,
5909203,
5528945,
5644547,
5437819,
5444923,
5725998,
5868250,
5715135,
5389469,
5564688,
5740432,
5872243,
5692545,
5948009,
5967171,
5876507,
6031638,
5934765,
5715091,
5738336,
5754501,
6084250,
5725721,
5489331,
5661437,
5622516,
5849927,
5963415,
5488351,
5719105,
6453698,
5788216,
6350253,
5683358,
5806991,
5727501,
5576023,
5772864,
5553184,
5672232,
5742757,
5558267,
5829876,
5454919,
5538198,
5556002,
5469358,
5891255,
5471243,
5429496,
5343005,
5626507,
5456921,
5375123,
5922281,
5676148,
5644934,
5674692,
5768890,
5824845,
5747801,
5543881,
5829180,
5700888,
5748574,
5707800,
5743485,
5911324,
13166856,
5818357,
5689192,
5734904,
5542668,
5483901,
5700740,
5844417,
5806053,
5820975,
5779303,
5718704,
5663278,
5790649,
5765933,
5671975,
5775311,
5843889,
5582850,
5721944,
5771397,
5641905,
5526646,
6264303,
5767167,
5622685,
5774092,
7017677,
5970809,
5895064,
5769164,
5755395,
5786557,
5740316,
5672930,
5440640,
5740409,
5568221,
5557193,
5815064,
5933911,
5694308,
5696925,
5826303,
6098399,
6050910,
5905658,
5854824,
5958895,
5667701,
5724448,
5806484,
5668784,
5583835,
5922699,
5828180,
5571631,
5532326,
5805464,
5727537,
5699852,
5656699,
5588880,
5599573,
5493435,
5434135,
5854030,
5935423,
5796232,
5894937,
5963712,
5471107,
5651604,
5855872,
5812701,
5761371,
5683977,
5795984,
5430667,
6030925,
5890763,
5781651,
5907955,
5863809,
5844920,
5635779,
5672320,
5764462,
5685109,
5910729,
5624106,
5856146,
5751014,
5646134,
5798794,
5597533,
5707402,
5966142,
5973319,
5737738,
5545954,
5863713,
5814840,
5597231,
5567729,
5766977,
5956453,
5772910,
5689851,
5585729,
5647139,
5514616,
5718221,
5800021,
5810796,
5578855,
5660866,
5887923,
5857566,
5722224,
5769668,
5398626,
5710666,
5957233,
5826181,
5631605,
6000101,
5814190,
5803779,
5591483,
5609491,
5599975,
5615583,
5413989,
5778853,
5816675,
5618579,
5606216,
5948283,
5947178,
5900969,
5687059,
5792587,
6018670,
5544890,
5745723,
6108941,
5826090,
5704267,
5961648,
5890137,
5586228,
5869376,
5653583,
5888830,
5702706,
5817739,
5502618,
5965967,
6011272,
5441208,
5556736,
5840402,
5988002,
5766957,
5903256,
5815647,
5717612,
5929829,
6154034,
5902519,
5933020,
5948152,
5968580,
5845904,
5812333,
5631915,
6130608,
6302769,
5907184,
5893470,
5635243,
5488883,
5474741,
5658231,
5708741,
5844567,
5839854,
5896529,
5523198,
5702694,
5717708,
5659115,
5576546,
5416117,
5553083,
5512173,
5631651,
5472951,
5574652,
5722041,
5563042,
5515873,
5698395,
5512345,
5672724,
5485103,
5456244,
5643702,
5414461,
5628177,
5625625,
5495372,
5555264,
5395204,
5493243,
5427233,
5435656,
5556757,
5605895,
5572188,
5729792,
5674486,
5578842,
5563533,
5557369,
5718878,
5567029,
5697944,
5543029,
5495933,
5457184,
5777144,
5742910,
5762690,
5568738,
6079098,
5767567,
5636778,
5763568,
5790097,
5893703,
5862327,
6022715,
5727988,
5781624,
5858642,
5901686,
5835915,
5770557,
5907223,
5680248,
5629068,
5697779,
5653804,
6192833,
5458197,
5771749,
5685781,
5651158,
5401490,
5962689,
5730680,
5846581,
5708021,
5638959,
6003148,
5687492,
5753972,
5644507,
5634773,
5954648,
5793291,
6007275,
5913473,
5573718,
5800404,
5801503,
5820156,
5875160,
5696599,
5596715,
5767821,
5862887,
5973908,
7605040,
