12656392588,
34581671,
22643858,
21384505,
22449485,
20899807,
23922447,
21274713,
23692112,
21338119,
22104334,
19891682,
18419898,
22659456,
21390308,
20909891,
18883117,
22771138,
20401672,
19879677,
21403762,
19748785,
20000818,
18393532,
18652231,
22529625,
20120000,
19623327,
22454337,
21506452,
19893878,
21495290,
19680378,
17992249,
18465023,
19987381,
18254641,
19494681,
21064900,
22453520,
20925987,
22277645,
20988543,
21306021,
19897188,
22541418,
21411972,
21219649,
19732217,
21190237,
19838274,
22619876,
22353531,
22092952,
21847241,
21648992,
21554534,
21276629,
21222926,
21018510,
19590124,
22284412,
20949931,
21844212,
19659321,
19239588,
22209779,
21912749,
21645880,
21299727,
21160711,
20759914,
20960190,
22143939,
21114593,
22407618,
20221562,
21117109,
18965436,
19414606,
19071290,
21821054,
21754336,
21547285,
21316920,
20000875,
18253596,
21034929,
19068837,
16719611,
19029790,
23353245,
21203343,
22118340,
20878358,
19799660,
20044331,
17029698,
16832666,
18078345,
15206152,
16482420,
18140191,
15122648,
15201699,
18066711,
15736262,
17435611,
23099080,
21753993,
20834316,
21937613,
21660642,
19267161,
17720687,
22275579,
19792692,
20980784,
21315001,
21321285,
21083409,
18306358,
21112052,
19629843,
17974062,
18117619,
16037307,
16324736,
21617749,
21688012,
21404424,
21237079,
20891745,
20696991,
17518143,
21980167,
21546345,
21697557,
20390699,
18418728,
19854565,
17894478,
20011438,
17578602,
19308954,
18671790,
18075791,
23206103,
20606899,
26999048,
30307583,
19115124,
21689125,
21597329,
20402948,
20685786,
22010140,
21086748,
22028876,
22017497,
19855315,
21104075,
23127207,
17965735,
22105194,
19833432,
20291363,
20613169,
19288619,
22101032,
21647973,
21686666,
21551394,
20453814,
18501511,
18989592,
18103078,
20161585,
18413622,
21276968,
19351281,
17778338,
22008226,
21768769,
21554082,
21375484,
21391543,
21145655,
21041262,
18046189,
21436190,
20873258,
21966271,
20566612,
19073652,
21777489,
21716033,
21439540,
21398755,
20184628,
18707572,
21647042,
21559667,
21233499,
21080074,
20863834,
19740624,
18091991,
20862951,
21421177,
20507784,
21032212,
21819924,
21622658,
19444261,
19806929,
19308283,
19293189,
18323696,
17087025,
21473303,
20509976,
21525634,
20457651,
19265059,
17843776,
20840591,
20496760,
22168644,
20737965,
21947572,
20619728,
20996288,
20523817,
21875397,
20314426,
22809380,
20786498,
20568384,
22393847,
20549396,
21043988,
20393231,
19082958,
21686108,
20682376,
17675010,
22123655,
20508911,
21899772,
20669068,
21389767,
21589050,
20537036,
21655366,
20558272,
20494420,
19290943,
23238126,
20763027,
19825664,
17170240,
21404919,
21220754,
20197419,
21584275,
20350437,
21602419,
21448626,
21400555,
21361105,
21351296,
21136213,
20913375,
19809707,
19268408,
17981722,
21288102,
20610799,
21897273,
20777012,
19412299,
17830394,
20775672,
19646657,
20292856,
21848171,
20545161,
21907375,
20831763,
22236405,
21618789,
19567870,
17943772,
21057611,
19410506,
20818829,
19780248,
20884518,
19453988,
17859988,
17992139,
21050406,
20525955,
17903360,
21265151,
19110296,
20701500,
21953352,
21596484,
21427187,
21300516,
21045086,
20810585,
20631295,
19144647,
21714051,
21532311,
21291422,
21176925,
20955948,
20873848,
20676552,
19367402,
21928148,
21614226,
21549824,
21420191,
21293043,
21040922,
20694006,
20578261,
20842550,
21841944,
20548140,
19370487,
17928893,
20965647,
20515433,
21936168,
20751060,
21728875,
20522812,
19614112,
20909878,
19545626,
23598316,
21363029,
21173617,
20934399,
20895989,
19810099,
20968714,
20883325,
20665482,
20439953,
20664915,
21743653,
21536900,
19582259,
20024316,
20208124,
19115130,
22064437,
21689880,
18853949,
17716957,
17952586,
20617786,
19255277,
21838162,
20709187,
19383325,
21907442,
20817375,
19360955,
17814656,
20187690,
17210812,
20444328,
21628356,
20901252,
22016257,
21075284,
19533575,
22724588,
20429266,
21438902,
20451122,
19148479,
21947263,
20937101,
19575947,
20827516,
19366550,
21765180,
20811750,
19357919,
20859031,
22169357,
21711395,
20488375,
21692149,
19946336,
20176369,
17662024,
17764539,
20537559,
19578957,
21821790,
20801176,
19649348,
17691401,
20943818,
18395520,
17230111,
21569606,
19363187,
20060891,
20300683,
20104818,
20341420,
18764941,
21494723,
21368327,
21174198,
21022356,
20815934,
20668710,
19610615,
19067324,
20475681,
19372687,
17447508,
22790505,
21480009,
19428735,
20979911,
21355217,
21134348,
20968849,
20980435,
20892183,
20714266,
20553095,
20438888,
20800845,
21780138,
20543233,
19541867,
17768973,
20095322,
17023150,
21556286,
21453286,
21383120,
21327272,
21315463,
21043195,
21045332,
20886715,
20723941,
20711402,
19922786,
18023594,
16790144,
20529122,
21667133,
21751248,
19575285,
19887944,
19148237,
17696033,
20466529,
17707235,
16476908,
20199592,
20428802,
20726114,
21977520,
20504886,
19045809,
21680343,
19615922,
19300129,
17826210,
20733371,
18659235,
18634179,
21614713,
21727828,
21460243,
21445459,
21412592,
21220657,
21181287,
21214647,
21141867,
20566834,
22022340,
20839166,
22273138,
19918136,
20271530,
19200911,
17743129,
21775234,
20594742,
21781546,
19424223,
17897920,
20778835,
21001846,
21900253,
19596243,
19197293,
18113630,
21002134,
19603025,
21820196,
21672415,
19146844,
18322478,
16517137,
21756581,
20703183,
19463250,
19939397,
20231222,
18899844,
21714622,
21738489,
21593497,
21698202,
21471792,
21394693,
21430121,
21305609,
21316658,
21196476,
21151219,
21129423,
20878440,
20967465,
21080529,
20972001,
20893462,
20923764,
21012988,
20985418,
20790966,
20830374,
20723904,
20761865,
20618865,
19566156,
17687555,
21226386,
18743041,
21485979,
21619168,
21525583,
21480229,
21282051,
21203594,
21103850,
21221342,
21051451,
20993895,
20939204,
20910078,
20738150,
20578198,
19939332,
17071064,
20100087,
21734754,
20572029,
21746043,
19561860,
19039566,
17659341,
18729440,
18684986,
20473136,
21670382,
19663714,
19179684,
18490152,
17363916,
17633780,
18268319,
17043656,
21498213,
19355720,
17751050,
21397338,
21383081,
20431796,
17437654,
16433943,
19518139,
20376528,
17766802,
16675294,
19999888,
20308162,
21725722,
20612044,
21114874,
20141216,
18753659,
16425186,
21638873,
21757470,
21263776,
20341735,
18722651,
21721351,
20566594,
20482640,
19544207,
21300287,
22847810,
20846593,
20857807,
19936091,
18567119,
21688055,
21428065,
18713814,
21793618,
21715083,
21535685,
19261106,
18506771,
17800572,
15030996,
13409183,
30781864,
21819168,
20712309,
19399637,
18426288,
21507549,
21634575,
20205876,
21732562,
20553662,
22195451,
20551285,
21731154,
20834991,
19446456,
20144533,
17140394,
20457725,
20593324,
19011911,
22140346,
20019179,
21771708,
18775795,
16746121,
15683135,
16419626,
20951928,
20668305,
17698784,
21270098,
21362513,
20071988,
21598576,
19570176,
20293658,
19408327,
19254968,
21932033,
20978558,
18804792,
20348157,
22437326,
20598842,
21298057,
20292803,
17677365,
16731840,
20177453,
20780879,
21578420,
19551577,
19165058,
20793141,
19591149,
20292420,
20361098,
20432016,
18482477,
17318460,
17183347,
19123685,
17326319,
16678743,
20776154,
18935144,
17186804,
21457263,
20553163,
18971469,
21651742,
22034829,
19890586,
21238089,
20259780,
17112934,
14223112,
16888585,
21220489,
20992258,
20184955,
18620320,
21151269,
18945435,
17709420,
20996495,
20064344,
18114198,
19803884,
17763736,
20726889,
18800146,
18843620,
21462040,
20601684,
17668403,
21989369,
20627095,
21700187,
19699723,
19258602,
20879378,
19501575,
18697828,
16751314,
19485258,
20979019,
19694214,
19983444,
17985421,
21733844,
19540992,
19281732,
17706753,
20995215,
20545206,
21685843,
20855960,
21128998,
18088617,
17083696,
18026569,
22443843,
20455010,
18484555,
20516095,
18547320,
18827828,
17713467,
21821008,
21630589,
20611344,
20812520,
19641220,
19994811,
20411010,
19010609,
21669089,
21663157,
21677358,
20522925,
18443443,
17470155,
17880828,
20645589,
20795599,
21888091,
19679561,
17997973,
18281324,
17269777,
19234620,
16434540,
18234729,
16447471,
21629908,
20575996,
17487216,
22165609,
20617248,
25510765,
22789780,
21996732,
20473486,
21732212,
20699745,
19325882,
17644835,
20060136,
17174449,
22090864,
21322470,
21305656,
21237921,
21304526,
21241748,
21617864,
21072164,
21114789,
19563794,
19780516,
17816408,
18668335,
16872036,
16034785,
16427021,
18078895,
19645270,
17276370,
17477063,
17607770,
20579079,
18388121,
16924984,
21240973,
19111324,
19580275,
17779965,
15778421,
21552556,
20775575,
19224651,
19721052,
17064565,
18586520,
21662255,
21664596,
21611857,
21519472,
21486091,
21499250,
21397461,
21468905,
21414799,
21474387,
21336651,
20953925,
21017714,
20860709,
20709495,
20734895,
20694138,
20617393,
20776710,
20509686,
19249188,
22272950,
21173990,
21079839,
21027800,
20981608,
20810959,
20836723,
20689051,
20654213,
20634832,
20584935,
19294294,
22024887,
20692505,
20440006,
21924491,
20690951,
19134245,
20696102,
19261096,
20173946,
18953607,
16420001,
20481337,
19256811,
21732589,
20899747,
19149274,
17351798,
21748866,
20607414,
21297119,
19101922,
19084912,
21713021,
20736328,
19386402,
20735817,
19221217,
18388734,
20185865,
21858449,
20608887,
22154756,
21141833,
20444028,
19364637,
17454522,
22847625,
20643696,
20654751,
21796060,
20898526,
19360007,
17735253,
15886408,
21655662,
21583412,
21472643,
21618030,
21430931,
21392383,
21330373,
21282988,
21377234,
21301902,
21315293,
21343094,
21453523,
21601093,
21356212,
20177859,
21668049,
20619506,
24139725,
22020842,
21690250,
20584741,
20401080,
19111319,
20748752,
19271525,
20697985,
19793814,
16800108,
18840988,
17664464,
21752643,
19489233,
17702298,
20742409,
19301626,
21118629,
19853241,
20495941,
20334805,
20692123,
22126289,
19868890,
20417167,
21974960,
20571324,
22956576,
21666346,
20499374,
18528596,
19104840,
17770837,
20567604,
18773295,
19428997,
20035249,
19826215,
21529733,
20294116,
21957926,
20624960,
21648412,
20979349,
18070066,
22176882,
19919126,
18941595,
21691219,
19620906,
19206615,
20938179,
18154155,
22039003,
19858726,
18502196,
21623002,
21315516,
18930564,
21893261,
21699020,
20573869,
19468272,
20991650,
19040411,
16093166,
16426746,
14664954,
13033151,
13515443,
15231560,
16247402,
18770230,
15749558,
14920751,
16254892,
16468397,
19844621,
17801346,
16617980,
19283020,
16492033,
20188990,
20712987,
21910515,
19786088,
18229412,
22096769,
19963776,
18697142,
21654007,
21714529,
21630771,
20397474,
22128640,
20988338,
24038978,
21707246,
21716518,
19843916,
19031899,
16065360,
15139696,
20428381,
21434305,
21365518,
21365597,
21402791,
21268234,
21251910,
21201321,
21233768,
21168206,
21217192,
21206652,
21084167,
21063360,
21009999,
20947603,
20861461,
20662368,
19541125,
17654974,
19125556,
17010643,
21537255,
21660431,
19442463,
21196473,
20876648,
21857848,
20656901,
19436700,
17833000,
20986228,
18906210,
20445676,
21559324,
21630469,
21489701,
21259482,
21248460,
21201266,
21159381,
20996427,
20996684,
19774048,
18854115,
20112566,
17292582,
22954065,
21571159,
20476139,
20450691,
20381700,
19338964,
19239623,
17784492,
21401857,
19884956,
20448389,
18820797,
22740908,
20651214,
20461506,
21746009,
20656416,
23984298,
21702424,
21461350,
21266531,
20246297,
18360003,
18918647,
17857353,
20778408,
21014193,
21305521,
20302732,
18939150,
21702154,
21685750,
20349482,
20738025,
21955112,
20756424,
19275201,
20902702,
17680409,
19555954,
19149419,
19191581,
22571489,
20165827,
20915766,
18817697,
18790629,
21659527,
21713148,
20479431,
20678857,
22033549,
20522560,
21678038,
20814787,
19175897,
20884905,
19287155,
20901954,
19300048,
20348911,
18826653,
17727231,
20609216,
21002292,
18908568,
16137170,
21659039,
20629215,
19430455,
20969855,
21409299,
20446232,
21949377,
21520273,
20005638,
21181002,
21119795,
21053790,
20975146,
19928087,
18586899,
21445674,
20434678,
19043487,
21731280,
21693357,
20447888,
18981953,
21710781,
20656528,
20679511,
19473742,
20491579,
18825490,
17586998,
20461919,
18507563,
17297266,
17911175,
22252564,
21689365,
21244122,
21213520,
21140275,
21069769,
21079397,
20882135,
20961160,
20990782,
20853037,
20875939,
20774193,
20752249,
20644384,
20511208,
20950663,
22035041,
19655450,
17766796,
19325348,
16381534,
15253949,
18893039,
21787798,
21813822,
21461303,
21339431,
21270555,
20101031,
18696865,
21447494,
20075448,
18935064,
21698916,
21466800,
21299431,
21203805,
21038294,
20751099,
18722326,
18775557,
21640683,
20330913,
18834870,
21438023,
21370929,
21222367,
20029484,
18553275,
21256190,
20966242,
19968283,
18643304,
21238166,
21219642,
20089814,
21330277,
20520113,
22010230,
21663105,
20024649,
20123154,
19117916,
17129990,
16164817,
21347658,
21105122,
19961381,
20105479,
21671002,
20612811,
21588569,
20758576,
19159773,
20552756,
19422441,
17442561,
16416816,
18962662,
19156178,
17766604,
20505946,
20191430,
21714748,
20556330,
19804774,
20311992,
17703473,
20365851,
18949680,
21573596,
20572459,
19329809,
17780588,
20088162,
17064097,
17955580,
22506426,
20382364,
21864103,
19860423,
18188255,
17157616,
17629250,
17622489,
20009135,
18761770,
22229478,
20793966,
22268860,
20981268,
20931751,
21253860,
21075797,
18518343,
16412764,
21586587,
21661347,
21586134,
21318885,
21373254,
21229274,
21188039,
21006824,
20953503,
20866489,
20756499,
20635257,
20693183,
20422629,
20245759,
20608772,
22141136,
20796811,
20374215,
21713864,
20701545,
19937497,
18761388,
22811442,
20707543,
19560401,
17656829,
19018185,
17171010,
20222885,
21674529,
20493995,
22057897,
20571039,
21631319,
18723178,
22071849,
20668933,
21856541,
19827385,
18271989,
20237605,
18327115,
17406021,
18335099,
17308332,
17598736,
20263745,
19018774,
21579022,
20435235,
19422825,
21426213,
20699234,
20047585,
16868723,
16068426,
21684540,
21654715,
18739974,
20356414,
20678314,
19398140,
21393838,
19144454,
17616752,
20644298,
19353725,
22779050,
21542652,
20518020,
19165311,
21455314,
19059666,
17649817,
20437761,
19102388,
20620716,
19443639,
19103327,
20642774,
19330059,
20502972,
18556348,
16793678,
21600128,
21627921,
20333235,
20508763,
21680748,
20533134,
19243530,
20696710,
19224601,
22397646,
21242255,
20941024,
20161030,
21073023,
18812388,
18652151,
21864710,
20631575,
20570830,
20586238,
21013412,
20575948,
18623122,
21358358,
19086768,
17264915,
20290886,
22084838,
19891893,
17150006,
16339494,
21701771,
20648958,
19367246,
20706470,
19284940,
21207283,
19572912,
19468862,
17588086,
20948691,
18777602,
18835443,
21643076,
21663969,
20503161,
19769759,
21157201,
18067860,
18596457,
18730358,
21697164,
20533741,
19313975,
19935373,
20385207,
18930977,
21652925,
20558078,
19328699,
20704780,
19456546,
18017755,
18676779,
16480894,
18062486,
18572829,
17635473,
20502949,
19682919,
20440993,
19372059,
21086194,
19882619,
21240781,
20427231,
21541057,
20373262,
18437895,
20017310,
17436934,
21879862,
20567026,
19171375,
20666250,
18590105,
20313279,
20720379,
20147543,
22724521,
20425157,
20495394,
20568134,
20714967,
20617484,
20706908,
20947666,
19769677,
18431220,
21360164,
21350302,
21558104,
21648438,
21618605,
21296034,
21303956,
21245140,
21123774,
20945861,
21057758,
21092059,
21065485,
19773889,
18330006,
21127932,
21158826,
21111445,
20971149,
20916857,
21185447,
21120782,
21133918,
21106328,
21189030,
20060562,
20842779,
21291269,
21596278,
20306477,
19174978,
17217544,
21804422,
19615975,
20216504,
17361325,
14422039,
21688347,
21672671,
20695107,
21001940,
19292499,
19765032,
17858900,
16938411,
17432065,
20260598,
19169668,
17688679,
19851795,
18701404,
21640005,
21646761,
20326804,
20732421,
20455659,
21582819,
20382795,
17545519,
22483095,
20180491,
19251807,
17437297,
20742182,
19278155,
20912068,
19010271,
20551463,
19028932,
19333051,
19395537,
20758431,
20538877,
23042917,
21688159,
20736897,
19658014,
20502593,
18619606,
16290542,
20429537,
18605014,
16368485,
20536933,
19530230,
19923161,
19026805,
17510164,
20763544,
18337700,
21353663,
20185328,
19244610,
17565912,
21527593,
19252979,
17385213,
16326070,
17924428,
18623468,
17764391,
18549630,
18771347,
20139141,
21625380,
20772947,
21597304,
19457778,
17008860,
17597298,
17519154,
20901874,
20661550,
21659296,
20325148,
19072719,
20577344,
17681222,
16505418,
19837101,
18546385,
21482636,
21547522,
21260051,
21146047,
21083779,
21050601,
20919832,
20931137,
20937458,
21038642,
20892430,
20826285,
20804448,
19641859,
18916219,
17597611,
20431611,
19418640,
17537725,
20636377,
19629191,
18571411,
19146919,
19467324,
16644648,
14555264,
18756668,
18085919,
18771607,
17570512,
20695453,
18522315,
20962813,
19099450,
17437322,
20477721,
19374587,
20171841,
18154215,
22656696,
21590209,
20217549,
18915711,
18638749,
16686819,
20411445,
19159575,
21290349,
19230332,
17571031,
19134375,
16316766,
14427398,
18769379,
20659488,
19511887,
18728122,
17600216,
21941658,
19501054,
18357761,
18592941,
18588256,
21887169,
21570553,
19133097,
19237716,
21926287,
20561734,
19173380,
20757549,
18699532,
20280411,
21453861,
20376808,
17270950,
21421204,
19485194,
18985295,
19207353,
16751896,
19286458,
17342591,
16387566,
21140576,
21515671,
21121902,
21113985,
21063685,
21068097,
21023595,
21097595,
21120552,
21152486,
21106662,
21223614,
21248016,
21306147,
21226153,
21166299,
21236771,
21120809,
21550698,
20351848,
19177071,
19720589,
16670382,
19395189,
22435706,
20305538,
19272528,
17387436,
16290324,
17860130,
19780219,
17211131,
19590761,
17695006,
16658742,
17824155,
18614615,
17895705,
19814729,
18463074,
21487748,
21518994,
20756211,
20735089,
20677224,
20664862,
20700685,
20759713,
20761250,
20712232,
20803207,
20875873,
20882605,
20978649,
21023251,
21006942,
21071030,
21208555,
21263144,
21249702,
21309116,
21556614,
21577880,
21373044,
21566274,
21643961,
21646160,
21387428,
21659482,
21570648,
21605095,
21711868,
21691686,
20513619,
18704100,
18600594,
17365409,
20668390,
19506672,
22776067,
21633938,
20409260,
18412581,
22955098,
20694503,
21550532,
20851700,
19632658,
22683938,
21497528,
20573455,
20628355,
20674150,
20723087,
20605352,
20670630,
20703270,
19824786,
16870095,
17858278,
22561295,
20350079,
21534958,
19337893,
17429052,
19193222,
17116089,
20081617,
20452553,
18441163,
19894700,
17334946,
21830218,
19610275,
17297838,
20239039,
18323743,
17492180,
20461466,
19115582,
20877788,
19986435,
21610245,
20553935,
21765024,
20756573,
18387591,
20329038,
18866367,
20926404,
17864720,
19349929,
16495134,
18981021,
19253964,
17571827,
17434877,
20211524,
18394581,
18680781,
18556092,
21278743,
21305819,
21254098,
21206945,
21216953,
21188605,
21148442,
21204605,
21113996,
21095101,
21076701,
21215561,
20981441,
20945496,
20940184,
20916678,
20961556,
20952213,
20992167,
20870376,
20904880,
21024038,
21064961,
21033507,
20961349,
20879707,
20860732,
21168981,
20784865,
17800649,
21395847,
18761008,
20617768,
19306538,
21164112,
19547464,
22509493,
20565407,
21686568,
21693362,
19373214,
22525325,
20524338,
21956819,
20635567,
19435397,
20904426,
20361871,
20122668,
20486005,
21658412,
18554427,
16994372,
15913520,
18851994,
17388268,
21600080,
19604213,
19047004,
18114393,
17160396,
20005518,
16963754,
16434123,
21649665,
20716159,
20583413,
20567392,
20662263,
20508281,
17475881,
20689044,
18751856,
20204232,
19181032,
17646227,
20888517,
19326756,
17537172,
20894089,
19757560,
21670834,
21426778,
21316416,
21185579,
21235959,
19882534,
18180638,
19898280,
21186591,
20389847,
21618025,
18875305,
22631839,
20266160,
20562142,
21654792,
19491275,
19324415,
19666308,
16699637,
15911231,
17236560,
19393345,
19244525,
20516832,
19455625,
20689351,
19521246,
19402872,
20553095,
19469377,
20279522,
18467489,
17616425,
19053619,
17593998,
20516073,
20525512,
18329046,
18471933,
18118820,
18878778,
20592273,
21808747,
21652895,
18781114,
19228801,
16070855,
19905335,
21275367,
20378088,
21624747,
20453780,
20441121,
20280077,
19052943,
17617519,
20714366,
19400259,
21154549,
21181579,
21129770,
19896415,
17914567,
19371623,
17182087,
19680792,
18115912,
17265871,
18632432,
21585582,
21551900,
20192847,
18517897,
17629746,
16452194,
19543726,
17637385,
16399773,
17532838,
17647060,
20865654,
19244770,
17593795,
20454689,
18689756,
18809910,
18587005,
21710296,
20892636,
18742576,
20478907,
21622370,
21620934,
20145101,
20252953,
18990248,
21541846,
20364451,
19490801,
19827307,
20239974,
15105312,
19210775,
21968963,
19653987,
18692168,
21639510,
21211508,
20107138,
17245970,
21539461,
19056188,
17684273,
19133907,
22010560,
21658767,
21351425,
21364243,
21257400,
21186969,
21126371,
21039274,
20784529,
20798330,
20642065,
20623050,
20450232,
20267264,
19110149,
19673093,
18735342,
19520299,
17529783,
19436461,
20857965,
18716864,
16091846,
21733105,
20736545,
19457735,
18637717,
18787997,
19156436,
19587004,
17542751,
19979872,
19324810,
20067458,
18821236,
20424339,
19769616,
20432251,
17174729,
19241108,
20758353,
20271987,
20514313,
17525595,
21652845,
19491481,
18396140,
19040279,
17534318,
18274911,
17395207,
17695651,
21084472,
19615715,
18329201,
21105830,
21009434,
21116556,
21016381,
21198026,
21100755,
21195709,
21272301,
21195154,
21142440,
21240814,
21313943,
21649835,
21302080,
21391020,
21469015,
21235271,
21100925,
20932177,
20937919,
20926179,
20901326,
20873316,
20816685,
20818917,
20732503,
20916888,
20984843,
21011905,
20928139,
20873158,
20886963,
20805910,
20701827,
20743822,
20600274,
20565707,
20446370,
20444273,
20444835,
20346991,
20282736,
20316869,
20371765,
20363271,
19533900,
22568862,
20284986,
19081428,
21130201,
19987354,
18379145,
19201740,
18567477,
18762455,
21681780,
21743064,
21747366,
20821234,
19708760,
21477259,
21606465,
21675688,
21241441,
21172112,
21009632,
21108880,
20996278,
20875135,
20972332,
20734425,
20796293,
20699364,
20679731,
20599847,
20557380,
20462669,
20496497,
20868876,
18961750,
17595153,
21865983,
19614485,
18442952,
20096284,
19536390,
18848927,
16493141,
19435167,
18802078,
17871744,
18689696,
18793936,
21588309,
21290031,
21131535,
21168005,
21611505,
21218911,
20244084,
18882455,
19403797,
18795823,
20214746,
18837375,
20566697,
21622582,
20560447,
19301373,
18278538,
16954189,
20381994,
20757589,
21802964,
20633365,
19231216,
20551566,
17600773,
19253120,
16257215,
16130288,
18974709,
21575372,
20529060,
19146710,
18831056,
17522113,
20624830,
19409891,
17375158,
18513332,
20339139,
21649823,
20496106,
22642552,
21605722,
20186270,
20412730,
23511480,
21129965,
20987468,
21011226,
20803853,
20813807,
20659016,
20630587,
19839442,
16912324,
15805639,
15904392,
21668293,
20335445,
19495277,
19471377,
18074430,
16873155,
17683187,
20627198,
20298057,
21618384,
18578621,
18321446,
20879861,
20941996,
20802713,
20781273,
20698840,
20493436,
20516730,
20466929,
19408312,
17538117,
17823807,
18559737,
18560644,
21382073,
21363087,
21624672,
21391163,
21380011,
21308281,
20184838,
20386287,
21589952,
20243698,
20220303,
20666115,
21646613,
20441735,
19159811,
17554028,
20766980,
19201103,
17629334,
20549213,
19515297,
20840948,
19645487,
22323948,
19962281,
20092187,
17206192,
17321480,
21805567,
20135749,
20013610,
21326382,
20212206,
21908781,
20597527,
23779381,
21560711,
21561599,
20585408,
20514208,
20786704,
20470063,
19303174,
17447851,
20583029,
17577370,
20357998,
19277623,
17551914,
19753840,
18771932,
21602928,
21161621,
21150873,
20255558,
20477590,
21797499,
19256039,
18341070,
17757377,
18813535,
17354450,
20655636,
20168121,
21610325,
20385547,
21558999,
19172522,
19053989,
17423455,
20550033,
17607097,
20201935,
18977979,
21306563,
19329007,
18668627,
21390223,
18827421,
17565085,
17853716,
19310391,
18928347,
20340065,
18822104,
17626401,
21179005,
18929872,
18984513,
17014101,
16324488,
21305638,
21087794,
20949661,
19652960,
18583588,
17329366,
21949780,
20126217,
21410516,
19198750,
17588606,
17962303,
16917100,
18958139,
17818240,
21949852,
20894092,
18983474,
18639909,
18770400,
21663354,
21273027,
20295888,
21422833,
19365329,
18528726,
18050987,
19982319,
18654646,
21859200,
20653538,
19472029,
18867693,
18852302,
21469578,
20532692,
19318960,
19750816,
18479159,
15998061,
21329879,
18679239,
21433407,
21593094,
21389955,
21368015,
21636421,
21378134,
21368664,
21521061,
21264841,
21062343,
21073956,
21125101,
20974702,
20990672,
21048622,
21048559,
21114029,
21040308,
21112750,
21473605,
21187480,
21194248,
21106319,
21138717,
21113430,
21153581,
20956437,
20828621,
19811036,
20152232,
21585360,
20766113,
21842867,
20346742,
19037824,
16400985,
19909121,
20424102,
20654938,
19538969,
18592972,
17503949,
20995125,
19627203,
17934642,
18538653,
15871331,
16249506,
20014187,
19177010,
19358655,
17847536,
17038802,
17502439,
16902526,
19135288,
17067387,
18586670,
21600730,
20714582,
19262152,
19778064,
16867975,
15988501,
21578909,
21619832,
20450827,
20433513,
20428857,
20313451,
20256028,
20536393,
20284201,
17630715,
20459119,
18623603,
16828810,
15784537,
21698739,
21656821,
20381472,
20466996,
19376891,
20728186,
19188747,
20774127,
20795252,
20646236,
20730783,
20685622,
20750319,
20664087,
20833786,
19708895,
21277486,
20570824,
22183768,
22065311,
19925885,
20323701,
19393847,
18425986,
17757822,
17547536,
21060903,
20493746,
18433513,
21446488,
21586809,
20421277,
19080151,
21974638,
20665610,
17852381,
18620147,
17480012,
20789639,
19899803,
21599056,
18572438,
20446832,
21844544,
20010192,
20337840,
18422359,
17721973,
22678087,
20579968,
19668751,
19917544,
20413385,
20282036,
20835899,
19115021,
21071155,
18053229,
18691790,
17393949,
21892872,
19781961,
19289457,
18588240,
18560274,
21248858,
21535668,
21644653,
21338184,
21673323,
20412628,
18357494,
20047560,
17616179,
22077870,
19769439,
18836541,
17591006,
20747342,
20198397,
22890490,
20710090,
20678212,
20520910,
20595575,
20396238,
20709777,
19189324,
21549792,
19119661,
17633488,
21634886,
20818492,
19340266,
18707402,
15691348,
18750814,
21572823,
19361974,
17485596,
20615978,
20662532,
21063648,
18016694,
16973168,
20228097,
18029748,
16785464,
18976683,
17031305,
19300821,
19001626,
17158568,
21908122,
20525194,
21620084,
19314790,
17439897,
19209110,
16384364,
15554320,
17831045,
21156788,
18119250,
15247864,
15476737,
17187946,
21577950,
21303423,
21345221,
20156067,
19508854,
16404775,
15363816,
15725113,
17549322,
20418129,
20570489,
21605708,
19063790,
17541062,
20698679,
18684176,
22920188,
20631848,
21898790,
19584514,
19044562,
19458125,
19201351,
19838377,
17413843,
20804271,
19179024,
20879517,
19945002,
16851084,
15864039,
21669483,
21575717,
21390725,
21357568,
21337829,
21266266,
21146645,
20963115,
20892307,
20859366,
20721753,
20619048,
19256396,
17598825,
19336258,
21904108,
22506943,
20173693,
20382339,
20554368,
21731133,
19242700,
17580107,
20708796,
20336482,
21732454,
19246185,
17648182,
19350276,
17537612,
19528703,
21058917,
17838384,
20762334,
19290024,
18965657,
17682777,
20684976,
20213746,
22999415,
20788927,
20849618,
20854177,
19575729,
19958616,
18647468,
21609126,
21605986,
20248989,
19026212,
17550164,
20665365,
19461449,
23396673,
20289911,
18538734,
24775098,
19621591,
17542627,
17683975,
19313533,
21381208,
19430800,
17550334,
21931296,
19708406,
20132089,
19807567,
22521165,
20264288,
20345619,
18514060,
17830379,
21128144,
21275293,
20032423,
19935715,
20178741,
20277297,
21691022,
20562834,
21218997,
20672272,
21595319,
19275553,
19106042,
17568170,
20782599,
20416337,
21248723,
21242898,
21118631,
20712507,
30879240,
25685106,
24198936,
19037747,
21625886,
21742343,
21546875,
21685403,
21196419,
21330777,
21659407,
21312795,
18908832,
21281138,
20145778,
19133547,
17642143,
20051717,
18629467,
16415029,
21145947,
20203235,
18589113,
21461458,
20252881,
20302235,
20414077,
20509275,
20454759,
20722348,
19564671,
21556636,
21638845,
20267092,
20109188,
18126206,
17176412,
18687216,
21534251,
20296628,
22757737,
20644459,
19538817,
20617146,
18521094,
16754978,
18825802,
15986886,
15136426,
20991210,
19959701,
16982226,
16370379,
22127323,
20671677,
19682632,
20615293,
18619918,
17862039,
19628301,
19324330,
19897638,
19349808,
18726171,
18685928,
20538898,
21908819,
20539861,
19306713,
16434185,
15575496,
19368212,
17685147,
20820575,
19960071,
22013597,
20221231,
21832590,
20700954,
18992845,
17597280,
16422740,
20629240,
19565903,
20275557,
17759124,
16711781,
18875796,
17641843,
20379865,
18479835,
16391173,
21686175,
20184340,
20282619,
20436499,
18479898,
21907212,
20543003,
21609866,
20743687,
19477819,
19980789,
18593669,
18536267,
21551287,
21570946,
20571837,
19566108,
21137305,
19593326,
18197899,
20633980,
19689679,
18198037,
21532553,
21310463,
21326012,
21267364,
21398586,
20261550,
21682851,
20938803,
22070666,
19822541,
20061004,
19000240,
22190350,
19939560,
19029392,
18742676,
18107403,
21848821,
20649928,
21636693,
19291954,
19321600,
19082474,
19241611,
22434143,
21360530,
20293608,
19454018,
19202637,
19163570,
17194258,
16460584,
21758128,
20736841,
19286260,
18746389,
18723678,
21756113,
21388230,
21324290,
21232066,
21094932,
21081879,
21146291,
21190339,
21023610,
20989071,
20768236,
20819757,
20809368,
20783690,
20687854,
20673177,
19652332,
18699680,
17788187,
19368389,
19266364,
17593571,
20793018,
17805592,
20837898,
19626979,
18280641,
21057040,
21021308,
20775005,
20855132,
20787724,
20714442,
20746484,
20602834,
20607781,
20357101,
20423426,
20638210,
21882731,
20581206,
17668168,
21221185,
18433531,
22725401,
21611107,
21480911,
20469893,
20730731,
21790238,
19878022,
18117270,
22614643,
20430871,
21862242,
20575413,
20076508,
21789593,
19686532,
16687981,
19239076,
18431933,
17534935,
22091938,
19716107,
18890849,
16815086,
21297853,
21290817,
21159452,
21196819,
21526940,
21182477,
21267563,
21198759,
21124771,
21070791,
20883652,
20893985,
20956185,
20888274,
20950106,
20843540,
20883455,
20701327,
20727082,
20725590,
20700962,
20625885,
20591822,
20525168,
20501559,
20374675,
20245893,
20655427,
23878139,
21904950,
21519923,
20502326,
20665335,
22025060,
21089205,
19008071,
17012923,
17398069,
21681429,
20837154,
18673292,
21629524,
19204928,
17715928,
20855609,
20046397,
21614343,
20734063,
20371920,
20426894,
19290482,
24057967,
21664164,
21660587,
20739660,
20723413,
20807180,
20699473,
20812195,
20872338,
20927513,
20975754,
20883596,
20770006,
20996598,
21022002,
21013972,
21019999,
21243703,
21238853,
21184659,
21205977,
21295778,
21324340,
21308365,
21524346,
21618242,
21646457,
21668139,
21541175,
21720830,
21597513,
21715146,
21690809,
21708051,
21668477,
21700214,
21684933,
20754501,
20766568,
20619690,
20589375,
20539889,
20644236,
20500369,
20574184,
19660426,
18202807,
17198136,
16770525,
20374842,
18661298,
17980462,
17231243,
16374912,
21803052,
19528313,
18599729,
17407724,
20595975,
20122808,
19278623,
17303123,
21627851,
20597212,
18632927,
21360892,
21475032,
21232209,
21271767,
21336921,
21259796,
21297067,
21314398,
21311556,
21614387,
21611774,
21673306,
21656984,
21651075,
21648030,
21646465,
21638443,
20469246,
20658378,
21910595,
20545571,
19047214,
20417719,
19205126,
17410269,
21274974,
19019925,
17595780,
16403845,
18682691,
22743220,
20832971,
22189913,
19897000,
22746058,
20497636,
20374083,
20263058,
20695908,
20837186,
20976963,
20096916,
21546055,
20633439,
20896976,
20245139,
21514257,
19536852,
17852557,
16734509,
20543421,
21916492,
20058454,
20453198,
19511872,
21546752,
18498444,
17142495,
17283717,
21498670,
19659009,
19382923,
19826822,
17489038,
16410714,
18816055,
17657959,
22210841,
20557469,
21903937,
19724967,
18954675,
16274164,
15443114,
21450816,
20511285,
19220777,
18729885,
17535520,
20622738,
20730651,
20898874,
20946528,
19621904,
18793926,
17680217,
21691269,
19678453,
19397037,
16448566,
15569952,
21549022,
20536547,
19144847,
19684140,
18851474,
18936933,
21718258,
19702401,
18000550,
17536700,
16463628,
20698283,
19469399,
18129677,
21115629,
21129108,
21386828,
21260242,
21303069,
21438027,
21336456,
21490556,
20479980,
20597467,
20576840,
20621268,
19574677,
20231379,
21503170,
20611805,
21678903,
19498921,
19642078,
19314930,
22065347,
19793550,
20080435,
17052897,
17414875,
18947263,
21787583,
20665038,
19459478,
20969305,
19197633,
20842789,
20797724,
19761144,
16845829,
15959045,
19624699,
20101219,
17285022,
21459496,
21518611,
21266116,
21227254,
21073443,
20976854,
21030878,
21015464,
20835552,
20705393,
20819492,
20575255,
20578636,
20463371,
20330628,
18563024,
17581642,
20440558,
19013648,
21702702,
19477006,
21128388,
20196397,
20485078,
19911295,
21667833,
21681248,
20183703,
17187158,
21697571,
21687427,
21608176,
21587377,
20229057,
20497976,
19548344,
18595432,
22539465,
20434931,
20339430,
21896168,
19088816,
22959170,
20785174,
20596049,
20578460,
20367937,
19461317,
18821184,
20967732,
19334564,
20437486,
19178216,
17693497,
20454461,
19621039,
20067612,
17244478,
20304367,
20750582,
20001455,
21601603,
20412207,
21722073,
21581608,
20644989,
20712534,
20777754,
20846965,
20628170,
19360079,
21111050,
20676449,
21503317,
21459193,
21523319,
21539858,
21333729,
20204051,
21647665,
20236577,
21572071,
19105340,
19407646,
19545732,
19096307,
17223519,
21548710,
21546546,
20219578,
20221197,
20420554,
21537273,
20966661,
20093486,
18259215,
19446933,
16549054,
19924281,
20559174,
20482803,
18719027,
17176926,
17273090,
21583240,
21248960,
20441545,
21555384,
20114451,
20539179,
20606829,
19902307,
16858528,
16835735,
20488211,
21612548,
20777422,
22126034,
19973735,
22888872,
20520845,
20545864,
18462281,
18732360,
17310025,
21625639,
19474755,
18713247,
16410472,
19273185,
17029424,
18253948,
22280042,
20234947,
20724221,
19347888,
21129758,
18094076,
20095499,
19081916,
17709811,
20862049,
19695972,
18659840,
19310441,
17580054,
19453868,
18732537,
18707092,
21336774,
21298158,
21198376,
20210329,
20304232,
20452797,
18722059,
22956218,
20800656,
21642128,
19608715,
19480749,
20703992,
20815592,
22298386,
20228799,
21646770,
21608487,
20362046,
19571316,
19924281,
17981541,
21214045,
18891579,
20646719,
19617717,
21057945,
21014334,
20768000,
20915225,
19799877,
18408767,
16290936,
21564309,
19589644,
19938558,
18553922,
17171488,
21563368,
20538924,
18899746,
17515377,
22177206,
19960053,
20305515,
20555037,
20993649,
18529131,
21506505,
21207721,
20998908,
20885870,
20921250,
20837611,
20708771,
20544566,
20480783,
18482208,
22759456,
20625070,
23955380,
21675858,
21632303,
21208537,
21192184,
21112247,
21067377,
20884998,
20721702,
20578808,
20356658,
18428181,
17388567,
21897715,
19740966,
20295805,
17303553,
19522643,
19833756,
17045669,
16175570,
21691629,
21617397,
20904469,
19938348,
21319740,
19397240,
21181261,
21083831,
21025403,
20744979,
20616923,
20432156,
20449747,
20477886,
19123787,
21750493,
19664208,
17892098,
16776504,
21149420,
18918460,
17608140,
22005245,
20662680,
21750273,
19359795,
17601231,
17961101,
19336358,
17093937,
17680020,
17207930,
21715508,
18660390,
19046432,
16058794,
16359236,
21581060,
21366532,
21089249,
21056413,
20967832,
20211399,
21623474,
18574739,
15639253,
15693129,
21533378,
21310696,
21146494,
21089284,
20922505,
19894556,
21168335,
21045788,
20927124,
20988765,
20609067,
20505866,
20414172,
20252271,
20317978,
20480086,
21590416,
19211749,
18942953,
22122177,
21610938,
20517688,
21589750,
19417663,
19383268,
17720210,
20047260,
18697795,
17193781,
20402848,
20631012,
17698764,
20568566,
18805258,
17632308,
20536621,
20884212,
21599525,
19582372,
19351428,
16433625,
15594018,
18702202,
17461297,
20759286,
17852858,
16790138,
20467226,
22178536,
20596945,
20343905,
20570044,
20717808,
20715317,
20742557,
20677069,
20529677,
18519437,
16626267,
18787464,
17756027,
21741857,
19492397,
17675735,
18918025,
21631634,
21549703,
20485305,
20359769,
20655368,
21836993,
19191196,
19687099,
18695830,
21862668,
21158918,
18489535,
17364329,
18567015,
20156548,
20410472,
21658494,
21553042,
21249348,
18328728,
17084385,
18917867,
20550683,
19373869,
17758092,
18902089,
20161717,
22805346,
19935090,
17068950,
19510727,
22372621,
20518390,
17655596,
16351706,
20835978,
19679690,
18470390,
21072977,
21147622,
21163861,
21301874,
21566106,
21496747,
20774468,
21623629,
20839150,
19340836,
20858192,
18711462,
17562086,
18005598,
17357654,
15607327,
15272387,
14257649,
15336323,
21925884,
21889823,
20762596,
20918788,
20789336,
20498117,
19541095,
19972130,
18809088,
18449045,
20919893,
19589909,
19757675,
20760040,
18285051,
17679272,
20624761,
17641593,
18405543,
17654587,
20683499,
17697599,
20638434,
18510688,
17358424,
17545307,
20063580,
20318707,
21480002,
21268246,
19250819,
17343913,
21289547,
18516580,
16533299,
20172436,
21240264,
21229764,
18947048,
17165475,
17771604,
16825209,
20851740,
20746477,
18315216,
21096881,
19832123,
18965029,
16685415,
19915207,
18476340,
21048112,
19841554,
19967356,
20016573,
20165795,
21157568,
21171785,
18827333,
17503715,
20574773,
19331395,
22526730,
21250892,
21259572,
20057177,
18958885,
17697586,
20346897,
17477534,
19984839,
20145808,
21073157,
19997246,
18360968,
21101243,
19790885,
19919522,
21084584,
20000643,
20390997,
20173809,
21326217,
21293137,
19019046,
17073828,
21547379,
19206022,
20703795,
19700196,
20003131,
20027339,
21390925,
20228556,
21666459,
20621203,
21606060,
20373547,
18809577,
17978716,
16030466,
15104722,
16457271,
20975969,
19758780,
19992933,
21095128,
19916228,
18501928,
21305598,
20020266,
18610966,
21346323,
20124977,
18703920,
16338974,
19582374,
19228606,
20452864,
20435538,
19205718,
21679811,
20712494,
19085018,
20608099,
19352345,
20212653,
20404320,
21642443,
20496514,
20518290,
19271633,
19196656,
19144890,
17695614,
18798444,
16394420,
21654477,
20395654,
19170260,
17594295,
20775028,
18614405,
20210379,
21649330,
20827609,
20447768,
17722117,
20335543,
20496899,
19404074,
17797882,
21187379,
18145203,
17656377,
16825449,
20473360,
21836002,
20824344,
19420320,
20002445,
18750244,
21678878,
21996604,
20613756,
20605034,
20686224,
18722598,
18199589,
15255509,
17544199,
21478359,
19391700,
19336878,
20077446,
21707368,
18500478,
19237703,
16826433,
20578228,
22092452,
19671021,
22957810,
20729248,
20867046,
19931210,
18775843,
19448338,
19524628,
22861885,
22143801,
21870898,
21670176,
20459449,
20695350,
20997722,
20027694,
17802824,
18828481,
20664755,
20770233,
18998267,
18848032,
20622228,
21762810,
19816081,
20673085,
20804708,
19808026,
16920162,
17376308,
21723520,
19807519,
19470437,
18793638,
17758707,
22005861,
19907341,
19448183,
21154009,
18263985,
18939268,
18879440,
16336137,
21966064,
19760312,
16785789,
15940154,
15119448,
17663609,
20656709,
20590182,
17669479,
20478936,
19647001,
18599804,
20517257,
20590935,
19382183,
18320766,
20006775,
17594920,
21918139,
19634558,
16620485,
20055490,
20382822,
20741438,
19353827,
21210635,
21120807,
21122692,
21119871,
21106341,
21064310,
21045545,
21099006,
21037339,
21176710,
21139380,
21100604,
21063746,
21052651,
21123623,
21177557,
21097586,
20967781,
21160066,
21047823,
21075215,
21000820,
20927610,
20889599,
20958056,
20843139,
20883935,
20724049,
20937976,
20803715,
20721912,
20648779,
20620690,
20668742,
20561732,
20616121,
19448718,
19169471,
19587435,
16377256,
20856229,
18510208,
17206623,
20480515,
17546329,
20609683,
20885962,
18901913,
18763849,
19451966,
19319875,
19810319,
17914011,
21293685,
19971825,
18667992,
19206258,
17621386,
20337502,
17675313,
20734413,
19375319,
22467311,
21176612,
20363499,
21874814,
19558448,
20208463,
17599710,
22111438,
20714624,
21470652,
20729598,
17728624,
18104441,
18846325,
18624110,
22019194,
20531526,
19612152,
20713847,
18542921,
18690568,
21520549,
21639499,
21540140,
21298277,
21291815,
21330031,
21065287,
21141400,
21117106,
21120148,
21144454,
21053556,
20932378,
21038546,
19804189,
18685514,
21613162,
21621420,
21652982,
21621962,
21368382,
21609863,
21400073,
20624956,
21893963,
19738826,
18954627,
19479264,
18651246,
19514912,
17816872,
21055083,
19988347,
20404410,
18442817,
19004819,
17738814,
21087903,
19952166,
18570291,
21508554,
21476983,
20378214,
20397736,
20246924,
20215681,
20231215,
19508545,
21075882,
20457099,
21785241,
20573336,
19589599,
20833223,
19475110,
18606816,
18175502,
16353743,
21157281,
18199904,
19533762,
17381948,
20077527,
20531416,
17530596,
