12644211953,
37019395,
22302994,
20931911,
23137234,
19767683,
21790383,
22368885,
20242756,
18114942,
21332069,
19616882,
22256749,
22143675,
19413168,
22294385,
21081949,
18945267,
23131873,
20734410,
19944657,
18579796,
21711781,
19625796,
21848373,
21116319,
19966010,
20761896,
23050049,
22436273,
22320576,
21169862,
23097578,
25122972,
25196402,
20043215,
22316300,
29223188,
27158521,
30220339,
24976067,
22483725,
22481943,
21003579,
19773938,
23554044,
21173665,
20603537,
17761202,
19700208,
18022742,
21871432,
19665304,
17981852,
22221139,
21050966,
21717408,
19595546,
20161849,
19531505,
18342997,
19092573,
17803754,
20818022,
19237571,
23044684,
20896947,
20665837,
22292296,
20790466,
22939914,
21512619,
20415230,
22624256,
20291276,
20278847,
17256767,
20692453,
22774740,
21437260,
21315191,
21205008,
21221364,
19690485,
17698569,
18145451,
22340962,
20128362,
20501354,
19021103,
22725701,
20395951,
20391388,
22042690,
20465313,
21462462,
20049172,
18601464,
21007990,
21406874,
18145723,
20670737,
18062656,
20377425,
18985060,
21691287,
21889864,
20646450,
17804046,
23039142,
21588539,
21016284,
22221168,
22072876,
28993589,
23905409,
27642024,
22475029,
20582536,
22662485,
19737019,
16663671,
16133798,
21894600,
22085284,
19218004,
21803072,
20522598,
19674365,
21918507,
22216689,
20826114,
19745138,
21772111,
21856886,
20766773,
19213464,
21561856,
20369472,
18390874,
17935087,
19544246,
21077715,
19703273,
20233982,
22050630,
29593123,
34606532,
29366341,
30043290,
28111149,
21395930,
25887982,
32801028,
27606515,
22391504,
22061389,
22996017,
20846622,
21844574,
19690112,
17599833,
21873137,
20389806,
19098868,
21953707,
20324563,
19049823,
21681345,
20480417,
17616292,
21373792,
21385055,
20980517,
19132558,
17701711,
20529882,
22846410,
20438233,
19246385,
23407280,
20858472,
20643986,
19421913,
17849573,
20203234,
18726136,
23301504,
20999077,
22991276,
20811020,
20896895,
21460016,
20162025,
17708335,
17452685,
23446934,
22249991,
21109350,
17832432,
21419256,
18896924,
22035956,
22032911,
22075991,
21255460,
20255171,
19186774,
23195439,
21096115,
20146268,
18866899,
21851461,
20691072,
19412728,
17354869,
21653870,
21928121,
20611526,
21783001,
19612300,
22959928,
21427171,
19369936,
23325285,
20932112,
19694341,
21337263,
24322262,
27855047,
22639766,
20243904,
17569700,
16668142,
20693508,
18015014,
16870975,
20836831,
21912875,
19915459,
18975138,
16999662,
19092303,
16978317,
20433628,
17503322,
15942114,
21327525,
20378254,
19590534,
17591051,
22394821,
22266190,
21353838,
19831942,
22009303,
19602995,
22951168,
22469125,
25386526,
23072191,
27614795,
22461443,
20146380,
19658685,
17890681,
19775881,
21975870,
21022433,
23322897,
21275343,
26319570,
21195206,
18939941,
19431147,
21363814,
19427413,
19224724,
19309353,
17344638,
20071391,
23764925,
21828971,
21518247,
18706417,
21636618,
20448437,
21102518,
20052052,
20783070,
21460313,
22182141,
21597201,
18911768,
21740649,
20714679,
18948895,
21061361,
20141426,
17113588,
20741030,
17767406,
29783655,
24641910,
26442196,
21318183,
21584725,
20206064,
20323961,
20775227,
22524240,
20095017,
22864325,
19754895,
19737698,
20066941,
18893037,
21917219,
20691116,
19124589,
21925271,
20807918,
17715827,
20077979,
25568166,
25641029,
24438096,
22971085,
20481043,
21836390,
18985077,
20310040,
20409990,
20654490,
20647874,
23784031,
21543887,
21839215,
20372848,
20811678,
18925400,
20161970,
24356202,
22286081,
22316909,
21173693,
20763732,
20970776,
17755692,
20828561,
19213950,
22542443,
22631715,
22955321,
21898753,
20540274,
23105378,
20595837,
19450273,
23259548,
22081128,
21140098,
18131816,
20289413,
18996562,
21818371,
20405820,
17603988,
21913567,
20624058,
19625186,
23070345,
21814732,
20849865,
19000817,
16956125,
20498209,
17873959,
21090288,
23714886,
28533075,
23448718,
21421283,
19718370,
22929256,
20589530,
23264692,
20691261,
22033206,
22102229,
20097254,
22851755,
20725566,
20225443,
19181886,
17744971,
22125697,
19772434,
22561358,
20584440,
22909181,
20746547,
20304627,
22720514,
20800431,
20565497,
20420539,
18254040,
17685185,
18815187,
19997728,
18258395,
20660846,
20671717,
20942154,
21698947,
20201796,
22994095,
21856086,
20762683,
21428370,
20984748,
20573661,
21309911,
21332147,
22472778,
19541295,
19154843,
20573242,
20794511,
20308103,
21817976,
20668979,
24264478,
21921266,
21361763,
19316317,
17655579,
21169261,
19415540,
22589071,
20434823,
22815595,
20686101,
24097902,
27139902,
22028191,
21099243,
25945223,
26828562,
21650372,
20666125,
17706778,
15808448,
22247647,
25674994,
25967932,
22935850,
21911383,
20090195,
18834081,
20461589,
28804239,
27079300,
25951290,
25837900,
20672794,
22199607,
20866731,
21212325,
18957672,
19619309,
16980238,
24398015,
27213468,
22069876,
20937487,
24818990,
22342931,
20227273,
22141166,
20705724,
22915683,
21765349,
21934186,
20748737,
18671449,
19405226,
24388114,
25389850,
23097295,
22234356,
20783179,
18997140,
17183907,
21377489,
20469816,
18863168,
21440092,
20093027,
19135365,
18692293,
22479566,
20126532,
23709797,
25418812,
25293552,
20139578,
20386316,
19410108,
27138661,
21964200,
20954968,
25797022,
26547379,
21412351,
20423239,
18952613,
19438357,
16709726,
20354954,
19994873,
19044301,
21580344,
21508904,
19596170,
18721134,
17649904,
21671783,
20834083,
20067978,
19007654,
22932217,
20549478,
20467378,
20393359,
19039959,
17581374,
17875909,
15942557,
19722895,
21369157,
20199399,
19007931,
17215552,
15259878,
16782867,
16325291,
17393295,
22684684,
20312706,
20262686,
22622578,
20176399,
18830410,
22540199,
21277120,
19865520,
21372452,
18358345,
19997752,
20138249,
20206341,
20147091,
21253882,
19165596,
20573529,
19437204,
20660530,
30245963,
31301938,
26160923,
20893765,
17232155,
21785789,
24718765,
22305599,
20158007,
22230745,
23308421,
28094662,
23001667,
20525582,
24585893,
22347650,
29339225,
24193806,
25672479,
22712140,
20507828,
19983179,
21191624,
21247957,
20074465,
18462529,
21175635,
20146478,
21729902,
21705529,
20451003,
21984054,
20801120,
22662148,
21743734,
21655297,
20496807,
21361788,
21396342,
20219022,
19246270,
23000868,
20814835,
19617500,
17632454,
20878995,
18699312,
17232270,
21689662,
21415752,
19188589,
17230563,
19904732,
30691018,
25542233,
25521527,
20399254,
20647684,
20122098,
21337463,
20186108,
19012968,
21450916,
20549718,
21232719,
19910060,
16993249,
16711546,
22011716,
20219771,
27082890,
17575560,
20050217,
21924876,
25060668,
28209745,
23057003,
20503484,
20708122,
21353255,
20627502,
19514396,
21638533,
19357909,
16191148,
13395981,
19884611,
21123801,
19563733,
17377720,
17589773,
18632442,
21968921,
23995744,
21615718,
21645890,
21682438,
20861989,
21752935,
21709698,
19542485,
19273839,
20439673,
19120928,
19776868,
21697612,
21710434,
20511943,
21110867,
20066573,
18714613,
21694886,
21420801,
20156983,
22771623,
20767193,
20484240,
22784152,
20895921,
20545333,
20848570,
20571089,
19139712,
23127361,
20855042,
19968406,
18524349,
21282698,
20500246,
22217144,
20233634,
21644011,
20491115,
18456273,
23084296,
24526575,
23712641,
18498795,
20000603,
22803506,
24327111,
21961131,
23292748,
25091969,
19923941,
19482926,
20262562,
22553298,
27573193,
22401519,
21979805,
19882426,
21667619,
20296303,
21806254,
20745922,
24097945,
21861835,
21849084,
20775517,
19537502,
18976791,
20205561,
18864603,
20155570,
21410958,
18713851,
21301994,
20278367,
21654513,
20626778,
20787754,
19504172,
18601354,
18842347,
19154784,
18874263,
21659261,
19701171,
19376866,
20802658,
18699553,
20675288,
19975587,
19091660,
17700278,
22033321,
19642500,
19117234,
17747620,
20945405,
25776969,
28267056,
23170689,
21960779,
19628389,
17885223,
21368239,
21360068,
23650967,
29883903,
24803027,
19589913,
24107585,
21829541,
20764212,
19691922,
21332483,
19937020,
19723193,
19923394,
18384701,
21312595,
20431967,
19286762,
20037396,
23838133,
21613490,
21620701,
20397556,
20736500,
22287854,
20664410,
23794483,
21753626,
21656449,
21731227,
20585953,
19499322,
21090243,
21332740,
21228607,
21092958,
20070654,
20456647,
22711147,
20602477,
19260588,
22498112,
23186560,
27319118,
22145468,
21562986,
25545118,
27062962,
21853261,
19967458,
19240270,
17754062,
20223641,
20338540,
22587885,
21358699,
21304766,
19959208,
21206675,
18914033,
17490360,
21671918,
21611937,
21223313,
21192137,
21019003,
20641977,
19194541,
20870779,
19490561,
23876293,
21670381,
20182491,
18832511,
21679398,
20188235,
21421851,
21222552,
21101505,
20831093,
20642219,
20586528,
19367914,
23057974,
20729535,
19926326,
18253510,
20947313,
19878442,
18463844,
21113912,
18989990,
20823494,
22908134,
21694065,
20406843,
21727587,
21400909,
21196739,
19834667,
20766893,
19659629,
22827967,
21365256,
21363239,
21084618,
20880630,
20675767,
20485615,
19153649,
22861742,
20711785,
20513980,
22767124,
20651421,
20278522,
22841710,
20585247,
20265252,
21443384,
21375691,
21192462,
21242375,
19779275,
21681580,
18907735,
21757738,
20626243,
23350039,
22347459,
21144162,
19199911,
21342754,
18250190,
22553356,
20152043,
18792316,
20981436,
20620010,
20733200,
20625550,
19999490,
16886389,
16191088,
20745665,
23194207,
31360042,
26176737,
27419351,
22276415,
17028258,
19696357,
19123723,
20639790,
19316112,
19235658,
17235625,
21743703,
20582934,
19001634,
22200697,
20697935,
22702735,
23496881,
33485698,
28276999,
23084392,
29071414,
23889821,
23005254,
20774163,
17763176,
17265147,
20534099,
19392537,
22867002,
22006225,
20874988,
19672611,
19900680,
22806706,
20537146,
22728466,
21723073,
24333459,
22299610,
20859151,
21631464,
21676066,
21243475,
21221022,
20030911,
18812417,
22673215,
20564367,
19432163,
21366464,
19138057,
17744398,
22094869,
19903242,
20758894,
18740430,
23611243,
21351501,
21347108,
18754074,
20656156,
21623822,
21612510,
20064429,
19778936,
18705365,
19360692,
19938260,
17213794,
15332156,
20896226,
20453135,
21792238,
19211135,
16515633,
19094050,
20835571,
24073262,
21774261,
21721925,
19633791,
21965944,
21633454,
21220522,
23097046,
20865824,
21625422,
21596341,
21283108,
20058784,
18678086,
21278405,
21233996,
20319526,
18551720,
20124268,
18963667,
21640368,
20824349,
19166573,
23833295,
21629381,
20153220,
17332922,
20612911,
19458970,
19005766,
17104254,
18720598,
16174088,
21750826,
21433520,
20112520,
24065134,
24226935,
23762063,
18596378,
21679496,
21128828,
20574952,
20276377,
19108017,
19456960,
19402394,
20372757,
30751008,
31334821,
29101739,
23936252,
23872347,
25430974,
22793649,
30737209,
25567369,
25767588,
22899202,
24394639,
22365649,
19368918,
17800484,
29869231,
24688769,
26157466,
20972986,
21398114,
21427875,
23023912,
21591855,
20581296,
19112439,
20332388,
19859409,
22690129,
20519387,
17420098,
22093282,
20562427,
19461773,
22247439,
21126386,
21645752,
20083865,
18701010,
21908713,
20842706,
23968094,
21710329,
21389489,
18812417,
21501496,
20212122,
20326769,
20340499,
20101630,
21246688,
20647463,
20612600,
17686076,
20104789,
19521281,
16935216,
18331668,
22681357,
20691126,
21725992,
21546477,
21282809,
20287914,
21192509,
21314668,
19089441,
20720826,
23009649,
21973986,
20921295,
21035977,
19337016,
18363843,
16492968,
22079220,
19662438,
22651752,
20444213,
17774688,
21821531,
18934014,
19119971,
19300263,
22306357,
19841129,
22911839,
21414182,
21087481,
20386557,
18871506,
21736948,
20528325,
22259761,
22090980,
21677578,
20212488,
20561358,
19367500,
22981736,
20925227,
19930535,
18543818,
19633024,
23632784,
29892657,
24704676,
22182678,
21451314,
20331096,
22586451,
20365813,
18895638,
21849784,
21874783,
20485980,
19299849,
21687765,
20591820,
20247541,
19230354,
22844195,
20618511,
20374663,
21427907,
20978381,
19775979,
23547030,
21244518,
20035920,
18764905,
21283073,
21437762,
18617530,
21385857,
20215638,
22389594,
20663393,
21593592,
21576605,
20283691,
20303950,
22631790,
20285444,
19073959,
22662680,
20596080,
20251778,
22337482,
21231189,
20107850,
22673020,
20528349,
20063226,
21133828,
20050644,
19096173,
22354462,
20661443,
20586783,
22571622,
21400990,
20057812,
20022701,
20107756,
20053482,
22529099,
20275194,
20407703,
22492935,
21579999,
20225277,
22634655,
20398326,
18981286,
20752471,
20380388,
28208432,
25784647,
25841530,
20642914,
19267671,
20867553,
23806297,
21337713,
20106951,
18766230,
21558089,
20209608,
20271954,
21666456,
21734167,
21681410,
19417676,
19794918,
23258412,
20919453,
21647155,
21648386,
20169222,
17415001,
20139034,
18951267,
22200192,
19777796,
22345645,
20109408,
20125324,
20192343,
18147158,
22602890,
20383976,
22144541,
20235728,
22743375,
20716962,
31169615,
25981387,
20792000,
20569617,
20635842,
18348132,
21143545,
20473858,
22623726,
20436503,
20677514,
21892506,
20393162,
22642169,
20459881,
20493822,
20984838,
20202704,
19148784,
22134612,
19852006,
18117985,
15101857,
20432684,
20689601,
22070131,
20086525,
21302137,
19012392,
19472427,
20286958,
17403239,
17044246,
22801353,
21665099,
19231911,
18956520,
21644490,
21685337,
19473459,
21681190,
22000839,
31155851,
25966659,
20822232,
21178987,
20310587,
19607988,
25902083,
30786218,
25629517,
22967588,
21056765,
25547127,
23887402,
23868885,
21294010,
21437942,
20043727,
18667047,
21421936,
20574769,
22123178,
21633042,
23994242,
21672458,
18397946,
20159563,
19127838,
22546861,
20112688,
22490090,
20209624,
20223511,
22309748,
21156979,
21061181,
19816841,
19865742,
20908279,
22216964,
26793829,
21604413,
21676953,
21782144,
20431346,
19196396,
18574092,
19979989,
21051546,
21141005,
23804977,
21346921,
20075948,
18839050,
21598951,
20209772,
20232930,
19346878,
22633111,
19998739,
22978057,
22211504,
33959488,
30941835,
25794017,
23727032,
22054787,
19809976,
21364931,
19980970,
19751938,
17796345,
22732691,
20608001,
20108111,
22591556,
20505258,
20127675,
21642339,
20749797,
20589380,
21158561,
21136144,
23949325,
21625891,
20605601,
21072929,
19255427,
17361256,
20469574,
22769898,
24438651,
21963168,
20561640,
22560740,
20738045,
20286451,
21663987,
20457244,
19269613,
18723410,
30826073,
25670764,
27514048,
25414286,
20331982,
21587307,
18972981,
19968605,
21630489,
20683172,
23948600,
21775963,
20391801,
17513174,
23205723,
21661566,
23181748,
22092440,
20230990,
20899559,
18645059,
22828904,
20511018,
20607506,
20776400,
22197862,
20013045,
18762460,
20331120,
19611720,
24119050,
21434988,
16276431,
16363613,
19667826,
22490687,
20539948,
21207678,
20785857,
21684410,
22095929,
20981064,
20623315,
19473614,
17703553,
25348021,
27818037,
22607517,
22129929,
20600634,
20920440,
19672248,
21379471,
19291886,
22313497,
21239735,
21232873,
20018180,
20138434,
20287578,
20398301,
22666877,
20489050,
19329329,
22465577,
20191240,
20263251,
20555480,
18473001,
15586163,
14757500,
17270707,
20317504,
17691596,
19916182,
18657095,
22011110,
21597694,
20507124,
22286929,
20246626,
19466072,
19136610,
22549352,
21605948,
21644188,
21088624,
20473073,
21304299,
20454297,
20131342,
19210824,
21606830,
21663267,
21640875,
19359012,
22586841,
21128278,
20763230,
20643114,
19764102,
22002521,
20313187,
20476311,
19572865,
19003167,
21603123,
19768456,
18777667,
18401165,
21891066,
20616339,
24535350,
22182376,
21798167,
20526232,
20350834,
19555851,
19179947,
20775247,
20461248,
22940341,
20686303,
19846901,
18878165,
21667921,
21671868,
20645516,
19730194,
23067065,
22025557,
20945935,
19250462,
22953199,
30040954,
24861500,
22096674,
21676458,
20590105,
20406755,
20718512,
21197181,
20828946,
20721134,
20474266,
20381067,
18435918,
19079144,
19800399,
21958140,
21595236,
20709402,
20855170,
18714521,
22096322,
20570389,
20645232,
19616237,
22913813,
21176173,
23701722,
21360955,
21372366,
21381854,
21634514,
21580017,
21697577,
21675890,
21714495,
21650652,
20583663,
20690699,
19654192,
22550680,
25024106,
22353752,
20172484,
21921262,
21682655,
20481932,
19008182,
19913211,
21364699,
21457503,
21525086,
21911525,
21542492,
20525677,
19313455,
21003427,
19920066,
21349893,
21420523,
21392010,
21339104,
21318882,
21426498,
21539950,
21582732,
21626037,
21666006,
21505635,
21799445,
21762230,
21735875,
21659382,
21597319,
21782446,
20652003,
19549532,
20466628,
23159663,
25184467,
30287960,
25072120,
29275907,
24113121,
22797006,
17653514,
19560146,
20182138,
19158903,
18237567,
22751030,
20388917,
20318919,
20491782,
17533160,
38130840,
32980923,
27830374,
22713756,
21121682,
19930656,
21311190,
23449019,
20763796,
20172269,
19206920,
21901733,
20873501,
20420112,
19776795,
19973397,
22254061,
21388902,
21156385,
19993795,
18478816,
21379000,
20188386,
20272140,
23627224,
21354393,
20282209,
19908104,
17391451,
20731960,
18472206,
21354538,
20351041,
20331787,
20487123,
17484499,
20373483,
24550765,
26433696,
21265369,
18747334,
21577388,
20425427,
19581067,
17532652,
20736095,
18342319,
21275960,
21609377,
18427161,
17434002,
18656236,
21621406,
20526506,
19219789,
18657308,
21345456,
24594035,
22376002,
19871202,
19709208,
21322869,
18550223,
21583563,
20346397,
18665952,
21534478,
19283952,
16368447,
15730713,
21709151,
21719177,
21470636,
21477942,
20219359,
20301935,
21299261,
21047851,
20837373,
19814456,
22336335,
19903460,
19408421,
19056285,
17399361,
14821529,
17285864,
14251900,
14856651,
21292268,
20083438,
18605751,
21523153,
20462611,
17632698,
16713154,
25664512,
24223614,
19068487,
16663811,
20166966,
18559979,
15638810,
17327187,
21727534,
20918415,
20824847,
21534471,
23995841,
30530898,
25376552,
27430876,
22281768,
21168795,
18896194,
21509892,
19419343,
17235840,
19260809,
21211627,
18801861,
17513466,
22098862,
20800734,
19549279,
21451966,
24794302,
33296397,
28125559,
25967447,
28190714,
25857923,
28895693,
26193924,
28179577,
22997246,
20394996,
21707409,
21919904,
17766394,
20054397,
17154243,
14169035,
14795593,
19305316,
22520588,
20380982,
17781472,
22996805,
20641082,
21674743,
21741621,
21957234,
20691656,
19193116,
21723383,
22826027,
21693150,
25153365,
19982152,
19452631,
20419651,
23043264,
23834520,
27389461,
22212549,
21274049,
19880396,
21979309,
24494520,
24394869,
19290336,
20299749,
17321847,
19664699,
21159726,
21420746,
24224831,
21707469,
24936402,
22564197,
19864840,
19517678,
17314930,
18921668,
18784641,
24016623,
21697417,
22781500,
27582490,
25353065,
30123333,
24924913,
30705757,
25528266,
27515940,
22346869,
20903321,
25909863,
22898579,
24468414,
30148040,
24987931,
19788748,
22851753,
20421819,
21590790,
21232729,
19233081,
20314294,
20126232,
17286214,
18882372,
20556575,
22894807,
20590033,
19608332,
16876182,
16438503,
21671059,
21684085,
20795309,
19418231,
21238341,
19243595,
19785713,
17809901,
15016380,
17030794,
21613490,
21672134,
20962282,
21805312,
18887152,
21675671,
20697426,
23874015,
21677143,
21699477,
19409603,
21710946,
21768242,
21970645,
21058346,
21691260,
21905202,
20834818,
19458698,
22774533,
20622460,
22237240,
20133502,
20323466,
23638786,
21388470,
21306146,
21569115,
21664864,
21666334,
20659008,
22157820,
21455260,
16569611,
22363214,
22015562,
19687906,
21695505,
22991373,
23924669,
25169577,
19973466,
17561704,
17792175,
17683200,
23271581,
20788214,
24036104,
21917051,
20765821,
19441642,
19578535,
23135202,
17956793,
17422412,
16492821,
22090262,
21613395,
21510851,
21425959,
21501482,
20308224,
20450767,
22938975,
21723045,
21077311,
19942355,
18678163,
21539435,
20238755,
20471857,
23390496,
20361426,
20776620,
19176862,
20387282,
19178767,
22585131,
21670851,
22067922,
19954521,
20431324,
17692819,
16817709,
21262505,
22740183,
21040261,
20813605,
36106821,
31031739,
28329625,
26238580,
21055603,
19967661,
22761287,
31236293,
26047665,
27309510,
22088505,
21103343,
18088037,
21701236,
20781852,
23043807,
20922688,
19915539,
18543978,
21692877,
20633935,
19300656,
18858384,
22539501,
20267389,
22689096,
20982030,
20590698,
22527945,
20096364,
21681853,
20902123,
20566030,
20698508,
20857214,
20030866,
18720320,
29886465,
24699068,
21973536,
21705164,
20486742,
22598489,
20465134,
20940268,
20218068,
29443825,
24273312,
21371601,
20938711,
18754301,
17560690,
16933941,
17360157,
20135306,
17321680,
21655890,
20318023,
20425796,
22323898,
21394516,
20147151,
22609004,
20038908,
20097299,
22694106,
20532048,
20145530,
24107514,
21897355,
20830734,
19200531,
19258479,
18176242,
22627730,
21735372,
22075773,
22681469,
20297166,
18917862,
22129872,
21721487,
20677259,
18607603,
15982784,
22828032,
20495979,
19323532,
22533047,
21027230,
23127604,
33483520,
28281194,
30180622,
28263401,
23088471,
20118822,
23729342,
21248601,
21302571,
18769824,
21805786,
20439661,
20537936,
19163701,
21397788,
19246557,
21690428,
21720990,
20542593,
20518693,
20338835,
17463152,
22601912,
24789230,
22348727,
19483531,
20457243,
22434551,
21677318,
20080207,
21746131,
20720349,
23997714,
21664424,
21448642,
20857492,
17863217,
18834616,
23048632,
17897293,
21930126,
20677010,
24206979,
21940677,
20569472,
19452316,
17753065,
20213806,
19400234,
17731211,
18823389,
20439365,
21614957,
21700102,
20947503,
19258837,
19623367,
17613874,
19966915,
18569366,
21638896,
20297620,
17324377,
21195109,
20222280,
18776774,
21431089,
20534042,
17692570,
21960056,
24899087,
19739516,
22807323,
20468011,
23077369,
20939853,
20753774,
17657483,
21051128,
20495604,
24067755,
21676803,
20897787,
19285877,
19945466,
18033153,
22420615,
20351982,
21766705,
18701335,
18998912,
22156110,
19816756,
18923835,
24551484,
19350266,
22916411,
20958217,
19919956,
18439433,
21124534,
21070785,
21072120,
20944934,
20879798,
20944690,
20949863,
20875358,
20831826,
20736300,
20739743,
19714143,
18702087,
21682305,
20573569,
18757409,
21191629,
20296250,
22051298,
19753994,
21690265,
22818712,
22036801,
20737417,
18796386,
20436566,
22668265,
27373765,
30203478,
34802240,
29628128,
24400683,
19187510,
22879161,
20779267,
20554515,
20231132,
17660767,
20774080,
18789416,
17042189,
19686618,
20827817,
17578887,
18456509,
22040985,
20700890,
22880988,
20908845,
19748563,
19382400,
21096426,
21707818,
24700776,
35679583,
30503410,
25295870,
29404988,
24229200,
26981339,
21792045,
24609390,
22480877,
22562143,
21228552,
21199711,
21078791,
19860427,
21333134,
20077660,
20246831,
21180711,
21205398,
19931763,
18951757,
17605325,
18970849,
20490660,
20185071,
22506827,
20286009,
18980801,
21657327,
20498454,
22060449,
22087587,
21879694,
20628650,
22698516,
19943207,
18968029,
20359256,
21150182,
30170981,
24988531,
29650129,
24481451,
19251100,
19362275,
21088698,
19767959,
17022380,
21403474,
21265354,
19817858,
21750934,
19008079,
17331641,
18852369,
21749430,
18954943,
23158506,
21019598,
19262316,
17687215,
19955926,
18927429,
22116533,
21022449,
21107405,
20933417,
24553559,
28947134,
23758148,
24847076,
19632306,
19945859,
24640917,
22342843,
20432493,
19889258,
17990996,
22247266,
20150010,
18124214,
20943354,
22895452,
25391229,
20190985,
17144314,
16278729,
21953492,
19876538,
19724670,
20076255,
18620445,
21950115,
21709626,
21727329,
20809540,
19807719,
20123504,
18864624,
20799794,
19548234,
22653189,
21505789,
21626687,
21602852,
21331162,
21516988,
21191325,
21323189,
21201162,
21142035,
19920899,
18932917,
19289904,
16452476,
15943489,
21299644,
21147995,
19575900,
17583334,
21916067,
19023055,
18722928,
17752915,
18744429,
22028974,
20846788,
19309328,
19921803,
16907378,
14843964,
14955171,
19150864,
22277489,
20062126,
18800311,
22076250,
21686168,
21331096,
19096875,
17177260,
19161635,
18700220,
16743604,
16177914,
21943227,
21694485,
19545044,
21095158,
25534450,
20368017,
19606286,
19224584,
22955662,
22810226,
30219175,
25049020,
22883126,
21283317,
18882235,
17619439,
20803050,
19893873,
20479693,
20384724,
19381378,
22702945,
20497016,
21706384,
21374326,
19509149,
22671329,
21493741,
21308797,
21315552,
21115307,
24107636,
25427439,
20266779,
19042168,
22194695,
21590337,
21314376,
19212272,
22467009,
20083812,
20369745,
20692870,
23999121,
29956046,
24843011,
22480358,
20468901,
25519906,
22841063,
20594352,
20554738,
20382909,
18535813,
20930899,
23991244,
29556480,
24372838,
22460442,
21710268,
21693397,
21679447,
22786571,
20519092,
19432409,
19776139,
16774392,
19199508,
22303660,
20093894,
18054047,
22921101,
21838542,
25481468,
20352974,
21203815,
20212556,
21699652,
20756711,
20972966,
20992098,
21140815,
21140629,
21171954,
21200220,
21244603,
21509874,
21672296,
21671339,
21726112,
21714300,
20906794,
19876369,
18914135,
22751529,
24679525,
29760946,
24589651,
28416478,
23243001,
25113485,
23743766,
18544213,
20477003,
17606020,
17735468,
22955951,
20212976,
19008874,
29284919,
24106141,
25184178,
19997911,
21008849,
21598266,
19241353,
22646557,
21811159,
20435935,
22577579,
20515175,
18833081,
16970956,
19710993,
22162343,
22729879,
21919194,
20789614,
19582479,
19584303,
22948126,
20862926,
22966158,
21687550,
20781737,
20706247,
20840839,
20743119,
20578661,
20717251,
20653856,
20842098,
20833111,
20720522,
20569531,
20534886,
20578711,
20447213,
20398021,
19159466,
23482066,
21493538,
21256860,
20414567,
19177255,
22440746,
21527566,
21562679,
21656885,
20727968,
20527037,
20796585,
18791143,
22801084,
20747527,
19975505,
18800491,
20623021,
17755357,
22026167,
19986384,
18159319,
23697327,
21689230,
21483559,
20609789,
20836591,
21162978,
19516684,
21475454,
19353392,
21268144,
19720212,
17813300,
16806360,
21584774,
20360671,
20477326,
21976185,
19666828,
24007781,
21173295,
20095837,
19768146,
17765301,
22296353,
20103094,
19834483,
19389132,
17499557,
20403750,
20571606,
18823834,
16736560,
22080351,
19941472,
17273146,
17663694,
20712839,
18677918,
20540579,
19333651,
19931358,
20936567,
21028760,
20798721,
20686119,
20802515,
20615066,
20929992,
21061573,
21207296,
21085316,
20025291,
21238801,
19768427,
17344534,
24955206,
19838859,
21934154,
20612919,
24354967,
22153938,
20852953,
19882934,
19587714,
18815597,
22891050,
20823929,
21061748,
20695923,
20686826,
20717616,
20621695,
20549963,
20519821,
20612174,
19418481,
21521614,
20364518,
17434035,
17618071,
21056305,
20080998,
19253221,
20539694,
23006440,
20827917,
20691428,
20769580,
20752831,
19314965,
23002830,
22025192,
19869871,
19321248,
21703513,
31298893,
31657043,
26486141,
21245386,
21687453,
25716724,
31995776,
26785214,
21579988,
25358971,
20191295,
20949450,
24362732,
21459506,
16275884,
15658418,
22748777,
30630139,
25465814,
20246994,
21210858,
21055621,
20940925,
21003207,
21004182,
20821857,
21062216,
21004634,
20942709,
20902682,
20935671,
20824146,
20729781,
20692988,
20732686,
20671768,
20741077,
20613004,
20482606,
20784693,
20741754,
20721302,
20739570,
20844996,
20887830,
20794874,
20760248,
20613376,
20668577,
20675807,
20758813,
20638694,
20854752,
20800385,
20662503,
20456567,
19423328,
17417013,
22081555,
21656754,
20100249,
18997672,
22862915,
20790709,
20418281,
20292535,
21722926,
21792266,
18967164,
20499406,
19136122,
17011791,
18913285,
21835820,
20676730,
22209534,
21716476,
21719502,
20304592,
23300881,
24201767,
18987063,
19361817,
22905992,
22988388,
21714300,
19517303,
19095918,
21366993,
20539971,
21472019,
21407403,
19337868,
21929773,
19719878,
20310327,
18968459,
21673356,
20613048,
18993855,
17316380,
19633998,
22036725,
20226805,
20707420,
20586408,
21778472,
20751039,
20619171,
19392910,
17518583,
18992197,
17623761,
20889140,
20032684,
21595916,
20174179,
21705606,
20029286,
21705713,
21442582,
22493576,
20218453,
19066097,
20533354,
25344587,
29954516,
24768074,
27034011,
21831501,
19528276,
17669532,
18929577,
17787718,
21062193,
20008450,
18851087,
22788741,
21702411,
20546016,
21950164,
21580268,
24040002,
21682404,
20753514,
20532870,
19200163,
22270860,
20455272,
22718644,
20364761,
19116691,
17300056,
16106895,
21750266,
20445213,
19414531,
20168524,
24404771,
22100778,
22499490,
23995381,
21696391,
21696842,
20655605,
20823627,
20621648,
19279989,
23910686,
21541952,
21412684,
21485267,
21373402,
21558286,
21399992,
21490033,
21395165,
21425023,
21321874,
21349651,
21545599,
21499843,
21650037,
21428038,
19053646,
21867360,
20899825,
22017045,
20837729,
19738046,
19772504,
22454250,
20155685,
19137390,
22553308,
24615637,
24706498,
24726664,
19548949,
20318311,
22216493,
22318877,
21296079,
21237656,
21127049,
18598599,
20456560,
19229241,
20734998,
19727599,
20709234,
21377063,
20326328,
18710521,
21685183,
21710559,
21701485,
21412101,
21559526,
21264807,
20151405,
22866257,
20634075,
19480971,
24154381,
21636181,
21593439,
20436188,
19448086,
22922645,
22026464,
20774711,
18515998,
21100346,
20947753,
20796956,
20755665,
20685092,
20530625,
20436195,
19413101,
23564018,
21223204,
19826332,
18510010,
21212375,
20160905,
22890435,
20550793,
19421023,
23448312,
21301722,
21037572,
19921983,
18870005,
17796497,
17467164,
22700952,
21397822,
21211451,
21151180,
21014996,
20948008,
20837760,
20694638,
20544098,
18837650,
21789149,
24488004,
19305234,
20200892,
32009325,
35493635,
30282778,
25084108,
26448848,
21275509,
18235529,
19658062,
19175020,
17438884,
20138913,
23287403,
25201922,
20036155,
19622916,
18700292,
17599950,
20545900,
17392637,
24280622,
22002146,
26356727,
29628163,
24769873,
19525695,
18803587,
19890218,
21699969,
21699761,
20395133,
19155692,
36612994,
31409750,
26222331,
26552369,
21353394,
20564494,
21612178,
21643739,
20860389,
24202750,
22098312,
21761497,
20719011,
19267039,
18747174,
17158923,
16620920,
20670769,
19469780,
24009695,
21986457,
21675276,
20520365,
19832212,
21674376,
20481545,
22547954,
20297555,
23084987,
20874466,
20552930,
20720986,
17694979,
20824779,
19873852,
18436593,
21334991,
21212126,
20263750,
23180475,
20682419,
22757581,
21197602,
19498913,
17700216,
23230054,
21049436,
23097388,
21958521,
19429985,
19257559,
21867182,
21741574,
20745373,
20489935,
19381126,
17783038,
20644341,
19672971,
23953397,
21726149,
21423779,
20553341,
18895476,
21909475,
20745932,
22696223,
24811878,
30376541,
25202304,
19993289,
18856724,
16044577,
15533170,
19419813,
17723665,
20229779,
17752888,
20603889,
22551448,
25574156,
20383554,
18905101,
21175407,
21590059,
20334360,
20508886,
18797948,
15750428,
15054593,
20237117,
18368188,
19762087,
18136873,
15009223,
19570435,
17626966,
20038528,
18445627,
20915548,
21085876,
18568724,
21189137,
21049486,
20074612,
21198426,
20348069,
21404518,
19249290,
17589533,
20965094,
20423072,
19990467,
22144293,
19832030,
20200722,
21559691,
20660178,
23058546,
20687561,
20709642,
19377991,
20259410,
22008253,
22051157,
22115853,
19653442,
22358631,
21253315,
19270653,
16304554,
20139756,
22620785,
21678551,
20319882,
21441769,
20461929,
20538862,
21163498,
21026350,
19977645,
18623422,
21274794,
20147551,
16999534,
21671329,
19257097,
22100574,
19713087,
19824845,
22432856,
20235955,
18706969,
21239691,
20236092,
20591790,
21668081,
19405230,
19051829,
17054083,
25307639,
22789817,
21714915,
20420811,
20440416,
19177345,
22177068,
19895463,
18795798,
22030603,
19665201,
22488472,
20481720,
22326494,
21681161,
25013054,
22165187,
19947337,
22717420,
20627460,
24074964,
21653752,
20268975,
19109000,
17667280,
20745334,
19502694,
17592535,
20740165,
20218183,
22440406,
20226880,
19221599,
20767263,
20284604,
22009865,
20302640,
23054231,
20831531,
20437308,
17682885,
20453319,
19214104,
22862369,
20601245,
19624874,
18668422,
22784237,
21481804,
20562972,
21714100,
19888668,
21349150,
20206369,
22747795,
20588618,
20428217,
25337887,
36693619,
31513211,
26324893,
24404174,
19325892,
20872128,
22446382,
25321295,
31422252,
26240662,
21035303,
22223156,
21095715,
21238506,
21113396,
20812677,
20781155,
20666452,
20541966,
20403781,
19156911,
22309190,
21627914,
20248509,
19384463,
22172481,
16997451,
19875371,
22786367,
20732421,
21841147,
21666604,
20544156,
21920862,
20698208,
22940577,
17772984,
18840990,
22728161,
20471523,
19379798,
18714086,
18880440,
22479343,
21292552,
21295863,
21102887,
21067275,
21039377,
20918800,
20840515,
19607058,
17591688,
18966546,
22318357,
27223463,
22043203,
21638893,
20462854,
23858041,
24186304,
28738479,
23606496,
21036498,
21432118,
20697262,
21916506,
20956775,
19608557,
21259481,
19097203,
22514953,
19689584,
21265287,
20414737,
20410345,
22698178,
21641501,
21702276,
18811607,
22494823,
26187856,
21060263,
22145076,
21643151,
20257380,
21198238,
21163491,
20927297,
20770458,
20738595,
20472821,
20326396,
20145983,
21677773,
19974063,
19206688,
21949620,
20370675,
19266271,
17335626,
21722787,
21698239,
21376007,
21377028,
21189634,
20990222,
20915676,
20678679,
20534812,
20383710,
19397812,
17681218,
19921986,
21159067,
20156225,
18703562,
17871262,
24660328,
22448617,
19671126,
22393834,
21052131,
20080345,
22775646,
20405033,
20142779,
22544466,
20197652,
19058460,
22884907,
20858897,
20328928,
18848692,
21903030,
20455499,
17636078,
20614503,
17759877,
22648803,
20466836,
20261977,
21584824,
20460649,
22121613,
19800357,
18544888,
22377655,
20293058,
18987162,
23368927,
20925902,
18891057,
18643774,
21677608,
21482206,
21335332,
21026692,
20993688,
20890242,
20809755,
20837754,
20581304,
18953771,
22186316,
19938893,
18037726,
15954600,
17539739,
22819719,
21433200,
20723838,
22031786,
20733543,
24412486,
19226669,
20076065,
21730120,
20640177,
20588778,
20385894,
25792028,
28902165,
23727420,
27363328,
22158403,
19109819,
23403882,
26420312,
21255242,
18617490,
21320792,
20390526,
21668199,
20755371,
22136030,
21617987,
21093896,
22415569,
21686155,
21390076,
20651338,
19296798,
23139961,
20961085,
22907836,
20686374,
20616084,
20524522,
20303535,
20066856,
21530118,
19190704,
18827111,
21969064,
19731893,
19585876,
22855497,
20646439,
22876724,
20558260,
20351957,
20302062,
21392269,
21183607,
20983944,
21078567,
21051238,
20874415,
20856564,
20799726,
20733855,
20710620,
20612799,
20456480,
20378472,
20279529,
19081361,
22751462,
20733616,
20529694,
19028928,
21964111,
19738914,
19653652,
22730013,
20474476,
22945296,
20829419,
19884486,
18612738,
22924106,
20674999,
20362406,
17620256,
20278134,
20096664,
20057092,
20275382,
19107107,
22846161,
20859989,
20437127,
20510470,
20914663,
20599460,
20966994,
20411961,
18897363,
21333082,
21533953,
21550635,
21349846,
21065596,
20960592,
20838453,
20754202,
20628313,
19222184,
23318106,
29320999,
24144696,
21670209,
25650983,
27245866,
22055150,
21108397,
19725257,
18571681,
21585145,
20263327,
20534166,
21877587,
22116763,
26773506,
21557604,
20395731,
22083198,
16890789,
15817498,
16656707,
21547234,
21417126,
21281267,
21174454,
21076214,
21017390,
20890793,
20885377,
20729776,
20849732,
20703822,
20603219,
20580029,
19344970,
18987131,
24672430,
22472096,
19540812,
21223428,
23578325,
34652856,
29473224,
24266235,
23590601,
22653919,
21382533,
21671125,
20168716,
18700350,
21333549,
21222121,
21091896,
21050086,
20931844,
20840508,
21105368,
20563099,
17716205,
20752866,
17682873,
20798719,
20290106,
17614059,
20821617,
18818270,
21633666,
20242048,
20469353,
21646488,
20324174,
18984756,
21983042,
19595986,
21085869,
20236244,
21687819,
19483551,
19155304,
20524739,
25476033,
31201515,
26025452,
20798349,
24978059,
22575552,
29687656,
24505371,
26967682,
21788998,
19383088,
20903306,
19174638,
19349513,
17056895,
21696296,
20565144,
17512439,
21400402,
19378015,
17723506,
21143403,
19948514,
22063391,
20490729,
21672234,
20608037,
22756074,
21717948,
21539875,
21662689,
20487577,
20848492,
22810013,
24987931,
19808186,
20053760,
22865072,
21583479,
23840907,
21679615,
21241876,
20196035,
20271645,
20332965,
21552477,
21684392,
24460837,
22896527,
21848254,
20589185,
19297666,
21875284,
19706295,
16943816,
16330420,
18276431,
22450310,
20284196,
25063218,
19868397,
23453971,
21304649,
21039357,
21121904,
20886495,
18170658,
22969309,
20948595,
20056130,
18712182,
21647290,
21696425,
21397892,
19100565,
21980705,
20931754,
19883739,
18094844,
20161467,
19249034,
21937443,
20255988,
18668577,
21694450,
21579489,
21301324,
19504932,
16643442,
14739030,
16755425,
21443276,
18633910,
21446447,
21365649,
21280956,
21348048,
20030276,
20154981,
23052911,
21672854,
20532081,
20546171,
21602052,
21664037,
20384897,
19322315,
23013221,
21009642,
19973698,
18675951,
21367527,
21318774,
20147558,
19018550,
22897527,
22026312,
20703724,
17699393,
24771413,
19574263,
21626742,
19248475,
21921909,
21602306,
19219174,
17648774,
19161706,
22565415,
20530929,
31059049,
25872568,
27370605,
22181117,
20490200,
24237047,
21989767,
20331472,
22705260,
20389259,
20449553,
21787231,
20539371,
23694329,
21426897,
21038919,
17997158,
20034404,
21662252,
20317674,
22869097,
20478378,
19344850,
17517905,
20574634,
18716854,
16903539,
15092517,
18972529,
20805342,
22607442,
20483879,
30155324,
24968737,
25375447,
20187345,
18702750,
21585229,
21297688,
21188270,
21206300,
21038383,
21007259,
20917743,
20852974,
20586018,
20716876,
19476851,
19676764,
19220312,
18936997,
22201682,
21648738,
20388803,
20200482,
19026566,
17171670,
15293024,
16896036,
22197802,
20125339,
22612139,
20498044,
19384321,
23673413,
21431072,
21192402,
21224881,
21005992,
20947851,
20840163,
20720479,
20511358,
20371203,
20303672,
20190163,
21651545,
19260520,
18964027,
22342660,
22360456,
28692560,
23519159,
28036574,
22874563,
20475185,
17433289,
20286724,
24254681,
21825963,
21620754,
19478191,
19256714,
20159908,
18885163,
21844682,
19238410,
20554160,
18417241,
20991120,
21120079,
20783665,
19197319,
17645478,
20691295,
18516122,
19579739,
20269339,
18876633,
20141949,
19445283,
20018664,
18765613,
22863657,
20546823,
20340350,
20284003,
19053286,
17276923,
16442802,
21677836,
20673000,
19016521,
22306447,
21404303,
21350199,
21263093,
21177782,
21173545,
21110917,
21130723,
21123173,
20889287,
20884455,
20839508,
20643220,
20570234,
20468001,
20343702,
20578333,
22010663,
25849122,
20672310,
22954215,
21175910,
19662353,
18620666,
21658159,
21720263,
21734899,
21710076,
20697593,
17826580,
19554826,
21276150,
26904815,
37179512,
36910882,
31722076,
29025155,
26652634,
31014273,
25852992,
31097920,
25932524,
20721470,
21670714,
24297541,
22119745,
21910169,
19804491,
19327745,
20411255,
23665727,
26590474,
23761568,
21627167,
21261027,
22801358,
21660171,
21395871,
21280867,
21113418,
21123572,
18953118,
17455915,
21931976,
23378084,
22556708,
21544947,
18220563,
18449570,
22685239,
20443352,
21824266,
19852373,
17135788,
16707792,
21226544,
19986854,
20422074,
20282678,
18943805,
17594811,
20484958,
20645574,
24014105,
21696724,
20557970,
20445463,
22765803,
20679001,
19657244,
17833462,
22106216,
20842983,
17695198,
18992257,
21996484,
22021370,
18848625,
17393805,
16338235,
21689442,
21645725,
20186357,
18818126,
21667394,
21437670,
20252191,
18861314,
23346749,
20806021,
20629685,
20470928,
17455838,
20209016,
17492395,
21367017,
20300235,
21349650,
18920770,
21650795,
20417967,
20476288,
19412326,
19911932,
24461919,
22124988,
22633840,
20328970,
19414976,
22013105,
30144033,
24977529,
25730699,
20544498,
18749944,
18133571,
21647800,
22822106,
20666323,
18748452,
16997582,
21678166,
21667526,
20389827,
19017006,
21974505,
20652544,
20299815,
21724643,
21473534,
21408859,
20618871,
22400925,
25278541,
26808782,
24310230,
22025157,
19770304,
19998691,
19006841,
22819448,
20562022,
20267146,
17579559,
20430321,
19410264,
22885580,
24665313,
30403845,
25225113,
19982797,
21266929,
21214316,
21247451,
21234368,
21067440,
21099810,
23834585,
18638912,
22810328,
20518153,
20101429,
22467104,
20365635,
19162868,
23441304,
21177796,
20915910,
19649902,
20667602,
22281329,
28408853,
23211578,
23971083,
30705724,
25523004,
25632432,
22926855,
20728796,
20534909,
23144490,
17978277,
20926282,
20024159,
20092272,
19252524,
21964881,
21101217,
18099471,
19089716,
20980638,
21095201,
19841847,
18773929,
21641666,
21693607,
21602473,
21527277,
21633039,
21258125,
20145669,
23995889,
21923514,
21622879,
20183094,
19545947,
18780492,
21900955,
20652906,
25983250,
28415143,
25579530,
23922208,
21624529,
18841388,
22099494,
21686900,
20844153,
20689250,
20668200,
20658575,
20486395,
21225328,
21685046,
20295620,
18870227,
21674151,
21734984,
20607694,
20512053,
20797331,
19897592,
20605719,
22563297,
19577230,
21451938,
21334759,
21320862,
21348576,
21226976,
20579221,
22628980,
20286321,
22041218,
21159628,
18972974,
17627328,
21849961,
19684938,
19547257,
