12648384939,
35661264,
21744737,
21921192,
20361693,
18482289,
20785759,
19490850,
22119810,
22036783,
20584901,
19138357,
21981340,
21994252,
20555937,
19085221,
21776547,
21657734,
21681782,
21484636,
21365774,
21240175,
21065790,
19659771,
22247795,
21345869,
20288223,
21464855,
19991833,
20777625,
18191370,
16730305,
19083749,
19286569,
17882656,
21814381,
21670968,
21602647,
21694002,
21356237,
21372591,
21033962,
20955840,
21118435,
22291981,
19446511,
20521104,
19243155,
21823970,
21648442,
21342539,
20029329,
18150231,
20838571,
18055352,
16715464,
17368037,
18363136,
19135910,
17606730,
21917329,
21721055,
19299076,
21873912,
20659745,
18938686,
21592522,
21183437,
20031831,
18364105,
20984463,
20772429,
18037770,
16624592,
20007533,
17958830,
16924896,
20848825,
19359245,
17718345,
18434833,
19329421,
17756017,
21645606,
20613384,
19114794,
21691558,
20487238,
19189737,
21420989,
20325833,
20334347,
20529239,
21800172,
20725911,
21623152,
20297451,
18848765,
21668491,
21477167,
21507693,
21192539,
20132416,
20945203,
19192246,
17222894,
21442844,
20288721,
20486087,
21890733,
20543275,
21949360,
20825472,
21834203,
20460229,
18482215,
17549556,
20453372,
21684445,
20895764,
22071432,
20740584,
19644625,
18665098,
20011818,
18649818,
21160594,
19814883,
18030333,
20693078,
19400119,
18116767,
20586467,
20600183,
20687943,
21695997,
19223544,
19321619,
19221571,
17976962,
22051380,
20670612,
21905978,
20500234,
21752766,
20503481,
21779931,
20775977,
19599815,
24414336,
26816444,
15572254,
15698109,
16317581,
21473412,
21554665,
21316268,
21235001,
21108638,
19665571,
18066908,
21187959,
20766308,
21797915,
20564297,
17655899,
21938640,
20513547,
20473683,
20396256,
20492535,
21839220,
20728269,
21751235,
20631960,
20855032,
21878947,
19669913,
19945988,
18026414,
21028802,
18958039,
21629674,
21612252,
20198951,
20227143,
19957691,
20125801,
21309124,
19731663,
18171484,
20619886,
20516581,
20424799,
20353099,
20584279,
21725590,
20439928,
20430532,
21931204,
20424759,
20506326,
21493798,
20379604,
17769139,
20787328,
19406294,
16905526,
18897399,
17738336,
21648118,
21547072,
20260742,
18755763,
21132536,
20101306,
18033323,
20141199,
19003716,
21554856,
21607867,
20300202,
20100014,
20319683,
21695200,
20406503,
21967673,
20459904,
21500633,
20183848,
17413086,
18081277,
16727038,
18392191,
17145199,
18231240,
19209975,
17787528,
20623563,
20004306,
16913898,
16119976,
21985657,
21832730,
20759913,
17493036,
21569136,
21389155,
20240403,
18787163,
21448159,
20127375,
18708309,
21542357,
20460996,
19065399,
21477717,
20433348,
20510466,
20860203,
18956402,
16906223,
20099244,
17431068,
16363063,
20745035,
20938405,
17789645,
16579638,
16559745,
21460488,
20251920,
18988830,
21872604,
21596921,
20410800,
21877672,
20984901,
21834665,
19385400,
19123441,
19266501,
17367982,
20507938,
21824463,
20010804,
16839683,
20501583,
21822501,
20431391,
19434645,
20200042,
19569339,
20161287,
19152921,
18411222,
16497256,
18951546,
18966919,
21910334,
21619555,
20525233,
17707341,
21195804,
20066221,
18704134,
21244233,
20345334,
20309222,
20435241,
21722345,
20268764,
19155913,
17226271,
20167599,
17641751,
15346218,
17563071,
18907441,
20416022,
21712804,
20676749,
22112695,
21480994,
20218798,
21601063,
20041094,
21428906,
21448907,
19326104,
18478982,
18980008,
17640488,
17185309,
18324331,
18950960,
18562349,
21256850,
20047185,
18475252,
21058978,
21181865,
20998112,
19767716,
17728761,
20794179,
19419195,
20973462,
20525497,
21799985,
20747235,
21593817,
20546951,
19372311,
19723779,
19309596,
20690584,
19681985,
20962217,
19870953,
21267909,
20268177,
20660145,
19567090,
19924848,
18711222,
20204544,
18893006,
21762107,
21608955,
21664637,
21598146,
21725244,
21547132,
20303230,
18467003,
18879942,
16553887,
16044662,
16143262,
21671538,
21464960,
20254038,
20528402,
21885274,
20732718,
21705699,
21005619,
19922366,
18834583,
21317645,
20295518,
20541548,
21721300,
20462756,
19190332,
17849863,
20497132,
20799618,
21678553,
19284249,
17726802,
19061380,
19583260,
18861299,
18631521,
21279041,
21166401,
19705696,
20129722,
21296467,
20195700,
21535593,
20193373,
18933537,
20545416,
20447478,
19277670,
21711658,
21743259,
21281193,
21288767,
20016430,
18603924,
21306186,
20326708,
21800720,
20607467,
21741464,
20677672,
20606157,
20319404,
19254960,
17469932,
19397822,
18598871,
17837674,
20831118,
17946534,
20871166,
18811757,
21797280,
23036568,
20343285,
18767390,
19490633,
16999007,
19218077,
17170620,
15190885,
18949568,
16205360,
21706541,
20348587,
17277761,
16484597,
21447559,
20118953,
18653171,
21338404,
20185253,
19042116,
17827817,
20425939,
17821205,
21008402,
17830995,
20850355,
19586077,
20673576,
18174931,
17077449,
18948083,
18832061,
21452302,
20032536,
20276976,
21585889,
20518865,
21780031,
20646619,
21685151,
20401491,
17976265,
20889818,
18510945,
21137038,
20018347,
17638366,
17912309,
16769730,
20250227,
21362122,
20124939,
18816544,
21687890,
20151617,
18909618,
18620536,
21421178,
21182030,
18165279,
20807813,
19599548,
17805101,
20042663,
17052853,
21534355,
21303138,
18990072,
21694629,
21976950,
20676842,
22016307,
20603244,
20570294,
20838773,
21655495,
20641529,
19517739,
21024690,
22179051,
20811720,
19263329,
20492389,
18651001,
18891737,
17701350,
18042035,
16848237,
18678782,
21309559,
20117148,
19981787,
21332271,
20047540,
20155365,
20453642,
20661951,
20946808,
21853031,
20538157,
19348710,
17777333,
20997300,
18938656,
20300045,
21698734,
20483777,
17379631,
17795005,
22197428,
20046416,
20392849,
19209832,
18586992,
17561169,
18863977,
22743532,
20623295,
19049637,
21949832,
22017885,
20497672,
20479223,
20400216,
21838862,
20693080,
22026272,
20596903,
21726935,
21636066,
19371524,
17759107,
20745644,
19294449,
21337843,
19055688,
17778463,
22288714,
20026444,
19573222,
19230383,
19227200,
17760251,
20723586,
20670957,
20591926,
19124915,
21944352,
20865869,
20558483,
19419733,
17850586,
20901783,
18414689,
17877118,
20794094,
19279395,
21710538,
19299311,
19155099,
19086986,
17672973,
17748135,
20748612,
18892251,
18787674,
21620247,
20550536,
20400071,
18875953,
21643476,
20523114,
19589956,
17785793,
17717282,
21136832,
20716534,
21700791,
20695068,
19316003,
20734260,
18670087,
20279409,
20575978,
18966462,
21693987,
20725611,
17828832,
17554130,
20419564,
19143133,
21744269,
20560677,
19353985,
18225468,
18753786,
17753646,
24886415,
16941855,
17938632,
21157146,
20368110,
21605568,
20600075,
19057873,
19376463,
19224554,
19453973,
19154313,
19543662,
19038827,
17685494,
17639730,
20764876,
21050296,
18777580,
15944249,
21432550,
21200690,
21238050,
20380862,
21654244,
21389635,
21456133,
21310635,
21193879,
20199229,
21352748,
20695388,
21673208,
20445435,
19486051,
18938954,
18925282,
18246795,
18461027,
19065889,
17713310,
17729979,
20857692,
18215008,
16723876,
21009442,
20977431,
20916892,
20906013,
20881942,
20887870,
20823056,
20802034,
20576419,
20564107,
19164888,
21863535,
20448598,
19170050,
17612377,
20757081,
19486169,
17714590,
20881635,
19049818,
17060937,
21433165,
21188599,
21147077,
20829091,
20996645,
19413539,
18591272,
18928909,
18874202,
21576315,
21522741,
21287957,
21460393,
21269581,
21108710,
21022075,
21104315,
21024796,
19923799,
20202847,
20333012,
20528612,
21879157,
20568062,
20246172,
20375385,
20526392,
21652972,
20363693,
18952350,
21711128,
21624374,
20297648,
19395505,
17668593,
20450437,
17725139,
20470840,
19341596,
17672158,
20436319,
17557422,
20929225,
18618673,
20214101,
20341974,
19039946,
21653702,
20319643,
20567309,
21663712,
21291984,
21221605,
20967674,
20819945,
20715894,
20488892,
20129454,
20316929,
20440718,
20813505,
20627875,
19392762,
21900900,
20260098,
20369182,
21357871,
20027541,
20440271,
20455067,
19199295,
21625651,
21434828,
19173314,
17750477,
20672212,
17790422,
15219099,
16973175,
18856860,
21524909,
21286155,
21193899,
20802040,
20675574,
20463876,
19087067,
17630794,
20208671,
18951533,
21590536,
21239253,
21013491,
20907504,
20742792,
20475618,
19035426,
19252782,
17729359,
20703039,
19423992,
18529279,
17730081,
18881885,
16446370,
21597221,
20551990,
20573134,
19283158,
17642003,
17980285,
18747129,
16643038,
17417090,
20643094,
18809347,
16304392,
17700323,
20675707,
18707409,
21322970,
21241543,
20992583,
19738031,
19978745,
20140803,
18244851,
16479042,
17478081,
21697637,
18927932,
18796418,
21522614,
21320495,
21207608,
20931614,
20632128,
19233322,
17693263,
17999827,
16975263,
17894818,
16736590,
18076110,
18873298,
16931473,
15933079,
17095862,
17587581,
17615947,
20646183,
17577219,
18155355,
17000829,
18908626,
21593976,
21659969,
19947607,
20527599,
20624296,
19426043,
21595219,
19185136,
17216297,
20219103,
20307012,
20676157,
21628997,
19245042,
17612284,
20607569,
20852696,
20683656,
20169707,
20335248,
19695069,
18767977,
20333703,
20538621,
19101054,
21636161,
19178987,
17755665,
20308612,
20604249,
21659459,
19070052,
17731336,
20455605,
20608884,
21707273,
20525737,
19299114,
17729614,
20713147,
18330110,
17764406,
20560074,
17570965,
20610216,
19351303,
21856314,
20649996,
19119161,
17445331,
19339041,
17058500,
20869013,
18961017,
16460601,
21402627,
20431424,
21649038,
21331762,
21246683,
21040505,
20986641,
20815612,
20506726,
20428824,
20206274,
19011055,
21603725,
20281646,
18946986,
21315540,
20421067,
21377891,
20207304,
20601849,
21425610,
18895556,
18802580,
21371144,
20214238,
20365698,
21626636,
21651817,
19538360,
19877721,
18810717,
17968473,
18734608,
16799925,
20947826,
19637978,
18454541,
20870403,
20766578,
19429120,
18789714,
17464877,
17548939,
20384064,
19209105,
21589144,
20293010,
17692181,
17296508,
17416816,
20601987,
19458641,
19617405,
18272002,
20930719,
20862759,
20669713,
20533269,
20494511,
20475842,
20324288,
20628552,
21640711,
20267330,
19026807,
17454068,
20380882,
20633982,
21582842,
20112700,
19076387,
17487606,
20488380,
18099444,
17659445,
20328448,
19098615,
17415463,
20550191,
19252058,
21823425,
20477046,
19194043,
19267356,
18980745,
17547356,
20451956,
18669775,
16833893,
21298744,
21064400,
20800800,
20675762,
20523420,
20336865,
19114861,
18857554,
17498045,
20543848,
20378402,
21668449,
20216421,
21664243,
20225698,
21643368,
20399388,
21653340,
20552093,
21678245,
19142175,
17519358,
17887578,
18849457,
17561278,
20400429,
20312397,
20434663,
20432541,
20394543,
20424322,
20507079,
20746177,
21605218,
19152429,
18847797,
17684872,
20368525,
20377200,
20414218,
20384344,
19398164,
17074384,
16921964,
16080837,
21425301,
21205390,
21201341,
21023843,
21033697,
20850818,
20761886,
20620141,
20533997,
19338766,
19024793,
17534239,
20337400,
18918945,
20189803,
19809411,
20254151,
20089187,
18742815,
21498821,
21413763,
21277220,
21120642,
20868476,
21002080,
20756436,
19551254,
18643342,
15764114,
14667989,
21344971,
21218454,
21055333,
21045271,
21115784,
20902487,
20950745,
20623200,
20702873,
20912113,
20556272,
19083356,
21727112,
19390231,
19585292,
18324076,
21089241,
20972866,
21080171,
20785992,
19633708,
17734273,
19089941,
17747585,
20268985,
19349333,
19619714,
16702860,
15297655,
15683217,
21208175,
19997773,
18973903,
19128078,
17757299,
20395473,
20592877,
21295942,
20294846,
19191246,
19370119,
19250297,
19620572,
19561963,
20253214,
19167263,
17529277,
17671108,
15234976,
16866474,
14571448,
19162660,
17753850,
20336570,
20765050,
21375126,
19116004,
19210725,
17816938,
21621174,
19224567,
18874223,
21715778,
20455192,
21669126,
20484843,
20848920,
20941871,
20026659,
20996892,
19705005,
18829436,
18943489,
18688873,
21343496,
21091626,
19997026,
18882125,
19160148,
17793142,
18173828,
18608164,
17782855,
20786656,
18517412,
21125561,
20823612,
20654863,
20538921,
19350211,
18527422,
16641938,
17424450,
20251928,
21629756,
21236519,
20208569,
17248777,
21627391,
20578038,
21808389,
20938653,
20833003,
20048303,
21216682,
20473771,
21415761,
19929950,
19103375,
19241120,
19232081,
19309715,
17570494,
17941739,
18536091,
18470851,
21152260,
21002997,
20931407,
20756264,
20750679,
20752814,
20277422,
17652389,
17232945,
17429224,
20191785,
17309290,
20295653,
21193598,
19924094,
17988494,
18777072,
16762091,
21260299,
21439512,
18536556,
17046846,
21172605,
21041027,
20947399,
20797374,
20611740,
20465016,
18123114,
16710791,
20887145,
18693838,
21426235,
21257787,
21175441,
20923024,
19658332,
18274976,
21028490,
21189262,
20793079,
20209404,
18660535,
17520011,
20713822,
17568997,
17919536,
18728060,
16957244,
21321045,
21356585,
20995890,
20235742,
20252905,
20858029,
21028221,
20989018,
20900253,
19750737,
18343629,
20958828,
19634061,
17737881,
20682676,
17767194,
20864721,
18477907,
19908693,
20009838,
21212091,
21003724,
19541372,
17956823,
18291280,
19020625,
16967034,
21429083,
21261644,
21144035,
20903779,
19584472,
19704874,
19907437,
18537703,
21100401,
19991454,
21185704,
20191870,
21593166,
20469370,
21676956,
21189377,
19770831,
17922368,
16005022,
16310134,
17709882,
19395003,
17631280,
15620531,
17031661,
14911004,
17852288,
18093930,
16845417,
20998734,
20275502,
20416610,
19818508,
19768553,
17348462,
16995539,
18980481,
21658104,
21434070,
21577265,
21442862,
20551390,
20653448,
19866713,
17010263,
15961827,
21664554,
21562550,
21460593,
21291032,
21380529,
21240276,
21170653,
21179375,
20956696,
20960854,
20990650,
21027298,
21035240,
21000572,
21027733,
20997509,
20949863,
20980238,
21076094,
20973543,
20936706,
20828191,
20635032,
19446473,
17726899,
20506331,
19233788,
17638731,
20790241,
19694121,
20976636,
19409841,
17786450,
20479728,
19319888,
17617194,
20687884,
20863036,
21193151,
18055704,
18839325,
18521157,
21698512,
20448087,
20391437,
19248269,
20607022,
19933750,
17040681,
15968034,
21714598,
21615482,
21459225,
21504265,
21560896,
21304831,
21473790,
21303112,
21120097,
21205265,
21166598,
21040999,
21110077,
20880332,
20907076,
20760233,
20836323,
19293135,
17682155,
20655739,
18222738,
16790703,
21028997,
20983175,
20790462,
20870506,
20695322,
20514683,
20471309,
20722494,
21857828,
20655996,
18873278,
17456520,
17717039,
21857063,
19504159,
19281332,
17776521,
20786655,
19571775,
17656429,
20447097,
20719101,
21847774,
20443670,
17890290,
16597735,
20719874,
19723112,
20917715,
19583850,
19923238,
20206527,
20321321,
20692133,
21616142,
20522114,
19443247,
18679514,
18954790,
17697976,
21559575,
19204223,
18475675,
17716455,
20899139,
18689399,
21686431,
21617683,
21681807,
21411006,
21330717,
21323485,
21312691,
21209518,
21257265,
21106635,
21138255,
21006821,
20914848,
20991123,
20829173,
20733068,
19860365,
18043780,
18348009,
19735114,
17130850,
20236722,
19277325,
19550131,
17751085,
16440737,
18028213,
18764011,
16897656,
21382443,
21286193,
21497513,
21392268,
21339239,
21402074,
21304396,
21345926,
21279098,
21252927,
21213804,
21175525,
21126661,
21135745,
21028656,
21220139,
21259411,
21144798,
21246055,
21325820,
21286600,
21191627,
20915543,
21051946,
21051951,
21052630,
20833593,
20865834,
20935079,
20826456,
20696915,
20678592,
18679446,
16823931,
15927912,
21364511,
21157661,
21149978,
21166975,
21206278,
21197726,
21199596,
21212517,
21219695,
21097371,
21176915,
21082194,
21121743,
21197031,
21146277,
21115164,
21188807,
21042947,
21101485,
21150659,
21162993,
21118498,
20208828,
21575690,
20695879,
21531036,
20299618,
19102720,
17633813,
20555405,
19270490,
17592893,
20486428,
18686454,
17522298,
19439477,
18934423,
17479239,
20563115,
19485421,
20471929,
18201937,
16695251,
20871891,
20845936,
20848860,
20903591,
20798376,
20781924,
20809765,
20892926,
20901811,
20905904,
20852932,
20809836,
20795581,
20830843,
20787274,
20712686,
20718922,
19539963,
18268462,
21066368,
21116122,
21159476,
21128018,
21115022,
21060455,
21549597,
21135591,
19226134,
19486928,
17671585,
16394675,
18012975,
18637839,
16369617,
21571739,
21630409,
21360245,
20448425,
21652327,
18992845,
17543047,
17914869,
18586950,
16807429,
21412492,
21206843,
21125861,
21099077,
21026057,
20798322,
20830776,
20894027,
20734336,
20709190,
20590986,
20628908,
20559427,
20534781,
20341439,
19105102,
17516586,
20460024,
20746837,
21911341,
19479941,
16968241,
17726572,
20429579,
18481050,
17311073,
18422526,
18785494,
18632767,
21440880,
21219602,
21312086,
21114264,
21186884,
21211792,
21136420,
21069932,
21152090,
20929329,
20938119,
20738737,
20581011,
20462267,
19421066,
17497384,
20700707,
18571979,
21180069,
20369138,
21614710,
20432853,
19191944,
18414489,
18707677,
17495350,
21597896,
19600378,
19820605,
18676354,
21344589,
21307759,
21293649,
21258446,
21332471,
21296535,
21131499,
21142414,
21165916,
21138660,
21124301,
21054014,
21111590,
20976474,
21104033,
20958649,
20966616,
20921772,
20892217,
20857337,
20901479,
20867961,
20949819,
20871491,
20851257,
20766958,
20789249,
20715272,
20675617,
20690251,
20573521,
20420924,
20302872,
20604479,
21589335,
20447767,
19120651,
19346212,
17228218,
18618723,
21417554,
21598271,
21193706,
20591838,
21568001,
18962712,
17623436,
20381227,
18585948,
19855233,
20136796,
20234020,
20521365,
21607871,
20468588,
19075459,
19433174,
19299189,
20530886,
19710333,
19801309,
17375718,
17599256,
20086095,
19062012,
19458345,
19700631,
17690811,
15133252,
16138537,
14921188,
17610032,
15195378,
18089382,
17352710,
17604610,
19444153,
19023271,
17149179,
20360546,
21638379,
20649261,
21890194,
20561455,
21841684,
20505441,
19241571,
17645067,
18851160,
17812101,
16424971,
20722159,
20693873,
21631252,
20571981,
19121808,
20186748,
19372139,
19721362,
18329795,
21172030,
20882995,
20722163,
19495063,
17772241,
20802387,
19533452,
17696309,
20588883,
17637346,
18048679,
20633097,
19727899,
20565737,
18139093,
16837808,
21028285,
18590657,
17199880,
21404706,
21397243,
21391620,
21416390,
21402703,
21302899,
20898179,
20954897,
20890540,
20851570,
20916931,
20863972,
21012074,
18962393,
18601212,
21634351,
21638999,
21563632,
21222200,
20100876,
20391829,
20587708,
19147647,
21725808,
19302613,
17420000,
17447790,
16406109,
16397787,
16376704,
17993533,
18764386,
18704908,
21643923,
21531203,
21566814,
21529299,
21357215,
21171442,
21347628,
21218237,
21152154,
21081086,
21135818,
21134308,
21092079,
21092693,
21070962,
20931852,
20766605,
20567867,
19381744,
17849703,
18228184,
18825379,
18860817,
21569733,
21510543,
21617778,
21461833,
21190387,
21192381,
21095698,
21149397,
21118602,
21157169,
21060531,
20860589,
20648906,
20646143,
19279353,
17662768,
20524885,
18270159,
16973353,
19008024,
17629603,
21839309,
20610983,
21613363,
20491052,
19139740,
20752144,
19170265,
18599016,
15789794,
14986282,
17234848,
16315459,
21516706,
21283798,
21165853,
21168776,
21272121,
21108357,
21072585,
21039164,
21027178,
20936923,
21065916,
20956440,
19780218,
20178859,
19360625,
17875804,
20830554,
19464595,
17792985,
20969774,
20968359,
20876835,
19541962,
19880159,
17826600,
16729215,
19995196,
18466555,
21218043,
21262707,
19813388,
20406680,
20267332,
21603576,
20642887,
21563161,
19329484,
17811718,
19244038,
16419276,
15557660,
19249017,
17400066,
16390678,
21683069,
20453422,
20519498,
20671602,
20729468,
20751081,
20753239,
20695683,
20674139,
19390139,
20879885,
20336545,
21614268,
20332580,
21688295,
20479005,
21372772,
19065827,
18952275,
21718411,
21689620,
20446462,
19312080,
18792138,
16699800,
20221470,
20219263,
20239855,
20239624,
20194134,
20216811,
20391316,
19254600,
18680379,
16378484,
19924956,
17086188,
16167266,
21259557,
20017815,
20089060,
18836911,
18872050,
15895212,
21350961,
19876532,
19752311,
20089880,
20078422,
20062554,
20225092,
20233122,
20248033,
20169226,
20065426,
20355477,
20338875,
20341080,
20428072,
20504696,
20638605,
20608036,
19350098,
20782687,
19119176,
20508278,
18904915,
20099176,
21303292,
20149760,
21333904,
18880517,
18591650,
21262439,
20182463,
19098170,
18679031,
17324232,
21481697,
21234681,
21264498,
21008491,
19942800,
18348097,
19876922,
20176541,
21311696,
20396696,
21607152,
21458172,
21255775,
21137488,
21139763,
20970252,
19764566,
18239399,
21139984,
20960430,
20831041,
20617939,
20502877,
18969929,
21638113,
21642735,
21666814,
21350948,
21198694,
19840987,
18387939,
21245032,
21132113,
20873906,
20782330,
20665295,
20575881,
19408827,
18893650,
18229062,
18871116,
17003446,
21318203,
21268444,
21189385,
21003597,
20898936,
20785234,
20603556,
19353500,
19207833,
18692500,
16420844,
21370891,
21227613,
20955033,
20815610,
18625812,
20265578,
21695427,
20772385,
21946450,
21550049,
18275441,
18822071,
17260206,
21615535,
20362113,
18950553,
21572717,
20514203,
21483142,
20275837,
19320974,
19512464,
19159231,
19400015,
17649834,
17951196,
19343246,
17720889,
20347227,
17712988,
16390328,
20760931,
19016073,
16332165,
16958745,
16034455,
21281163,
20098646,
18809120,
21356943,
20217374,
21527758,
20246956,
18800845,
21589962,
21257409,
20077192,
18864438,
21249759,
20385099,
21547972,
20391929,
18822661,
21545730,
21276748,
19931599,
21012956,
19890663,
18356356,
19956949,
20173489,
21282640,
19894678,
18538254,
21164273,
20001338,
18371717,
21104378,
19769567,
18613456,
17609100,
20755337,
17907296,
16731654,
19778228,
18693021,
18980288,
17750710,
21326652,
19007494,
17532315,
21615995,
19400162,
20456474,
17701263,
16413870,
20512611,
20318499,
21292345,
20213443,
18683644,
21278731,
20132464,
19025572,
19253702,
17754247,
18069838,
16048785,
15102905,
21199254,
19765436,
18642498,
18899434,
17701284,
21804999,
20238897,
20360396,
20189040,
21346505,
20007320,
21577027,
20278074,
21501343,
20294796,
21395788,
20248616,
18724911,
21579389,
20000698,
21282270,
20151950,
18465490,
21168458,
19902550,
21155677,
20005302,
18623355,
17337241,
19175558,
17350005,
16087237,
17687949,
17323456,
20380182,
19273006,
17408129,
16383989,
20803630,
21547884,
20550185,
19192096,
19524334,
16652083,
15416347,
15933015,
21104049,
19898498,
18408814,
19992876,
18838196,
21508952,
20191155,
21735087,
20526359,
21732039,
20373065,
19233118,
18800608,
16647474,
15468679,
15968182,
21203721,
21232197,
21076117,
21077869,
20716651,
19484269,
19260526,
20334282,
18902719,
21615030,
20685324,
21998886,
20611136,
21549699,
19114584,
17627023,
21628822,
20381600,
21924151,
21019605,
21672776,
20078882,
18741527,
21593169,
21503661,
21213729,
20324604,
19258042,
19685582,
19333492,
20782692,
17791712,
16627725,
20260548,
20380364,
17756352,
20561184,
19223601,
21570878,
20569422,
19239273,
19455273,
19243242,
19791042,
19279892,
20752549,
19349900,
20818802,
20476243,
21476976,
20276537,
18708082,
21447935,
20169944,
21593318,
20042925,
20575219,
19069285,
21809232,
20574829,
21995724,
20280632,
21614957,
20417832,
21616605,
20397496,
19062860,
19670690,
19087446,
19315720,
17815826,
19350200,
16367190,
15479948,
20484822,
19493295,
21619537,
21008829,
21595271,
19408523,
19072097,
19395387,
19128871,
18741177,
19140679,
15988081,
15297370,
21287340,
21370781,
19984886,
18829116,
21626480,
21397662,
21290445,
21373369,
21150032,
20052533,
21474113,
20552265,
21613120,
20359906,
19298576,
19703253,
19320612,
20575301,
17511894,
19028942,
17633563,
15343930,
17457020,
19308578,
17652034,
20447810,
18366255,
22681307,
20483880,
20952652,
21190114,
19939300,
18534821,
21555713,
20344337,
20632117,
19268628,
22061065,
19913115,
20224180,
18518762,
16408165,
18971254,
21669626,
20446553,
21933913,
20551373,
21540952,
20256126,
19016491,
19452239,
19273956,
19072169,
17627574,
18105911,
18723238,
17447166,
21700343,
21629751,
21653310,
21623722,
21662777,
21627789,
21304331,
20128436,
19110781,
19418858,
19238093,
19548544,
19167490,
19429722,
19167908,
19528214,
19031799,
20568821,
18986205,
19416025,
19127380,
19661402,
16970886,
16045261,
21630703,
21230416,
21235243,
21134875,
20035743,
20356001,
19389588,
17665486,
19837254,
18627159,
21665183,
20248901,
18742322,
21636233,
21677656,
21392645,
18691293,
17347862,
18654993,
21398370,
18978580,
18815149,
21646462,
21626204,
21309021,
18962789,
17638330,
20704422,
19605893,
19906441,
18986373,
17801309,
20404048,
18726514,
17036829,
21277728,
21601478,
21291412,
21333241,
21216953,
21256314,
21194019,
20885788,
18465879,
21393306,
21525311,
20412124,
19299656,
18519012,
17560963,
16416677,
18023841,
18742662,
18595430,
21383714,
21583107,
21545887,
21631607,
21398244,
21190395,
21294624,
20831198,
20057842,
21264506,
19973518,
18532866,
21393563,
20241444,
21609668,
20469034,
21794570,
20368058,
21664349,
20495904,
21835120,
20471706,
21603304,
20332707,
21848272,
20624843,
21336001,
18959117,
17714543,
21538340,
19130615,
18166184,
18591157,
17518701,
21643746,
20120905,
21652312,
20680264,
21738986,
20524157,
19152866,
18537673,
16783879,
15942119,
21325913,
21313791,
20230155,
18784851,
21613660,
20442868,
21912140,
20396578,
21612575,
20261205,
18839831,
18747079,
16444237,
21664794,
21617850,
21316178,
21348166,
21113442,
21099245,
20841725,
20970134,
20830368,
20574943,
19483664,
17613364,
20867108,
20570089,
21559984,
19270388,
17416566,
20387232,
19017853,
21838217,
20717829,
21793730,
21578604,
20209644,
21631572,
20701620,
21589529,
19089809,
19324429,
17417638,
17461810,
21663409,
19165478,
17442606,
20209034,
18947543,
21662472,
21682078,
21228202,
19082461,
17482541,
20541827,
19080681,
20670490,
18504976,
20137621,
20177386,
18963517,
21372602,
20557164,
21687838,
20762407,
21186967,
18969733,
17224953,
17679570,
19059583,
18919623,
20430209,
18961350,
21775589,
20589471,
20642689,
20749800,
20579052,
20532917,
20841326,
19595321,
16528616,
21405599,
20220633,
20245923,
20137783,
19061550,
17317648,
20372935,
17328663,
20509435,
19208170,
19630547,
17284728,
16205607,
20588286,
18553825,
20014727,
21401755,
20167159,
21308629,
18881194,
17386509,
17841287,
18353988,
18475853,
21374790,
19870991,
21390301,
20625253,
19793721,
18848473,
16835457,
20899900,
18298691,
21042501,
21124123,
19842561,
18467406,
21345062,
19021984,
17313673,
18937982,
15740991,
15944823,
18695745,
21371065,
20315145,
21685225,
19208996,
18421380,
17312405,
20601411,
19202346,
20923296,
17844264,
18504902,
17386762,
21665389,
20350420,
21365476,
20417888,
18974537,
20473828,
19127197,
20659177,
19397256,
20785439,
18744440,
20146051,
21024933,
18613639,
17586161,
21578653,
20490697,
19149237,
19584490,
19146372,
20795481,
19243500,
20695160,
19379386,
20849414,
20602994,
21611948,
19381948,
19129350,
19593976,
18513840,
19955946,
18060746,
20905899,
19831480,
18367295,
21183657,
21001327,
20805080,
19840281,
18436707,
21197996,
20120510,
21574358,
20253356,
21566111,
20488175,
21560931,
20323263,
17478231,
21673496,
20349459,
21690662,
20520222,
21601388,
20590598,
18955372,
20594797,
19086036,
18782792,
15721489,
15094434,
17933992,
18649001,
18748789,
21625507,
21504155,
21476294,
21390514,
21179428,
21134548,
21089439,
20993028,
20704829,
20766501,
20694210,
20899326,
20688326,
17650724,
20596005,
19069264,
21642186,
21618847,
19320655,
20745572,
20469479,
21553074,
19256077,
17637348,
19327682,
17384667,
16477545,
20521639,
18911167,
21691535,
21626899,
20321769,
19564213,
18804885,
15942746,
15172257,
21321536,
21363457,
21157073,
21206706,
21104575,
21152462,
20919075,
20841743,
20694498,
20682746,
20666435,
20628390,
20490640,
20518072,
19145257,
17347285,
16793595,
16363898,
21896980,
21629113,
20759104,
20663318,
20683702,
20611834,
20539818,
20438933,
19082294,
21566203,
21558214,
19398149,
20559425,
19380773,
17609794,
20652414,
18693800,
18616316,
21650437,
21587041,
21485759,
20497181,
19148484,
21807159,
20626762,
20372579,
21595796,
20709299,
21343588,
19050816,
17677211,
20566997,
20556170,
19588814,
18186905,
21128686,
21045556,
21112022,
21041028,
20869870,
20987441,
20894147,
20757536,
20916783,
20577178,
20605111,
19273500,
17703343,
20576548,
18829598,
16949910,
21410484,
21229018,
20675552,
21439847,
20124979,
18255973,
18734936,
17643857,
21887971,
20528942,
19193596,
19513082,
19137632,
20521030,
19161576,
19465827,
17773053,
18093214,
17139024,
15062792,
15873241,
18176888,
22420389,
20253499,
21570637,
20571731,
20949723,
20043776,
21098198,
20152795,
17385530,
20415170,
18991530,
18252293,
16368023,
15331898,
16036395,
21527318,
21312143,
21219762,
21233633,
20973361,
21086889,
20923423,
20933276,
20952338,
19689664,
20060429,
17540672,
15231300,
17142887,
15154220,
21576673,
21480787,
21494388,
21306556,
21319371,
21196864,
20019957,
18943923,
17291332,
16413211,
19975625,
17433704,
17139302,
16421289,
17085981,
15227476,
21231737,
21133358,
21208133,
21188455,
21113660,
20856154,
19921918,
18215183,
21124461,
21097931,
19881032,
20019477,
21305969,
20166201,
21535293,
20305034,
21631389,
20490950,
21630173,
20503281,
19139175,
17313085,
16408465,
16054824,
15368581,
20641487,
19511332,
17652434,
15864447,
15025395,
19103105,
17743065,
20568322,
18503076,
22899556,
20581813,
22112676,
20448717,
21836755,
20786904,
19208193,
20539744,
19175777,
19482599,
19146332,
20264073,
19278238,
19589061,
19117278,
20509306,
19315553,
18599432,
15618906,
12576922,
15255621,
21244668,
21298909,
21208348,
20125725,
21453356,
20320596,
20587140,
18590477,
18854092,
17773149,
22099270,
19854558,
20146980,
19016398,
19560315,
17217736,
17467517,
15188493,
17658996,
15104057,
17613332,
15187996,
17124996,
16178033,
21619657,
21601603,
20332693,
19033812,
21660689,
21321170,
19084991,
19575315,
17677445,
16387378,
17013105,
16039648,
21331314,
20232899,
18804763,
21618090,
21599166,
20419315,
19123730,
21638195,
20339940,
19227896,
18558772,
17311135,
19317463,
19192831,
19103509,
19141877,
19000844,
19169428,
19260041,
17666576,
18067506,
18762913,
18598919,
21345821,
21214496,
19968422,
21220377,
20219775,
21649103,
20492179,
21484664,
19192923,
19058712,
19281063,
19682632,
17736818,
18137411,
18779207,
17445328,
22144822,
21596601,
20290603,
21639228,
20484660,
18761455,
18529769,
21315104,
19175593,
18829344,
21918556,
20761411,
20778804,
20858019,
20658921,
20202961,
21622798,
20438788,
21963312,
20211939,
22121320,
20484360,
21996498,
20335157,
21949197,
20482620,
21652612,
21819054,
20721509,
19035064,
20620588,
19129848,
20563202,
19305291,
19820441,
19259991,
20806615,
19097322,
20536514,
19596933,
20578803,
19525983,
16514967,
17332857,
17408514,
21570213,
21369627,
21171893,
21151627,
21094583,
20984891,
20790686,
20856681,
19541654,
17727719,
21752478,
20522873,
21768499,
19166505,
17369648,
21504769,
21570982,
21242140,
21116787,
20916636,
19691130,
18370963,
20943334,
20064904,
21261822,
20187755,
20367002,
20635059,
21544570,
20411683,
19132990,
19582384,
19124775,
17749248,
20392626,
19070097,
21648098,
20615891,
21657897,
20445500,
19254482,
19485961,
17752240,
18190619,
18894744,
18769324,
21612838,
20377538,
21626554,
20649718,
21686415,
19320208,
17752994,
19601633,
17174904,
16106258,
21654890,
21514750,
20254841,
19024670,
17196296,
16403457,
21326535,
21276383,
21101215,
21172330,
21004732,
19808884,
18277579,
21135709,
20762386,
18630987,
18492624,
21573598,
21386208,
21255053,
21204213,
21149844,
20981638,
20948556,
19737579,
18334413,
21061488,
19965255,
18560890,
21588654,
21510081,
20134329,
18687906,
21601641,
21350992,
21268934,
21154297,
21116906,
20929142,
19719182,
18486657,
21160621,
20934394,
20828534,
20657898,
20674227,
19478236,
19134725,
20422149,
19071317,
17338911,
16336137,
17680134,
20338018,
18824276,
21674481,
21343636,
21183352,
21085299,
19776159,
19985597,
18713923,
21614130,
21312245,
20044505,
18732267,
21205101,
21211907,
21028738,
20861977,
20811605,
19630747,
18333450,
20977882,
19845109,
18428009,
21156361,
21017043,
20842081,
20688176,
20695174,
20697713,
20515373,
20414925,
18861531,
21644048,
21523944,
20441108,
19100570,
21616588,
20577771,
19165098,
17717877,
20820017,
20432293,
21616660,
20275587,
19252095,
19461123,
18822346,
17438846,
20485033,
19258782,
19585016,
17550551,
16374086,
18525921,
22750887,
20540334,
21318778,
19170898,
18997552,
21846764,
20793874,
20348130,
20111273,
21426698,
20035462,
21494633,
20238969,
21143795,
18886280,
17532837,
17004284,
16142056,
21196519,
20159005,
19085591,
19441244,
19026150,
19502043,
19037851,
19527768,
17758599,
16696794,
18610981,
17299163,
21402215,
21275435,
21171136,
19820298,
20112341,
19056881,
19445881,
18998517,
18211958,
18649186,
17599803,
21566336,
20618673,
18948281,
20441737,
19135325,
17241632,
20368098,
21630442,
19260496,
17735963,
20616881,
19555953,
20565872,
17671556,
16657398,
21211085,
20062784,
21614847,
20088465,
20458739,
20374445,
20430456,
19391570,
18373647,
21275324,
21253680,
21085535,
20951305,
19837357,
21397994,
19944341,
21600963,
20476013,
22058483,
20613638,
20968772,
21384126,
21516857,
21588966,
21274480,
19027253,
19356662,
19314213,
18624637,
17096587,
14737981,
19598016,
19850668,
17589893,
16421137,
19929206,
19296074,
17722880,
20735798,
19002091,
20579361,
18839526,
20629289,
20091509,
21608298,
20178743,
19186667,
18805243,
19282755,
17538207,
20417432,
19335474,
18698190,
16664682,
14599942,
19029975,
16226627,
15551245,
21607053,
21260522,
20179579,
18867288,
17216047,
20088105,
21597571,
20594250,
20271322,
19158488,
17503079,
18296295,
18708465,
17366374,
21632066,
20503626,
18978138,
20446933,
18967641,
20633107,
19046429,
20637119,
18970544,
20465156,
18983373,
20352829,
19180496,
18470930,
15671685,
15869627,
21122334,
21094278,
21307374,
19895723,
21522991,
20284836,
21534075,
19555881,
19945417,
19056411,
19523471,
19174884,
20775015,
17837429,
19570830,
17868260,
20876815,
21044139,
21044362,
20029352,
21820858,
20582218,
21956494,
21280765,
21578240,
21467787,
20250931,
21794040,
19476634,
17623308,
18578743,
18730635,
21628426,
20250004,
21693494,
20658310,
20450605,
18054009,
16885941,
18165106,
18692773,
18599007,
21221247,
21341109,
21235681,
20083062,
21630131,
20277159,
21538920,
20278719,
21584794,
20178401,
20459494,
20073915,
21613997,
20565942,
21858903,
20639777,
21392420,
20425057,
19078363,
17642842,
20940731,
18678556,
17172822,
21924527,
21371594,
21138115,
21057479,
21116159,
19988407,
18375150,
21276189,
19905257,
18750882,
21538442,
19130095,
19161608,
17685627,
17979410,
15985785,
16355613,
21600146,
21544822,
21324207,
20224148,
19099932,
17396104,
20565821,
19066822,
17667843,
21041432,
20553843,
21772879,
20604789,
18934460,
17076429,
16319661,
20423084,
20201024,
20601930,
19407652,
21314921,
20266170,
22126860,
19198163,
16334432,
16606318,
21592966,
21515059,
18849882,
21554217,
21590131,
20309305,
19034382,
17512631,
20626841,
20521692,
20562919,
20341632,
21634526,
20411645,
21625737,
20400753,
21924846,
20259440,
20598747,
19524518,
20387744,
18688988,
17057727,
21484702,
21245415,
21116479,
21212225,
21176640,
21183137,
21027303,
21068945,
20939069,
20800338,
20740242,
20663000,
20432288,
19050751,
18809150,
17357316,
17436600,
20325376,
18769325,
21632071,
21622800,
20235270,
18842962,
21642127,
20307812,
21690664,
20422604,
21842787,
20640659,
21023746,
20229775,
19987739,
20172452,
18808065,
21494806,
20435248,
18763736,
19136707,
18792714,
17478401,
20641441,
20307786,
21097466,
18790921,
17390497,
20324272,
19000187,
19350882,
18950903,
19344258,
18901178,
19330793,
18962922,
18536729,
16342952,
21548380,
20207384,
20483290,
18934928,
21183732,
19010271,
18810085,
17402559,
20457230,
19024190,
20519260,
19434869,
18111976,
20864846,
20699943,
19421063,
18104488,
19848509,
17978840,
18141243,
17230685,
20099032,
21634308,
20445785,
21375491,
19123068,
17514619,
20396394,
19095067,
21851483,
20556807,
21595254,
19402497,
18911413,
19088494,
17419417,
20348674,
18800591,
20389201,
18960822,
21578237,
20653481,
20121804,
20318598,
18937532,
21770091,
20561062,
21059411,
18940504,
17391990,
20161867,
20410692,
20481227,
19486411,
20489901,
18504716,
18510076,
21206139,
21181392,
21171107,
21168352,
19943377,
21475537,
20354232,
21618995,
20540413,
20470911,
19421957,
20026179,
20353751,
21502558,
19171002,
19113649,
17568617,
19046749,
15885618,
17487435,
21979275,
21384223,
20119665,
20629320,
20474343,
20626473,
20414627,
21655609,
20573911,
21594219,
19231679,
19382250,
19088276,
17610162,
20344705,
17698187,
16727393,
20198745,
19134060,
17666864,
20693326,
19494520,
17530260,
20501861,
18898189,
16313489,
19029250,
16848645,
19202202,
17081451,
16366229,
21639859,
20188095,
21631556,
20431542,
20510833,
19333516,
19031050,
17581597,
20664650,
19510187,
17721268,
20630255,
19514454,
19603383,
17701694,
17942562,
18750988,
18769565,
21653052,
21524071,
20243409,
20297493,
20264371,
20328038,
20385324,
20407973,
18628813,
18977801,
21635341,
21555206,
21480157,
20261556,
20444275,
19341753,
17581391,
19992133,
17335889,
21631132,
21602733,
21349370,
20253098,
18746202,
21690040,
21627277,
20502558,
20530689,
20518815,
20549430,
20555202,
20422697,
20612733,
20628767,
20602365,
20627858,
20243306,
20207784,
19103692,
17149261,
21550047,
21484461,
21592864,
20204831,
21670327,
21564173,
20504034,
20634492,
20638812,
20762454,
19392810,
19824462,
17139479,
16378411,
20423991,
19259869,
17483166,
20622588,
18629140,
21383798,
21263142,
21096763,
20876866,
20691589,
20557603,
20614201,
19427275,
19003337,
19215780,
17618092,
17912828,
16758828,
17993838,
16913705,
18204167,
18550687,
15759997,
15004818,
21294847,
20244748,
19045438,
19512697,
18995205,
20600510,
19089352,
20479338,
18700229,
20086292,
18983716,
19550534,
19213437,
20605202,
19122203,
20627445,
18647923,
20218839,
20608911,
19293557,
21381620,
19184756,
17800966,
20696185,
19251188,
21562216,
19170117,
17538716,
20756741,
20570219,
21530641,
20342087,
19057708,
19319495,
19204265,
17718550,
19768872,
16763708,
21174138,
21106200,
18658257,
20117062,
21505904,
20169721,
21502133,
20194857,
19245468,
19395895,
19166063,
20433966,
19266746,
17709343,
20686004,
18805262,
16540355,
17518094,
21631806,
19218730,
17664471,
16539253,
20124114,
21642113,
20491502,
21526493,
19265866,
17717494,
20360008,
18962597,
21552086,
20454459,
21597166,
19214442,
17589213,
20485500,
19139805,
21623794,
20520047,
19158033,
17330824,
16383851,
16033563,
15197405,
21543382,
21385103,
20271342,
18862649,
21622669,
20338727,
19023280,
21824431,
20454380,
18873620,
20530254,
19013169,
21642141,
20585488,
21645716,
20388666,
21657562,
19392957,
20659757,
17671143,
21565896,
19209952,
17730954,
18157777,
18770111,
18652191,
21506385,
21313165,
20071446,
19752875,
19885218,
20272622,
21641328,
20710629,
21535360,
20196093,
19238875,
17566845,
20358853,
17699236,
20542261,
19267836,
17723082,
20553470,
19108652,
21674288,
20478725,
18978901,
17773981,
20498757,
19072712,
21767172,
19483171,
20630905,
19394702,
17493728,
20545438,
19181477,
21577505,
19200615,
17748653,
20562739,
19192246,
21502055,
20497349,
18864906,
18303775,
18705337,
17377123,
21500225,
21436810,
20244936,
18958117,
21547144,
20449448,
19169693,
21598864,
20431378,
19220142,
17321539,
16354853,
20086962,
20398876,
21615065,
20575184,
21560634,
20475255,
19353378,
17699759,
17666140,
16429423,
20591215,
19364532,
20736510,
18938996,
17707508,
21809281,
19192286,
17732776,
20444032,
19116694,
21542498,
20409150,
19425776,
18920842,
16995564,
16032801,
21208851,
21209815,
20039158,
18596497,
21154853,
21151104,
19913986,
18590694,
21346101,
21235167,
21158011,
20131944,
18713739,
21340811,
21255338,
20052057,
18821079,
21610657,
21310588,
18819909,
18797148,
21574286,
21515792,
21336607,
20274284,
19027075,
21604056,
20417925,
18648751,
21637071,
21220689,
20956995,
17798426,
20399064,
19073354,
19456922,
19041259,
20661493,
19215002,
20629139,
19224821,
20660255,
19127003,
17184549,
18617536,
21473322,
21350391,
18679271,
21594696,
21638585,
20644749,
20613919,
20541881,
20480825,
20193640,
21639031,
20798179,
19953351,
19071960,
17562468,
17754190,
20852700,
20523395,
20213623,
21508412,
20652586,
22043356,
19838152,
17268368,
19077469,
17646037,
19356967,
19606113,
16846997,
14477467,
16903174,
21134422,
21228952,
21491808,
21253767,
20028001,
20266425,
20344639,
20446908,
20513973,
20483825,
19463360,
17597516,
20836326,
19226306,
20540379,
18581608,
20070793,
21536512,
20263655,
21647492,
20072466,
21620687,
20215599,
21561134,
20328268,
20374553,
20363231,
20480885,
20503506,
19535880,
17838456,
15974904,
